{
  "T_WB": [
    [
      0.978837071281882,
      -0.00224680833692421,
      0.204628785210208,
      -0.0569242650752652
    ],
    [
      0.00198539764746816,
      0.99999692976678,
      0.00148278561986894,
      4.11378581640583e-05
    ],
    [
      -0.204631488487207,
      -0.00104513602473079,
      0.978838526831775,
      0.342456612922879
    ],
    [
      0.0,
      0.0,
      0.0,
      1.0
    ]
  ],
  "T_WH": {
    "0": [
      [
        0.0458112292439242,
        0.89693461017082,
        -0.439783624471035,
        -0.0176988843572084
      ],
      [
        -0.803426375230988,
        -0.228539857824959,
        -0.549795955758628,
        -0.0318793479884742
      ],
      [
        -0.593639108262214,
        0.378520591861351,
        0.710151230850568,
        0.334304797736182
      ],
      [
        0.0,
        0.0,
        0.0,
        1.0
      ]
    ],
    "1": [
      [
        -0.661376656857438,
        -0.699201018023627,
        0.271475328821613,
        -0.0961496457933221
      ],
      [
        0.736750635400586,
        -0.673466776361726,
        0.0603407190359704,
        0.0319616237048023
      ],
      [
        0.140639322385003,
        0.23991756403329,
        0.960551999356318,
        0.350608428109576
      ],
      [
        0.0,
        0.0,
        0.0,
        1.0
      ]
    ],
    "2": [
      [
        0.0424356230241555,
        -0.89559155013736,
        -0.442848724985307,
        -0.0178426800907715
      ],
      [
        0.801930007507338,
        -0.233841279259535,
        0.549751324849286,
        0.0321204555165998
      ],
      [
        -0.595908953580857,
        -0.378462721330417,
        0.708278538151018,
        0.334237909030599
      ],
      [
        0.0,
        0.0,
        0.0,
        1.0
      ]
    ],
    "3": [
      [
        -0.658303695572328,
        0.701914028172452,
        0.271942901085021,
        -0.0960058500597589
      ],
      [
        -0.739214378811989,
        -0.671011568947881,
        -0.0574941431426574,
        -0.0320381798002716
      ],
      [
        0.142120887111712,
        -0.23887270960247,
        0.960594337925096,
        0.350675316815158
      ],
      [
        0.0,
        0.0,
        0.0,
        1.0
      ]
    ]
  },
  "T_WP": {
    "0": [
      [
        0.439783624471035,
        0.89693461017082,
        0.0458112292439242,
        -0.0144920983101337
      ],
      [
        0.549795955758628,
        -0.228539857824959,
        -0.803426375230988,
        -0.0881191942546433
      ],
      [
        -0.710151230850568,
        0.378520591861351,
        -0.593639108262214,
        0.292750060157827
      ],
      [
        0.0,
        0.0,
        0.0,
        1.0
      ]
    ],
    "1": [
      [
        -0.271475328821613,
        -0.699201018023627,
        -0.661376656857438,
        -0.142446011773343
      ],
      [
        -0.0603407190359703,
        -0.673466776361726,
        0.736750635400586,
        0.0835341681828433
      ],
      [
        -0.960551999356318,
        0.23991756403329,
        0.140639322385003,
        0.360453180676526
      ],
      [
        0.0,
        0.0,
        0.0,
        1.0
      ]
    ],
    "2": [
      [
        0.442848724985307,
        -0.89559155013736,
        0.0424356230241555,
        -0.0148721864790806
      ],
      [
        -0.549751324849286,
        -0.233841279259535,
        0.801930007507338,
        0.0882555560421135
      ],
      [
        -0.708278538151018,
        -0.378462721330417,
        -0.595908953580857,
        0.292524282279939
      ],
      [
        0.0,
        0.0,
        0.0,
        1.0
      ]
    ],
    "3": [
      [
        -0.271942901085021,
        0.701914028172452,
        -0.658303695572328,
        -0.142087108749822
      ],
      [
        0.0574941431426573,
        -0.671011568947881,
        -0.739214378811989,
        -0.0837831863171109
      ],
      [
        -0.960594337925096,
        -0.23887270960247,
        0.142120887111712,
        0.360623778912978
      ],
      [
        0.0,
        0.0,
        0.0,
        1.0
      ]
    ]
  },
  "simTime": 0.553499999999955,
  "state": [
    -0.0569242650752652,
    4.11378581640583e-05,
    0.342456612922879,
    0.994694994443075,
    -0.000635350951478122,
    0.102860745249492,
    0.00106369440080523,
    -0.29522422261028,
    -8.00644137415057e-05,
    -0.528276251978324,
    -0.0116209758598855,
    -3.74356742271614,
    0.000859778156611399,
    0.820204609770606,
    0.411549947484722,
    0.168726872763374,
    -0.359753083716961,
    0.998716762930178,
    0.0453800502584326,
    -0.00272570908594906,
    -0.0223170112422853,
    0.819973422245072,
    -0.411965829223674,
    0.168941444738168,
    0.359703392552164,
    0.998710703415544,
    -0.0455901044163764,
    -0.00266872012142448,
    0.0221664430039554,
    -3.43490210981977,
    -2.00379549783754,
    -4.48978092955366,
    -0.183108583263126,
    0.21493506356927,
    -0.607686246008618,
    3.43578330439107,
    -2.0053987637895,
    4.49403577377318,
    0.180608371514548,
    0.214432909748274,
    0.609504337761879
  ]
}