{
  "T_WB": [
    [
      0.129881071982283,
      0.126719698133377,
      -0.983398711228421,
      -0.284027557474025
    ],
    [
      -0.194314980840285,
      0.975820589233012,
      0.100079297809175,
      -0.00382140973247288
    ],
    [
      0.972302728249681,
      0.178090695248022,
      0.151364159906841,
      0.156580216637176
    ],
    [
      0.0,
      0.0,
      0.0,
      1.0
    ]
  ],
  "T_WH": {
    "0": [
      [
        0.359365061484597,
        0.282590573700968,
        -0.889381425620937,
        -0.282887344935002
      ],
      [
        -0.500816722269366,
        0.862577448195963,
        0.0717130152699554,
        -0.0428202678215407
      ],
      [
        0.787425782711959,
        0.419645938285001,
        0.451506282571307,
        0.189773423519227
      ],
      [
        0.0,
        0.0,
        0.0,
        1.0
      ]
    ],
    "1": [
      [
        0.286366110424263,
        0.136917235579632,
        -0.948286940436127,
        -0.285167770013048
      ],
      [
        0.73864737315329,
        -0.66192679948302,
        0.127487137625367,
        0.0351774483565949
      ],
      [
        -0.610241353018806,
        -0.736957653279615,
        -0.290686959353838,
        0.123387009755126
      ],
      [
        0.0,
        0.0,
        0.0,
        1.0
      ]
    ],
    "2": [
      [
        0.416716700975658,
        0.018792548534997,
        -0.908842137693629,
        -0.274777284254466
      ],
      [
        0.169719053017378,
        0.980598210221233,
        0.0980948171607356,
        0.0196322498893721
      ],
      [
        0.893052425208537,
        -0.195125575541685,
        0.405442197604884,
        0.2011712280151
      ],
      [
        0.0,
        0.0,
        0.0,
        1.0
      ]
    ],
    "3": [
      [
        -0.108135535730514,
        -0.364590482838941,
        -0.924867820683336,
        -0.293277830693584
      ],
      [
        -0.314265458190892,
        -0.870079087436706,
        0.379736228708005,
        -0.0272750693543179
      ],
      [
        -0.943156364395822,
        0.331716989960685,
        -0.020491726893533,
        0.111989205259252
      ],
      [
        0.0,
        0.0,
        0.0,
        1.0
      ]
    ]
  },
  "T_WP": {
    "0": [
      [
        0.889381425620937,
        0.282590573700968,
        0.359365061484597,
        -0.25773179063108
      ],
      [
        -0.0717130152699554,
        0.862577448195963,
        -0.500816722269366,
        -0.0778774383803963
      ],
      [
        -0.451506282571307,
        0.419645938285001,
        0.787425782711959,
        0.244893228309064
      ],
      [
        0.0,
        0.0,
        0.0,
        1.0
      ]
    ],
    "1": [
      [
        0.948286940436127,
        0.136917235579632,
        0.286366110424263,
        -0.26512214228335
      ],
      [
        -0.127487137625367,
        -0.66192679948302,
        0.73864737315329,
        0.0868827644773252
      ],
      [
        0.290686959353838,
        -0.736957653279615,
        -0.610241353018806,
        0.0806701150438092
      ],
      [
        0.0,
        0.0,
        0.0,
        1.0
      ]
    ],
    "2": [
      [
        0.908842137693629,
        0.018792548534997,
        0.416716700975658,
        -0.24560711518617
      ],
      [
        -0.0980948171607355,
        0.980598210221233,
        0.169719053017378,
        0.0315125836005886
      ],
      [
        -0.405442197604884,
        -0.195125575541685,
        0.893052425208537,
        0.263684897779698
      ],
      [
        0.0,
        0.0,
        0.0,
        1.0
      ]
    ],
    "3": [
      [
        0.924867820683336,
        -0.364590482838941,
        -0.108135535730514,
        -0.30084731819472
      ],
      [
        -0.379736228708005,
        -0.870079087436706,
        -0.314265458190892,
        -0.0492736514276803
      ],
      [
        0.020491726893533,
        0.331716989960685,
        -0.943156364395822,
        0.0459682597515447
      ],
      [
        0.0,
        0.0,
        0.0,
        1.0
      ]
    ]
  },
  "simTime": 1.15999999999989,
  "state": [
    -0.284027557474025,
    -0.00382140973247288,
    0.156580216637176,
    -0.751176713750189,
    -0.0259630643531868,
    0.65087928169206,
    0.10684392670099,
    -0.298107309206791,
    -0.019536750035226,
    0.176306564397291,
    -1.82791357447473,
    8.76815254953722,
    -2.82255460617146,
    0.958753803458932,
    -0.0974150153832692,
    0.124268307390838,
    0.236344762812984,
    0.97403249953853,
    -0.166962777045581,
    0.14653237056713,
    0.0437308277983602,
    0.972328491647624,
    0.0500394198230423,
    0.122579051958598,
    -0.192477886560927,
    0.975999631699606,
    0.166353624926541,
    0.010888019458282,
    -0.140116528034021,
    2.2421095908737,
    -1.38271792952298,
    0.75784027225758,
    0.0912048639889547,
    -1.34188050015145,
    1.71450005250167,
    -2.02364826916095,
    -1.28792576609817,
    -0.390923968816006,
    -0.804194939528399,
    -0.197590660690773,
    -1.95414992126713
  ]
}