{
  "T_WB": [
    [
      -0.952984105992247,
      0.0720275628975709,
      0.294335393572018,
      -0.213569489007742
    ],
    [
      0.0629700492970444,
      0.997207557098931,
      -0.0401479881975303,
      -0.000618970922362595
    ],
    [
      -0.296405240536813,
      -0.0197260803967157,
      -0.954858531477044,
      0.189280301780314
    ],
    [
      0.0,
      0.0,
      0.0,
      1.0
    ]
  ],
  "T_WH": {
    "0": [
      [
        -0.815019094345137,
        -0.492319124692615,
        -0.305558104645797,
        -0.253993735260154
      ],
      [
        -0.55311380254731,
        0.818159670835192,
        0.157098295504773,
        -0.0300108107776466
      ],
      [
        0.172652822984419,
        0.29704651568525,
        -0.939124257079309,
        0.178055326731536
      ],
      [
        0.0,
        0.0,
        0.0,
        1.0
      ]
    ],
    "1": [
      [
        0.633309027358843,
        0.582299270023332,
        0.509752131919124,
        -0.17314524275533
      ],
      [
        0.751553941396601,
        -0.61989535239398,
        -0.225602360917563,
        0.0287728689329214
      ],
      [
        0.184624887371751,
        0.525982235641698,
        -0.830214634147297,
        0.200505276829091
      ],
      [
        0.0,
        0.0,
        0.0,
        1.0
      ]
    ],
    "2": [
      [
        -0.727191352251867,
        0.600921205443258,
        -0.331792769750523,
        -0.24938397123471
      ],
      [
        0.670056290018973,
        0.726368630721907,
        -0.153013661184847,
        0.033810472876685
      ],
      [
        0.149054706118632,
        -0.333590043544172,
        -0.93086002032104,
        0.176792857586146
      ],
      [
        0.0,
        0.0,
        0.0,
        1.0
      ]
    ],
    "3": [
      [
        0.510898305343246,
        -0.665624282530964,
        0.543991944887551,
        -0.177755006780775
      ],
      [
        -0.831397352694537,
        -0.543471649296775,
        0.11583181058396,
        -0.0350484147214102
      ],
      [
        0.218543733677987,
        -0.511451738598847,
        -0.831057011013265,
        0.201767745974481
      ],
      [
        0.0,
        0.0,
        0.0,
        1.0
      ]
    ]
  },
  "T_WP": {
    "0": [
      [
        0.305558104645797,
        -0.492319124692615,
        -0.815019094345137,
        -0.311045071864314
      ],
      [
        -0.157098295504773,
        0.818159670835192,
        -0.55311380254731,
        -0.0687287769559583
      ],
      [
        0.939124257079309,
        0.29704651568525,
        0.172652822984419,
        0.190141024340445
      ],
      [
        0.0,
        0.0,
        0.0,
        1.0
      ]
    ],
    "1": [
      [
        -0.509752131919124,
        0.582299270023332,
        0.633309027358843,
        -0.128813610840211
      ],
      [
        0.225602360917563,
        -0.61989535239398,
        0.751553941396601,
        0.0813816448306835
      ],
      [
        0.830214634147297,
        0.525982235641698,
        0.184624887371751,
        0.213429018945114
      ],
      [
        0.0,
        0.0,
        0.0,
        1.0
      ]
    ],
    "2": [
      [
        0.331792769750523,
        0.600921205443258,
        -0.727191352251867,
        -0.300287365892341
      ],
      [
        0.153013661184847,
        0.726368630721907,
        0.670056290018973,
        0.0807144131780131
      ],
      [
        0.93086002032104,
        -0.333590043544172,
        0.149054706118632,
        0.18722668701445
      ],
      [
        0.0,
        0.0,
        0.0,
        1.0
      ]
    ],
    "3": [
      [
        -0.543991944887551,
        -0.665624282530964,
        0.510898305343246,
        -0.141992125406747
      ],
      [
        -0.11583181058396,
        -0.543471649296775,
        -0.831397352694537,
        -0.0932462294100278
      ],
      [
        0.831057011013265,
        -0.511451738598847,
        0.218543733677987,
        0.21706580733194
      ],
      [
        0.0,
        0.0,
        0.0,
        1.0
      ]
    ]
  },
  "simTime": 0.978499999999909,
  "state": [
    -0.213569489007742,
    -0.000618970922362595,
    0.189280301780314,
    0.149469829421895,
    0.034157240761899,
    0.98805999243065,
    -0.0151494011125161,
    -0.458924476415163,
    -0.00383029210660517,
    -0.331865999556601,
    0.466826383892957,
    12.8913635327585,
    -0.256712465556899,
    0.94557373013042,
    -0.258952271451188,
    0.180831936802021,
    0.0783189161693608,
    0.985960344024592,
    -0.153920904633618,
    0.0197940466410312,
    -0.0616340072139564,
    0.944646831322082,
    0.261981283266058,
    0.180841293995121,
    -0.0794014966961574,
    0.985000032546471,
    0.157989256763663,
    0.0231435017925367,
    0.06541184109544,
    0.563609164559198,
    -1.93857312210591,
    2.71621740119762,
    -0.99174244566995,
    -0.63123263444728,
    1.28681507280733,
    -0.520926624461292,
    -1.93078473048557,
    -2.75249133107028,
    0.99940459100043,
    -0.642441001569166,
    -1.35292461776228
  ]
}