{
  "T_WB": [
    [
      -0.917513394815358,
      0.0562131643585645,
      -0.393712141655798,
      -0.237759336643923
    ],
    [
      0.0689461966867692,
      0.997453260212141,
      -0.0182596729050811,
      -0.000933873343159382
    ],
    [
      0.391683025285533,
      -0.0438984492319287,
      -0.919052410833139,
      0.157178379254749
    ],
    [
      0.0,
      0.0,
      0.0,
      1.0
    ]
  ],
  "T_WH": {
    "0": [
      [
        -0.619370883100482,
        -0.140425586634814,
        -0.772437935232079,
        -0.276258693696012
      ],
      [
        -0.424593871553989,
        0.887489746515801,
        0.179114471967271,
        -0.0300945298024771
      ],
      [
        0.660378492537518,
        0.438910702133803,
        -0.60930915153663,
        0.174250450641592
      ],
      [
        0.0,
        0.0,
        0.0,
        1.0
      ]
    ],
    "1": [
      [
        0.668366491422011,
        0.731166383299247,
        -0.136681941299242,
        -0.199259979591835
      ],
      [
        0.68811477548239,
        -0.677551932489687,
        -0.25965637781944,
        0.0282267831161584
      ],
      [
        -0.282461128134566,
        0.0794927588689017,
        -0.955979399558568,
        0.140106307867906
      ],
      [
        0.0,
        0.0,
        0.0,
        1.0
      ]
    ],
    "2": [
      [
        -0.564583789351188,
        0.227989864368075,
        -0.793262734878729,
        -0.272661051177064
      ],
      [
        0.543976505755258,
        0.82560707238285,
        -0.149875025330174,
        0.0337424788510999
      ],
      [
        0.620753337476452,
        -0.516133300395205,
        -0.59014549920761,
        0.171440949890748
      ],
      [
        0.0,
        0.0,
        0.0,
        1.0
      ]
    ],
    "3": [
      [
        0.584320726839909,
        -0.805297521201444,
        -0.100325423159282,
        -0.202857622110783
      ],
      [
        -0.78380319471695,
        -0.592067708622779,
        0.187372304137178,
        -0.0356102255374187
      ],
      [
        -0.210289895469999,
        -0.0308501337595295,
        -0.977152203656235,
        0.142915808618749
      ],
      [
        0.0,
        0.0,
        0.0,
        1.0
      ]
    ]
  },
  "T_WP": {
    "0": [
      [
        0.772437935232079,
        -0.140425586634814,
        -0.619370883100482,
        -0.319614655513046
      ],
      [
        -0.179114471967271,
        0.887489746515801,
        -0.424593871553989,
        -0.0598161008112563
      ],
      [
        0.60930915153663,
        0.438910702133803,
        0.660378492537518,
        0.220476945119218
      ],
      [
        0.0,
        0.0,
        0.0,
        1.0
      ]
    ],
    "1": [
      [
        0.136681941299242,
        0.731166383299247,
        0.668366491422011,
        -0.152474325192294
      ],
      [
        0.25965637781944,
        -0.677551932489687,
        0.68811477548239,
        0.0763948173999256
      ],
      [
        0.955979399558568,
        0.0794927588689017,
        -0.282461128134566,
        0.120334028898486
      ],
      [
        0.0,
        0.0,
        0.0,
        1.0
      ]
    ],
    "2": [
      [
        0.793262734878729,
        0.227989864368075,
        -0.564583789351188,
        -0.312181916431647
      ],
      [
        0.149875025330174,
        0.82560707238285,
        0.543976505755258,
        0.0718208342539679
      ],
      [
        0.59014549920761,
        -0.516133300395205,
        0.620753337476452,
        0.2148936835141
      ],
      [
        0.0,
        0.0,
        0.0,
        1.0
      ]
    ],
    "3": [
      [
        0.100325423159282,
        -0.805297521201444,
        0.584320726839909,
        -0.16195517123199
      ],
      [
        -0.187372304137178,
        -0.592067708622779,
        -0.78380319471695,
        -0.0904764491676052
      ],
      [
        0.977152203656235,
        -0.0308501337595295,
        -0.210289895469999,
        0.128195515935849
      ],
      [
        0.0,
        0.0,
        0.0,
        1.0
      ]
    ]
  },
  "simTime": 1.0334999999999,
  "state": [
    -0.237759336643923,
    -0.000933873343159382,
    0.157178379254749,
    -0.200553892111101,
    0.031959958563961,
    0.979032566600907,
    -0.0158723326111653,
    -0.417234365394067,
    -0.00781830309384826,
    -0.841087286943757,
    0.464427321487949,
    12.675005632863,
    -0.282529502919889,
    0.952908189995512,
    -0.215120335831179,
    0.152662725404095,
    0.1496105438248,
    0.983970292759196,
    -0.176886168320205,
    0.0116793553241681,
    -0.0194252177230982,
    0.951594333898062,
    0.218668446798491,
    0.15319878879479,
    -0.1522578903691,
    0.983163555557336,
    0.180826408167151,
    0.0153549905243933,
    0.0213414479175967,
    1.43587055934038,
    -1.71571554067095,
    2.13926647889306,
    -0.68354365414921,
    -0.532038863217681,
    1.59544207555155,
    -1.41654341194878,
    -1.72682039934737,
    -2.20144680878645,
    0.677312248337958,
    -0.537203938963769,
    -1.65491247587486
  ]
}