{
  "T_WB": [
    [
      -2.22044604925031e-16,
      3.89608591798153e-20,
      1.0,
      -8.05489516365226e-37
    ],
    [
      -4.58585551206056e-19,
      1.0,
      -3.89608591798154e-20,
      5.2086690262247e-21
    ],
    [
      -1.0,
      -4.58585551206056e-19,
      -2.22044604925031e-16,
      0.422155209200001
    ],
    [
      0.0,
      0.0,
      0.0,
      1.0
    ]
  ],
  "T_WH": {
    "0": [
      [
        -1.5709210678244e-16,
        -1.5434155729654e-16,
        1.0,
        -8.88303094449501e-18
      ],
      [
        -0.707106779455507,
        0.707106782917588,
        -1.94493165436459e-18,
        -0.032
      ],
      [
        -0.707106782917588,
        -0.707106779455507,
        -2.20216855764781e-16,
        0.382155209200001
      ],
      [
        0.0,
        0.0,
        0.0,
        1.0
      ]
    ],
    "1": [
      [
        1.5709210678244e-16,
        1.543482124216e-16,
        1.0,
        8.88303094449501e-18
      ],
      [
        0.707106779455507,
        -0.707106782917588,
        -1.94022577029383e-18,
        0.032
      ],
      [
        0.707106782917588,
        0.707106779455507,
        -2.20221561648829e-16,
        0.462155209200001
      ],
      [
        0.0,
        0.0,
        0.0,
        1.0
      ]
    ],
    "2": [
      [
        -1.57052584475453e-16,
        1.5547085526606e-16,
        1.0,
        -8.8805374495075e-18
      ],
      [
        0.707106779455507,
        0.707106782917588,
        1.1184509089725e-18,
        0.032
      ],
      [
        -0.707106782917588,
        0.707106779455507,
        -2.20987443523707e-16,
        0.382155209200001
      ],
      [
        0.0,
        0.0,
        0.0,
        1.0
      ]
    ],
    "3": [
      [
        1.57052584475453e-16,
        -1.54391639057224e-16,
        1.0,
        8.8805374495075e-18
      ],
      [
        -0.707106779455507,
        -0.707106782917588,
        1.88157201047478e-18,
        -0.032
      ],
      [
        0.707106782917588,
        -0.707106779455507,
        -2.20224322425941e-16,
        0.462155209200001
      ],
      [
        0.0,
        0.0,
        0.0,
        1.0
      ]
    ]
  },
  "T_WP": {
    "0": [
      [
        -1.0,
        -1.5434155729654e-16,
        -9.58597668250721e-17,
        -1.98794784192658e-17
      ],
      [
        -4.13528710514144e-17,
        0.707106782917588,
        -0.707106779455507,
        -0.0814974745618855
      ],
      [
        1.76919052847011e-16,
        -0.707106779455507,
        -0.707106782917588,
        0.33265773439577
      ],
      [
        0.0,
        0.0,
        0.0,
        1.0
      ]
    ],
    "1": [
      [
        -1.0,
        1.543482124216e-16,
        2.18324446739807e-16,
        1.98794784192658e-17
      ],
      [
        4.52380284760729e-17,
        -0.707106782917588,
        0.707106779455507,
        0.0814974745618855
      ],
      [
        2.63519364566599e-16,
        0.707106779455507,
        0.707106782917588,
        0.511652684004232
      ],
      [
        0.0,
        0.0,
        0.0,
        1.0
      ]
    ],
    "2": [
      [
        -1.0,
        1.5547085526606e-16,
        -9.58202445180858e-17,
        -1.98742183627892e-17
      ],
      [
        4.21793517968065e-17,
        0.707106782917588,
        0.707106779455507,
        0.0814974745618855
      ],
      [
        1.77689640605937e-16,
        0.707106779455507,
        -0.707106782917588,
        0.33265773439577
      ],
      [
        0.0,
        0.0,
        0.0,
        1.0
      ]
    ],
    "3": [
      [
        -1.0,
        -1.54391639057224e-16,
        2.18284924432821e-16,
        1.98742183627892e-17
      ],
      [
        -4.51793747162538e-17,
        -0.707106782917588,
        -0.707106779455507,
        -0.0814974745618855
      ],
      [
        2.63522125343712e-16,
        -0.707106779455507,
        0.707106782917588,
        0.511652684004232
      ],
      [
        0.0,
        0.0,
        0.0,
        1.0
      ]
    ]
  },
  "simTime": 0.126000000000002,
  "state": [
    -8.05489516365226e-37,
    5.2086690262247e-21,
    0.422155209200001,
    0.707106781186548,
    -1.48359732642536e-19,
    0.707106781186548,
    -1.75909220369437e-19,
    -5.28740105978304e-35,
    1.54318773103631e-20,
    -1.23563159999998,
    6.73791008619512e-19,
    -5.81959635823383e-18,
    -1.05763586818926e-17,
    1.0,
    1.32006934983743e-18,
    2.76555210173326e-20,
    -2.92041379094521e-19,
    1.0,
    -1.31674178730766e-18,
    -2.76555210173322e-20,
    2.89838206518955e-19,
    1.0,
    -7.82969852871966e-19,
    3.54438551836624e-20,
    1.67700298491428e-19,
    1.0,
    1.32257795728978e-18,
    -3.5443855183662e-20,
    -2.84203087810686e-19,
    2.31191221608857e-17,
    5.99827155834021e-19,
    -1.16741057118104e-17,
    -2.30879415664524e-17,
    -5.99827155834016e-19,
    1.16375199874676e-17,
    -1.9875611616295e-17,
    6.76440407769901e-19,
    6.82221559428272e-18,
    2.31834730627885e-17,
    -6.76440407769895e-19,
    -1.15681923100878e-17
  ]
}