{
  "T_WB": [
    [
      -0.520842814170261,
      0.0311289527712754,
      -0.853084844096158,
      -0.257597727528137
    ],
    [
      0.0564331283100584,
      0.998404423943594,
      0.00197693677223529,
      -0.00173387422581445
    ],
    [
      0.85178522231625,
      -0.0471125731543569,
      -0.521768474032719,
      0.11406801404789
    ],
    [
      0.0,
      0.0,
      0.0,
      1.0
    ]
  ],
  "T_WH": {
    "0": [
      [
        -0.192327099161298,
        0.0823126650754669,
        -0.977872646154076,
        -0.279427566583629
      ],
      [
        -0.348546072836613,
        0.925775090864519,
        0.146479064186545,
        -0.0314254906596071
      ],
      [
        0.917347219998172,
        0.36900556405421,
        -0.149361881544991,
        0.149647025281479
      ],
      [
        0.0,
        0.0,
        0.0,
        1.0
      ]
    ],
    "1": [
      [
        0.476057139982932,
        0.611257799732092,
        -0.63224481155479,
        -0.235767888472646
      ],
      [
        0.663629841796409,
        -0.721436504082317,
        -0.197799908126265,
        0.0279577422079782
      ],
      [
        -0.577031223200742,
        -0.325412465717229,
        -0.749093915745742,
        0.0784890028143005
      ],
      [
        0.0,
        0.0,
        0.0,
        1.0
      ]
    ],
    "2": [
      [
        -0.165661151523239,
        -0.0247981905233665,
        -0.985870900586259,
        -0.277435313606267
      ],
      [
        0.439667445501905,
        0.892978663791334,
        -0.0963412859540171,
        0.0324723924727829
      ],
      [
        0.88275076904063,
        -0.449415348825795,
        -0.137028916648878,
        0.146631820599601
      ],
      [
        0.0,
        0.0,
        0.0,
        1.0
      ]
    ],
    "3": [
      [
        0.388885029465756,
        -0.662352576354978,
        -0.64035732091805,
        -0.237760141450008
      ],
      [
        -0.711710013992881,
        -0.657349273783026,
        0.247711098336715,
        -0.0359401409244118
      ],
      [
        -0.585010504042168,
        0.359417580055361,
        -0.727036253090227,
        0.0815042074961794
      ],
      [
        0.0,
        0.0,
        0.0,
        1.0
      ]
    ]
  },
  "T_WP": {
    "0": [
      [
        0.977872646154076,
        0.0823126650754669,
        -0.192327099161298,
        -0.29289046352492
      ],
      [
        -0.146479064186545,
        0.925775090864519,
        -0.348546072836613,
        -0.05582371575817
      ],
      [
        0.149361881544991,
        0.36900556405421,
        0.917347219998172,
        0.213861330681351
      ],
      [
        0.0,
        0.0,
        0.0,
        1.0
      ]
    ],
    "1": [
      [
        0.63224481155479,
        0.611257799732092,
        0.476057139982932,
        -0.202443888673841
      ],
      [
        0.197799908126265,
        -0.721436504082317,
        0.663629841796409,
        0.0744118311337268
      ],
      [
        0.749093915745742,
        -0.325412465717229,
        -0.577031223200742,
        0.0380968171902486
      ],
      [
        0.0,
        0.0,
        0.0,
        1.0
      ]
    ],
    "2": [
      [
        0.985870900586259,
        -0.0247981905233665,
        -0.165661151523239,
        -0.289031594212894
      ],
      [
        0.0963412859540171,
        0.892978663791334,
        0.439667445501905,
        0.0632491136579162
      ],
      [
        0.137028916648878,
        -0.449415348825795,
        0.88275076904063,
        0.208424374432445
      ],
      [
        0.0,
        0.0,
        0.0,
        1.0
      ]
    ],
    "3": [
      [
        0.64035732091805,
        -0.662352576354978,
        0.388885029465756,
        -0.210538189387405
      ],
      [
        -0.247711098336715,
        -0.657349273783026,
        -0.711710013992881,
        -0.0857598419039134
      ],
      [
        0.727036253090227,
        0.359417580055361,
        -0.585010504042168,
        0.0405534722132276
      ],
      [
        0.0,
        0.0,
        0.0,
        1.0
      ]
    ]
  },
  "simTime": 1.0829999999999,
  "state": [
    -0.257597727528137,
    -0.00173387422581445,
    0.11406801404789,
    -0.488823366805591,
    0.0251059550648054,
    0.871925414262392,
    -0.0129413696526739,
    -0.425794209814552,
    -0.0659657873914434,
    0.879167499420171,
    -0.849376456316911,
    10.4161321119052,
    -1.80935437023348,
    0.958476871616942,
    -0.162709602290213,
    0.131569251525833,
    0.193745203684874,
    0.982262019458511,
    -0.180175808514998,
    0.0512461615254272,
    0.00847549905107748,
    0.957951864350843,
    0.161613552379265,
    0.133085851505311,
    -0.196207648686809,
    0.980982552330378,
    0.19199823422601,
    0.00894218391765711,
    -0.0270175391968614,
    0.46236837441882,
    -0.0231416903401134,
    1.36559189408418,
    2.62997575726952,
    14.6608602762027,
    -0.55694099276618,
    -4.16110880794935,
    -0.109922378568841,
    -0.171638859427096,
    -0.596998949990508,
    -1.59263737161689,
    -3.98551871081697
  ]
}