{
  "T_WB": [
    [
      0.000550135787666717,
      -4.2926386383568e-07,
      0.999999848675204,
      -0.00013748810479482
    ],
    [
      1.41638243938809e-07,
      0.999999999999898,
      4.29186008515229e-07,
      5.2290205323265e-08
    ],
    [
      -0.999999848675286,
      1.41402111922581e-07,
      0.000550135787727557,
      0.121240675329896
    ],
    [
      0.0,
      0.0,
      0.0,
      1.0
    ]
  ],
  "T_WH": {
    "0": [
      [
        0.0102488263283782,
        0.0337887778124927,
        0.99937644561638,
        -0.000115468936844508
      ],
      [
        -0.700158332681703,
        0.713786322281502,
        -0.0169527372487702,
        -0.0319999420442616
      ],
      [
        -0.713914049963487,
        -0.699548000224278,
        0.0309729663891824,
        0.0812406768580169
      ],
      [
        0.0,
        0.0,
        0.0,
        1.0
      ]
    ],
    "1": [
      [
        0.000121760678817472,
        0.00128379991065181,
        0.999999168515718,
        -0.000159507272745131
      ],
      [
        0.706839110220971,
        -0.707373873193033,
        0.000822061988859019,
        0.0320000466246723
      ],
      [
        0.707374340385883,
        0.706838422400535,
        -0.000993570309524518,
        0.161240673801775
      ],
      [
        0.0,
        0.0,
        0.0,
        1.0
      ]
    ],
    "2": [
      [
        0.010265732445402,
        -0.0337780048344577,
        0.999376636272213,
        -0.000115496409731794
      ],
      [
        0.700146526053211,
        0.713798354630408,
        0.016933723233334,
        0.0320000579557318
      ],
      [
        -0.713925386012418,
        0.699536243032716,
        0.0309772156704581,
        0.0812406859077521
      ],
      [
        0.0,
        0.0,
        0.0,
        1.0
      ]
    ],
    "3": [
      [
        0.000121756696449614,
        -0.00128296524346399,
        0.999999169587401,
        -0.000159479799857846
      ],
      [
        -0.706838894059883,
        -0.707374089872921,
        -0.00082147468493403,
        -0.0319999533753212
      ],
      [
        0.707374556384034,
        -0.706838207071916,
        -0.00099297726614424,
        0.16124066475204
      ],
      [
        0.0,
        0.0,
        0.0,
        1.0
      ]
    ]
  },
  "T_WP": {
    "0": [
      [
        -0.99937644561638,
        0.0337887778124927,
        0.0102488263283782,
        0.000601948906141964
      ],
      [
        0.0169527372487701,
        0.713786322281502,
        -0.700158332681703,
        -0.0810110253319809
      ],
      [
        -0.0309729663891824,
        -0.699548000224278,
        -0.713914049963487,
        0.0312666933605728
      ],
      [
        0.0,
        0.0,
        0.0,
        1.0
      ]
    ],
    "1": [
      [
        -0.999999168515718,
        0.00128379991065181,
        0.000121760678817534,
        -0.000150984025227908
      ],
      [
        -0.000822061988858976,
        -0.707373873193033,
        0.706839110220971,
        0.0814787843401402
      ],
      [
        0.000993570309524562,
        0.706838422400535,
        0.707374340385883,
        0.210756877628787
      ],
      [
        0.0,
        0.0,
        0.0,
        1.0
      ]
    ],
    "2": [
      [
        -0.999376636272213,
        -0.0337780048344577,
        0.010265732445402,
        0.000603104861446346
      ],
      [
        -0.0169337232333339,
        0.713798354630408,
        0.700146526053211,
        0.0810103147794566
      ],
      [
        -0.0309772156704582,
        0.699536243032716,
        -0.713925386012418,
        0.0312659088868828
      ],
      [
        0.0,
        0.0,
        0.0,
        1.0
      ]
    ],
    "3": [
      [
        -0.999999169587401,
        -0.00128296524346399,
        0.000121756696449676,
        -0.000150956831106373
      ],
      [
        0.000821474684933987,
        -0.707374089872921,
        -0.706838894059883,
        -0.081478675959513
      ],
      [
        0.000992977266144283,
        -0.706838207071916,
        0.707374556384034,
        0.210756883698922
      ],
      [
        0.0,
        0.0,
        0.0,
        1.0
      ]
    ]
  },
  "simTime": 0.278999999999986,
  "state": [
    -0.00013748810479482,
    5.2290205323265e-08,
    0.121240675329896,
    0.707301256816233,
    -1.01718996615405e-07,
    0.706912252055463,
    2.0178887789069e-07,
    -0.101026895234617,
    6.94448779764912e-05,
    -0.716891592721362,
    -0.000520242585403757,
    -0.7247492745591,
    7.74931155931513e-05,
    0.999836081081423,
    0.0167288319523127,
    -0.00484592177477608,
    0.00494713971972002,
    0.999999599816603,
    0.000836225311371537,
    -0.000255449777116969,
    0.000189312635061379,
    0.999836091134743,
    -0.0167232250106065,
    -0.00485456002540397,
    -0.00495558842147856,
    0.999999599934042,
    -0.000836111530653711,
    -0.000255144255516248,
    -0.000189606625932298,
    22.0740508789725,
    -7.06315058324177,
    7.05206885413241,
    1.13125420515826,
    -0.600074607106709,
    0.492322994731348,
    -22.0591726097307,
    -7.0841997108762,
    -7.07293922458743,
    -1.13118723782404,
    -0.599340112121614,
    -0.493029786595225
  ]
}