{
  "T_WB": [
    [
      -0.927168713097748,
      0.0570883471266577,
      -0.370268953701242,
      -0.236923063505258
    ],
    [
      0.0690354307141315,
      0.997431680042011,
      -0.0190827921092933,
      -0.000918398829762979
    ],
    [
      0.368228579497546,
      -0.0432546445011214,
      -0.928728565820123,
      0.158841413187671
    ],
    [
      0.0,
      0.0,
      0.0,
      1.0
    ]
  ],
  "T_WH": {
    "0": [
      [
        -0.632567202905617,
        -0.152281553513538,
        -0.75938729398619,
        -0.275836639137221
      ],
      [
        -0.428650888311949,
        0.885458919026821,
        0.17950186256758,
        -0.0300747953625421
      ],
      [
        0.64507142996535,
        0.43905902926071,
        -0.625387894883729,
        0.174954704991609
      ],
      [
        0.0,
        0.0,
        0.0,
        1.0
      ]
    ],
    "1": [
      [
        0.672962074385558,
        0.731053298741666,
        -0.112619362623025,
        -0.198009487873295
      ],
      [
        0.69048052737303,
        -0.675478209045168,
        -0.258777569398499,
        0.0282379977030161
      ],
      [
        -0.265252121117532,
        0.0963860130105055,
        -0.959349284014216,
        0.142728121383734
      ],
      [
        0.0,
        0.0,
        0.0,
        1.0
      ]
    ],
    "2": [
      [
        -0.576503645964062,
        0.241200011398159,
        -0.780683098761381,
        -0.272182984921115
      ],
      [
        0.548501165906863,
        0.822410647254886,
        -0.150954292024477,
        0.0337608321601466
      ],
      [
        0.605631915596393,
        -0.515231289600435,
        -0.606421224090745,
        0.172186407743537
      ],
      [
        0.0,
        0.0,
        0.0,
        1.0
      ]
    ],
    "3": [
      [
        0.587064752593227,
        -0.805963182233874,
        -0.076015295474669,
        -0.201663142089401
      ],
      [
        -0.78597982934516,
        -0.589949693888382,
        0.184919081069417,
        -0.0355976298196726
      ],
      [
        -0.193883171330586,
        -0.0488129856129817,
        -0.979809475515695,
        0.145496418631806
      ],
      [
        0.0,
        0.0,
        0.0,
        1.0
      ]
    ]
  },
  "T_WP": {
    "0": [
      [
        0.75938729398619,
        -0.152281553513538,
        -0.632567202905617,
        -0.320116343340614
      ],
      [
        -0.17950186256758,
        0.885458919026821,
        -0.428650888311949,
        -0.0600803575443785
      ],
      [
        0.625387894883729,
        0.43905902926071,
        0.64507142996535,
        0.220109705089184
      ],
      [
        0.0,
        0.0,
        0.0,
        1.0
      ]
    ],
    "1": [
      [
        0.112619362623025,
        0.731053298741666,
        0.672962074385558,
        -0.150902142666306
      ],
      [
        0.258777569398499,
        -0.675478209045168,
        0.69048052737303,
        0.0765716346191282
      ],
      [
        0.959349284014216,
        0.0963860130105055,
        -0.265252121117532,
        0.124160472905506
      ],
      [
        0.0,
        0.0,
        0.0,
        1.0
      ]
    ],
    "2": [
      [
        0.780683098761381,
        0.241200011398159,
        -0.576503645964062,
        -0.312538240138599
      ],
      [
        0.150954292024477,
        0.822410647254886,
        0.548501165906863,
        0.072155913773627
      ],
      [
        0.606421224090745,
        -0.515231289600435,
        0.605631915596393,
        0.214580641835285
      ],
      [
        0.0,
        0.0,
        0.0,
        1.0
      ]
    ],
    "3": [
      [
        0.0760152954746691,
        -0.805963182233874,
        0.587064752593227,
        -0.160568609407875
      ],
      [
        -0.184919081069417,
        -0.589949693888382,
        -0.78597982934516,
        -0.0906162178738338
      ],
      [
        0.979809475515695,
        -0.0488129856129817,
        -0.193883171330587,
        0.131924596638664
      ],
      [
        0.0,
        0.0,
        0.0,
        1.0
      ]
    ]
  },
  "simTime": 1.0314999999999,
  "state": [
    -0.236923063505258,
    -0.000918398829762979,
    0.158841413187671,
    -0.188105290412139,
    0.0321254287145081,
    0.981494900516539,
    -0.0158781865747871,
    -0.419037259882103,
    -0.00765632062150058,
    -0.82195478737019,
    0.464392403500176,
    12.6836237734861,
    -0.281617512548101,
    0.952656884008774,
    -0.217060984357066,
    0.153625052272695,
    0.147406695013649,
    0.984053590180521,
    -0.176215177214898,
    0.0119097827615019,
    -0.0210926538520713,
    0.951354751066819,
    0.220605122039553,
    0.154147174810016,
    -0.149987220290913,
    0.983242027928274,
    0.180167494214855,
    0.0155718904506698,
    0.0230717310063273,
    1.40985356128378,
    -1.72393686171488,
    2.16411712731069,
    -0.696370385856534,
    -0.53545592279446,
    1.58552691585141,
    -1.38949039287441,
    -1.73437682083966,
    -2.22568536477284,
    0.69056597719819,
    -0.540781484981988,
    -1.64534411957222
  ]
}