{
  "T_WB": [
    [
      -0.367074758673027,
      0.0376433307014626,
      -0.929429449285334,
      -0.264936437747816
    ],
    [
      0.00690580838669561,
      0.999263567768423,
      0.0377442968042558,
      -0.00255270257053014
    ],
    [
      0.930165808528601,
      0.00743651695498878,
      -0.367064390618204,
      0.129150574591414
    ],
    [
      0.0,
      0.0,
      0.0,
      1.0
    ]
  ],
  "T_WH": {
    "0": [
      [
        -0.0296721605948096,
        0.153492721128826,
        -0.987704180129913,
        -0.280824014677184
      ],
      [
        -0.378623935197824,
        0.912779513672395,
        0.153223611481066,
        -0.0342529044036519
      ],
      [
        0.925074850258588,
        0.378514919098912,
        0.0310318777806786,
        0.166119238389998
      ],
      [
        0.0,
        0.0,
        0.0,
        1.0
      ]
    ],
    "1": [
      [
        0.499706638520192,
        0.517064667534769,
        -0.694936979161426,
        -0.249048860818448
      ],
      [
        0.701324066691477,
        -0.712377643278463,
        -0.0257419275958785,
        0.0291474992625916
      ],
      [
        -0.508367808676138,
        -0.474512616211815,
        -0.718609732857578,
        0.0921819107928295
      ],
      [
        0.0,
        0.0,
        0.0,
        1.0
      ]
    ],
    "2": [
      [
        -0.00703580246981137,
        -0.0136908631067546,
        -0.999881521856964,
        -0.278414841512291
      ],
      [
        0.389514781883635,
        0.92089228834327,
        -0.015350177980761,
        0.0296999639335272
      ],
      [
        0.920993339920409,
        -0.389576633715741,
        -0.00114642267992982,
        0.166595175475118
      ],
      [
        0.0,
        0.0,
        0.0,
        1.0
      ]
    ],
    "3": [
      [
        0.302561288851339,
        -0.567498943897022,
        -0.76576864336716,
        -0.251458033983342
      ],
      [
        -0.615918182833472,
        -0.729556367211927,
        0.297308424225836,
        -0.0348053690745875
      ],
      [
        -0.727393606339601,
        0.381696811273424,
        -0.57026843303831,
        0.0917059737077102
      ],
      [
        0.0,
        0.0,
        0.0,
        1.0
      ]
    ]
  },
  "T_WP": {
    "0": [
      [
        0.987704180129913,
        0.153492721128826,
        -0.0296721605948097,
        -0.282901065918821
      ],
      [
        -0.153223611481066,
        0.912779513672395,
        -0.378623935197824,
        -0.0607565798674996
      ],
      [
        -0.0310318777806785,
        0.378514919098912,
        0.925074850258588,
        0.230874477908099
      ],
      [
        0.0,
        0.0,
        0.0,
        1.0
      ]
    ],
    "1": [
      [
        0.694936979161426,
        0.517064667534769,
        0.499706638520192,
        -0.214069396122035
      ],
      [
        0.0257419275958785,
        -0.712377643278463,
        0.701324066691477,
        0.078240183930995
      ],
      [
        0.718609732857578,
        -0.474512616211815,
        -0.508367808676138,
        0.0565961641854998
      ],
      [
        0.0,
        0.0,
        0.0,
        1.0
      ]
    ],
    "2": [
      [
        0.999881521856964,
        -0.0136908631067546,
        -0.00703580246981143,
        -0.278907347685177
      ],
      [
        0.0153501779807611,
        0.92089228834327,
        0.389514781883635,
        0.0569659986653817
      ],
      [
        0.00114642267992988,
        -0.389576633715741,
        0.920993339920409,
        0.231064709269546
      ],
      [
        0.0,
        0.0,
        0.0,
        1.0
      ]
    ],
    "3": [
      [
        0.76576864336716,
        -0.567498943897022,
        0.302561288851339,
        -0.230278743763748
      ],
      [
        -0.297308424225836,
        -0.729556367211927,
        -0.615918182833472,
        -0.0779196418729305
      ],
      [
        0.57026843303831,
        0.381696811273424,
        -0.727393606339601,
        0.0407884212639381
      ],
      [
        0.0,
        0.0,
        0.0,
        1.0
      ]
    ]
  },
  "simTime": 1.1014999999999,
  "state": [
    -0.264936437747816,
    -0.00255270257053014,
    0.129150574591414,
    -0.562388748659944,
    0.0134727890278229,
    0.826650276274625,
    0.0136638234619772,
    -0.371435196350115,
    -0.0302986861750851,
    0.744241171133695,
    -1.87179434360684,
    9.06730385694604,
    -2.69773400698488,
    0.955871070700976,
    -0.158707151152776,
    0.136436996428964,
    0.206173427908117,
    0.976907867376694,
    -0.170473555743023,
    0.128798693755911,
    -0.000825794538915259,
    0.963715894559036,
    0.126243401904342,
    0.13957873310867,
    -0.18929356912921,
    0.980636953986429,
    0.183901815924511,
    0.00653389035058999,
    -0.0669969764450005,
    0.79759914019711,
    -0.151861800493398,
    1.53850121630542,
    0.125202426856935,
    4.48648240085309,
    1.1981305400757,
    -3.39351581450516,
    -0.46977347411898,
    0.05216868038756,
    -0.594619073188232,
    -0.747074395702348,
    -3.64755620110015
  ]
}