{
  "T_WB": [
    [
      0.592122728731477,
      0.0252628649095585,
      0.805451712876788,
      -0.148113679845007
    ],
    [
      0.00517010416311974,
      0.999368821713482,
      -0.0351458135479752,
      -0.000321253687483713
    ],
    [
      -0.805831213184581,
      0.024974904275451,
      0.591618382079106,
      0.142907034530899
    ],
    [
      0.0,
      0.0,
      0.0,
      1.0
    ]
  ],
  "T_WH": {
    "0": [
      [
        -0.205092577964769,
        0.0275064892381547,
        0.978355981999168,
        -0.125237182372853
      ],
      [
        -0.860142302951282,
        0.471892460699387,
        -0.193578728709389,
        -0.0320942518157904
      ],
      [
        -0.467003483003533,
        -0.881226927973078,
        -0.0731221462875646,
        0.109874589066702
      ],
      [
        0.0,
        0.0,
        0.0,
        1.0
      ]
    ],
    "1": [
      [
        -0.355554328742017,
        -0.628151066966033,
        0.692103573449992,
        -0.17099017731716
      ],
      [
        0.863753391179599,
        -0.503735158196164,
        -0.0134524950410373,
        0.0314517444408229
      ],
      [
        0.357087102173345,
        0.593023715770728,
        0.721672830301185,
        0.175939479995097
      ],
      [
        0.0,
        0.0,
        0.0,
        1.0
      ]
    ],
    "2": [
      [
        -0.156066652967611,
        -0.00516134786019522,
        0.987733041018551,
        -0.123620359018642
      ],
      [
        0.891184648972661,
        0.430492111105571,
        0.14306104889642,
        0.0318653527738725
      ],
      [
        -0.4259496698754,
        0.902579582510116,
        -0.0625857489281937,
        0.11147298294033
      ],
      [
        0.0,
        0.0,
        0.0,
        1.0
      ]
    ],
    "3": [
      [
        -0.393728591627111,
        0.612051854151739,
        0.685835493369037,
        -0.172607000671372
      ],
      [
        -0.869753636477709,
        -0.489517579811741,
        -0.0624591937912852,
        -0.0325078601488399
      ],
      [
        0.297500265494223,
        -0.621099884788811,
        0.725071393137388,
        0.174341086121468
      ],
      [
        0.0,
        0.0,
        0.0,
        1.0
      ]
    ]
  },
  "T_WP": {
    "0": [
      [
        -0.978355981999168,
        0.0275064892381547,
        -0.205092577964769,
        -0.139593662830387
      ],
      [
        0.193578728709389,
        0.471892460699387,
        -0.860142302951282,
        -0.0923042130223801
      ],
      [
        0.0731221462875646,
        -0.881226927973078,
        -0.467003483003533,
        0.0771843452564542
      ],
      [
        0.0,
        0.0,
        0.0,
        1.0
      ]
    ],
    "1": [
      [
        -0.692103573449992,
        -0.628151066966033,
        -0.355554328742017,
        -0.195878980329101
      ],
      [
        0.0134524950410374,
        -0.503735158196164,
        0.863753391179599,
        0.0919144818233948
      ],
      [
        -0.721672830301185,
        0.593023715770728,
        0.357087102173345,
        0.200935577147231
      ],
      [
        0.0,
        0.0,
        0.0,
        1.0
      ]
    ],
    "2": [
      [
        -0.987733041018551,
        -0.00516134786019522,
        -0.156066652967611,
        -0.134545024726375
      ],
      [
        -0.14306104889642,
        0.430492111105571,
        0.891184648972661,
        0.0942482782019588
      ],
      [
        0.0625857489281937,
        0.902579582510116,
        -0.4259496698754,
        0.0816565060490524
      ],
      [
        0.0,
        0.0,
        0.0,
        1.0
      ]
    ],
    "3": [
      [
        -0.685835493369037,
        0.612051854151739,
        -0.393728591627111,
        -0.200168002085269
      ],
      [
        0.0624591937912852,
        -0.489517579811741,
        -0.869753636477709,
        -0.0933906147022796
      ],
      [
        -0.725071393137388,
        -0.621099884788811,
        0.297500265494223,
        0.195166104706064
      ],
      [
        0.0,
        0.0,
        0.0,
        1.0
      ]
    ]
  },
  "simTime": 0.832499999999925,
  "state": [
    -0.148113679845007,
    -0.000321253687483713,
    0.142907034530899,
    0.892063609352504,
    0.0168487754665455,
    0.451560547131528,
    -0.0056309775827037,
    -0.390307735354802,
    -0.00268096304448834,
    0.986004076034577,
    0.490688618954287,
    13.0351018678939,
    -0.201838091662342,
    0.919532166000236,
    -0.229943235374957,
    0.267105446856516,
    -0.173900501597299,
    0.987911123228384,
    -0.0615644230023541,
    0.0613837265960166,
    -0.128349026218374,
    0.920399215859936,
    0.230009844853514,
    0.265211754321083,
    0.172114729424333,
    0.986389470462149,
    0.0633300676320241,
    0.0648478546388718,
    0.137185534382676,
    -2.53544882309986,
    -2.364270043685,
    2.43131869334816,
    -1.41915712192675,
    -1.01081442410236,
    0.307856922341412,
    2.55771295591845,
    -2.33828373964297,
    -2.38183927016164,
    1.46328268402184,
    -1.04453567241617,
    -0.346497005717097
  ]
}