{
  "T_WB": [
    [
      0.799155058704398,
      -0.00163390311935622,
      0.601122718342742,
      -0.0295513449102112
    ],
    [
      0.0012668737813814,
      0.999998663088817,
      0.00103385269742477,
      3.67064665193643e-05
    ],
    [
      -0.601123603910205,
      -6.46620018410602e-05,
      0.799156060254086,
      0.343655271009003
    ],
    [
      0.0,
      0.0,
      0.0,
      1.0
    ]
  ],
  "T_WH": {
    "0": [
      [
        0.339862378107388,
        0.890880798445297,
        -0.301371808417214,
        0.00246714233778413
      ],
      [
        -0.763321507784608,
        0.0741036610641107,
        -0.641754566146847,
        -0.0319125758010675
      ],
      [
        -0.54939406594959,
        0.448151816216744,
        0.705213520801332,
        0.319612396036654
      ],
      [
        0.0,
        0.0,
        0.0,
        1.0
      ]
    ],
    "1": [
      [
        -0.55140581127182,
        -0.494992493651938,
        0.671516241444615,
        -0.0615698321582065
      ],
      [
        0.695451812371138,
        -0.717326648776209,
        0.0422995936764447,
        0.0319859887341063
      ],
      [
        0.460758513719894,
        0.49033142891694,
        0.739781509535691,
        0.367698145981352
      ],
      [
        0.0,
        0.0,
        0.0,
        1.0
      ]
    ],
    "2": [
      [
        0.33781005703207,
        -0.890701017492449,
        -0.304197407625223,
        0.00236257253814533
      ],
      [
        0.764117317372527,
        0.070822773414608,
        0.641177713319229,
        0.0320873386366168
      ],
      [
        -0.549553537573367,
        -0.449038786970323,
        0.704524717193669,
        0.319608257668536
      ],
      [
        0.0,
        0.0,
        0.0,
        1.0
      ]
    ],
    "3": [
      [
        -0.549446390928672,
        0.497034870018307,
        0.671613729372279,
        -0.0614652623585677
      ],
      [
        -0.696906310421044,
        -0.716032892489911,
        -0.0402304780963275,
        -0.032013925703578
      ],
      [
        0.460901570826987,
        -0.490156337160315,
        0.739808425979861,
        0.36770228434947
      ],
      [
        0.0,
        0.0,
        0.0,
        1.0
      ]
    ]
  },
  "T_WP": {
    "0": [
      [
        0.301371808417214,
        0.890880798445297,
        0.339862378107388,
        0.0262575088053013
      ],
      [
        0.641754566146847,
        0.0741036610641107,
        -0.763321507784608,
        -0.0853450813459901
      ],
      [
        -0.705213520801332,
        0.448151816216744,
        -0.54939406594959,
        0.281154811420182
      ],
      [
        0.0,
        0.0,
        0.0,
        1.0
      ]
    ],
    "1": [
      [
        -0.671516241444615,
        -0.494992493651938,
        -0.55140581127182,
        -0.100168238947234
      ],
      [
        -0.0422995936764447,
        -0.717326648776209,
        0.695451812371138,
        0.0806676156000859
      ],
      [
        -0.739781509535691,
        0.49033142891694,
        0.460758513719894,
        0.399951241941745
      ],
      [
        0.0,
        0.0,
        0.0,
        1.0
      ]
    ],
    "2": [
      [
        0.304197407625223,
        -0.890701017492449,
        0.33781005703207,
        0.0260092765303903
      ],
      [
        -0.641177713319229,
        0.070822773414608,
        0.764117317372527,
        0.0855755508526937
      ],
      [
        -0.704524717193669,
        -0.449038786970323,
        -0.549553537573367,
        0.2811395100384
      ],
      [
        0.0,
        0.0,
        0.0,
        1.0
      ]
    ],
    "3": [
      [
        -0.671613729372279,
        0.497034870018307,
        -0.549446390928672,
        -0.0999265097235748
      ],
      [
        0.0402304780963275,
        -0.716032892489911,
        -0.696906310421044,
        -0.0807973674330511
      ],
      [
        -0.739808425979861,
        -0.490156337160315,
        0.460901570826987,
        0.399965394307359
      ],
      [
        0.0,
        0.0,
        0.0,
        1.0
      ]
    ]
  },
  "simTime": 0.450499999999967,
  "state": [
    -0.0295513449102112,
    3.67064665193643e-05,
    0.343655271009003,
    0.948460566134315,
    -0.000289552022110709,
    0.31689412432638,
    0.000764601345673351,
    -0.234452649073998,
    0.000163343586718141,
    0.501730175629786,
    -0.0107927046052988,
    -4.74547194637519,
    0.00261227901937497,
    0.823272640491546,
    0.552020811440353,
    0.0663148133861588,
    -0.114444434903457,
    0.998693436214337,
    0.0469894654052535,
    -0.0183807461081346,
    0.00809683739719286,
    0.823022796570562,
    -0.552441379614046,
    0.0662907840962353,
    0.114225786752408,
    0.998690502553927,
    -0.0470497570296824,
    -0.0182972045649135,
    -0.00829534671622016,
    -0.648095685928529,
    -0.801904133497577,
    -5.74008620931368,
    0.10049494553631,
    0.335460873994133,
    -0.573501097542714,
    0.645988279127644,
    -0.80038866455938,
    5.74520119359985,
    -0.103844957137275,
    0.334682766004632,
    0.573606573703934
  ]
}