{
  "T_WB": [
    [
      0.289182122732036,
      -0.000373378448272043,
      0.957274025804904,
      -0.00585354030007955
    ],
    [
      0.000314712295921697,
      0.999999906973776,
      0.000294972219178435,
      5.18729521702122e-06
    ],
    [
      -0.957274046889586,
      0.000215965213998268,
      0.289182213337304,
      0.209451118226127
    ],
    [
      0.0,
      0.0,
      0.0,
      1.0
    ]
  ],
  "T_WH": {
    "0": [
      [
        0.506420653966074,
        0.804182318583249,
        0.311173455993026,
        0.00572569271954661
      ],
      [
        -0.593551758181219,
        0.586872004592197,
        -0.550706419597521,
        -0.0319822212361069
      ],
      [
        -0.625487355265123,
        0.0941915532519045,
        0.774527933453298,
        0.171153245463696
      ],
      [
        0.0,
        0.0,
        0.0,
        1.0
      ]
    ],
    "1": [
      [
        -0.138126196163961,
        -0.133430624647756,
        0.981385460631746,
        -0.0174327733197057
      ],
      [
        0.657016135281816,
        -0.753809965903102,
        -0.0100166503638668,
        0.031992595826541
      ],
      [
        0.741114668531545,
        0.643402520752969,
        0.191786976554988,
        0.247748990988558
      ],
      [
        0.0,
        0.0,
        0.0,
        1.0
      ]
    ],
    "2": [
      [
        0.506740233151354,
        -0.804420957714898,
        0.310034286643846,
        0.0057017964988572
      ],
      [
        0.5941015122721,
        0.586446407777212,
        0.550566984045727,
        0.0320177728102147
      ],
      [
        -0.62470611428232,
        -0.0948026033094592,
        0.77508369688959,
        0.171167067237391
      ],
      [
        0.0,
        0.0,
        0.0,
        1.0
      ]
    ],
    "3": [
      [
        -0.13789323203688,
        0.134153308352291,
        0.981319696335786,
        -0.0174088770990163
      ],
      [
        -0.657249297589669,
        -0.753597759551204,
        0.0106666591439518,
        -0.0320073982197807
      ],
      [
        0.740951292175343,
        -0.643500821023207,
        0.19208819840414,
        0.247735169214862
      ],
      [
        0.0,
        0.0,
        0.0,
        1.0
      ]
    ]
  },
  "T_WP": {
    "0": [
      [
        -0.311173455993026,
        0.804182318583249,
        0.506420653966074,
        0.0411751384971718
      ],
      [
        0.550706419597521,
        0.586872004592197,
        -0.593551758181219,
        -0.0735308443087923
      ],
      [
        -0.774527933453298,
        0.0941915532519045,
        -0.625487355265123,
        0.127369130595137
      ],
      [
        0.0,
        0.0,
        0.0,
        1.0
      ]
    ],
    "1": [
      [
        -0.981385460631746,
        -0.133430624647756,
        -0.138126196163961,
        -0.027101607051183
      ],
      [
        0.0100166503638669,
        -0.753809965903102,
        0.657016135281816,
        0.0779837252962681
      ],
      [
        -0.191786976554988,
        0.643402520752969,
        0.741114668531545,
        0.299627017785766
      ],
      [
        0.0,
        0.0,
        0.0,
        1.0
      ]
    ],
    "2": [
      [
        -0.310034286643846,
        -0.804420957714898,
        0.506740233151354,
        0.041173612819452
      ],
      [
        -0.550566984045727,
        0.586446407777212,
        0.5941015122721,
        0.0736048786692617
      ],
      [
        -0.77508369688959,
        -0.0948026033094592,
        -0.62470611428232,
        0.127437639237629
      ],
      [
        0.0,
        0.0,
        0.0,
        1.0
      ]
    ],
    "3": [
      [
        -0.981319696335786,
        0.134153308352291,
        -0.13789323203688,
        -0.0270614033415979
      ],
      [
        -0.0106666591439518,
        -0.753597759551204,
        -0.657249297589669,
        -0.0780148490510575
      ],
      [
        -0.19208819840414,
        -0.643500821023207,
        0.740951292175343,
        0.299601759667136
      ],
      [
        0.0,
        0.0,
        0.0,
        1.0
      ]
    ]
  },
  "simTime": 0.32849999999998,
  "state": [
    -0.00585354030007955,
    5.18729521702122e-06,
    0.209451118226127,
    0.802864285393727,
    -2.4601606590777e-05,
    0.596161800794137,
    0.000214261225935682,
    -0.13777280103918,
    0.000279649617127339,
    1.69063527688029,
    -0.00944997471692808,
    -5.53528574743631,
    0.0059307327126441,
    0.863718401718297,
    0.476826012830012,
    -0.108578038852959,
    0.121812501413725,
    0.998155414704234,
    0.0304687784919137,
    -0.0401874891801867,
    0.0337992211037615,
    0.863515068912916,
    -0.477053271903629,
    -0.108971924975417,
    -0.12201238090258,
    0.998158689572924,
    -0.0303605960919317,
    -0.0400810139484924,
    -0.0339260512860788,
    5.81045235936402,
    -0.0703941253226761,
    -1.3400747091224,
    0.53311101278679,
    0.0678926077283824,
    -0.149149705399148,
    -5.81477215387296,
    -0.0730675142360589,
    1.34041609608258,
    -0.534054120564829,
    0.0700203072366981,
    0.145407376173221
  ]
}