{
  "T_WB": [
    [
      0.0799301212657522,
      0.114065880208219,
      -0.99025256913919,
      -0.282228306411759
    ],
    [
      -0.172530805767994,
      0.980020318183569,
      0.0989610883550857,
      -0.00370380622419883
    ],
    [
      0.981755721539472,
      0.162939101874598,
      0.0980130210982733,
      0.15533750012981
    ],
    [
      0.0,
      0.0,
      0.0,
      1.0
    ]
  ],
  "T_WH": {
    "0": [
      [
        0.325933081420264,
        0.271252209826105,
        -0.905643343209868,
        -0.282681209727792
      ],
      [
        -0.486825070220198,
        0.869336964253926,
        0.0851739020291281,
        -0.0419656886367928
      ],
      [
        0.810412843827756,
        0.413128891807657,
        0.415398051647797,
        0.189393677731402
      ],
      [
        0.0,
        0.0,
        0.0,
        1.0
      ]
    ],
    "1": [
      [
        0.320551286129835,
        0.180730542444909,
        -0.929829739246964,
        -0.281775403095727
      ],
      [
        0.732464609529801,
        -0.669723176760687,
        0.12233749341853,
        0.0345580761883951
      ],
      [
        -0.600618405268157,
        -0.720282817743935,
        -0.347059351863617,
        0.121281322528218
      ],
      [
        0.0,
        0.0,
        0.0,
        1.0
      ]
    ],
    "2": [
      [
        0.376502254687508,
        0.0133679751102556,
        -0.926319248130295,
        -0.275380993394466
      ],
      [
        0.192609178447071,
        0.976917027170066,
        0.0923841241942844,
        0.0207556117269556
      ],
      [
        0.90617203476667,
        -0.213200420418563,
        0.365236668668661,
        0.199821780251376
      ],
      [
        0.0,
        0.0,
        0.0,
        1.0
      ]
    ],
    "3": [
      [
        -0.0614167839641988,
        -0.381962351767126,
        -0.922134881934319,
        -0.289075619429053
      ],
      [
        -0.345878633074348,
        -0.858488792415926,
        0.378635661921675,
        -0.0281632241753533
      ],
      [
        -0.936267029126902,
        0.342201337123003,
        -0.079386995415582,
        0.110853220008244
      ],
      [
        0.0,
        0.0,
        0.0,
        1.0
      ]
    ]
  },
  "T_WP": {
    "0": [
      [
        0.905643343209868,
        0.271252209826105,
        0.325933081420264,
        -0.259865894028374
      ],
      [
        -0.0851739020291281,
        0.869336964253926,
        -0.486825070220198,
        -0.0760434435522067
      ],
      [
        -0.415398051647797,
        0.413128891807657,
        0.810412843827756,
        0.246122576799345
      ],
      [
        0.0,
        0.0,
        0.0,
        1.0
      ]
    ],
    "1": [
      [
        0.929829739246964,
        0.180730542444909,
        0.320551286129835,
        -0.259336813066638
      ],
      [
        -0.12233749341853,
        -0.669723176760687,
        0.732464609529801,
        0.0858305988554812
      ],
      [
        0.347059351863616,
        -0.720282817743935,
        -0.600618405268157,
        0.0792380341594471
      ],
      [
        0.0,
        0.0,
        0.0,
        1.0
      ]
    ],
    "2": [
      [
        0.926319248130295,
        0.0133679751102556,
        0.376502254687508,
        -0.249025835566341
      ],
      [
        -0.0923841241942843,
        0.976917027170066,
        0.192609178447071,
        0.0342382542182506
      ],
      [
        -0.36523666866866,
        -0.213200420418563,
        0.90617203476667,
        0.263253822685043
      ],
      [
        0.0,
        0.0,
        0.0,
        1.0
      ]
    ],
    "3": [
      [
        0.922134881934319,
        -0.381962351767126,
        -0.0614167839641988,
        -0.293374794306547
      ],
      [
        -0.378635661921675,
        -0.858488792415926,
        -0.345878633074348,
        -0.0523747284905577
      ],
      [
        0.0793869954155819,
        0.342201337123003,
        -0.936267029126902,
        0.0453145279693607
      ],
      [
        0.0,
        0.0,
        0.0,
        1.0
      ]
    ]
  },
  "simTime": 1.15399999999989,
  "state": [
    -0.282228306411759,
    -0.00370380622419883,
    0.15533750012981,
    -0.734500418745217,
    -0.0217760303080593,
    0.671207340510282,
    0.0975481697021427,
    -0.301734402393036,
    -0.0196609063480355,
    0.237895719678622,
    -1.8456849935423,
    8.78797200381474,
    -2.8140459129498,
    0.958128931893241,
    -0.105079290348948,
    0.126407511836831,
    0.234453478455961,
    0.973641103997935,
    -0.168043850970847,
    0.149442169804371,
    0.0380959662002752,
    0.971758348853937,
    0.056876173554323,
    0.125099567685999,
    -0.191835634018461,
    0.976420108154177,
    0.16875621356403,
    0.0101736645688273,
    -0.134244587693348,
    2.20168719101839,
    -1.36520144496925,
    0.848758671963142,
    0.0186531564103611,
    -1.23773812987713,
    1.71420540448616,
    -2.05251129022073,
    -1.29029290900871,
    -0.425501607290871,
    -0.736587697507714,
    -0.210953962894672,
    -2.00407819629073
  ]
}