{
  "T_WB": [
    [
      0.926961179304596,
      0.00600925702364985,
      0.375109131976625,
      -0.132892492391774
    ],
    [
      -0.000431827315917777,
      0.999888132671004,
      -0.0149511092853047,
      -0.000176255773913361
    ],
    [
      -0.375157014578433,
      0.0136971155253802,
      0.926860077594716,
      0.0920288456881139
    ],
    [
      0.0,
      0.0,
      0.0,
      1.0
    ]
  ],
  "T_WH": {
    "0": [
      [
        -0.0618481516772492,
        0.586277757758562,
        0.807745750153909,
        -0.0960063414443468
      ],
      [
        -0.886490317203337,
        0.339583129113813,
        -0.314353647864945,
        -0.0321899491120222
      ],
      [
        -0.458595381179133,
        -0.735500978367034,
        0.498726966568183,
        0.0765842574081644
      ],
      [
        0.0,
        0.0,
        0.0,
        1.0
      ]
    ],
    "1": [
      [
        -0.489423812695174,
        -0.83612513305141,
        0.247707677407627,
        -0.169778643339201
      ],
      [
        0.870336314425744,
        -0.486122267383954,
        0.0787390687352633,
        0.0318374375641955
      ],
      [
        0.0545805034671928,
        0.254125762238395,
        0.965629880237776,
        0.107473433968063
      ],
      [
        0.0,
        0.0,
        0.0,
        1.0
      ]
    ],
    "2": [
      [
        -0.0454289823029493,
        -0.583399753639492,
        0.810913642147114,
        -0.0956217489948332
      ],
      [
        0.899029041892623,
        0.330027972642215,
        0.287799095042536,
        0.0318028913789221
      ],
      [
        -0.435526106451211,
        0.742109334752669,
        0.509500486626264,
        0.0774608728017888
      ],
      [
        0.0,
        0.0,
        0.0,
        1.0
      ]
    ],
    "3": [
      [
        -0.486799417694034,
        0.839449880513459,
        0.24155791239098,
        -0.170163235788715
      ],
      [
        -0.87331275822642,
        -0.47364072416543,
        -0.113970569582721,
        -0.0321554029267488
      ],
      [
        0.0187390835344877,
        -0.266436413648708,
        0.96367031926396,
        0.106596818574439
      ],
      [
        0.0,
        0.0,
        0.0,
        1.0
      ]
    ]
  },
  "T_WP": {
    "0": [
      [
        -0.807745750153909,
        0.586277757758562,
        -0.0618481516772491,
        -0.100335712061754
      ],
      [
        0.314353647864945,
        0.339583129113813,
        -0.886490317203337,
        -0.0942442713162558
      ],
      [
        -0.498726966568183,
        -0.735500978367034,
        -0.458595381179133,
        0.0444825807256251
      ],
      [
        0.0,
        0.0,
        0.0,
        1.0
      ]
    ],
    "1": [
      [
        -0.247707677407627,
        -0.83612513305141,
        -0.489423812695174,
        -0.204038310227863
      ],
      [
        -0.0787390687352632,
        -0.486122267383954,
        0.870336314425744,
        0.0927609795739975
      ],
      [
        -0.965629880237776,
        0.254125762238395,
        0.0545805034671928,
        0.111294069210767
      ],
      [
        0.0,
        0.0,
        0.0,
        1.0
      ]
    ],
    "2": [
      [
        -0.810913642147114,
        -0.583399753639492,
        -0.0454289823029493,
        -0.0988017777560397
      ],
      [
        -0.287799095042536,
        0.330027972642215,
        0.899029041892623,
        0.0947349243114056
      ],
      [
        -0.509500486626264,
        0.742109334752669,
        -0.435526106451211,
        0.046974045350204
      ],
      [
        0.0,
        0.0,
        0.0,
        1.0
      ]
    ],
    "3": [
      [
        -0.24155791239098,
        0.839449880513459,
        -0.486799417694034,
        -0.204239195027297
      ],
      [
        0.11397056958272,
        -0.47364072416543,
        -0.87331275822642,
        -0.0932872960025982
      ],
      [
        -0.96367031926396,
        -0.266436413648708,
        0.0187390835344877,
        0.107908554421853
      ],
      [
        0.0,
        0.0,
        0.0,
        1.0
      ]
    ]
  },
  "simTime": 0.789999999999929,
  "state": [
    -0.132892492391774,
    -0.000176255773913361,
    0.0920288456881139,
    0.981543349726633,
    0.00729672938507087,
    0.191093482209424,
    -0.00164055014517737,
    -0.321109088702425,
    -0.00413341809742871,
    1.41510572947365,
    0.498240695014748,
    12.974878211581,
    -0.194103209332039,
    0.907958961385017,
    -0.179003817360435,
    0.28807326226788,
    -0.246134015075881,
    0.986938826201183,
    -0.024969967485797,
    0.0774888388347587,
    -0.139009833883903,
    0.909152338430443,
    0.178317765381272,
    0.286610966152973,
    0.243924074573925,
    0.985338562085701,
    0.0258969935218209,
    0.0811066559665047,
    0.147847807394443,
    -3.02083200176464,
    -1.98299497947303,
    2.49277540527616,
    -1.97951886214149,
    -0.862343680826093,
    0.615415082327262,
    3.04896650705539,
    -2.0612914071828,
    -2.51960618333898,
    1.98799965800096,
    -0.882571525039659,
    -0.504938771474123
  ]
}