{
  "T_WB": [
    [
      -2.22044604925031e-16,
      5.79769140700966e-20,
      1.0,
      -2.54017341708975e-36
    ],
    [
      -7.97307217481476e-19,
      1.0,
      -5.79769140700966e-20,
      5.28178328884306e-21
    ],
    [
      -1.0,
      -7.97307217481476e-19,
      -2.22044604925031e-16,
      0.384467219575001
    ],
    [
      0.0,
      0.0,
      0.0,
      1.0
    ]
  ],
  "T_WH": {
    "0": [
      [
        -1.57121593259087e-16,
        -1.53716811796576e-16,
        1.0,
        -8.8836394582515e-18
      ],
      [
        -0.707106779455507,
        0.707106782917588,
        -2.40754352252594e-18,
        -0.032
      ],
      [
        -0.707106782917588,
        -0.707106779455507,
        -2.19795944073964e-16,
        0.344467219575001
      ],
      [
        0.0,
        0.0,
        0.0,
        1.0
      ]
    ],
    "1": [
      [
        1.57121593259087e-16,
        1.53722832442386e-16,
        1.0,
        8.8836394582515e-18
      ],
      [
        0.707106779455507,
        -0.707106782917588,
        -2.40328628303609e-18,
        0.032
      ],
      [
        0.707106782917588,
        0.707106779455507,
        -2.19800201313433e-16,
        0.424467219575001
      ],
      [
        0.0,
        0.0,
        0.0,
        1.0
      ]
    ],
    "2": [
      [
        -1.57055835034268e-16,
        1.54889581154605e-16,
        1.0,
        -8.87992893575101e-18
      ],
      [
        0.707106779455507,
        0.707106782917588,
        1.5317722680916e-18,
        0.032
      ],
      [
        -0.707106782917588,
        0.707106779455507,
        -2.20578719150962e-16,
        0.344467219575001
      ],
      [
        0.0,
        0.0,
        0.0,
        1.0
      ]
    ],
    "3": [
      [
        1.57055835034268e-16,
        -1.53791487937537e-16,
        1.0,
        8.87992893575101e-18
      ],
      [
        -0.707106779455507,
        -0.707106782917588,
        2.30824143015626e-18,
        -0.032
      ],
      [
        0.707106782917588,
        -0.707106779455507,
        -2.19802249992699e-16,
        0.424467219575001
      ],
      [
        0.0,
        0.0,
        0.0,
        1.0
      ]
    ]
  },
  "T_WP": {
    "0": [
      [
        -1.0,
        -1.53716811796576e-16,
        -9.58892533017192e-17,
        -1.98821509863876e-17
      ],
      [
        -4.08902591832531e-17,
        0.707106782917588,
        -0.707106779455507,
        -0.0814974745618855
      ],
      [
        1.76498141156194e-16,
        -0.707106779455507,
        -0.707106782917588,
        0.29496974477077
      ],
      [
        0.0,
        0.0,
        0.0,
        1.0
      ]
    ],
    "1": [
      [
        -1.0,
        1.53722832442386e-16,
        2.18353933216455e-16,
        1.98821509863876e-17
      ],
      [
        4.57010889888151e-17,
        -0.707106782917588,
        0.707106779455507,
        0.0814974745618855
      ],
      [
        2.63098004231203e-16,
        0.707106779455507,
        0.707106782917588,
        0.473964694379232
      ],
      [
        0.0,
        0.0,
        0.0,
        1.0
      ]
    ],
    "2": [
      [
        -1.0,
        1.54889581154605e-16,
        -9.58234950769008e-17,
        -1.98738373881498e-17
      ],
      [
        4.17660304376874e-17,
        0.707106782917588,
        0.707106779455507,
        0.0814974745618855
      ],
      [
        1.77280916233192e-16,
        0.707106779455507,
        -0.707106782917588,
        0.29496974477077
      ],
      [
        0.0,
        0.0,
        0.0,
        1.0
      ]
    ],
    "3": [
      [
        -1.0,
        -1.53791487937537e-16,
        2.18288174991636e-16,
        1.98738373881498e-17
      ],
      [
        -4.56060441359353e-17,
        -0.707106782917588,
        -0.707106779455507,
        -0.0814974745618855
      ],
      [
        2.6310005291047e-16,
        -0.707106779455507,
        0.707106782917588,
        0.473964694379232
      ],
      [
        0.0,
        0.0,
        0.0,
        1.0
      ]
    ]
  },
  "simTime": 0.153499999999999,
  "state": [
    -2.54017341708975e-36,
    5.28178328884306e-21,
    0.384467219575001,
    0.707106781186548,
    -2.61392735539447e-19,
    0.707106781186548,
    -3.02388604630682e-19,
    -6.82036021594356e-35,
    -9.23113040890685e-21,
    -1.50531309999997,
    6.93941043102963e-19,
    -7.36393785756175e-18,
    -1.40107901276674e-17,
    1.0,
    1.62571890912089e-18,
    3.56755686751847e-20,
    -4.74440369257308e-19,
    1.0,
    -1.62270858621586e-18,
    -3.56755686751843e-20,
    4.71759258157632e-19,
    1.0,
    -1.08033009929793e-18,
    4.37923252568643e-20,
    2.79331720513922e-19,
    1.0,
    1.62937670783199e-18,
    -4.37923252568638e-20,
    -4.65785476874723e-19,
    2.12868535801513e-17,
    5.64923292911991e-19,
    -1.48218316584446e-17,
    -2.13778378909439e-17,
    -5.64923292911987e-19,
    1.47887191326513e-17,
    -2.31666840855809e-17,
    5.3580484479186e-19,
    9.49239060308827e-18,
    2.13810838596216e-17,
    -5.35804844791855e-19,
    -1.48112839631868e-17
  ]
}