{
  "T_WB": [
    [
      0.980934332228772,
      -0.00223186663115141,
      -0.19432666987893,
      -0.122686615035696
    ],
    [
      0.00224382238545854,
      0.999997470051708,
      -0.000158591568227319,
      -2.03829005988784e-05
    ],
    [
      0.194326532197733,
      -0.000280466617889777,
      0.980936858427942,
      0.0404164482175778
    ],
    [
      0.0,
      0.0,
      0.0,
      1.0
    ]
  ],
  "T_WH": {
    "0": [
      [
        -0.0429845068675615,
        0.967625147472055,
        0.248704455426588,
        -0.0833778220143486
      ],
      [
        -0.930227870726794,
        0.0520472220064743,
        -0.363272893572456,
        -0.0319305490468352
      ],
      [
        -0.364456363221234,
        -0.246966922200306,
        0.897874656422855,
        0.0481984844372596
      ],
      [
        0.0,
        0.0,
        0.0,
        1.0
      ]
    ],
    "1": [
      [
        -0.500359154912295,
        -0.832805839731143,
        -0.236801920188917,
        -0.161995408057044
      ],
      [
        0.844871256243099,
        -0.529434167959256,
        0.0767595086715489,
        0.0318897832456374
      ],
      [
        -0.189296794662933,
        -0.16165981290041,
        0.968520948882028,
        0.032634411997896
      ],
      [
        0.0,
        0.0,
        0.0,
        1.0
      ]
    ],
    "2": [
      [
        -0.0493462319915467,
        -0.967779462453498,
        0.246916709522573,
        -0.0835206614787423
      ],
      [
        0.92770377967201,
        0.0471806229725452,
        0.370323758349621,
        0.0320692890364741
      ],
      [
        -0.370041411966961,
        0.247339646779769,
        0.895484479240348,
        0.0481805345737146
      ],
      [
        0.0,
        0.0,
        0.0,
        1.0
      ]
    ],
    "3": [
      [
        -0.491681963577893,
        0.838236333579036,
        -0.235814960848887,
        -0.16185256859265
      ],
      [
        -0.850052913186621,
        -0.520773500060471,
        -0.0787718631092653,
        -0.0321100548376719
      ],
      [
        -0.188835620249798,
        0.161724490114333,
        0.968600174386797,
        0.0326523618614409
      ],
      [
        0.0,
        0.0,
        0.0,
        1.0
      ]
    ]
  },
  "T_WP": {
    "0": [
      [
        -0.248704455426588,
        0.967625147472055,
        -0.0429845068675615,
        -0.0863867374950779
      ],
      [
        0.363272893572456,
        0.0520472220064743,
        -0.930227870726794,
        -0.0970464999977107
      ],
      [
        -0.897874656422855,
        -0.246966922200306,
        -0.364456363221234,
        0.0226865390117732
      ],
      [
        0.0,
        0.0,
        0.0,
        1.0
      ]
    ],
    "1": [
      [
        0.236801920188917,
        -0.832805839731143,
        -0.500359154912295,
        -0.197020548900905
      ],
      [
        -0.0767595086715489,
        -0.529434167959256,
        0.844871256243099,
        0.0910307711826544
      ],
      [
        -0.968520948882028,
        -0.16165981290041,
        -0.189296794662933,
        0.0193836363714907
      ],
      [
        0.0,
        0.0,
        0.0,
        1.0
      ]
    ],
    "2": [
      [
        -0.246916709522573,
        -0.967779462453498,
        -0.0493462319915466,
        -0.0869748977181505
      ],
      [
        -0.370323758349621,
        0.0471806229725452,
        0.92770377967201,
        0.0970085536135149
      ],
      [
        -0.895484479240348,
        0.247339646779769,
        -0.370041411966961,
        0.0222776357360273
      ],
      [
        0.0,
        0.0,
        0.0,
        1.0
      ]
    ],
    "3": [
      [
        0.235814960848887,
        0.838236333579036,
        -0.491681963577893,
        -0.196270306043103
      ],
      [
        0.0787718631092652,
        -0.520773500060471,
        -0.850052913186621,
        -0.0916137587607354
      ],
      [
        -0.968600174386797,
        0.161724490114333,
        -0.188835620249798,
        0.0194338684439551
      ],
      [
        0.0,
        0.0,
        0.0,
        1.0
      ]
    ]
  },
  "simTime": 0.753999999999933,
  "state": [
    -0.122686615035696,
    -2.03829005988784e-05,
    0.0404164482175778,
    0.99522216875284,
    -3.06150358907261e-05,
    -0.0976297590325241,
    0.00112429394087419,
    -0.274561906841553,
    -0.0020289404524925,
    0.728761078411891,
    0.0893010467700973,
    37.8687739602017,
    -0.0197878276406944,
    0.877693687709891,
    -0.133351727351454,
    0.25685461401392,
    -0.381964415392791,
    0.992441815151278,
    0.00673969340818143,
    0.0438548799288617,
    -0.114414027017785,
    0.876778073877541,
    0.132386795832939,
    0.259398316172003,
    0.382683235880285,
    0.992092580846144,
    -0.00733052783009101,
    0.0442678550701658,
    0.117213187821411,
    -16.6834170255366,
    2.38308462298054,
    31.5872068663785,
    0.951881840080162,
    15.7904815681458,
    -23.3703000395724,
    16.8081921337446,
    2.314181018816,
    -31.4345727194196,
    -0.600168563748601,
    16.7592993629192,
    23.8869882360905
  ]
}