{
  "T_WB": [
    [
      0.813128903218839,
      -0.00167620750820427,
      0.582081246114765,
      -0.0307314047891233
    ],
    [
      0.00130434605076875,
      0.999998590090727,
      0.00105759062902872,
      3.74959204902996e-05
    ],
    [
      -0.582082198174371,
      -0.000100722133640297,
      0.813129943135502,
      0.346040154732776
    ],
    [
      0.0,
      0.0,
      0.0,
      1.0
    ]
  ],
  "T_WH": {
    "0": [
      [
        0.326057009309963,
        0.890916128882593,
        -0.316157046381537,
        0.00184738997989283
      ],
      [
        -0.767839759748192,
        0.0544946543279166,
        -0.638320010652588,
        -0.0319102851203822
      ],
      [
        -0.551460723923002,
        0.450886664192384,
        0.70184919037054,
        0.322760089914078
      ],
      [
        0.0,
        0.0,
        0.0,
        1.0
      ]
    ],
    "1": [
      [
        -0.561790258486859,
        -0.507714625959552,
        0.653159677304119,
        -0.0633101995581394
      ],
      [
        0.697417929133194,
        -0.715323649839155,
        0.0438213202032555,
        0.0319852769613628
      ],
      [
        0.444971839100897,
        0.480143660342966,
        0.755951141172248,
        0.369320219551474
      ],
      [
        0.0,
        0.0,
        0.0,
        1.0
      ]
    ],
    "2": [
      [
        0.323915060083795,
        -0.890676541294395,
        -0.319020896868475,
        0.00174011269936775
      ],
      [
        0.768567000245344,
        0.0510874677911176,
        0.637726302396699,
        0.0320896246454243
      ],
      [
        -0.551709887517693,
        -0.451758087279626,
        0.701092597730619,
        0.322753643697525
      ],
      [
        0.0,
        0.0,
        0.0,
        1.0
      ]
    ],
    "3": [
      [
        -0.559764361065697,
        0.509799396350114,
        0.653275160680223,
        -0.0632029222776143
      ],
      [
        -0.698924714006321,
        -0.713978000918419,
        -0.041709211880841,
        -0.0320146328044437
      ],
      [
        0.445160762233033,
        -0.479937485184891,
        0.755970836793661,
        0.369326665768027
      ],
      [
        0.0,
        0.0,
        0.0,
        1.0
      ]
    ]
  },
  "T_WP": {
    "0": [
      [
        0.316157046381537,
        0.890916128882593,
        0.326057009309963,
        0.0246713806315903
      ],
      [
        0.638320010652588,
        0.0544946543279166,
        -0.767839759748192,
        -0.0856590683027556
      ],
      [
        -0.70184919037054,
        0.450886664192384,
        -0.551460723923002,
        0.284157839239467
      ],
      [
        0.0,
        0.0,
        0.0,
        1.0
      ]
    ],
    "1": [
      [
        -0.653159677304119,
        -0.507714625959552,
        -0.561790258486859,
        -0.10263551765222
      ],
      [
        -0.0438213202032555,
        -0.715323649839155,
        0.697417929133194,
        0.0808045320006864
      ],
      [
        -0.755951141172248,
        0.480143660342966,
        0.444971839100897,
        0.400468248288537
      ],
      [
        0.0,
        0.0,
        0.0,
        1.0
      ]
    ],
    "2": [
      [
        0.319020896868475,
        -0.890676541294395,
        0.323915060083795,
        0.0244141669052334
      ],
      [
        -0.637726302396699,
        0.0510874677911176,
        0.768567000245344,
        0.0858893146625983
      ],
      [
        -0.701092597730619,
        -0.451758087279626,
        -0.551709887517693,
        0.284133951571286
      ],
      [
        0.0,
        0.0,
        0.0,
        1.0
      ]
    ],
    "3": [
      [
        -0.653275160680223,
        0.509799396350114,
        -0.559764361065697,
        -0.102386427552213
      ],
      [
        0.0417092118808409,
        -0.713978000918419,
        -0.698924714006321,
        -0.0809393627848862
      ],
      [
        -0.755970836793661,
        -0.479937485184891,
        0.445160762233033,
        0.400487919124339
      ],
      [
        0.0,
        0.0,
        0.0,
        1.0
      ]
    ]
  },
  "simTime": 0.455499999999966,
  "state": [
    -0.0307314047891233,
    3.74959204902996e-05,
    0.346040154732776,
    0.952136733411366,
    -0.000304135089536708,
    0.305671287389078,
    0.000782595990256077,
    -0.237571640739589,
    0.000152404262827351,
    0.452214125437843,
    -0.0108483137596442,
    -4.70212384021467,
    0.00249739178898507,
    0.822676502705847,
    0.549290638397186,
    0.0726951362542415,
    -0.127273656464586,
    0.998707922594548,
    0.047243945966493,
    -0.0174809440495267,
    0.00670160514612902,
    0.822425862490128,
    -0.549716079254283,
    0.0726866841922539,
    0.127061319282475,
    0.99870476522844,
    -0.0473123159382172,
    -0.0173991044893062,
    -0.00689984300826104,
    -0.790078602951495,
    -0.880234627303907,
    -5.72602181762331,
    0.0875751748002922,
    0.329541051374477,
    -0.578831420692849,
    0.788098602549709,
    -0.878921648918673,
    5.73118601101714,
    -0.0909068689622565,
    0.328781403003974,
    0.579020996088375
  ]
}