{
  "T_WB": [
    [
      -0.316811219313338,
      0.0427122844466988,
      -0.947526417613008,
      -0.267124842053395
    ],
    [
      -0.0116961557388431,
      0.998733663640956,
      0.0489312686453917,
      -0.00272069446916278
    ],
    [
      0.948416496723949,
      0.0265843914291649,
      -0.315910460216518,
      0.133462765728996
    ],
    [
      0.0,
      0.0,
      0.0,
      1.0
    ]
  ],
  "T_WH": {
    "0": [
      [
        0.017783975428391,
        0.171886975174675,
        -0.984956140131764,
        -0.281164083928223
      ],
      [
        -0.389670119828241,
        0.908409112004135,
        0.151492847820958,
        -0.0351480179352271
      ],
      [
        0.920782779992657,
        0.381113832067481,
        0.0831343435400375,
        0.170548725072221
      ],
      [
        0.0,
        0.0,
        0.0,
        1.0
      ]
    ],
    "1": [
      [
        0.494994040299527,
        0.483832272769567,
        -0.721725177539613,
        -0.253085600178567
      ],
      [
        0.704749278390347,
        -0.709413876461637,
        0.00777216134406397,
        0.0297066289969015
      ],
      [
        -0.50824143345091,
        -0.512482471612745,
        -0.692136086050609,
        0.0963768063857716
      ],
      [
        0.0,
        0.0,
        0.0,
        1.0
      ]
    ],
    "2": [
      [
        0.0404013542865711,
        -0.0108919758993337,
        -0.999124164172211,
        -0.278430497723634
      ],
      [
        0.369514703247105,
        0.929212423129796,
        0.00481214977507397,
        0.0287709365377941
      ],
      [
        0.928346171778618,
        -0.369385486399049,
        0.0415661855565669,
        0.172250126123688
      ],
      [
        0.0,
        0.0,
        0.0,
        1.0
      ]
    ],
    "3": [
      [
        0.268415969414007,
        -0.541726546267007,
        -0.796545803098076,
        -0.255819186383156
      ],
      [
        -0.584702658713246,
        -0.74876726321365,
        0.312202476660902,
        -0.0342123254761196
      ],
      [
        -0.765555790427582,
        0.381942318431933,
        -0.517730042718829,
        0.094675405334305
      ],
      [
        0.0,
        0.0,
        0.0,
        1.0
      ]
    ]
  },
  "T_WP": {
    "0": [
      [
        0.984956140131764,
        0.171886975174675,
        0.017783975428391,
        -0.279919205648235
      ],
      [
        -0.151492847820958,
        0.908409112004135,
        -0.389670119828241,
        -0.062424926323204
      ],
      [
        -0.0831343435400375,
        0.381113832067481,
        0.920782779992657,
        0.235003519671707
      ],
      [
        0.0,
        0.0,
        0.0,
        1.0
      ]
    ],
    "1": [
      [
        0.721725177539613,
        0.483832272769567,
        0.494994040299527,
        -0.2184360173576
      ],
      [
        -0.00777216134406393,
        -0.709413876461637,
        0.704749278390347,
        0.0790390784842258
      ],
      [
        0.692136086050609,
        -0.512482471612745,
        -0.50824143345091,
        0.0607999060442079
      ],
      [
        0.0,
        0.0,
        0.0,
        1.0
      ]
    ],
    "2": [
      [
        0.999124164172211,
        -0.0108919758993337,
        0.0404013542865711,
        -0.275602402923574
      ],
      [
        -0.00481214977507395,
        0.929212423129796,
        0.369514703247105,
        0.0546369657650914
      ],
      [
        -0.0415661855565669,
        -0.369385486399049,
        0.928346171778618,
        0.237234358148191
      ],
      [
        0.0,
        0.0,
        0.0,
        1.0
      ]
    ],
    "3": [
      [
        0.796545803098076,
        -0.541726546267007,
        0.268415969414007,
        -0.237030068524175
      ],
      [
        -0.312202476660902,
        -0.74876726321365,
        -0.584702658713246,
        -0.0751415115860469
      ],
      [
        0.517730042718829,
        0.381942318431933,
        -0.765555790427582,
        0.0410865000043743
      ],
      [
        0.0,
        0.0,
        0.0,
        1.0
      ]
    ]
  },
  "simTime": 1.10749999999989,
  "state": [
    -0.267124842053395,
    -0.00272069446916278,
    0.133462765728996,
    -0.58438257676609,
    0.00956003742440953,
    0.811088056743966,
    0.0232760362597703,
    -0.358347113492282,
    -0.0260371793445132,
    0.692667721871499,
    -1.89898146883136,
    9.01566613755248,
    -2.72175199603257,
    0.955505434669592,
    -0.155092128682343,
    0.136877996349892,
    0.21028601963253,
    0.975419039818531,
    -0.169960219102872,
    0.140249856824163,
    0.00109468844943741,
    0.965118323658131,
    0.116601147443128,
    0.139655886049282,
    -0.188273809240836,
    0.980197869876542,
    0.182116372064394,
    0.00656747506795005,
    -0.0774766493004532,
    1.14095601599777,
    -0.457000990817421,
    1.50292406742813,
    -0.110930817845875,
    2.95214909665629,
    1.3829040751048,
    -3.03860782610646,
    -0.729134088461537,
    -0.119114614622095,
    -0.486341161418927,
    -0.600863498889391,
    -3.24839971538204
  ]
}