{
  "T_WB": [
    [
      0.683268848641198,
      -0.00130324645110448,
      0.730165722302287,
      -0.0216191267143228
    ],
    [
      0.000994455901034811,
      0.999999140632817,
      0.000854278109147546,
      2.96147104897664e-05
    ],
    [
      -0.730166208156741,
      0.000142415991220231,
      0.683269557483496,
      0.319623671440472
    ],
    [
      0.0,
      0.0,
      0.0,
      1.0
    ]
  ],
  "T_WH": {
    "0": [
      [
        0.4305739312715,
        0.88549500063094,
        -0.174655929092078,
        0.00575333111776043
      ],
      [
        -0.721993953620318,
        0.221802551721622,
        -0.655384130861801,
        -0.031930579553719
      ],
      [
        -0.541600240625045,
        0.40829184648654,
        0.734824433077388,
        0.290412465802483
      ],
      [
        0.0,
        0.0,
        0.0,
        1.0
      ]
    ],
    "1": [
      [
        -0.461129554697652,
        -0.398087993595406,
        0.793023002906933,
        -0.0489915845464061
      ],
      [
        0.681938934435254,
        -0.730806673395335,
        0.0296798891870228,
        0.0319898089746985
      ],
      [
        0.567731295143799,
        0.554479535669287,
        0.608468258036783,
        0.34883487707846
      ],
      [
        0.0,
        0.0,
        0.0,
        1.0
      ]
    ],
    "2": [
      [
        0.42920851336926,
        -0.885667762609989,
        -0.177123308248142,
        0.00566992334488974
      ],
      [
        0.72309966767363,
        0.219441052281648,
        0.654959918761301,
        0.0320693654467813
      ],
      [
        -0.541208760702962,
        -0.409192178379475,
        0.734612032634522,
        0.290421580425921
      ],
      [
        0.0,
        0.0,
        0.0,
        1.0
      ]
    ],
    "3": [
      [
        -0.459669392413178,
        0.399802334933886,
        0.793008286627519,
        -0.0489081767735354
      ],
      [
        -0.683017142116776,
        -0.729867627607209,
        -0.0279433309692436,
        -0.0320101360258018
      ],
      [
        0.567619267866351,
        -0.554482947575881,
        0.60856965714241,
        0.348825762455022
      ],
      [
        0.0,
        0.0,
        0.0,
        1.0
      ]
    ]
  },
  "T_WP": {
    "0": [
      [
        0.174655929092078,
        0.88549500063094,
        0.4305739312715,
        0.0358935063067654
      ],
      [
        0.655384130861801,
        0.221802551721622,
        -0.721993953620318,
        -0.0824701563071413
      ],
      [
        -0.734824433077388,
        0.40829184648654,
        -0.541600240625045,
        0.25250044895873
      ],
      [
        0.0,
        0.0,
        0.0,
        1.0
      ]
    ],
    "1": [
      [
        -0.793023002906933,
        -0.398087993595406,
        -0.461129554697652,
        -0.0812706533752417
      ],
      [
        -0.0296798891870228,
        -0.730806673395335,
        0.681938934435254,
        0.0797255343851663
      ],
      [
        -0.608468258036783,
        0.554479535669287,
        0.567731295143799,
        0.388576067738526
      ],
      [
        0.0,
        0.0,
        0.0,
        1.0
      ]
    ],
    "2": [
      [
        0.177123308248142,
        -0.885667762609989,
        0.42920851336926,
        0.0357145192807379
      ],
      [
        -0.654959918761301,
        0.219441052281648,
        0.72309966767363,
        0.0826863421839354
      ],
      [
        -0.734612032634522,
        -0.409192178379475,
        -0.541208760702962,
        0.252536967176714
      ],
      [
        0.0,
        0.0,
        0.0,
        1.0
      ]
    ],
    "3": [
      [
        -0.793008286627519,
        0.399802334933886,
        -0.459669392413178,
        -0.0810850342424578
      ],
      [
        0.0279433309692435,
        -0.729867627607209,
        -0.683017142116776,
        -0.0798213359739761
      ],
      [
        -0.60856965714241,
        -0.554482947575881,
        0.567619267866351,
        0.388559111205667
      ],
      [
        0.0,
        0.0,
        0.0,
        1.0
      ]
    ]
  },
  "simTime": 0.414999999999971,
  "state": [
    -0.0216191267143228,
    2.96147104897664e-05,
    0.319623671440472,
    0.917406336739276,
    -0.000193987682834598,
    0.397951232724603,
    0.000626140854963456,
    -0.212509464151481,
    0.000233864083120208,
    0.851696751400111,
    -0.0103778450802817,
    -5.03157896374368,
    0.00351470665762075,
    0.828456888038493,
    0.559217659802618,
    0.0166689179146658,
    -0.0256308564432373,
    0.998548418016333,
    0.0442871583492862,
    -0.0251583902472016,
    0.0175145620154645,
    0.828214822033891,
    -0.559591672181315,
    0.0165247204667202,
    0.0253831164789998,
    0.998547317707401,
    -0.0442895878066438,
    -0.0250613992937411,
    -0.0177091212857176,
    0.341155623969397,
    -0.192015075929009,
    -5.67193636839257,
    0.188772561872117,
    0.3727726217411,
    -0.524645625440372,
    -0.343959937134869,
    -0.18904052136041,
    5.67642967856844,
    -0.192141270598014,
    0.371881135374865,
    0.524163414295595
  ]
}