{
  "T_WB": [
    [
      -2.22044604925031e-16,
      9.39502108120124e-20,
      1.0,
      -6.54830792717241e-36
    ],
    [
      -1.69142365336246e-18,
      1.0,
      -9.39502108120124e-20,
      4.56172820684493e-21
    ],
    [
      -1.0,
      -1.69142365336246e-18,
      -2.22044604925031e-16,
      0.286842516575003
    ],
    [
      0.0,
      0.0,
      0.0,
      1.0
    ]
  ],
  "T_WH": {
    "0": [
      [
        -1.57173302490968e-16,
        -1.52648987870507e-16,
        1.0,
        -8.88479060374724e-18
      ],
      [
        -0.707106779455507,
        0.707106782917588,
        -3.1991730120349e-18,
        -0.032
      ],
      [
        -0.707106782917588,
        -0.707106779455507,
        -2.19077442485178e-16,
        0.246842516575003
      ],
      [
        0.0,
        0.0,
        0.0,
        1.0
      ]
    ],
    "1": [
      [
        1.57173302490968e-16,
        1.52650166889326e-16,
        1.0,
        8.88479060374724e-18
      ],
      [
        0.707106779455507,
        -0.707106782917588,
        -3.19833931983014e-18,
        0.032
      ],
      [
        0.707106782917588,
        0.707106779455507,
        -2.19078276177379e-16,
        0.326842516575003
      ],
      [
        0.0,
        0.0,
        0.0,
        1.0
      ]
    ],
    "2": [
      [
        -1.57051835965759e-16,
        1.53725558881715e-16,
        1.0,
        -8.87877779025527e-18
      ],
      [
        0.707106779455507,
        0.707106782917588,
        2.35203254426479e-18,
        0.032
      ],
      [
        -0.707106782917588,
        0.707106779455507,
        -2.19752803341895e-16,
        0.246842516575003
      ],
      [
        0.0,
        0.0,
        0.0,
        1.0
      ]
    ],
    "3": [
      [
        1.57051835965759e-16,
        -1.52769883125395e-16,
        1.0,
        8.87877779025527e-18
      ],
      [
        -0.707106779455507,
        -0.707106782917588,
        3.0277973538285e-18,
        -0.032
      ],
      [
        0.707106782917588,
        -0.707106779455507,
        -2.1907703853564e-16,
        0.326842516575003
      ],
      [
        0.0,
        0.0,
        0.0,
        1.0
      ]
    ]
  },
  "T_WP": {
    "0": [
      [
        -1.0,
        -1.52648987870507e-16,
        -9.59409625336003e-17,
        -1.9886921778115e-17
      ],
      [
        -4.00986296937441e-17,
        0.707106782917588,
        -0.707106779455507,
        -0.0814974745618855
      ],
      [
        1.75779639567408e-16,
        -0.707106779455507,
        -0.707106782917588,
        0.197345041770772
      ],
      [
        0.0,
        0.0,
        0.0,
        1.0
      ]
    ],
    "1": [
      [
        -1.0,
        1.52650166889326e-16,
        2.18405642448336e-16,
        1.9886921778115e-17
      ],
      [
        4.64961420256092e-17,
        -0.707106782917588,
        0.707106779455507,
        0.0814974745618855
      ],
      [
        2.62376079095149e-16,
        0.707106779455507,
        0.707106782917588,
        0.376339991379234
      ],
      [
        0.0,
        0.0,
        0.0,
        1.0
      ]
    ],
    "2": [
      [
        -1.0,
        1.53725558881715e-16,
        -9.58194960083909e-17,
        -1.98724063078584e-17
      ],
      [
        4.09457701615142e-17,
        0.707106782917588,
        0.707106779455507,
        0.0814974745618855
      ],
      [
        1.76455000424125e-16,
        0.707106779455507,
        -0.707106782917588,
        0.197345041770772
      ],
      [
        0.0,
        0.0,
        0.0,
        1.0
      ]
    ],
    "3": [
      [
        -1.0,
        -1.52769883125395e-16,
        2.18284175923126e-16,
        1.98724063078584e-17
      ],
      [
        -4.63256000596075e-17,
        -0.707106782917588,
        -0.707106779455507,
        -0.0814974745618855
      ],
      [
        2.62374841453411e-16,
        -0.707106779455507,
        0.707106782917588,
        0.376339991379234
      ],
      [
        0.0,
        0.0,
        0.0,
        1.0
      ]
    ]
  },
  "simTime": 0.208499999999993,
  "state": [
    -6.54830792717241e-36,
    4.56172820684493e-21,
    0.286842516575003,
    0.707106781186548,
    -5.6479215199642e-19,
    0.707106781186548,
    -6.312249831555e-19,
    -7.74279277714907e-35,
    -1.65356875779636e-20,
    -2.04467609999996,
    6.06179138947721e-19,
    -1.01577469999198e-17,
    -1.85725988016534e-17,
    1.0,
    2.14691239109057e-18,
    4.88117036129371e-20,
    -9.60427127311413e-19,
    1.0,
    -2.14632288168061e-18,
    -4.88117036129366e-20,
    9.57047152327958e-19,
    1.0,
    -1.67505971680827e-18,
    5.45112720046843e-20,
    6.21891704895722e-19,
    1.0,
    2.15289759496824e-18,
    -5.45112720046836e-20,
    -9.53277963345788e-19,
    1.61799581480431e-17,
    3.58539510708734e-19,
    -2.03169078183875e-17,
    -1.66747460661637e-17,
    -3.58539510708731e-19,
    2.03026532680895e-17,
    -1.99437083163569e-17,
    2.44589394622289e-19,
    1.53756293025482e-17,
    1.62841433761711e-17,
    -2.44589394622286e-19,
    -2.04127928869201e-17
  ]
}