{
  "T_WB": [
    [
      -2.22044604925031e-16,
      1.0354115038635e-20,
      1.0,
      7.77358250646076e-37
    ],
    [
      -8.30604534463962e-20,
      1.0,
      -1.0354115038635e-20,
      3.33734623999633e-21
    ],
    [
      -1.0,
      -8.30604534463962e-20,
      -2.22044604925031e-16,
      0.472049964175
    ],
    [
      0.0,
      0.0,
      0.0,
      1.0
    ]
  ],
  "T_WH": {
    "0": [
      [
        -1.57041086540974e-16,
        -1.55589880879478e-16,
        1.0,
        -8.88211552868249e-18
      ],
      [
        -0.707106779455507,
        0.707106782917588,
        -1.02615682296301e-18,
        -0.032
      ],
      [
        -0.707106782917588,
        -0.707106779455507,
        -2.21063477074425e-16,
        0.432049964175
      ],
      [
        0.0,
        0.0,
        0.0,
        1.0
      ]
    ],
    "1": [
      [
        1.57041086540974e-16,
        1.55597535171246e-16,
        1.0,
        8.88211552868249e-18
      ],
      [
        0.707106779455507,
        -0.707106782917588,
        -1.02074442133554e-18,
        0.032
      ],
      [
        0.707106782917588,
        0.707106779455507,
        -2.21068889476025e-16,
        0.512049964175
      ],
      [
        0.0,
        0.0,
        0.0,
        1.0
      ]
    ],
    "2": [
      [
        -1.57033938514763e-16,
        1.56294934376259e-16,
        1.0,
        -8.88145286532002e-18
      ],
      [
        0.707106779455507,
        0.707106782917588,
        5.22554295275627e-19,
        0.032
      ],
      [
        -0.707106782917588,
        0.707106779455507,
        -2.21556970764059e-16,
        0.432049964175
      ],
      [
        0.0,
        0.0,
        0.0,
        1.0
      ]
    ],
    "3": [
      [
        1.57033938514763e-16,
        -1.55602559367294e-16,
        1.0,
        8.88145286532002e-18
      ],
      [
        -0.707106779455507,
        -0.707106782917588,
        1.01213736043757e-18,
        -0.032
      ],
      [
        0.707106782917588,
        -0.707106779455507,
        -2.21067387701294e-16,
        0.512049964175
      ],
      [
        0.0,
        0.0,
        0.0,
        1.0
      ]
    ]
  },
  "T_WP": {
    "0": [
      [
        -1.0,
        -1.55589880879478e-16,
        -9.58087465836062e-17,
        -1.98749915865507e-17
      ],
      [
        -4.2271645882816e-17,
        0.707106782917588,
        -0.707106779455507,
        -0.0814974745618855
      ],
      [
        1.77765674156654e-16,
        -0.707106779455507,
        -0.707106782917588,
        0.382552489370769
      ],
      [
        0.0,
        0.0,
        0.0,
        1.0
      ]
    ],
    "1": [
      [
        -1.0,
        1.55597535171246e-16,
        2.18273426498342e-16,
        1.98749915865507e-17
      ],
      [
        4.43185471271146e-17,
        -0.707106782917588,
        0.707106779455507,
        0.0814974745618855
      ],
      [
        2.64366692393796e-16,
        0.707106779455507,
        0.707106782917588,
        0.561547438979231
      ],
      [
        0.0,
        0.0,
        0.0,
        1.0
      ]
    ],
    "2": [
      [
        -1.0,
        1.56294934376259e-16,
        -9.58015985573948e-17,
        -1.98738285613534e-17
      ],
      [
        4.27752484105034e-17,
        0.707106782917588,
        0.707106779455507,
        0.0814974745618855
      ],
      [
        1.78259167846288e-16,
        0.707106779455507,
        -0.707106782917588,
        0.382552489370769
      ],
      [
        0.0,
        0.0,
        0.0,
        1.0
      ]
    ],
    "3": [
      [
        -1.0,
        -1.55602559367294e-16,
        2.1826627847213e-16,
        1.98738285613534e-17
      ],
      [
        -4.43099400662166e-17,
        -0.707106782917588,
        -0.707106779455507,
        -0.0814974745618855
      ],
      [
        2.64365190619064e-16,
        -0.707106779455507,
        0.707106782917588,
        0.561547438979231
      ],
      [
        0.0,
        0.0,
        0.0,
        1.0
      ]
    ]
  },
  "simTime": 0.0755000000000011,
  "state": [
    7.77358250646076e-37,
    3.33734623999633e-21,
    0.472049964175,
    0.707106781186548,
    -2.57055724616859e-20,
    0.707106781186548,
    -3.30270374186903e-20,
    -5.84003361844987e-36,
    5.73587819497542e-20,
    -0.740398299999996,
    4.13175185017526e-19,
    -2.95657063531789e-18,
    -4.21748747898098e-18,
    1.0,
    7.06021569778029e-19,
    1.22594116445846e-20,
    -7.41243599607453e-20,
    1.0,
    -7.02194423894104e-19,
    -1.22594116445844e-20,
    7.29749019847755e-20,
    1.0,
    -3.60816286362474e-19,
    1.60068634779691e-20,
    4.56490458195949e-20,
    1.0,
    7.07003790845092e-19,
    -1.60068634779689e-20,
    -7.06119750133124e-20,
    2.53682049475192e-17,
    5.91772959120836e-19,
    -5.56102509052544e-18,
    -2.51938916145813e-17,
    -5.91772959120829e-19,
    5.5121417544138e-18,
    -1.3479352403375e-17,
    8.10196910883534e-19,
    3.08462345545683e-18,
    2.53820132514763e-17,
    -8.10196910883526e-19,
    -5.34930974537889e-18
  ]
}