{
  "T_WB": [
    [
      0.909994079141925,
      -0.00198919913190173,
      0.41461647219262,
      -0.0415208694418406
    ],
    [
      0.00161607956448669,
      0.999997911981844,
      0.00125072730605783,
      4.19252740350058e-05
    ],
    [
      -0.414618094411569,
      -0.000468101235323702,
      0.909995393761832,
      0.356296439582194
    ],
    [
      0.0,
      0.0,
      0.0,
      1.0
    ]
  ],
  "T_WH": {
    "0": [
      [
        0.20219944972248,
        0.889582762540613,
        -0.409582581566328,
        -0.00505745190394274
      ],
      [
        -0.79379177894318,
        -0.0960804712996841,
        -0.600552374666067,
        -0.0318933647268045
      ],
      [
        -0.573593927978799,
        0.446554645732683,
        0.686716065168429,
        0.339726695045261
      ],
      [
        0.0,
        0.0,
        0.0,
        1.0
      ]
    ],
    "1": [
      [
        -0.628298275231185,
        -0.60599742189485,
        0.487861047838741,
        -0.0779842869797385
      ],
      [
        0.714679040839752,
        -0.697349856998058,
        0.0541945156742001,
        0.0319772152748745
      ],
      [
        0.307368095165863,
        0.382714386457557,
        0.871237368615766,
        0.372866184119126
      ],
      [
        0.0,
        0.0,
        0.0,
        1.0
      ]
    ],
    "2": [
      [
        0.199388959752314,
        -0.888798905048073,
        -0.412650638087761,
        -0.00518476064838445
      ],
      [
        0.793705941483033,
        -0.100485421056591,
        0.599944629619777,
        0.0321065016400335
      ],
      [
        -0.57469550301305,
        -0.447145598815895,
        0.685409288145523,
        0.339696736566201
      ],
      [
        0.0,
        0.0,
        0.0,
        1.0
      ]
    ],
    "3": [
      [
        -0.625749342980448,
        0.608406006994356,
        0.488139212123674,
        -0.0778569782352967
      ],
      [
        -0.716623331746545,
        -0.695538556594317,
        -0.0517408609048491,
        -0.0320226510919635
      ],
      [
        0.308040192436018,
        -0.382188758264653,
        0.87123073459337,
        0.372896142598187
      ],
      [
        0.0,
        0.0,
        0.0,
        1.0
      ]
    ]
  },
  "T_WP": {
    "0": [
      [
        0.409582581566328,
        0.889582762540613,
        0.20219944972248,
        0.00909650957663084
      ],
      [
        0.600552374666067,
        -0.0960804712996841,
        -0.79379177894318,
        -0.0874587892528272
      ],
      [
        -0.686716065168429,
        0.446554645732683,
        -0.573593927978799,
        0.299575120086745
      ],
      [
        0.0,
        0.0,
        0.0,
        1.0
      ]
    ],
    "1": [
      [
        -0.487861047838741,
        -0.60599742189485,
        -0.628298275231185,
        -0.121965166245921
      ],
      [
        -0.0541945156742,
        -0.697349856998058,
        0.714679040839752,
        0.0820047481336572
      ],
      [
        -0.871237368615766,
        0.382714386457557,
        0.307368095165863,
        0.394381950780737
      ],
      [
        0.0,
        0.0,
        0.0,
        1.0
      ]
    ],
    "2": [
      [
        0.412650638087761,
        -0.888798905048073,
        0.199388959752314,
        0.00877246653427756
      ],
      [
        -0.599944629619777,
        -0.100485421056591,
        0.793705941483033,
        0.0876659175438458
      ],
      [
        -0.685409288145523,
        -0.447145598815895,
        -0.57469550301305,
        0.299468051355287
      ],
      [
        0.0,
        0.0,
        0.0,
        1.0
      ]
    ],
    "3": [
      [
        -0.488139212123674,
        0.608406006994356,
        -0.625749342980448,
        -0.121659432243928
      ],
      [
        0.051740860904849,
        -0.695538556594317,
        -0.716623331746545,
        -0.0821862843142216
      ],
      [
        -0.87123073459337,
        -0.382188758264653,
        0.308040192436018,
        0.394458956068708
      ],
      [
        0.0,
        0.0,
        0.0,
        1.0
      ]
    ]
  },
  "simTime": 0.498499999999961,
  "state": [
    -0.0415208694418406,
    4.19252740350058e-05,
    0.356296439582194,
    0.977239400669764,
    -0.000439715319553098,
    0.212137007072131,
    0.000922312049104214,
    -0.264115939985384,
    5.2140688703492e-05,
    0.0241859529168824,
    -0.0112694656975371,
    -4.30273156393023,
    0.00163852543356975,
    0.819319582893354,
    0.508028729478654,
    0.121400115768846,
    -0.236398483504179,
    0.998773760446601,
    0.0480689397807466,
    -0.0103380996197799,
    -0.00578585931068077,
    0.819068247688504,
    -0.508474719309479,
    0.12150927798708,
    0.236254440835911,
    0.998769019907545,
    -0.0482042394790413,
    -0.0102689543469597,
    0.00559863785116957,
    -2.01233950163147,
    -1.46699385693739,
    -5.39768243829346,
    -0.0280111910946551,
    0.278443128846882,
    -0.609874216488205,
    2.01162817257384,
    -1.46723205135723,
    5.40286971410159,
    0.0249462534497448,
    0.277822344603393,
    0.610796379437032
  ]
}