{
  "T_WB": [
    [
      -2.22044604925031e-16,
      1.20197488212712e-19,
      1.0,
      -1.01153506585043e-35
    ],
    [
      -2.65177368782295e-18,
      1.0,
      -1.20197488212712e-19,
      3.65070201571413e-21
    ],
    [
      -1.0,
      -2.65177368782295e-18,
      -2.22044604925031e-16,
      0.178657331200003
    ],
    [
      0.0,
      0.0,
      0.0,
      1.0
    ]
  ],
  "T_WH": {
    "0": [
      [
        -1.57203237553306e-16,
        -1.51973385089874e-16,
        1.0,
        -8.88563051662406e-18
      ],
      [
        -0.707106779455507,
        0.707106782917588,
        -3.6980636063002e-18,
        -0.032
      ],
      [
        -0.707106782917588,
        -0.707106779455507,
        -2.186208864644e-16,
        0.138657331200003
      ],
      [
        0.0,
        0.0,
        0.0,
        1.0
      ]
    ],
    "1": [
      [
        1.57203237553306e-16,
        1.51970366007676e-16,
        1.0,
        8.88563051662406e-18
      ],
      [
        0.707106779455507,
        -0.707106782917588,
        -3.70019841980128e-18,
        0.032
      ],
      [
        0.707106782917588,
        0.707106779455507,
        -2.18618751650909e-16,
        0.218657331200003
      ],
      [
        0.0,
        0.0,
        0.0,
        1.0
      ]
    ],
    "2": [
      [
        -1.57039123757459e-16,
        1.52899916709072e-16,
        1.0,
        -8.87793787737845e-18
      ],
      [
        0.707106779455507,
        0.707106782917588,
        2.92686083613278e-18,
        0.032
      ],
      [
        -0.707106782917588,
        0.707106779455507,
        -2.19159997275501e-16,
        0.138657331200003
      ],
      [
        0.0,
        0.0,
        0.0,
        1.0
      ]
    ],
    "3": [
      [
        1.57039123757459e-16,
        -1.52128518120167e-16,
        1.0,
        8.87793787737845e-18
      ],
      [
        -0.707106779455507,
        -0.707106782917588,
        3.47232201068077e-18,
        -0.032
      ],
      [
        0.707106782917588,
        -0.707106779455507,
        -2.18614536103624e-16,
        0.218657331200003
      ],
      [
        0.0,
        0.0,
        0.0,
        1.0
      ]
    ]
  },
  "T_WP": {
    "0": [
      [
        -1.0,
        -1.51973385089874e-16,
        -9.5970897595938e-17,
        -1.98898571453555e-17
      ],
      [
        -3.95997390994788e-17,
        0.707106782917588,
        -0.707106779455507,
        -0.0814974745618855
      ],
      [
        1.7532308354663e-16,
        -0.707106779455507,
        -0.707106782917588,
        0.0891598563957714
      ],
      [
        0.0,
        0.0,
        0.0,
        1.0
      ]
    ],
    "1": [
      [
        -1.0,
        1.51970366007676e-16,
        2.18435577510673e-16,
        1.98898571453555e-17
      ],
      [
        4.69980011255803e-17,
        -0.707106782917588,
        0.707106779455507,
        0.0814974745618855
      ],
      [
        2.6191655456868e-16,
        0.707106779455507,
        0.707106782917588,
        0.268154806004234
      ],
      [
        0.0,
        0.0,
        0.0,
        1.0
      ]
    ],
    "2": [
      [
        -1.0,
        1.52899916709072e-16,
        -9.58067838000916e-17,
        -1.98706765404006e-17
      ],
      [
        4.03709418696462e-17,
        0.707106782917588,
        0.707106779455507,
        0.0814974745618855
      ],
      [
        1.75862194357731e-16,
        0.707106779455507,
        -0.707106782917588,
        0.0891598563957714
      ],
      [
        0.0,
        0.0,
        0.0,
        1.0
      ]
    ],
    "3": [
      [
        -1.0,
        -1.52128518120167e-16,
        2.18271463714827e-16,
        1.98706765404006e-17
      ],
      [
        -4.67701247164598e-17,
        -0.707106782917588,
        -0.707106779455507,
        -0.0814974745618855
      ],
      [
        2.61912339021394e-16,
        -0.707106779455507,
        0.707106782917588,
        0.268154806004234
      ],
      [
        0.0,
        0.0,
        0.0,
        1.0
      ]
    ]
  },
  "simTime": 0.255999999999988,
  "state": [
    -1.01153506585043e-35,
    3.65070201571413e-21,
    0.178657331200003,
    0.707106781186548,
    -8.95047348917434e-19,
    0.707106781186548,
    -9.80039807914233e-19,
    -6.4138916641744e-35,
    -2.15579068806104e-20,
    -2.51048960000005,
    4.93461131631784e-19,
    -1.20182807268067e-17,
    -2.20814385532552e-17,
    1.0,
    2.47543396746503e-18,
    5.44994208856287e-20,
    -1.4881196734756e-18,
    1.0,
    -2.47694350856451e-18,
    -5.44994208856281e-20,
    1.48465101942583e-18,
    1.0,
    -2.09716061707105e-18,
    5.74349817511993e-20,
    1.04145016189107e-18,
    1.0,
    2.4828599115237e-18,
    -5.74349817511985e-20,
    -1.48376714434091e-18,
    1.0966935272035e-17,
    1.2039542872824e-19,
    -2.39213795917408e-17,
    -1.13825857522959e-17,
    -1.20395428728237e-19,
    2.39282366052551e-17,
    -1.57517609977565e-17,
    4.39446973050985e-21,
    1.98071481422118e-17,
    1.09953999124327e-17,
    -4.39446973050843e-21,
    -2.40583641112476e-17
  ]
}