{
  "T_WB": [
    [
      -0.0911035058277163,
      0.0536363410211317,
      0.994395944354041,
      -0.171561508895113
    ],
    [
      0.0259335537568638,
      0.998337608947811,
      -0.051472996317552,
      -0.000428530342975376
    ],
    [
      -0.995503692617681,
      0.0210988502585268,
      -0.0923430371079983,
      0.183099163146836
    ],
    [
      0.0,
      0.0,
      0.0,
      1.0
    ]
  ],
  "T_WH": {
    "0": [
      [
        -0.475018656688559,
        -0.559014289948343,
        0.679603045484161,
        -0.176922012040898
      ],
      [
        -0.776962369511414,
        0.629023899844107,
        -0.025659497035593,
        -0.0313379916790308
      ],
      [
        -0.413142532500595,
        -0.540214732359699,
        -0.733131155237952,
        0.142603852233856
      ],
      [
        0.0,
        0.0,
        0.0,
        1.0
      ]
    ],
    "1": [
      [
        0.0337599647955963,
        -0.159803432304942,
        0.98657140025472,
        -0.166201005749329
      ],
      [
        0.836649586574864,
        -0.535452321200184,
        -0.115361523071792,
        0.03048093099308
      ],
      [
        0.546697113638904,
        0.829309155107367,
        0.115622624057736,
        0.223594474059816
      ],
      [
        0.0,
        0.0,
        0.0,
        1.0
      ]
    ],
    "2": [
      [
        -0.386166206001597,
        0.62336796512627,
        0.679917672513861,
        -0.173489286215546
      ],
      [
        0.840027246061714,
        0.542176174135962,
        -0.0199805423665931,
        0.0325556152936291
      ],
      [
        -0.381090392448175,
        0.563433559750948,
        -0.733016191178661,
        0.143954178650402
      ],
      [
        0.0,
        0.0,
        0.0,
        1.0
      ]
    ],
    "3": [
      [
        -0.0629418323425647,
        0.110725130876217,
        0.991855972978842,
        -0.169633731574681
      ],
      [
        -0.864811829509376,
        -0.502094739889177,
        0.00117120291382098,
        -0.0334126759795799
      ],
      [
        0.498135348356254,
        -0.857695060944194,
        0.127359165943915,
        0.22224414764327
      ],
      [
        0.0,
        0.0,
        0.0,
        1.0
      ]
    ]
  },
  "T_WP": {
    "0": [
      [
        -0.679603045484161,
        -0.559014289948343,
        -0.475018656688559,
        -0.210173318009097
      ],
      [
        0.025659497035593,
        0.629023899844107,
        -0.776962369511414,
        -0.0857253575448298
      ],
      [
        0.733131155237952,
        -0.540214732359699,
        -0.413142532500595,
        0.113683874958814
      ],
      [
        0.0,
        0.0,
        0.0,
        1.0
      ]
    ],
    "1": [
      [
        -0.98657140025472,
        -0.159803432304942,
        0.0337599647955964,
        -0.163837808213637
      ],
      [
        0.115361523071793,
        -0.535452321200184,
        0.836649586574864,
        0.0890464020533205
      ],
      [
        -0.115622624057736,
        0.829309155107367,
        0.546697113638904,
        0.261863272014539
      ],
      [
        0.0,
        0.0,
        0.0,
        1.0
      ]
    ],
    "2": [
      [
        -0.679917672513861,
        0.62336796512627,
        -0.386166206001597,
        -0.200520920635658
      ],
      [
        0.0199805423665932,
        0.542176174135962,
        0.840027246061714,
        0.0913575225179491
      ],
      [
        0.733016191178661,
        0.563433559750948,
        -0.381090392448176,
        0.117277851179029
      ],
      [
        0.0,
        0.0,
        0.0,
        1.0
      ]
    ],
    "3": [
      [
        -0.991855972978842,
        0.110725130876217,
        -0.0629418323425647,
        -0.174039659838661
      ],
      [
        -0.00117120291382104,
        -0.502094739889177,
        -0.864811829509376,
        -0.0939495040452362
      ],
      [
        -0.127359165943915,
        -0.857695060944194,
        0.498135348356254,
        0.257113622028208
      ],
      [
        0.0,
        0.0,
        0.0,
        1.0
      ]
    ]
  },
  "simTime": 0.887999999999919,
  "state": [
    -0.171561508895113,
    -0.000428530342975376,
    0.183099163146836,
    0.673589464364626,
    0.0269347467617139,
    0.73854318625987,
    -0.0102817772285078,
    -0.449442021909899,
    -0.00142228766691143,
    0.468775381897262,
    0.480822554710323,
    13.075007439959,
    -0.217825597897975,
    0.931028573698213,
    -0.270377939387734,
    0.233427396544611,
    -0.0747878024300689,
    0.987801060223738,
    -0.100547250638568,
    0.0416943794815042,
    -0.111359303740353,
    0.931081953485723,
    0.271462520853806,
    0.232154500036656,
    0.0741537846481082,
    0.986514157884543,
    0.103653132649111,
    0.0449194656058673,
    0.118440221187992,
    -1.38450902742039,
    -2.25798733409743,
    2.88895567637561,
    -1.27694564246548,
    -0.834833268932887,
    0.666554199717469,
    1.42397058534066,
    -2.22409705401921,
    -2.86027922161726,
    1.31459467329444,
    -0.863267270388424,
    -0.727442362655367
  ]
}