{
  "T_WB": [
    [
      0.955862815758241,
      -0.00414673474980806,
      0.293784073839345,
      -0.012729664797417
    ],
    [
      0.00145386481969841,
      0.999954912946185,
      0.00938394116957493,
      -3.36133015569745e-05
    ],
    [
      -0.293809740695936,
      -0.00854263809971687,
      0.955825747511796,
      0.401924862511161
    ],
    [
      0.0,
      0.0,
      0.0,
      1.0
    ]
  ],
  "T_WH": {
    "0": [
      [
        0.395030810630164,
        0.847041531609018,
        0.35562803936462,
        0.0383672081423235
      ],
      [
        -0.903205708012475,
        0.428825839084792,
        -0.0181065940173055,
        -0.03194040262149
      ],
      [
        -0.167839529511254,
        -0.314052612571003,
        0.93445216510572,
        -0.0114790252086465
      ],
      [
        0.0,
        0.0,
        0.0,
        1.0
      ]
    ],
    "1": [
      [
        -0.777851058982495,
        -0.592757269044639,
        0.208773920867889,
        -0.0383672081423235
      ],
      [
        0.601629843987049,
        -0.798376786669016,
        -0.0252197805735158,
        0.03194040262149
      ],
      [
        0.181629460341459,
        0.105987388413897,
        0.977638692275051,
        0.0114790252086465
      ],
      [
        0.0,
        0.0,
        0.0,
        1.0
      ]
    ],
    "2": [
      [
        0.389003902633909,
        -0.849506394474845,
        0.356391427340694,
        0.0381018171183358
      ],
      [
        0.902872397692807,
        0.428422874885366,
        0.0357109753353079,
        0.0320567118070658
      ],
      [
        -0.183022941786077,
        0.307884273747956,
        0.933654045542922,
        -0.0120257540470284
      ],
      [
        0.0,
        0.0,
        0.0,
        1.0
      ]
    ],
    "3": [
      [
        -0.772239108072241,
        0.598946254293999,
        0.211920136917136,
        -0.0381018171183358
      ],
      [
        -0.605441085263103,
        -0.794869539506558,
        0.0402927715610155,
        -0.0320567118070658
      ],
      [
        0.192582066245085,
        -0.097189503712179,
        0.976456014436367,
        0.0120257540470284
      ],
      [
        0.0,
        0.0,
        0.0,
        1.0
      ]
    ]
  },
  "T_WP": {
    "0": [
      [
        -0.35562803936462,
        0.847041531609018,
        0.395030810630164,
        0.066019364886435
      ],
      [
        0.0181065940173054,
        0.428825839084792,
        -0.903205708012475,
        -0.0951648021823632
      ],
      [
        -0.93445216510572,
        -0.314052612571003,
        -0.167839529511254,
        -0.0232277922744343
      ],
      [
        0.0,
        0.0,
        0.0,
        1.0
      ]
    ],
    "1": [
      [
        -0.208773920867889,
        -0.592757269044639,
        -0.777851058982495,
        -0.0928167822710982
      ],
      [
        0.0252197805735159,
        -0.798376786669016,
        0.601629843987049,
        0.0740544917005834
      ],
      [
        -0.977638692275051,
        0.105987388413897,
        0.181629460341459,
        0.0241930874325486
      ],
      [
        0.0,
        0.0,
        0.0,
        1.0
      ]
    ],
    "2": [
      [
        -0.356391427340694,
        -0.849506394474845,
        0.389003902633909,
        0.0653320903027094
      ],
      [
        -0.0357109753353079,
        0.428422874885366,
        0.902872397692807,
        0.0952577796455624
      ],
      [
        -0.933654045542922,
        0.307884273747956,
        -0.183022941786077,
        -0.0248373599720537
      ],
      [
        0.0,
        0.0,
        0.0,
        1.0
      ]
    ],
    "3": [
      [
        -0.211920136917136,
        0.598946254293999,
        -0.772239108072241,
        -0.0921585546833927
      ],
      [
        -0.0402927715610156,
        -0.794869539506558,
        -0.605441085263103,
        -0.074437587775483
      ],
      [
        -0.976456014436367,
        -0.097189503712179,
        0.192582066245085,
        0.0255064986841843
      ],
      [
        0.0,
        0.0,
        0.0,
        1.0
      ]
    ]
  }
}