{
  "T_WB": [
    [
      0.8612920971722,
      -0.000850166576705773,
      0.50810943758752,
      -0.00229786943569772
    ],
    [
      0.00141994574193208,
      0.999998722685661,
      -0.000733744598277381,
      -1.53820711656696e-05
    ],
    [
      -0.508108164766917,
      0.001353456256177,
      0.861292204221865,
      0.50823256701787
    ],
    [
      0.0,
      0.0,
      0.0,
      1.0
    ]
  ],
  "T_WH": {
    "0": [
      [
        0.734819023312213,
        0.490189592640933,
        0.468780509668439,
        0.0321810197816449
      ],
      [
        -0.520045833928276,
        0.850877926565936,
        -0.0745592696899416,
        -0.0319585433674296
      ],
      [
        -0.435423166118122,
        -0.188999781347411,
        0.880162342445018,
        0.487864929826995
      ],
      [
        0.0,
        0.0,
        0.0,
        1.0
      ]
    ],
    "1": [
      [
        -0.560527193775461,
        -0.630187161542669,
        0.537283357703365,
        -0.0367767586530403
      ],
      [
        0.756670533181454,
        -0.653390472885817,
        0.0230346295160694,
        0.0319277792250982
      ],
      [
        0.336539699371562,
        0.419458020985226,
        0.843087183734906,
        0.528600204208744
      ],
      [
        0.0,
        0.0,
        0.0,
        1.0
      ]
    ],
    "2": [
      [
        0.733847037973379,
        -0.492265475877455,
        0.468127361000017,
        0.0321266091207357
      ],
      [
        0.522837922144043,
        0.849262604392337,
        0.0734406968161742,
        0.0320413748844528
      ],
      [
        -0.433715381357172,
        0.190860498898773,
        0.880603905245891,
        0.487951551027391
      ],
      [
        0.0,
        0.0,
        0.0,
        1.0
      ]
    ],
    "3": [
      [
        -0.559385301754516,
        0.631180875585366,
        0.537306976016783,
        -0.0367223479921311
      ],
      [
        -0.758381262264999,
        -0.651354750844435,
        -0.0243895386945245,
        -0.0320721390267841
      ],
      [
        0.334583241102055,
        -0.421126692157687,
        0.843034022994309,
        0.528513583008349
      ],
      [
        0.0,
        0.0,
        0.0,
        1.0
      ]
    ]
  },
  "T_WP": {
    "0": [
      [
        -0.468780509668439,
        0.490189592640933,
        0.734819023312213,
        0.0836183514134998
      ],
      [
        0.0745592696899416,
        0.850877926565936,
        -0.520045833928276,
        -0.0683617517424089
      ],
      [
        -0.880162342445018,
        -0.188999781347411,
        -0.435423166118122,
        0.457385308198727
      ],
      [
        0.0,
        0.0,
        0.0,
        1.0
      ]
    ],
    "1": [
      [
        -0.537283357703365,
        -0.630187161542669,
        -0.560527193775461,
        -0.0760136622173225
      ],
      [
        -0.0230346295160694,
        -0.653390472885817,
        0.756670533181454,
        0.0848947165478
      ],
      [
        -0.843087183734906,
        0.419458020985226,
        0.336539699371563,
        0.552157983164753
      ],
      [
        0.0,
        0.0,
        0.0,
        1.0
      ]
    ],
    "2": [
      [
        -0.468127361000017,
        -0.492265475877455,
        0.733847037973379,
        0.0834959017788722
      ],
      [
        -0.0734406968161742,
        0.849262604392337,
        0.522837922144043,
        0.0686400294345358
      ],
      [
        -0.880603905245891,
        0.190860498898773,
        -0.433715381357172,
        0.457591474332389
      ],
      [
        0.0,
        0.0,
        0.0,
        1.0
      ]
    ],
    "3": [
      [
        -0.537306976016783,
        0.631180875585366,
        -0.559385301754516,
        -0.0758793191149473
      ],
      [
        0.0243895386945245,
        -0.651354750844435,
        -0.758381262264999,
        -0.085158827385334
      ],
      [
        -0.843034022994309,
        -0.421126692157687,
        0.334583241102055,
        0.551934409885492
      ],
      [
        0.0,
        0.0,
        0.0,
        1.0
      ]
    ]
  }
}