{
  "T_WB": [
    [
      0.997520193005695,
      -0.00234991189221796,
      -0.0703416125773373,
      -0.0831528389634434
    ],
    [
      0.0024859840154092,
      0.99999520428682,
      0.00184696692875351,
      2.68446366050194e-05
    ],
    [
      0.0703369350295884,
      -0.00201725493173071,
      0.99752125102836,
      0.263070323396773
    ],
    [
      0.0,
      0.0,
      0.0,
      1.0
    ]
  ],
  "T_WH": {
    "0": [
      [
        -0.132067633720817,
        0.940303680217242,
        -0.313667226680275,
        -0.0431768340626646
      ],
      [
        -0.824065442721849,
        -0.280014017184908,
        -0.492451313625634,
        -0.0318735625399569
      ],
      [
        -0.550885002731992,
        0.19344544230837,
        0.811852557189477,
        0.265948352955771
      ],
      [
        0.0,
        0.0,
        0.0,
        1.0
      ]
    ],
    "1": [
      [
        -0.639189901038041,
        -0.768494860893612,
        -0.0291876547719543,
        -0.123128843864222
      ],
      [
        0.766638864832042,
        -0.639730035415661,
        0.0548664990327931,
        0.0319272518131669
      ],
      [
        -0.0608368419628883,
        0.0126937215655943,
        0.998067005813136,
        0.260192293837774
      ],
      [
        0.0,
        0.0,
        0.0,
        1.0
      ]
    ],
    "2": [
      [
        -0.135850090214294,
        -0.938855656784074,
        -0.316377636240796,
        -0.0433272284237666
      ],
      [
        0.820754759524962,
        -0.285506912970565,
        0.494820601191119,
        0.0321261305343996
      ],
      [
        -0.554893122777612,
        -0.192447027440186,
        0.809356388696319,
        0.265819248640141
      ],
      [
        0.0,
        0.0,
        0.0,
        1.0
      ]
    ],
    "3": [
      [
        -0.635657452183377,
        0.771442143317264,
        -0.0285766162763129,
        -0.12297844950312
      ],
      [
        -0.769800176082745,
        -0.636209611982092,
        -0.0514297435786921,
        -0.0320724412611896
      ],
      [
        -0.0578557895695177,
        -0.0106934155283211,
        0.998267678770392,
        0.260321398153404
      ],
      [
        0.0,
        0.0,
        0.0,
        1.0
      ]
    ]
  },
  "T_WP": {
    "0": [
      [
        0.313667226680275,
        0.940303680217242,
        -0.132067633720817,
        -0.0524215684231219
      ],
      [
        0.492451313625634,
        -0.280014017184908,
        -0.824065442721849,
        -0.0895581435304863
      ],
      [
        -0.811852557189477,
        0.19344544230837,
        -0.550885002731992,
        0.227386402764532
      ],
      [
        0.0,
        0.0,
        0.0,
        1.0
      ]
    ],
    "1": [
      [
        0.0291876547719543,
        -0.768494860893612,
        -0.639189901038041,
        -0.167872136936885
      ],
      [
        -0.0548664990327931,
        -0.639730035415661,
        0.766638864832042,
        0.0855919723514098
      ],
      [
        -0.998067005813136,
        0.0126937215655943,
        -0.0608368419628882,
        0.255933714900371
      ],
      [
        0.0,
        0.0,
        0.0,
        1.0
      ]
    ],
    "2": [
      [
        0.316377636240796,
        -0.938855656784074,
        -0.135850090214294,
        -0.0528367347387671
      ],
      [
        -0.494820601191119,
        -0.285506912970565,
        0.820754759524962,
        0.089578963701147
      ],
      [
        -0.809356388696319,
        -0.192447027440186,
        -0.554893122777612,
        0.226976730045708
      ],
      [
        0.0,
        0.0,
        0.0,
        1.0
      ]
    ],
    "3": [
      [
        0.0285766162763128,
        0.771442143317264,
        -0.635657452183377,
        -0.167474471155957
      ],
      [
        0.0514297435786921,
        -0.636209611982092,
        -0.769800176082745,
        -0.0859584535869818
      ],
      [
        -0.998267678770392,
        -0.0106934155283211,
        -0.0578557895695177,
        0.256271492883538
      ],
      [
        0.0,
        0.0,
        0.0,
        1.0
      ]
    ]
  },
  "simTime": 0.636999999999946,
  "state": [
    -0.0831528389634434,
    2.68446366050194e-05,
    0.263070323396773,
    0.999379388460768,
    -0.000966655382605961,
    -0.0351914771385262,
    0.00120972474604348,
    -0.32991702599715,
    -0.000254465722225452,
    -1.37425271654544,
    -0.0118239673182893,
    -2.88775714050255,
    0.000300300268157739,
    0.831147566698743,
    0.197585524500632,
    0.213219869231664,
    -0.474015791132955,
    0.998395232705951,
    0.0330799400748872,
    0.00565435969918624,
    -0.0456147464211273,
    0.830988377005346,
    -0.197882283779906,
    0.213502430605954,
    0.474043912705795,
    0.998387864708257,
    -0.0333666932230935,
    0.00569945362110919,
    0.0455615146265322,
    -4.84598785379082,
    -2.45564068719836,
    -2.36151741559662,
    -0.412218165391387,
    0.12057461396736,
    -0.504708831963679,
    4.84790821983611,
    -2.45810915432017,
    2.36329988255478,
    0.410990197898978,
    0.120219327396077,
    0.507552480510302
  ]
}