{
  "T_WB": [
    [
      0.981626728504967,
      -0.00229143502890278,
      -0.190797576531108,
      -0.0984187830191509
    ],
    [
      0.00273638041232889,
      0.999994116554515,
      0.00206859338522797,
      1.35496513797288e-05
    ],
    [
      0.190791713936624,
      -0.00255268130848789,
      0.981627223395553,
      0.190015272950041
    ],
    [
      0.0,
      0.0,
      0.0,
      1.0
    ]
  ],
  "T_WH": {
    "0": [
      [
        -0.170674125117667,
        0.968696717239195,
        -0.180269279205651,
        -0.0590803879580273
      ],
      [
        -0.858238772147835,
        -0.236027146016952,
        -0.455760239956569,
        -0.0318768068618716
      ],
      [
        -0.48404189177952,
        0.0769276046234279,
        0.871656807837468,
        0.197728627309378
      ],
      [
        0.0,
        0.0,
        0.0,
        1.0
      ]
    ],
    "1": [
      [
        -0.61064030052114,
        -0.773641723774365,
        -0.169106199220732,
        -0.137757178080274
      ],
      [
        0.779339191931332,
        -0.624981691346563,
        0.0450367561154921,
        0.0319039061646311
      ],
      [
        -0.140530592040557,
        -0.104289830362403,
        0.984568323674752,
        0.182301918590705
      ],
      [
        0.0,
        0.0,
        0.0,
        1.0
      ]
    ],
    "2": [
      [
        -0.174543216975511,
        -0.967563933646552,
        -0.182632690705282,
        -0.0592270397998771
      ],
      [
        0.85460415171756,
        -0.240988412569936,
        0.459974269795748,
        0.0321228165976174
      ],
      [
        -0.489066876076216,
        -0.0757932669399714,
        0.868947047530296,
        0.197565255705635
      ],
      [
        0.0,
        0.0,
        0.0,
        1.0
      ]
    ],
    "3": [
      [
        -0.607020667427431,
        0.776613981513586,
        -0.168513005532427,
        -0.137610526238425
      ],
      [
        -0.78284819048465,
        -0.620843942095671,
        -0.0412493662741258,
        -0.0320957172948579
      ],
      [
        -0.136655113226203,
        0.106880883607512,
        0.984835954232181,
        0.182465290194448
      ],
      [
        0.0,
        0.0,
        0.0,
        1.0
      ]
    ]
  },
  "T_WP": {
    "0": [
      [
        0.180269279205651,
        0.968696717239195,
        -0.170674125117667,
        -0.071027576716264
      ],
      [
        0.455760239956569,
        -0.236027146016952,
        -0.858238772147835,
        -0.09195352091222
      ],
      [
        -0.871656807837468,
        0.0769276046234279,
        -0.48404189177952,
        0.163845694884812
      ],
      [
        0.0,
        0.0,
        0.0,
        1.0
      ]
    ],
    "1": [
      [
        0.169106199220732,
        -0.773641723774365,
        -0.61064030052114,
        -0.180501999116754
      ],
      [
        -0.045036756115492,
        -0.624981691346563,
        0.779339191931332,
        0.0864576495998243
      ],
      [
        -0.984568323674752,
        -0.104289830362403,
        -0.140530592040557,
        0.172464777147866
      ],
      [
        0.0,
        0.0,
        0.0,
        1.0
      ]
    ],
    "2": [
      [
        0.182632690705282,
        -0.967563933646552,
        -0.174543216975511,
        -0.0714450649881629
      ],
      [
        -0.459974269795748,
        -0.240988412569936,
        0.85460415171756,
        0.0919451072178466
      ],
      [
        -0.868947047530296,
        -0.0757932669399714,
        -0.489066876076216,
        0.1633305743803
      ],
      [
        0.0,
        0.0,
        0.0,
        1.0
      ]
    ],
    "3": [
      [
        0.168513005532427,
        0.776613981513586,
        -0.607020667427431,
        -0.180101972958345
      ],
      [
        0.0412493662741257,
        -0.620843942095671,
        -0.78284819048465,
        -0.0868950906287834
      ],
      [
        -0.984835954232181,
        0.106880883607512,
        -0.136655113226203,
        0.172899432268614
      ],
      [
        0.0,
        0.0,
        0.0,
        1.0
      ]
    ]
  },
  "simTime": 0.682499999999941,
  "state": [
    -0.0984187830191509,
    1.35496513797288e-05,
    0.190015272950041,
    0.995395407420468,
    -0.00116066305391436,
    -0.0958386204173392,
    0.00126276839428592,
    -0.339919149782234,
    -0.000327052114666744,
    -1.83705775838675,
    -0.0118544508215295,
    -2.46355289194922,
    0.000306166469036588,
    0.840101370098686,
    0.0661127543199339,
    0.226013269990188,
    -0.488647923829504,
    0.998150596401062,
    0.0224968743656883,
    0.00867455336005241,
    -0.0558034915752009,
    0.839992777810068,
    -0.066344371385286,
    0.226293389996546,
    0.488673571268478,
    0.998142542771993,
    -0.0228004566829623,
    0.00871636947673743,
    0.0558178142428921,
    -5.11634422721095,
    -2.56661330431132,
    -1.02373721845845,
    -0.519907269414418,
    0.0724926326148398,
    -0.399560900505269,
    5.11797149285586,
    -2.5691049607771,
    1.02429027885031,
    0.51955888919321,
    0.0722159683561924,
    0.402708061426642
  ]
}