{
  "T_WB": [
    [
      0.887061126507623,
      -0.001911408028387,
      0.461648030818258,
      -0.0383951814094471
    ],
    [
      0.00153105271191101,
      0.999998109782856,
      0.00119846080803115,
      4.11264742321691e-05
    ],
    [
      -0.461649448950846,
      -0.00035630052491468,
      0.88706237623592,
      0.355286949891704
    ],
    [
      0.0,
      0.0,
      0.0,
      1.0
    ]
  ],
  "T_WH": {
    "0": [
      [
        0.237301226155282,
        0.889846901107478,
        -0.389692982557575,
        -0.00285157129223376
      ],
      [
        -0.788721152438412,
        -0.0576978169178785,
        -0.612037503441688,
        -0.0318975709303428
      ],
      [
        -0.567104110160932,
        0.452596348319703,
        0.688149310634144,
        0.336832373550468
      ],
      [
        0.0,
        0.0,
        0.0,
        1.0
      ]
    ],
    "1": [
      [
        -0.613707166789981,
        -0.580683016239397,
        0.534949294869832,
        -0.0739387915266604
      ],
      [
        0.709820341378193,
        -0.702476131023321,
        0.0517915853035123,
        0.0319798238788071
      ],
      [
        0.345714616983949,
        0.411502758184708,
        0.843295252927478,
        0.373741526232941
      ],
      [
        0.0,
        0.0,
        0.0,
        1.0
      ]
    ],
    "2": [
      [
        0.234657437025856,
        -0.889214579909997,
        -0.392725499711879,
        -0.00297390140605053
      ],
      [
        0.788898627163661,
        -0.061844258567135,
        0.611403503213363,
        0.03210230809576
      ],
      [
        -0.567956726615459,
        -0.453290986627541,
        0.68698794613478,
        0.336809570316873
      ],
      [
        0.0,
        0.0,
        0.0,
        1.0
      ]
    ],
    "3": [
      [
        -0.61129487529949,
        0.583008707044008,
        0.535181672839659,
        -0.0738164614128436
      ],
      [
        -0.711645000368277,
        -0.700798239667973,
        -0.0494289462674014,
        -0.0320200551472957
      ],
      [
        0.346236868174689,
        -0.411075023309791,
        0.843289604066977,
        0.373764329466535
      ],
      [
        0.0,
        0.0,
        0.0,
        1.0
      ]
    ]
  },
  "T_WP": {
    "0": [
      [
        0.389692982557575,
        0.889846901107478,
        0.237301226155282,
        0.013759514538636
      ],
      [
        0.612037503441688,
        -0.0576978169178785,
        -0.788721152438412,
        -0.0871080516010316
      ],
      [
        -0.688149310634144,
        0.452596348319703,
        -0.567104110160932,
        0.297135085839203
      ],
      [
        0.0,
        0.0,
        0.0,
        1.0
      ]
    ],
    "1": [
      [
        -0.534949294869832,
        -0.580683016239397,
        -0.613707166789981,
        -0.116898293201959
      ],
      [
        -0.0517915853035123,
        -0.702476131023321,
        0.709820341378193,
        0.0816672477752807
      ],
      [
        -0.843295252927478,
        0.411502758184708,
        0.34571461698395,
        0.397941549421817
      ],
      [
        0.0,
        0.0,
        0.0,
        1.0
      ]
    ],
    "2": [
      [
        0.392725499711879,
        -0.889214579909997,
        0.234657437025856,
        0.0134521191857594
      ],
      [
        -0.611403503213363,
        -0.061844258567135,
        0.788898627163661,
        0.0873252119972163
      ],
      [
        -0.68698794613478,
        -0.453290986627541,
        -0.567956726615459,
        0.297052599453791
      ],
      [
        0.0,
        0.0,
        0.0,
        1.0
      ]
    ],
    "3": [
      [
        -0.535181672839659,
        0.583008707044008,
        -0.61129487529949,
        -0.116607102683808
      ],
      [
        0.0494289462674013,
        -0.700798239667973,
        -0.711645000368277,
        -0.081835205173075
      ],
      [
        -0.843289604066977,
        -0.411075023309791,
        0.346236868174689,
        0.398000910238764
      ],
      [
        0.0,
        0.0,
        0.0,
        1.0
      ]
    ]
  },
  "simTime": 0.486499999999963,
  "state": [
    -0.0383951814094471,
    4.11264742321691e-05,
    0.355286949891704,
    0.971354931593802,
    -0.000400152735724205,
    0.237631335812069,
    0.000885994559848892,
    -0.25681167684661,
    8.09286101547025e-05,
    0.144015599087765,
    -0.0111637781281577,
    -4.4185509963966,
    0.00185518260595868,
    0.819913384228442,
    0.522726711336982,
    0.108896071544687,
    -0.206495697824487,
    0.998765715393889,
    0.0480898789646255,
    -0.0122245123127758,
    -0.00222948281350973,
    0.819660951137721,
    -0.523170979877659,
    0.108975460865187,
    0.206330802167483,
    0.998761358650208,
    -0.0482070722465798,
    -0.0121521518785716,
    0.00203761068997516,
    -1.67438600466088,
    -1.31883939249951,
    -5.52540997717813,
    0.00495972856067207,
    0.292578558887083,
    -0.603929680473318,
    1.67330110078111,
    -1.31868450897155,
    5.53066283737232,
    -0.00811652209260199,
    0.291923615476192,
    0.604647066527157
  ]
}