{
  "arms": {
    "0": [
      [
        -0.855937361717224,
        0.00778441550210118,
        0.51702082157135,
        0.0132300965487957
      ],
      [
        -0.395723819732666,
        -0.65345573425293,
        -0.645289361476898,
        0.333123713731766
      ],
      [
        0.332827061414719,
        -0.756924748420715,
        0.562397658824921,
        0.031981322914362
      ],
      [
        0.0,
        0.0,
        0.0,
        1.0
      ]
    ],
    "1": [
      [
        -0.884366095066071,
        0.413147330284119,
        -0.217268973588943,
        -0.0237953942269087
      ],
      [
        -0.451551377773285,
        -0.639198839664459,
        0.622516095638275,
        0.404039889574051
      ],
      [
        0.118312776088715,
        0.648640155792236,
        0.751843094825745,
        0.0320578180253506
      ],
      [
        0.0,
        0.0,
        0.0,
        1.0
      ]
    ],
    "2": [
      [
        -0.989057242870331,
        -0.0889777094125748,
        -0.117680355906487,
        -0.0238104090094566
      ],
      [
        -0.140831738710403,
        0.807073056697845,
        0.573410332202911,
        0.404101103544235
      ],
      [
        0.0439559109508991,
        0.583708822727203,
        -0.810772359371185,
        -0.0319421514868736
      ],
      [
        0.0,
        0.0,
        0.0,
        1.0
      ]
    ],
    "3": [
      [
        -0.825502395629883,
        -0.362824261188507,
        0.432324171066284,
        0.0132150808349252
      ],
      [
        -0.56431257724762,
        0.5439612865448,
        -0.621013224124908,
        0.333184897899628
      ],
      [
        -0.00984895043075085,
        -0.756613910198212,
        -0.653787732124329,
        -0.0320186465978622
      ],
      [
        0.0,
        0.0,
        0.0,
        1.0
      ]
    ]
  },
  "base": [
    [
      0.462818622589111,
      -0.000234620572882704,
      0.886452913284302,
      -0.00529015623033047
    ],
    [
      -0.886452436447144,
      0.000956184405367821,
      0.462818652391434,
      0.368612408638
    ],
    [
      -0.000956199306529015,
      -0.999999523162842,
      0.000234560007811524,
      1.95856628124602e-05
    ],
    [
      0.0,
      0.0,
      0.0,
      1.0
    ]
  ]
}