{
  "arms": {
    "0": [
      [
        -0.692496359348297,
        0.203381091356277,
        0.692159473896027,
        0.0224065501242876
      ],
      [
        -0.637586653232574,
        -0.62144148349762,
        -0.455295294523239,
        0.461483359336853
      ],
      [
        0.337538182735443,
        -0.756602048873901,
        0.560019016265869,
        0.0319702289998531
      ],
      [
        0.0,
        0.0,
        0.0,
        1.0
      ]
    ],
    "1": [
      [
        -0.70427417755127,
        0.588668167591095,
        -0.396821737289429,
        -0.0345543511211872
      ],
      [
        -0.700066030025482,
        -0.483023077249527,
        0.525924205780029,
        0.517656683921814
      ],
      [
        0.117920748889446,
        0.648196280002594,
        0.7522873878479,
        0.0320863202214241
      ],
      [
        0.0,
        0.0,
        0.0,
        1.0
      ]
    ],
    "2": [
      [
        -0.900758028030396,
        -0.328163325786591,
        -0.28450608253479,
        -0.0345918387174606
      ],
      [
        -0.4320949614048,
        0.743343770503998,
        0.510621070861816,
        0.517750918865204
      ],
      [
        0.0439187251031399,
        0.582879722118378,
        -0.811370611190796,
        -0.0319136008620262
      ],
      [
        0.0,
        0.0,
        0.0,
        1.0
      ]
    ],
    "3": [
      [
        -0.613067030906677,
        -0.511431515216827,
        0.60215151309967,
        0.0223690643906593
      ],
      [
        -0.789950966835022,
        0.407673507928848,
        -0.458017230033875,
        0.461577594280243
      ],
      [
        -0.0112367505207658,
        -0.756465435028076,
        -0.653937101364136,
        -0.0320296920835972
      ],
      [
        0.0,
        0.0,
        0.0,
        1.0
      ]
    ]
  },
  "base": [
    [
      0.712011277675629,
      -0.000585721631068736,
      0.702167630195618,
      -0.00609264429658651
    ],
    [
      -0.702166438102722,
      0.00147275242488831,
      0.712011337280273,
      0.489617139101028
    ],
    [
      -0.00145115959458053,
      -0.99999874830246,
      0.000637342338450253,
      2.83129866147647e-05
    ],
    [
      0.0,
      0.0,
      0.0,
      1.0
    ]
  ]
}