{
  "T_WB": [
    [
      0.968087946639356,
      -0.00130038661763191,
      0.250607335419856,
      -0.00211591250294576
    ],
    [
      0.0016492438905219,
      0.999997941379782,
      -0.00118204517180967,
      -1.25638628421768e-05
    ],
    [
      -0.250605282398806,
      0.00155763630007335,
      0.96808809836862,
      0.407841384114562
    ],
    [
      0.0,
      0.0,
      0.0,
      1.0
    ]
  ],
  "T_WH": {
    "0": [
      [
        0.800516463406948,
        0.580230319096268,
        0.150020560643788,
        0.0366492177343927
      ],
      [
        -0.559391474618923,
        0.81323697322994,
        -0.160395771438881,
        -0.0319465282313743
      ],
      [
        -0.215068756303886,
        0.0444792330559961,
        0.975585479539671,
        0.397767328457008
      ],
      [
        0.0,
        0.0,
        0.0,
        1.0
      ]
    ],
    "1": [
      [
        -0.624377649623982,
        -0.738088554155168,
        0.255690901041013,
        -0.0408810427402842
      ],
      [
        0.763561801934929,
        -0.645734517933048,
        0.000554053839689857,
        0.03192140050569
      ],
      [
        0.164699499926125,
        0.195581743971433,
        0.966758426986379,
        0.417915439772117
      ],
      [
        0.0,
        0.0,
        0.0,
        1.0
      ]
    ],
    "2": [
      [
        0.798688113169051,
        -0.582966647096681,
        0.149154906909946,
        0.0365659929908643
      ],
      [
        0.562731242268566,
        0.811395476237907,
        0.158021929223561,
        0.0320533400169317
      ],
      [
        -0.213145130972624,
        -0.0422761104350129,
        0.976105467472214,
        0.397867017180212
      ],
      [
        0.0,
        0.0,
        0.0,
        1.0
      ]
    ],
    "3": [
      [
        -0.622549483095372,
        0.73961196705003,
        0.255746513747638,
        -0.0407978179967558
      ],
      [
        -0.76555100761863,
        -0.643368515750338,
        -0.00293388399692463,
        -0.0320784677426161
      ],
      [
        0.162369319244079,
        -0.197613489260203,
        0.966739423542157,
        0.417815751048912
      ],
      [
        0.0,
        0.0,
        0.0,
        1.0
      ]
    ]
  },
  "T_WP": {
    "0": [
      [
        -0.150020560643787,
        0.580230319096268,
        0.800516463406948,
        0.092685370172879
      ],
      [
        0.160395771438881,
        0.81323697322994,
        -0.559391474618923,
        -0.0711039314546989
      ],
      [
        -0.975585479539671,
        0.0444792330559961,
        -0.215068756303886,
        0.382712515515736
      ],
      [
        0.0,
        0.0,
        0.0,
        1.0
      ]
    ],
    "1": [
      [
        -0.255690901041014,
        -0.738088554155168,
        -0.624377649623982,
        -0.084587478213963
      ],
      [
        -0.000554053839689811,
        -0.645734517933048,
        0.763561801934929,
        0.085370726641135
      ],
      [
        -0.966758426986379,
        0.195581743971433,
        0.164699499926125,
        0.429444404766946
      ],
      [
        0.0,
        0.0,
        0.0,
        1.0
      ]
    ],
    "2": [
      [
        -0.149154906909946,
        -0.582966647096681,
        0.798688113169051,
        0.0924741609126978
      ],
      [
        -0.158021929223561,
        0.811395476237907,
        0.562731242268566,
        0.0714445269757314
      ],
      [
        -0.976105467472214,
        -0.0422761104350129,
        -0.213145130972624,
        0.382946858012129
      ],
      [
        0.0,
        0.0,
        0.0,
        1.0
      ]
    ],
    "3": [
      [
        -0.255746513747638,
        0.73961196705003,
        -0.622549483095372,
        -0.0843762818134318
      ],
      [
        0.00293388399692458,
        -0.643368515750338,
        -0.76555100761863,
        -0.0856670382759201
      ],
      [
        -0.966739423542157,
        -0.197613489260203,
        0.162369319244079,
        0.429181603395998
      ],
      [
        0.0,
        0.0,
        0.0,
        1.0
      ]
    ]
  }
}