{
  "T_WB": [
    [
      -0.458063310133801,
      -0.688335812340306,
      0.562469388819583,
      -0.105842131654842
    ],
    [
      -0.558332218823149,
      0.715156147061075,
      0.420495920009668,
      0.000510947391984064
    ],
    [
      -0.69169584163365,
      -0.121431028862352,
      -0.71190685338473,
      0.825500462308491
    ],
    [
      0.0,
      0.0,
      0.0,
      1.0
    ]
  ],
  "T_WH": {
    "0": [
      [
        -0.0939284260516954,
        -0.402063758930443,
        0.910781084857483,
        0.00370421358953774
      ],
      [
        -0.893408583058076,
        0.437722304697008,
        0.10109543851678,
        -0.0452182854588804
      ],
      [
        -0.439316007559037,
        -0.804203903077734,
        -0.400321780292962,
        -0.0237820407417507
      ],
      [
        0.0,
        0.0,
        0.0,
        1.0
      ]
    ],
    "1": [
      [
        -0.351806989865068,
        0.72770972780364,
        0.588787222977904,
        -0.00370421358953774
      ],
      [
        0.896615523239709,
        0.0812740890906816,
        0.435287406121591,
        0.0452182854588804
      ],
      [
        0.268909734609334,
        0.681052916080999,
        -0.681068630998305,
        0.0237820407417507
      ],
      [
        0.0,
        0.0,
        0.0,
        1.0
      ]
    ],
    "2": [
      [
        -0.861536123613305,
        -0.483037494759461,
        0.156301907748639,
        -0.0403492784002418
      ],
      [
        -0.135223404689186,
        0.515066416900989,
        0.846416692300572,
        0.000551707953028412
      ],
      [
        -0.489356862150338,
        0.708082879921044,
        -0.509066298854182,
        -0.0315536265889413
      ],
      [
        0.0,
        0.0,
        0.0,
        1.0
      ]
    ],
    "3": [
      [
        0.805560785250751,
        -0.0547576989592941,
        0.58997747047737,
        0.0403492784002418
      ],
      [
        -0.378802446858655,
        -0.813249249719578,
        0.441740154485009,
        -0.000551707953028412
      ],
      [
        0.455610060819653,
        -0.57933345513204,
        -0.675864054558818,
        0.0315536265889413
      ],
      [
        0.0,
        0.0,
        0.0,
        1.0
      ]
    ]
  },
  "T_WP": {
    "0": [
      [
        -0.910781084857483,
        -0.402063758930443,
        -0.0939284260516953,
        -0.00287077623408094
      ],
      [
        -0.10109543851678,
        0.437722304697008,
        -0.893408583058076,
        -0.107756886272946
      ],
      [
        0.400321780292962,
        -0.804203903077734,
        -0.439316007559037,
        -0.0545341612708833
      ],
      [
        0.0,
        0.0,
        0.0,
        1.0
      ]
    ],
    "1": [
      [
        -0.588787222977904,
        0.72770972780364,
        -0.351806989865068,
        -0.0283307028800925
      ],
      [
        -0.435287406121591,
        0.0812740890906816,
        0.896615523239709,
        0.10798137208566
      ],
      [
        0.681068630998305,
        0.681052916080999,
        0.268909734609334,
        0.0426057221644041
      ],
      [
        0.0,
        0.0,
        0.0,
        1.0
      ]
    ],
    "2": [
      [
        -0.156301907748639,
        -0.483037494759461,
        -0.861536123613305,
        -0.100656807053173
      ],
      [
        -0.846416692300572,
        0.515066416900989,
        -0.135223404689186,
        -0.0089139303752146
      ],
      [
        0.509066298854182,
        0.708082879921044,
        -0.489356862150338,
        -0.065808606939465
      ],
      [
        0.0,
        0.0,
        0.0,
        1.0
      ]
    ],
    "3": [
      [
        -0.58997747047737,
        -0.0547576989592941,
        0.805560785250751,
        0.0967385333677944
      ],
      [
        -0.441740154485009,
        -0.813249249719578,
        -0.378802446858655,
        -0.0270678792331343
      ],
      [
        0.675864054558818,
        -0.57933345513204,
        0.455610060819653,
        0.063446330846317
      ],
      [
        0.0,
        0.0,
        0.0,
        1.0
      ]
    ]
  }
}