{
  "arms": {
    "0": [
      [
        -1.0,
        -3.45445479965946e-17,
        -5.7429336749654e-17,
        -8.88178482565852e-18
      ],
      [
        1.61819887395871e-17,
        0.70710676908493,
        -0.70710676908493,
        -0.0320000015199184
      ],
      [
        6.50353617437526e-17,
        -0.70710676908493,
        -0.70710676908493,
        0.432786673307419
      ],
      [
        0.0,
        0.0,
        0.0,
        1.0
      ]
    ],
    "1": [
      [
        -1.0,
        -1.57667877472218e-16,
        3.79057620049903e-16,
        8.88178317129729e-18
      ],
      [
        -1.56546180856927e-16,
        -0.70710676908493,
        -0.70710676908493,
        -0.0320000015199184
      ],
      [
        3.79522244091252e-16,
        -0.70710676908493,
        0.70710676908493,
        0.512786686420441
      ],
      [
        0.0,
        0.0,
        0.0,
        1.0
      ]
    ],
    "2": [
      [
        -1.0,
        1.56359542440955e-16,
        3.79050076162717e-16,
        8.88178482565852e-18
      ],
      [
        1.57465979228306e-16,
        -0.70710676908493,
        0.70710676908493,
        0.0320000015199184
      ],
      [
        3.78591751928913e-16,
        0.70710676908493,
        0.70710676908493,
        0.512786686420441
      ],
      [
        0.0,
        0.0,
        0.0,
        1.0
      ]
    ],
    "3": [
      [
        -1.0,
        2.79473941674685e-16,
        1.87500060237159e-16,
        -8.88178317129729e-18
      ],
      [
        3.302004684847e-16,
        0.70710676908493,
        0.70710676908493,
        0.0320000015199184
      ],
      [
        6.50353617437526e-17,
        0.70710676908493,
        -0.70710676908493,
        0.432786673307419
      ],
      [
        0.0,
        0.0,
        0.0,
        1.0
      ]
    ]
  },
  "arms_in_parent_frame": {
    "0": [
      [
        2.22044604925031e-16,
        1.26880514983441e-08,
        0.999999940395355,
        2.98023223876953e-08
      ],
      [
        -3.80013151820596e-24,
        0.999999940395355,
        1.26880514983441e-08,
        0.0
      ],
      [
        -1.0,
        0.0,
        2.22044604925031e-16,
        0.0
      ],
      [
        0.0,
        0.0,
        0.0,
        1.0
      ]
    ],
    "1": [
      [
        2.22044591690142e-16,
        -1.26880514983441e-08,
        0.999999940395355,
        0.0
      ],
      [
        9.4583318130732e-25,
        0.999999940395355,
        -1.26880514983441e-08,
        0.0
      ],
      [
        -1.0,
        -6.5041818293744e-24,
        2.22044604925031e-16,
        0.0
      ],
      [
        0.0,
        0.0,
        0.0,
        1.0
      ]
    ],
    "2": [
      [
        2.22044591690142e-16,
        1.26880514983441e-08,
        0.999999940395355,
        0.0
      ],
      [
        1.05915620578594e-24,
        0.999999940395355,
        1.26880514983441e-08,
        0.0
      ],
      [
        -1.0,
        -9.82878089416499e-25,
        2.22044604925031e-16,
        0.0
      ],
      [
        0.0,
        0.0,
        0.0,
        1.0
      ]
    ],
    "3": [
      [
        2.22044591690142e-16,
        -1.26880514983441e-08,
        0.999999940395355,
        2.98023223876953e-08
      ],
      [
        -9.43475828264248e-24,
        0.999999940395355,
        -1.26880514983441e-08,
        0.0
      ],
      [
        -1.0,
        0.0,
        2.22044604925031e-16,
        0.0
      ],
      [
        0.0,
        0.0,
        0.0,
        1.0
      ]
    ]
  },
  "arms_link_world": {
    "0": [
      [
        -1.0,
        -3.45445479965946e-17,
        -5.7429336749654e-17,
        -8.88178482565852e-18
      ],
      [
        1.61819887395871e-17,
        0.70710676908493,
        -0.70710676908493,
        -0.0320000015199184
      ],
      [
        6.50353617437526e-17,
        -0.70710676908493,
        -0.70710676908493,
        0.432786673307419
      ],
      [
        0.0,
        0.0,
        0.0,
        1.0
      ]
    ],
    "1": [
      [
        -1.0,
        -1.57667877472218e-16,
        3.79057620049903e-16,
        8.88178317129729e-18
      ],
      [
        -1.56546180856927e-16,
        -0.70710676908493,
        -0.70710676908493,
        -0.0320000015199184
      ],
      [
        3.79522244091252e-16,
        -0.70710676908493,
        0.70710676908493,
        0.512786686420441
      ],
      [
        0.0,
        0.0,
        0.0,
        1.0
      ]
    ],
    "2": [
      [
        -1.0,
        1.56359542440955e-16,
        3.79050076162717e-16,
        8.88178482565852e-18
      ],
      [
        1.57465979228306e-16,
        -0.70710676908493,
        0.70710676908493,
        0.0320000015199184
      ],
      [
        3.78591751928913e-16,
        0.70710676908493,
        0.70710676908493,
        0.512786686420441
      ],
      [
        0.0,
        0.0,
        0.0,
        1.0
      ]
    ],
    "3": [
      [
        -1.0,
        2.79473941674685e-16,
        1.87500060237159e-16,
        -8.88178317129729e-18
      ],
      [
        3.302004684847e-16,
        0.70710676908493,
        0.70710676908493,
        0.0320000015199184
      ],
      [
        6.50353617437526e-17,
        0.70710676908493,
        -0.70710676908493,
        0.432786673307419
      ],
      [
        0.0,
        0.0,
        0.0,
        1.0
      ]
    ]
  },
  "arms_relative_to_base": {
    "0": [
      [
        1.57009243181279e-16,
        0.70710676908493,
        0.70710676908493,
        0.0400000214576721
      ],
      [
        1.61819655785299e-17,
        0.70710676908493,
        -0.70710676908493,
        -0.0320000015199184
      ],
      [
        -1.0,
        1.22464685258517e-16,
        9.95799262839594e-17,
        6.61744490042422e-24
      ],
      [
        0.0,
        0.0,
        0.0,
        1.0
      ]
    ],
    "1": [
      [
        -1.57477639166221e-16,
        0.70710676908493,
        -0.70710676908493,
        -0.0399999916553497
      ],
      [
        -1.56546207326706e-16,
        -0.70710676908493,
        -0.70710676908493,
        -0.0320000015199184
      ],
      [
        -1.0,
        -6.58621056049422e-19,
        2.22048416573294e-16,
        0.0
      ],
      [
        0.0,
        0.0,
        0.0,
        1.0
      ]
    ],
    "2": [
      [
        -1.56547147003882e-16,
        -0.70710676908493,
        -0.70710676908493,
        -0.0399999916553497
      ],
      [
        1.57465952758526e-16,
        -0.70710676908493,
        0.70710676908493,
        0.0320000015199184
      ],
      [
        -1.0,
        -6.49687505433849e-19,
        2.22040806511658e-16,
        0.0
      ],
      [
        0.0,
        0.0,
        0.0,
        1.0
      ]
    ],
    "3": [
      [
        1.57009243181279e-16,
        -0.70710676908493,
        0.70710676908493,
        0.0400000214576721
      ],
      [
        3.3020044201492e-16,
        0.70710676908493,
        0.70710676908493,
        0.0320000015199184
      ],
      [
        -1.0,
        1.22464672023627e-16,
        3.44509290183548e-16,
        6.61744490042422e-24
      ],
      [
        0.0,
        0.0,
        0.0,
        1.0
      ]
    ]
  },
  "arms_view_frame": {
    "0": [
      [
        -0.999999940395355,
        -3.45445446878721e-17,
        -5.74293301322091e-17,
        -8.88178399847791e-18
      ],
      [
        6.50353617437526e-17,
        -0.707106828689575,
        -0.707106709480286,
        0.432786673307419
      ],
      [
        -1.61819920483095e-17,
        -0.707106709480286,
        0.707106828689575,
        0.0319999828934669
      ],
      [
        0.0,
        0.0,
        0.0,
        1.0
      ]
    ],
    "1": [
      [
        -0.999999940395355,
        -1.57667864237328e-16,
        3.79057593580124e-16,
        8.88178234411668e-18
      ],
      [
        3.79522244091252e-16,
        -0.707106709480286,
        0.707106828689575,
        0.512786686420441
      ],
      [
        1.56546167622037e-16,
        0.707106828689575,
        0.707106709480286,
        0.0319999791681767
      ],
      [
        0.0,
        0.0,
        0.0,
        1.0
      ]
    ],
    "2": [
      [
        -0.999999940395355,
        1.56359529206065e-16,
        3.79050049692937e-16,
        8.88178399847791e-18
      ],
      [
        3.78591751928913e-16,
        0.707106828689575,
        0.707106709480286,
        0.512786686420441
      ],
      [
        -1.57465992463196e-16,
        0.707106709480286,
        -0.707106828689575,
        -0.0320000238716602
      ],
      [
        0.0,
        0.0,
        0.0,
        1.0
      ]
    ],
    "3": [
      [
        -0.999999940395355,
        2.79473915204906e-16,
        1.87500047002269e-16,
        -8.88178234411668e-18
      ],
      [
        6.50353485088628e-17,
        0.707106709480286,
        -0.707106828689575,
        0.432786673307419
      ],
      [
        -3.302004684847e-16,
        -0.707106828689575,
        -0.707106709480286,
        -0.0320000201463699
      ],
      [
        0.0,
        0.0,
        0.0,
        1.0
      ]
    ]
  },
  "arms_visual_world": {
    "0": [
      [
        -1.0,
        -3.45445479965946e-17,
        -5.7429336749654e-17,
        -8.88178482565852e-18
      ],
      [
        1.61819887395871e-17,
        0.70710676908493,
        -0.70710676908493,
        -0.0320000015199184
      ],
      [
        6.50353617437526e-17,
        -0.70710676908493,
        -0.70710676908493,
        0.432786673307419
      ],
      [
        0.0,
        0.0,
        0.0,
        1.0
      ]
    ],
    "1": [
      [
        -1.0,
        -1.57667877472218e-16,
        3.79057620049903e-16,
        8.88178317129729e-18
      ],
      [
        -1.56546180856927e-16,
        -0.70710676908493,
        -0.70710676908493,
        -0.0320000015199184
      ],
      [
        3.79522244091252e-16,
        -0.70710676908493,
        0.70710676908493,
        0.512786686420441
      ],
      [
        0.0,
        0.0,
        0.0,
        1.0
      ]
    ],
    "2": [
      [
        -1.0,
        1.56359542440955e-16,
        3.79050076162717e-16,
        8.88178482565852e-18
      ],
      [
        1.57465979228306e-16,
        -0.70710676908493,
        0.70710676908493,
        0.0320000015199184
      ],
      [
        3.78591751928913e-16,
        0.70710676908493,
        0.70710676908493,
        0.512786686420441
      ],
      [
        0.0,
        0.0,
        0.0,
        1.0
      ]
    ],
    "3": [
      [
        -1.0,
        2.79473941674685e-16,
        1.87500060237159e-16,
        -8.88178317129729e-18
      ],
      [
        3.302004684847e-16,
        0.70710676908493,
        0.70710676908493,
        0.0320000015199184
      ],
      [
        6.50353617437526e-17,
        0.70710676908493,
        -0.70710676908493,
        0.432786673307419
      ],
      [
        0.0,
        0.0,
        0.0,
        1.0
      ]
    ]
  },
  "base": [
    [
      -2.22044604925031e-16,
      2.37036798583065e-23,
      1.0,
      4.32829769322506e-36
    ],
    [
      1.3877592334696e-19,
      1.0,
      -2.37036798583065e-23,
      4.40371187375681e-23
    ],
    [
      -1.0,
      1.3877592334696e-19,
      -2.22044604925031e-16,
      0.472786694765091
    ],
    [
      0.0,
      0.0,
      0.0,
      1.0
    ]
  ],
  "base_link_world": [
    [
      -2.22044604925031e-16,
      2.37036798583065e-23,
      1.0,
      4.32829769322506e-36
    ],
    [
      1.3877592334696e-19,
      1.0,
      -2.37036798583065e-23,
      4.40371187375681e-23
    ],
    [
      -1.0,
      1.3877592334696e-19,
      -2.22044604925031e-16,
      0.472786694765091
    ],
    [
      0.0,
      0.0,
      0.0,
      1.0
    ]
  ],
  "base_view_frame": [
    [
      -2.22044591690142e-16,
      2.37036782805847e-23,
      0.999999940395355,
      4.32829733449266e-36
    ],
    [
      -1.0,
      -4.37113882867379e-08,
      -2.22044604925031e-16,
      0.472786694765091
    ],
    [
      4.37113882867379e-08,
      -1.0,
      3.34095593788817e-23,
      -2.06661621149351e-08
    ],
    [
      0.0,
      0.0,
      0.0,
      1.0
    ]
  ],
  "base_visual_world": [
    [
      -1.36595973660901e-21,
      2.22044591690142e-16,
      1.0,
      4.32829769322506e-36
    ],
    [
      0.999999940395355,
      6.25848770141602e-06,
      -2.37036798583065e-23,
      4.40371187375681e-23
    ],
    [
      -6.25848770141602e-06,
      0.999999940395355,
      -2.22044604925031e-16,
      0.472786694765091
    ],
    [
      0.0,
      0.0,
      0.0,
      1.0
    ]
  ],
  "view_adjust": [
    [
      0.999999940395355,
      0.0,
      0.0,
      0.0
    ],
    [
      0.0,
      -4.37113882867379e-08,
      1.0,
      0.0
    ],
    [
      0.0,
      -1.0,
      -4.37113882867379e-08,
      0.0
    ],
    [
      0.0,
      0.0,
      0.0,
      1.0
    ]
  ]
}