{
  "T_WB": [
    [
      -2.22044604925031e-16,
      1.8253487963063e-21,
      1.0,
      4.78809484334715e-37
    ],
    [
      -4.6815257888411e-21,
      1.0,
      -1.8253487963063e-21,
      1.28395353237378e-21
    ],
    [
      -1.0,
      -4.6815257888411e-21,
      -2.22044604925031e-16,
      0.4900708175
    ],
    [
      0.0,
      0.0,
      0.0,
      1.0
    ]
  ],
  "T_WH": {
    "0": [
      [
        -1.57019167843561e-16,
        -1.5635971223403e-16,
        1.0,
        -8.88184260816273e-18
      ],
      [
        -0.707106779455507,
        0.707106782917588,
        -4.6630499091933e-19,
        -0.032
      ],
      [
        -0.707106782917588,
        -0.707106779455507,
        -2.21592331184652e-16,
        0.4500708175
      ],
      [
        0.0,
        0.0,
        0.0,
        1.0
      ]
    ],
    "1": [
      [
        1.57019167843561e-16,
        1.56383365528703e-16,
        1.0,
        8.88184260816273e-18
      ],
      [
        0.707106779455507,
        -0.707106782917588,
        -4.49579585817653e-19,
        0.032
      ],
      [
        0.707106782917588,
        0.707106779455507,
        -2.21609056589672e-16,
        0.5300708175
      ],
      [
        0.0,
        0.0,
        0.0,
        1.0
      ]
    ],
    "2": [
      [
        -1.5701832158233e-16,
        1.5664937365994e-16,
        1.0,
        -8.88172578583977e-18
      ],
      [
        0.707106779455507,
        0.707106782917588,
        2.60885034855379e-19,
        0.032
      ],
      [
        -0.707106782917588,
        0.707106779455507,
        -2.21796554345603e-16,
        0.4500708175
      ],
      [
        0.0,
        0.0,
        0.0,
        1.0
      ]
    ],
    "3": [
      [
        1.5701832158233e-16,
        -1.56360783178871e-16,
        1.0,
        8.88172578583977e-18
      ],
      [
        -0.707106779455507,
        -0.707106782917588,
        4.64949321504386e-19,
        -0.032
      ],
      [
        0.707106782917588,
        -0.707106779455507,
        -2.21592490059953e-16,
        0.5300708175
      ],
      [
        0.0,
        0.0,
        0.0,
        1.0
      ]
    ]
  },
  "T_WP": {
    "0": [
      [
        -1.0,
        -1.5635971223403e-16,
        -9.57868278861934e-17,
        -1.9873184357212e-17
      ],
      [
        -4.28314977148597e-17,
        0.707106782917588,
        -0.707106779455507,
        -0.0814974745618855
      ],
      [
        1.78294528266882e-16,
        -0.707106779455507,
        -0.707106782917588,
        0.400573342695768
      ],
      [
        0.0,
        0.0,
        0.0,
        1.0
      ]
    ],
    "1": [
      [
        -1.0,
        1.56383365528703e-16,
        2.18251507800929e-16,
        1.9873184357212e-17
      ],
      [
        4.37473822915967e-17,
        -0.707106782917588,
        0.707106779455507,
        0.0814974745618855
      ],
      [
        2.64906859507442e-16,
        0.707106779455507,
        0.707106782917588,
        0.579568292304231
      ],
      [
        0.0,
        0.0,
        0.0,
        1.0
      ]
    ],
    "2": [
      [
        -1.0,
        1.5664937365994e-16,
        -9.57859816249623e-17,
        -1.98730082966029e-17
      ],
      [
        4.30369176709236e-17,
        0.707106782917588,
        0.707106779455507,
        0.0814974745618855
      ],
      [
        1.78498751427833e-16,
        0.707106779455507,
        -0.707106782917588,
        0.400573342695768
      ],
      [
        0.0,
        0.0,
        0.0,
        1.0
      ]
    ],
    "3": [
      [
        -1.0,
        -1.56360783178871e-16,
        2.18250661539698e-16,
        1.98730082966029e-17
      ],
      [
        -4.37627520272834e-17,
        -0.707106782917588,
        -0.707106779455507,
        -0.0814974745618855
      ],
      [
        2.64890292977723e-16,
        -0.707106779455507,
        0.707106782917588,
        0.579568292304231
      ],
      [
        0.0,
        0.0,
        0.0,
        1.0
      ]
    ]
  },
  "simTime": 0.0450000000000003,
  "state": [
    4.78809484334715e-37,
    1.28395353237378e-21,
    0.4900708175,
    0.707106781186548,
    -1.00981105984518e-21,
    0.707106781186548,
    -2.30052757174406e-21,
    2.57763979826265e-35,
    6.77858986739271e-20,
    -0.441297000000003,
    1.41406217213488e-19,
    -1.28976177732806e-18,
    -1.46788535927707e-18,
    1.0,
    3.2412126673203e-19,
    4.3154371533572e-21,
    -1.62042895384849e-20,
    1.0,
    -3.12294619395494e-19,
    -4.31543715335709e-21,
    1.60053989819289e-20,
    1.0,
    -1.80581270292307e-19,
    5.18302304653294e-21,
    1.18171427614019e-20,
    1.0,
    3.24876510826573e-19,
    -5.18302304653284e-21,
    -1.54128776020958e-20,
    2.23400597687471e-17,
    4.19122473698025e-19,
    -2.16999856259105e-18,
    -2.45376521331602e-17,
    -4.19122473698017e-19,
    2.09696315365561e-18,
    -1.07096687472782e-17,
    5.40642037698309e-19,
    1.40879257091165e-18,
    2.23402641690952e-17,
    -5.40642037698302e-19,
    -2.05815701715447e-18
  ]
}