{
  "T_WB": [
    [
      -0.995547861772848,
      0.0661504938143472,
      -0.0671458642630229,
      -0.226395422532918
    ],
    [
      0.0682351229263537,
      0.997240678553304,
      -0.02924033238134,
      -0.000754518537709523
    ],
    [
      0.0650263248133837,
      -0.033691856681754,
      -0.997314612283707,
      0.176141688039171
    ],
    [
      0.0,
      0.0,
      0.0,
      1.0
    ]
  ],
  "T_WH": {
    "0": [
      [
        -0.758785320709459,
        -0.308418556421201,
        -0.57369227912785,
        -0.268334152805891
      ],
      [
        -0.482582516636402,
        0.857747611825982,
        0.177152897361861,
        -0.0299368153343611
      ],
      [
        0.437445941474739,
        0.41127488187572,
        -0.799683699862259,
        0.179820880445523
      ],
      [
        0.0,
        0.0,
        0.0,
        1.0
      ]
    ],
    "1": [
      [
        0.692914462622053,
        0.697003899929783,
        0.184540269241878,
        -0.184456692259945
      ],
      [
        0.719178160079618,
        -0.649842388335414,
        -0.245942359887477,
        0.0284277782589421
      ],
      [
        -0.0515006946913032,
        0.303134349431402,
        -0.951555171622284,
        0.17246249563282
      ],
      [
        0.0,
        0.0,
        0.0,
        1.0
      ]
    ],
    "2": [
      [
        -0.687107024138816,
        0.410676259851904,
        -0.599357111389489,
        -0.264100521201773
      ],
      [
        0.604779099522641,
        0.780448443925181,
        -0.158563763689397,
        0.0338865880930504
      ],
      [
        0.402648951519415,
        -0.471428929923499,
        -0.784620026427761,
        0.177664601617891
      ],
      [
        0.0,
        0.0,
        0.0,
        1.0
      ]
    ],
    "3": [
      [
        0.586598144401424,
        -0.778807466091854,
        0.222174588430794,
        -0.188690323864063
      ],
      [
        -0.809855239123043,
        -0.566141004102208,
        0.153684270955431,
        -0.0353956251684694
      ],
      [
        0.00609168693923198,
        -0.270080162606826,
        -0.962818569158544,
        0.174618774460452
      ],
      [
        0.0,
        0.0,
        0.0,
        1.0
      ]
    ]
  },
  "T_WP": {
    "0": [
      [
        0.57369227912785,
        -0.308418556421201,
        -0.758785320709459,
        -0.321449125255553
      ],
      [
        -0.177152897361861,
        0.857747611825982,
        -0.482582516636402,
        -0.0637175914989093
      ],
      [
        0.799683699862259,
        0.41127488187572,
        0.437445941474739,
        0.210442096348755
      ],
      [
        0.0,
        0.0,
        0.0,
        1.0
      ]
    ],
    "1": [
      [
        -0.184540269241878,
        0.697003899929783,
        0.692914462622053,
        -0.135952679876401
      ],
      [
        0.245942359887477,
        -0.649842388335414,
        0.719178160079618,
        0.0787702494645153
      ],
      [
        0.951555171622284,
        0.303134349431402,
        -0.0515006946913032,
        0.168857447004429
      ],
      [
        0.0,
        0.0,
        0.0,
        1.0
      ]
    ],
    "2": [
      [
        0.599357111389489,
        0.410676259851904,
        -0.687107024138816,
        -0.31219801289149
      ],
      [
        0.158563763689398,
        0.780448443925181,
        0.604779099522641,
        0.0762211250596352
      ],
      [
        0.784620026427761,
        -0.471428929923499,
        0.402648951519415,
        0.20585002822425
      ],
      [
        0.0,
        0.0,
        0.0,
        1.0
      ]
    ],
    "3": [
      [
        -0.222174588430794,
        -0.778807466091854,
        0.586598144401424,
        -0.147628453755963
      ],
      [
        -0.153684270955431,
        -0.566141004102208,
        -0.809855239123043,
        -0.0920854919070824
      ],
      [
        0.962818569158544,
        -0.270080162606826,
        0.00609168693923193,
        0.175045192546199
      ],
      [
        0.0,
        0.0,
        0.0,
        1.0
      ]
    ]
  },
  "simTime": 1.00699999999991,
  "state": [
    -0.226395422532918,
    -0.000754518537709523,
    0.176141688039171,
    -0.0330840010305175,
    0.0336380437806467,
    0.99876212791258,
    -0.0157525469038916,
    -0.439902568090988,
    -0.00574971127873913,
    -0.591511076025182,
    0.464753017865224,
    12.785392546379,
    -0.27022179281689,
    0.949486946041374,
    -0.238895497295882,
    0.165801974300508,
    0.117954169009966,
    0.985007561864742,
    -0.16694645312126,
    0.0151255751501148,
    -0.0407455744331257,
    0.948342228204115,
    0.242295616950042,
    0.166120200707819,
    -0.119766151847873,
    0.984132078594142,
    0.17100392601679,
    0.0186302240427977,
    0.0435272778948324,
    1.05532633265355,
    -1.82425210703529,
    2.44788494037768,
    -0.843897794042179,
    -0.578439645594684,
    1.4556293675052,
    -1.02317427210774,
    -1.82634733385209,
    -2.49985374877504,
    0.843809039847171,
    -0.586069301740917,
    -1.51909011896264
  ]
}