{
  "T_WB": [
    [
      0.0913599869897924,
      -1.42403977398087e-05,
      0.995817931438491,
      -0.00164669278789895
    ],
    [
      0.000139324850490068,
      0.999999990293141,
      1.51802957722217e-06,
      -3.53411741438002e-06
    ],
    [
      -0.995817921793844,
      0.000138603497250571,
      0.0913599880870152,
      0.205770575628115
    ],
    [
      0.0,
      0.0,
      0.0,
      1.0
    ]
  ],
  "T_WH": {
    "0": [
      [
        0.133612850698969,
        -0.0864483337368591,
        0.987255940332706,
        0.00365485517231937
      ],
      [
        -0.64440414578895,
        0.749259109603697,
        0.15282042915098,
        -0.0319944266953609
      ],
      [
        -0.752921578265697,
        -0.656610594089066,
        0.0444029808897428,
        -0.0398371521836658
      ],
      [
        0.0,
        0.0,
        0.0,
        1.0
      ]
    ],
    "1": [
      [
        -0.029036982497079,
        -0.0051163892527576,
        0.999565243597675,
        -0.00365485517231937
      ],
      [
        0.686438517883369,
        -0.727006938651319,
        0.0162195042748304,
        0.0319944266953609
      ],
      [
        0.726607882432848,
        0.686611049804656,
        0.0246221744084506,
        0.0398371521836658
      ],
      [
        0.0,
        0.0,
        0.0,
        1.0
      ]
    ],
    "2": [
      [
        0.134074814728693,
        0.0861008635111144,
        0.98722367544448,
        0.00365394378686402
      ],
      [
        0.644210587199437,
        0.749419315165046,
        -0.152850938491428,
        0.0320055726834001
      ],
      [
        -0.753005088558918,
        0.65647340491462,
        0.045011167993984,
        -0.0398282815598418
      ],
      [
        0.0,
        0.0,
        0.0,
        1.0
      ]
    ],
    "3": [
      [
        -0.0290260998590125,
        0.00529201966808558,
        0.999564645260529,
        -0.00365394378686402
      ],
      [
        -0.686631186245757,
        -0.726827833006495,
        -0.0160908434156423,
        -0.0320055726834001
      ],
      [
        0.726426252004785,
        -0.686799312532354,
        0.0247306430034897,
        0.0398282815598418
      ],
      [
        0.0,
        0.0,
        0.0,
        1.0
      ]
    ]
  },
  "T_WP": {
    "0": [
      [
        -0.987255940332706,
        -0.0864483337368591,
        0.13361285069897,
        0.0130077547212472
      ],
      [
        -0.15282042915098,
        0.749259109603697,
        -0.64440414578895,
        -0.0771027169005874
      ],
      [
        -0.0444029808897429,
        -0.656610594089066,
        -0.752921578265697,
        -0.0925416626622646
      ],
      [
        0.0,
        0.0,
        0.0,
        1.0
      ]
    ],
    "1": [
      [
        -0.999565243597675,
        -0.0051163892527576,
        -0.0290369824970789,
        -0.0056874439471149
      ],
      [
        -0.0162195042748304,
        -0.727006938651319,
        0.686438517883369,
        0.0800451229471967
      ],
      [
        -0.0246221744084506,
        0.686611049804656,
        0.726607882432848,
        0.0906997039539652
      ],
      [
        0.0,
        0.0,
        0.0,
        1.0
      ]
    ],
    "2": [
      [
        -0.98722367544448,
        0.0861008635111144,
        0.134074814728693,
        0.0130391808178725
      ],
      [
        0.152850938491428,
        0.749419315165046,
        0.644210587199437,
        0.0771003137873607
      ],
      [
        -0.045011167993984,
        0.65647340491462,
        -0.753005088558918,
        -0.092538637758966
      ],
      [
        0.0,
        0.0,
        0.0,
        1.0
      ]
    ],
    "3": [
      [
        -0.999564645260529,
        0.00529201966808558,
        -0.0290260998590125,
        -0.0056857707769949
      ],
      [
        0.0160908434156422,
        -0.726827833006495,
        -0.686631186245757,
        -0.0800697557206031
      ],
      [
        -0.0247306430034896,
        -0.686799312532354,
        0.726426252004785,
        0.0906781192001767
      ],
      [
        0.0,
        0.0,
        0.0,
        1.0
      ]
    ]
  }
}