{
  "T_WB": [
    [
      0.908199637081866,
      -0.00198300884075056,
      0.418532539810591,
      -0.0412570553232012
    ],
    [
      0.00160905400943276,
      0.999997928703524,
      0.00124640838242938,
      4.18719269639638e-05
    ],
    [
      -0.418534144544458,
      -0.000458546179317854,
      0.908200946699485,
      0.356267255254894
    ],
    [
      0.0,
      0.0,
      0.0,
      1.0
    ]
  ],
  "T_WH": {
    "0": [
      [
        0.205127533662931,
        0.889589420817873,
        -0.408109491806161,
        -0.00486561355702255
      ],
      [
        -0.793425589096632,
        -0.0930009960803998,
        -0.601520281698561,
        -0.0318936996311715
      ],
      [
        -0.573060668254265,
        0.447192885785288,
        0.686745945312385,
        0.339540562950854
      ],
      [
        0.0,
        0.0,
        0.0,
        1.0
      ]
    ],
    "1": [
      [
        -0.627193704727386,
        -0.603953522049821,
        0.491800975958723,
        -0.0776484970893799
      ],
      [
        0.71427368292353,
        -0.697779442148809,
        0.0540088511019539,
        0.0319774434850994
      ],
      [
        0.310549774807829,
        0.385154505774128,
        0.869030979913084,
        0.372993947558935
      ],
      [
        0.0,
        0.0,
        0.0,
        1.0
      ]
    ],
    "2": [
      [
        0.202330320581334,
        -0.888817991649789,
        -0.411175168380935,
        -0.00499252612283058
      ],
      [
        0.79336260397662,
        -0.0973851220404951,
        0.600909241580286,
        0.0321061678058541
      ],
      [
        -0.574141289217986,
        -0.44779316176645,
        0.68545099335424,
        0.339511215995378
      ],
      [
        0.0,
        0.0,
        0.0,
        1.0
      ]
    ],
    "3": [
      [
        -0.624655867760247,
        0.606355423545458,
        0.492075347085892,
        -0.0775215845235719
      ],
      [
        -0.71620808484605,
        -0.695979359840345,
        -0.051562679113645,
        -0.0320224239519261
      ],
      [
        0.311208974924962,
        -0.384637272002119,
        0.8690242475978,
        0.373023294514411
      ],
      [
        0.0,
        0.0,
        0.0,
        1.0
      ]
    ]
  },
  "T_WP": {
    "0": [
      [
        0.408109491806161,
        0.889589420817873,
        0.205127533662931,
        0.00949331379938265
      ],
      [
        0.601520281698561,
        -0.0930009960803998,
        -0.793425589096632,
        -0.0874334908679358
      ],
      [
        -0.686745945312385,
        0.447192885785288,
        -0.573060668254265,
        0.299426316173056
      ],
      [
        0.0,
        0.0,
        0.0,
        1.0
      ]
    ],
    "1": [
      [
        -0.491800975958723,
        -0.603953522049821,
        -0.627193704727386,
        -0.121552056420297
      ],
      [
        -0.0540088511019538,
        -0.697779442148809,
        0.71427368292353,
        0.0819766012897465
      ],
      [
        -0.869030979913084,
        0.385154505774128,
        0.310549774807829,
        0.394732431795483
      ],
      [
        0.0,
        0.0,
        0.0,
        1.0
      ]
    ],
    "2": [
      [
        0.411175168380935,
        -0.888817991649789,
        0.202330320581334,
        0.00917059631786282
      ],
      [
        -0.600909241580286,
        -0.0973851220404951,
        0.79336260397662,
        0.0876415500842174
      ],
      [
        -0.68545099335424,
        -0.44779316176645,
        -0.574141289217986,
        0.299321325750119
      ],
      [
        0.0,
        0.0,
        0.0,
        1.0
      ]
    ],
    "3": [
      [
        -0.492075347085892,
        0.606355423545458,
        -0.624655867760247,
        -0.121247495266789
      ],
      [
        0.051562679113645,
        -0.695979359840345,
        -0.71620808484605,
        -0.0821569898911497
      ],
      [
        -0.8690242475978,
        -0.384637272002119,
        0.311208974924962,
        0.394807922759158
      ],
      [
        0.0,
        0.0,
        0.0,
        1.0
      ]
    ]
  },
  "simTime": 0.497499999999962,
  "state": [
    -0.0412570553232012,
    4.18719269639638e-05,
    0.356267255254894,
    0.976780235324824,
    -0.000436371074088191,
    0.214241303745434,
    0.000919363107554279,
    -0.263512136222198,
    5.45531333472697e-05,
    0.0341823882017764,
    -0.0112610463863143,
    -4.31249505574305,
    0.00165591478390459,
    0.819358357021866,
    0.509345827509051,
    0.120389327540385,
    -0.233934009053671,
    0.998773385644577,
    0.0480782763645837,
    -0.0104921728280499,
    -0.00548796676608718,
    0.819106887380761,
    -0.509791794463909,
    0.12049610103204,
    0.233788201111061,
    0.998768675524294,
    -0.0482120876249211,
    -0.0104227683941442,
    0.00530031105665465,
    -1.98439402444694,
    -1.45509793072151,
    -5.40935464976097,
    -0.025246125541684,
    0.279615774305884,
    -0.60946221519681,
    1.98365140284258,
    -1.45530465427583,
    5.41454947492701,
    0.0221730723057463,
    0.278992285158504,
    0.610367359321146
  ]
}