{
  "T_WB": [
    [
      -0.427860536698851,
      -0.667977858748632,
      0.608884998466347,
      -0.102166637711751
    ],
    [
      -0.538022815563789,
      0.729533872136053,
      0.422269794490429,
      0.00115107367468822
    ],
    [
      -0.726269103754651,
      -0.146921440327029,
      -0.671526082370333,
      0.849250411380327
    ],
    [
      0.0,
      0.0,
      0.0,
      1.0
    ]
  ],
  "T_WH": {
    "0": [
      [
        -0.119917273936847,
        -0.366992339790906,
        0.922462178057373,
        0.00426087001200219
      ],
      [
        -0.860661662340087,
        0.501574241739215,
        0.087662894098533,
        -0.0448659965309053
      ],
      [
        -0.494854878110294,
        -0.783415536327005,
        -0.376003652976826,
        -0.0243492780597211
      ],
      [
        0.0,
        0.0,
        0.0,
        1.0
      ]
    ],
    "1": [
      [
        -0.353509722726855,
        0.703651129239906,
        0.61636512251829,
        -0.00426087001200219
      ],
      [
        0.896626831735789,
        0.0670749772295495,
        0.437677132188897,
        0.0448659965309053
      ],
      [
        0.266629331749198,
        0.707372628639998,
        -0.654624139260015,
        0.0243492780597211
      ],
      [
        0.0,
        0.0,
        0.0,
        1.0
      ]
    ],
    "2": [
      [
        -0.808073537577382,
        -0.557259394354295,
        0.190995092269564,
        -0.0384897129479103
      ],
      [
        -0.160196285961641,
        0.519884868131794,
        0.839080969782823,
        0.00182417128580213
      ],
      [
        -0.566881211393773,
        0.647442423147781,
        -0.509376089817001,
        -0.033752250240651
      ],
      [
        0.0,
        0.0,
        0.0,
        1.0
      ]
    ],
    "3": [
      [
        0.769154908169279,
        -0.0522904484456084,
        0.636919489606391,
        0.0384897129479103
      ],
      [
        -0.401321296559919,
        -0.815138550953374,
        0.417720432439089,
        -0.00182417128580213
      ],
      [
        0.497334841094583,
        -0.576901076226237,
        -0.647953087871673,
        0.033752250240651
      ],
      [
        0.0,
        0.0,
        0.0,
        1.0
      ]
    ]
  },
  "T_WP": {
    "0": [
      [
        -0.922462178057373,
        -0.366992339790906,
        -0.119917273936847,
        -0.0041333391635771
      ],
      [
        -0.0876628940985331,
        0.501574241739215,
        -0.860661662340087,
        -0.105112312894711
      ],
      [
        0.376003652976826,
        -0.783415536327005,
        -0.494854878110294,
        -0.0589891195274417
      ],
      [
        0.0,
        0.0,
        0.0,
        1.0
      ]
    ],
    "1": [
      [
        -0.61636512251829,
        0.703651129239906,
        -0.353509722726855,
        -0.029006550602882
      ],
      [
        -0.437677132188897,
        0.0670749772295495,
        0.896626831735789,
        0.107629874752411
      ],
      [
        0.654624139260015,
        0.707372628639998,
        0.266629331749198,
        0.043013331282165
      ],
      [
        0.0,
        0.0,
        0.0,
        1.0
      ]
    ],
    "2": [
      [
        -0.190995092269564,
        -0.557259394354295,
        -0.808073537577382,
        -0.095054860578327
      ],
      [
        -0.839080969782823,
        0.519884868131794,
        -0.160196285961641,
        -0.00938956873151272
      ],
      [
        0.509376089817001,
        0.647442423147781,
        -0.566881211393773,
        -0.0734339350382151
      ],
      [
        0.0,
        0.0,
        0.0,
        1.0
      ]
    ],
    "3": [
      [
        -0.636919489606391,
        -0.0522904484456084,
        0.769154908169279,
        0.0923305565197598
      ],
      [
        -0.417720432439089,
        -0.815138550953374,
        -0.401321296559919,
        -0.0299166620449964
      ],
      [
        0.647953087871673,
        -0.576901076226237,
        0.497334841094582,
        0.0685656891172717
      ],
      [
        0.0,
        0.0,
        0.0,
        1.0
      ]
    ]
  }
}