{
  "T_WB": [
    [
      0.0504940696212206,
      0.107000487775681,
      -0.99297595366094,
      -0.281168127657745
    ],
    [
      -0.159847895553813,
      0.982292872534976,
      0.0977208414515653,
      -0.00363487676576984
    ],
    [
      0.98584937958093,
      0.153790793556542,
      0.0667037674883839,
      0.154442167499173
    ],
    [
      0.0,
      0.0,
      0.0,
      1.0
    ]
  ],
  "T_WH": {
    "0": [
      [
        0.305797743714068,
        0.264710771659006,
        -0.914557787844529,
        -0.282572380481718
      ],
      [
        -0.47878460898613,
        0.873034959967275,
        0.0926026828603675,
        -0.0414621645090416
      ],
      [
        0.82295384933627,
        0.409558501367793,
        0.393711564244668,
        0.188954837288601
      ],
      [
        0.0,
        0.0,
        0.0,
        1.0
      ]
    ],
    "1": [
      [
        0.33968557363683,
        0.205921169137684,
        -0.917720100664678,
        -0.279763874833772
      ],
      [
        0.729140832889574,
        -0.673999810784832,
        0.118650330278128,
        0.0341924109775019
      ],
      [
        -0.594110559471985,
        -0.709451004060873,
        -0.379093545132206,
        0.119929497709745
      ],
      [
        0.0,
        0.0,
        0.0,
        1.0
      ]
    ],
    "2": [
      [
        0.352696546428041,
        0.0104662467574634,
        -0.935679220575377,
        -0.275724349264075
      ],
      [
        0.206108891501043,
        0.974510464441392,
        0.0885916448568025,
        0.0214045793331969
      ],
      [
        0.912756413826791,
        -0.224097774136724,
        0.341549288749108,
        0.198797448076219
      ],
      [
        0.0,
        0.0,
        0.0,
        1.0
      ]
    ],
    "3": [
      [
        -0.0343461508373647,
        -0.392416665153543,
        -0.919146072630694,
        -0.286611906051416
      ],
      [
        -0.364213080215475,
        -0.851528446292266,
        0.37715797400431,
        -0.0286743328647366
      ],
      [
        -0.930682101537691,
        0.347718946945449,
        -0.113676557884796,
        0.110086886922126
      ],
      [
        0.0,
        0.0,
        0.0,
        1.0
      ]
    ]
  },
  "T_WP": {
    "0": [
      [
        0.914557787844529,
        0.264710771659006,
        0.305797743714068,
        -0.261166538421734
      ],
      [
        -0.0926026828603675,
        0.873034959967275,
        -0.47878460898613,
        -0.0749770871380706
      ],
      [
        -0.393711564244668,
        0.409558501367793,
        0.82295384933627,
        0.24656160674214
      ],
      [
        0.0,
        0.0,
        0.0,
        1.0
      ]
    ],
    "1": [
      [
        0.917720100664678,
        0.205921169137684,
        0.33968557363683,
        -0.255985884679194
      ],
      [
        -0.118650330278128,
        -0.673999810784832,
        0.729140832889574,
        0.0852322692797721
      ],
      [
        0.379093545132206,
        -0.709451004060873,
        -0.594110559471985,
        0.0783417585467061
      ],
      [
        0.0,
        0.0,
        0.0,
        1.0
      ]
    ],
    "2": [
      [
        0.935679220575377,
        0.0104662467574634,
        0.352696546428041,
        -0.251035591014112
      ],
      [
        -0.0885916448568025,
        0.974510464441392,
        0.206108891501043,
        0.0358322017382699
      ],
      [
        -0.341549288749108,
        -0.224097774136724,
        0.912756413826791,
        0.262690397044095
      ],
      [
        0.0,
        0.0,
        0.0,
        1.0
      ]
    ],
    "3": [
      [
        0.919146072630694,
        -0.392416665153543,
        -0.0343461508373647,
        -0.289016136610032
      ],
      [
        -0.37715797400431,
        -0.851528446292266,
        -0.364213080215475,
        -0.0541692484798198
      ],
      [
        0.113676557884795,
        0.347718946945449,
        -0.930682101537691,
        0.044939139814488
      ],
      [
        0.0,
        0.0,
        0.0,
        1.0
      ]
    ]
  },
  "simTime": 1.15049999999989,
  "state": [
    -0.281168127657745,
    -0.00363487676576984,
    0.154442167499173,
    -0.72448097104834,
    -0.0193483177425081,
    0.682842411436448,
    0.092082606028754,
    -0.304116752244048,
    -0.0197271833147369,
    0.273706290607199,
    -1.85554956129908,
    8.80024260734567,
    -2.80894603190347,
    0.957774671141859,
    -0.109496931617028,
    0.127623852867125,
    0.23321718089564,
    0.973436262264946,
    -0.168566154201509,
    0.15097892028635,
    0.0348232766197122,
    0.971407240249093,
    0.0609114125434945,
    0.126555835204909,
    -0.191419419049338,
    0.976672345890476,
    0.170066666576472,
    0.00977675613690718,
    -0.130739713674926,
    2.1729478452874,
    -1.34937186031503,
    0.902248893478286,
    -0.0240690171298715,
    -1.15560913161772,
    1.71232227677522,
    -2.07359094830393,
    -1.28853507714268,
    -0.441475707666754,
    -0.697311211350762,
    -0.220517620765775,
    -2.03823113651271
  ]
}