{
  "T_WB": [
    [
      -4.76422165762713e-06,
      -7.66817322818615e-08,
      0.999999999988648,
      -3.15753939336739e-05
    ],
    [
      2.73714725367324e-08,
      0.999999999999997,
      7.6681862686494e-08,
      7.55775268980432e-09
    ],
    [
      -0.999999999988651,
      2.73718378658126e-08,
      -4.76422165562873e-06,
      0.12309383181126
    ],
    [
      0.0,
      0.0,
      0.0,
      1.0
    ]
  ],
  "T_WH": {
    "0": [
      [
        0.00227576070923265,
        0.0080437693625947,
        0.999965058733372,
        -3.1763508984546e-05
      ],
      [
        -0.705437921170764,
        0.708759877179946,
        -0.00409583619539781,
        -0.0319999913473883
      ],
      [
        -0.708768058173805,
        -0.705403951133186,
        0.00728734781829246,
        0.083093830935815
      ],
      [
        0.0,
        0.0,
        0.0,
        1.0
      ]
    ],
    "1": [
      [
        2.66779365489424e-05,
        0.000401421921915223,
        0.999999919074361,
        -3.13872788828019e-05
      ],
      [
        0.707108755114981,
        -0.707104757602197,
        0.000264983169733845,
        0.0320000064628937
      ],
      [
        0.707104806749346,
        0.707108690822549,
        -0.000302713051338203,
        0.163093832686705
      ],
      [
        0.0,
        0.0,
        0.0,
        1.0
      ]
    ],
    "2": [
      [
        0.00227871428243738,
        -0.00804226995236293,
        0.999965064067357,
        -3.1768416615412e-05
      ],
      [
        0.705435826700252,
        0.70876197987802,
        0.00409271146319737,
        0.0320000086526115
      ],
      [
        -0.708770133307655,
        0.705401855521661,
        0.00728837139878828,
        0.0830938326876126
      ],
      [
        0.0,
        0.0,
        0.0,
        1.0
      ]
    ],
    "3": [
      [
        2.66762807558224e-05,
        -0.000401266993063767,
        0.999999919136585,
        -3.13823712519358e-05
      ],
      [
        -0.707108718900851,
        -0.70710479385713,
        -0.000264874805120418,
        -0.0319999935371061
      ],
      [
        0.707104842963739,
        -0.707108654655751,
        -0.000302602315407338,
        0.163093830934907
      ],
      [
        0.0,
        0.0,
        0.0,
        1.0
      ]
    ]
  },
  "T_WP": {
    "0": [
      [
        -0.999965058733372,
        0.0080437693625947,
        0.00227576070923271,
        0.000127539740661739
      ],
      [
        0.00409583619539777,
        0.708759877179946,
        -0.705437921170764,
        -0.0813806458293418
      ],
      [
        -0.0072873478182925,
        -0.705403951133186,
        -0.708768058173805,
        0.0334800668636487
      ],
      [
        0.0,
        0.0,
        0.0,
        1.0
      ]
    ],
    "1": [
      [
        -0.999999919074361,
        0.000401421921915223,
        2.66779365490036e-05,
        -2.95198233243759e-05
      ],
      [
        -0.000264983169733801,
        -0.707104757602197,
        0.707108755114981,
        0.0814976193209423
      ],
      [
        0.000302713051338247,
        0.707108690822549,
        0.707104806749346,
        0.212591169159159
      ],
      [
        0.0,
        0.0,
        0.0,
        1.0
      ]
    ],
    "2": [
      [
        -0.999965064067357,
        -0.00804226995236293,
        0.00227871428243745,
        0.000127741583155205
      ],
      [
        -0.00409271146319733,
        0.70876197987802,
        0.705435826700252,
        0.0813805165216292
      ],
      [
        -0.00728837139878832,
        0.705401855521661,
        -0.708770133307655,
        0.0334799233560768
      ],
      [
        0.0,
        0.0,
        0.0,
        1.0
      ]
    ],
    "3": [
      [
        -0.999999919136585,
        -0.000401266993063767,
        2.66762807558836e-05,
        -2.95150315990283e-05
      ],
      [
        0.000264874805120374,
        -0.70710479385713,
        -0.707108718900851,
        -0.0814976038601657
      ],
      [
        0.000302602315407381,
        -0.707108654655751,
        0.707104842963739,
        0.212591169942369
      ],
      [
        0.0,
        0.0,
        0.0,
        1.0
      ]
    ]
  },
  "simTime": 0.277499999999986,
  "state": [
    -3.15753939336739e-05,
    7.55775268980432e-09,
    0.12309383181126,
    0.707105096777821,
    -1.74337679948074e-08,
    0.707108465591261,
    3.67884509999821e-08,
    -0.0451779894452896,
    8.63352861057653e-06,
    -1.7508434944834,
    -8.39250661880901e-05,
    -0.0886698937553255,
    -1.40457554738373e-06,
    0.999990557385388,
    0.00402497147338722,
    -0.00113479510774645,
    0.00118194109948998,
    0.999999980130388,
    0.000198999426131553,
    -1.16819579889208e-05,
    -1.40850041705716e-06,
    0.999990557092422,
    -0.00402417092351375,
    -0.00113632089036949,
    -0.00118344801338586,
    0.999999980135728,
    -0.00019897618459516,
    -1.16268970180886e-05,
    1.35553408781917e-06,
    11.346704278534,
    -3.20164184566111,
    3.3154170960927,
    0.563018596159071,
    -0.10305987066271,
    0.0627313541460592,
    -11.344925656972,
    -3.20512633896229,
    -3.31886024484412,
    -0.563034072827131,
    -0.102941850685621,
    -0.0628447858294613
  ]
}