{
  "T_WB": [
    [
      -0.369517014814145,
      0.0626912341521623,
      0.927106781834392,
      -0.181609266104528
    ],
    [
      0.0361604693020359,
      0.997935960874389,
      -0.05306824336235,
      -0.000459221440265385
    ],
    [
      -0.928520110833739,
      0.0139149974555457,
      -0.371021261686055,
      0.191249435798564
    ],
    [
      0.0,
      0.0,
      0.0,
      1.0
    ]
  ],
  "T_WH": {
    "0": [
      [
        -0.598209659550291,
        -0.659221996209917,
        0.455600222710369,
        -0.198396066189963
      ],
      [
        -0.728635954611058,
        0.684099215212625,
        0.0331347158355509,
        -0.0309467534161644
      ],
      [
        -0.333518888323821,
        -0.3121451961163,
        -0.889567607139985,
        0.153663351446637
      ],
      [
        0.0,
        0.0,
        0.0,
        1.0
      ]
    ],
    "1": [
      [
        0.210176348901299,
        0.0487880932376591,
        0.976445402631787,
        -0.164822466019093
      ],
      [
        0.819662767054829,
        -0.553185888255789,
        -0.148789520258232,
        0.0300283105356336
      ],
      [
        0.532896660401001,
        0.831627978721789,
        -0.156256373759832,
        0.228835520150491
      ],
      [
        0.0,
        0.0,
        0.0,
        1.0
      ]
    ],
    "2": [
      [
        -0.500546327280714,
        0.740735045238575,
        0.44806803836158,
        -0.194383827204225
      ],
      [
        0.806841204656262,
        0.586762386815586,
        -0.0686816706793617,
        0.0329211480797965
      ],
      [
        -0.313784392082556,
        0.327141397829568,
        -0.89135731393841,
        0.154553911283792
      ],
      [
        0.0,
        0.0,
        0.0,
        1.0
      ]
    ],
    "3": [
      [
        0.0966190529889413,
        -0.110101398741703,
        0.989213041055687,
        -0.168834705004832
      ],
      [
        -0.860466892303974,
        -0.508768146225353,
        0.0274171595020306,
        -0.0338395909603273
      ],
      [
        0.500261417509148,
        -0.853834091250483,
        -0.143895304892827,
        0.227944960313336
      ],
      [
        0.0,
        0.0,
        0.0,
        1.0
      ]
    ]
  },
  "T_WP": {
    "0": [
      [
        -0.455600222710369,
        -0.659221996209917,
        -0.598209659550291,
        -0.240270742358484
      ],
      [
        -0.033134715835551,
        0.684099215212625,
        -0.728635954611058,
        -0.0819512702389385
      ],
      [
        0.889567607139985,
        -0.3121451961163,
        -0.333518888323821,
        0.13031702926397
      ],
      [
        0.0,
        0.0,
        0.0,
        1.0
      ]
    ],
    "1": [
      [
        -0.976445402631787,
        0.0487880932376591,
        0.210176348901299,
        -0.150110121596002
      ],
      [
        0.148789520258232,
        -0.553185888255789,
        0.819662767054829,
        0.0874047042294717
      ],
      [
        0.156256373759832,
        0.831627978721789,
        0.532896660401001,
        0.266138286378562
      ],
      [
        0.0,
        0.0,
        0.0,
        1.0
      ]
    ],
    "2": [
      [
        -0.44806803836158,
        0.740735045238575,
        -0.500546327280714,
        -0.229422070113875
      ],
      [
        0.0686816706793618,
        0.586762386815586,
        0.806841204656262,
        0.0894000324057349
      ],
      [
        0.89135731393841,
        0.327141397829568,
        -0.313784392082556,
        0.132589003838013
      ],
      [
        0.0,
        0.0,
        0.0,
        1.0
      ]
    ],
    "3": [
      [
        -0.989213041055687,
        -0.110101398741703,
        0.0966190529889414,
        -0.162071371295606
      ],
      [
        -0.0274171595020307,
        -0.508768146225353,
        -0.860466892303974,
        -0.0940722734216055
      ],
      [
        0.143895304892827,
        -0.853834091250483,
        0.500261417509148,
        0.262963259538977
      ],
      [
        0.0,
        0.0,
        0.0,
        1.0
      ]
    ]
  },
  "simTime": 0.909999999999916,
  "state": [
    -0.181609266104528,
    -0.000459221440265385,
    0.191249435798564,
    0.560668726694781,
    0.0298675660103119,
    0.827416799046072,
    -0.0118299646417452,
    -0.462859990270516,
    -0.00142718954661157,
    0.2727504079443,
    0.476844089879848,
    13.0571812546035,
    -0.226147366930517,
    0.934934573437877,
    -0.276047966256586,
    0.220130517623913,
    -0.0351769658550346,
    0.987528265688327,
    -0.11482056293754,
    0.0353050022856403,
    -0.101772882473295,
    0.9347062283856,
    0.277627243356541,
    0.219182548985515,
    0.0347331338008532,
    0.986327537040929,
    0.118314812869424,
    0.0384958049033803,
    0.108063258026436,
    -0.882851699948643,
    -2.18885013911423,
    2.96012223664729,
    -1.23233541936836,
    -0.777146025952501,
    0.824583303407732,
    0.928534999203042,
    -2.15973926618087,
    -2.94694929037684,
    1.26251732381538,
    -0.800993086888114,
    -0.888748470074303
  ]
}