{
  "T_WB": [
    [
      0.394350977847326,
      0.0344395843859273,
      0.918314336868473,
      -0.155140118005418
    ],
    [
      0.0104307395098825,
      0.999065376837477,
      -0.0419472582878369,
      -0.00036331246698201
    ],
    [
      -0.918900705160321,
      0.0261206399598884,
      0.393623177955708,
      0.158691605400205
    ],
    [
      0.0,
      0.0,
      0.0,
      1.0
    ]
  ],
  "T_WH": {
    "0": [
      [
        -0.278445708329957,
        -0.196808897450628,
        0.940071404413993,
        -0.140468145591875
      ],
      [
        -0.840591654932709,
        0.523425027813259,
        -0.139398385629744,
        -0.031916174945386
      ],
      [
        -0.464622058419656,
        -0.829031059818001,
        -0.311181369440596,
        0.121099716715076
      ],
      [
        0.0,
        0.0,
        0.0,
        1.0
      ]
    ],
    "1": [
      [
        -0.250535112304367,
        -0.498278241763625,
        0.830030692979235,
        -0.169812090418962
      ],
      [
        0.857877499603409,
        -0.511591066464451,
        -0.0481744370799486,
        0.031189550011422
      ],
      [
        0.448640561225623,
        0.699995267483086,
        0.555633217441543,
        0.196283494085334
      ],
      [
        0.0,
        0.0,
        0.0,
        1.0
      ]
    ],
    "2": [
      [
        -0.215379306836676,
        0.231032116739853,
        0.948807628142426,
        -0.138264012191176
      ],
      [
        0.880482137098697,
        0.466146395194149,
        0.0863640231671236,
        0.0320240091722126
      ],
      [
        -0.422330392508832,
        0.854009191567751,
        -0.303817939366872,
        0.122771437672509
      ],
      [
        0.0,
        0.0,
        0.0,
        1.0
      ]
    ],
    "3": [
      [
        -0.308250160302656,
        0.472028590383914,
        0.825936346538619,
        -0.172016223819661
      ],
      [
        -0.868847005143022,
        -0.493265120039657,
        -0.0423603943119505,
        -0.0327506341061766
      ],
      [
        0.387410273905311,
        -0.730669919465991,
        0.56216967942088,
        0.194611773127901
      ],
      [
        0.0,
        0.0,
        0.0,
        1.0
      ]
    ]
  },
  "T_WP": {
    "0": [
      [
        -0.940071404413993,
        -0.196808897450628,
        -0.278445708329957,
        -0.159959345174972
      ],
      [
        0.139398385629744,
        0.523425027813259,
        -0.840591654932709,
        -0.0907575907906756
      ],
      [
        0.311181369440596,
        -0.829031059818001,
        -0.464622058419656,
        0.0885761726256998
      ],
      [
        0.0,
        0.0,
        0.0,
        1.0
      ]
    ],
    "1": [
      [
        -0.830030692979235,
        -0.498278241763625,
        -0.250535112304367,
        -0.187349548280267
      ],
      [
        0.0481744370799487,
        -0.511591066464451,
        0.857877499603409,
        0.0912409749836606
      ],
      [
        -0.555633217441543,
        0.699995267483086,
        0.448640561225623,
        0.227688333371128
      ],
      [
        0.0,
        0.0,
        0.0,
        1.0
      ]
    ],
    "2": [
      [
        -0.948807628142426,
        0.231032116739853,
        -0.215379306836676,
        -0.153340563669743
      ],
      [
        -0.0863640231671235,
        0.466146395194149,
        0.880482137098697,
        0.0936577587691214
      ],
      [
        0.303817939366872,
        0.854009191567751,
        -0.422330392508832,
        0.0932083101968903
      ],
      [
        0.0,
        0.0,
        0.0,
        1.0
      ]
    ],
    "3": [
      [
        -0.825936346538619,
        0.472028590383914,
        -0.308250160302656,
        -0.193593735040847
      ],
      [
        0.0423603943119505,
        -0.493265120039657,
        -0.868847005143022,
        -0.0935699244661881
      ],
      [
        -0.56216967942088,
        -0.730669919465991,
        0.387410273905311,
        0.221730492301273
      ],
      [
        0.0,
        0.0,
        0.0,
        1.0
      ]
    ]
  },
  "simTime": 0.849999999999923,
  "state": [
    -0.155140118005418,
    -0.00036331246698201,
    0.158691605400205,
    0.83472144045791,
    0.0203864112470816,
    0.550247948890871,
    -0.0071906757489283,
    -0.412240320765244,
    -0.00214034468992062,
    0.818659989114252,
    0.487685911292021,
    13.0596320004488,
    -0.206071258331097,
    0.923472202293942,
    -0.246619554705519,
    0.256629462058774,
    -0.14324526529925,
    0.987977218083475,
    -0.0744121562346479,
    0.0546153743151004,
    -0.124020193682196,
    0.924074699073311,
    0.246970819431121,
    0.25487222057905,
    0.141885573823395,
    0.986530992856797,
    0.0766326965882258,
    0.0579903142545673,
    0.132367493740931,
    -2.20897461532837,
    -2.35105771032918,
    2.59980378608361,
    -1.3506707120997,
    -0.955030065327438,
    0.402368965773112,
    2.23483472901847,
    -2.3166231439036,
    -2.55197268108662,
    1.39670518745572,
    -0.988936925277728,
    -0.452646120237915
  ]
}