{
  "T_WB": [
    [
      -0.378029847969204,
      -0.634604341623691,
      0.674070295767988,
      -0.0967262989967208
    ],
    [
      -0.507768509854016,
      0.750940146060892,
      0.422208523640486,
      0.00200791215751571
    ],
    [
      -0.774121808532103,
      -0.182664245615852,
      -0.606109890142521,
      0.877599263409151
    ],
    [
      0.0,
      0.0,
      0.0,
      1.0
    ]
  ],
  "T_WH": {
    "0": [
      [
        -0.1476435852871,
        -0.323364574399123,
        0.934685360828576,
        0.00518614501318997
      ],
      [
        -0.806015081814345,
        0.587025328386696,
        0.0757690683610838,
        -0.0443408250681092
      ],
      [
        -0.573185013421832,
        -0.742183680672221,
        -0.34730724802752,
        -0.0251196164815768
      ],
      [
        0.0,
        0.0,
        0.0,
        1.0
      ]
    ],
    "1": [
      [
        -0.353820733104534,
        0.666369301037374,
        0.656325257368885,
        -0.00518614501318997
      ],
      [
        0.896728728233212,
        0.0422117134524678,
        0.440563002541808,
        0.0443408250681092
      ],
      [
        0.265873046371038,
        0.744426037885813,
        -0.612487875252249,
        0.0251196164815768
      ],
      [
        0.0,
        0.0,
        0.0,
        1.0
      ]
    ],
    "2": [
      [
        -0.717675156442854,
        -0.648200628865682,
        0.25451584344174,
        -0.0354285328507263
      ],
      [
        -0.196383701272487,
        0.539038703788058,
        0.819066979979665,
        0.0037193442797879
      ],
      [
        -0.668113621848294,
        0.537841259626504,
        -0.514150724733644,
        -0.0368101282009914
      ],
      [
        0.0,
        0.0,
        0.0,
        1.0
      ]
    ],
    "3": [
      [
        0.70925012831056,
        -0.0466523806490846,
        0.703411551562261,
        0.0354285328507263
      ],
      [
        -0.430705883181536,
        -0.81859680935038,
        0.379989086572485,
        -0.0037193442797879
      ],
      [
        0.55808305625979,
        -0.572470801963865,
        -0.600683346876357,
        0.0368101282009914
      ],
      [
        0.0,
        0.0,
        0.0,
        1.0
      ]
    ]
  },
  "T_WP": {
    "0": [
      [
        -0.934685360828576,
        -0.323364574399123,
        -0.1476435852871,
        -0.00514890595690707
      ],
      [
        -0.0757690683610839,
        0.587025328386696,
        -0.806015081814345,
        -0.100761880795113
      ],
      [
        0.34730724802752,
        -0.742183680672221,
        -0.573185013421832,
        -0.0652425674211051
      ],
      [
        0.0,
        0.0,
        0.0,
        1.0
      ]
    ],
    "1": [
      [
        -0.656325257368885,
        0.666369301037374,
        -0.353820733104534,
        -0.0299535963305073
      ],
      [
        -0.440563002541808,
        0.0422117134524678,
        0.896728728233212,
        0.107111836044434
      ],
      [
        0.612487875252249,
        0.744426037885813,
        0.265873046371038,
        0.0437307297275495
      ],
      [
        0.0,
        0.0,
        0.0,
        1.0
      ]
    ],
    "2": [
      [
        -0.25451584344174,
        -0.648200628865682,
        -0.717675156442854,
        -0.085665793801726
      ],
      [
        -0.819066979979665,
        0.539038703788058,
        -0.196383701272486,
        -0.0100275148092862
      ],
      [
        0.514150724733644,
        0.537841259626504,
        -0.668113621848294,
        -0.0835780817303719
      ],
      [
        0.0,
        0.0,
        0.0,
        1.0
      ]
    ],
    "3": [
      [
        -0.703411551562261,
        -0.0466523806490846,
        0.70925012831056,
        0.0850760418324655
      ],
      [
        -0.379989086572485,
        -0.81859680935038,
        -0.430705883181536,
        -0.0338687561024954
      ],
      [
        0.600683346876357,
        -0.572470801963865,
        0.55808305625979,
        0.0758759421391766
      ],
      [
        0.0,
        0.0,
        0.0,
        1.0
      ]
    ]
  }
}