{
  "T_WB": [
    [
      -0.396108574001774,
      0.0352285599514234,
      -0.917527626922498,
      -0.263621654657094
    ],
    [
      0.0173978231709893,
      0.999372287126315,
      0.0308601275569184,
      -0.00244065479440705
    ],
    [
      0.918038840872865,
      -0.00373902228761127,
      -0.396472831807099,
      0.126495306861782
    ],
    [
      0.0,
      0.0,
      0.0,
      1.0
    ]
  ],
  "T_WH": {
    "0": [
      [
        -0.0584549736082127,
        0.141607281217801,
        -0.988195524158335,
        -0.280593311535611
      ],
      [
        -0.372276349609316,
        0.915391359456498,
        0.153195882953644,
        -0.0337246550556096
      ],
      [
        0.926279296746951,
        0.376836883728871,
        -0.000792136028352962,
        0.1633365092099
      ],
      [
        0.0,
        0.0,
        0.0,
        1.0
      ]
    ],
    "1": [
      [
        0.499892461897721,
        0.535778770012184,
        -0.680476771199479,
        -0.246649997778578
      ],
      [
        0.698362215101026,
        -0.714052657182291,
        -0.0491835266130631,
        0.0288433454667955
      ],
      [
        -0.512247736019422,
        -0.450632791056246,
        -0.731117189353277,
        0.0896541045136633
      ],
      [
        0.0,
        0.0,
        0.0,
        1.0
      ]
    ],
    "2": [
      [
        -0.0354582482091347,
        -0.0157522915196065,
        -0.999247005472532,
        -0.27833868369872
      ],
      [
        0.400468003326461,
        0.915862788458806,
        -0.028648403588652,
        0.0302351713204746
      ],
      [
        0.915624426796084,
        -0.401182275316772,
        -0.0261666013460094,
        0.163097211783493
      ],
      [
        0.0,
        0.0,
        0.0,
        1.0
      ]
    ],
    "3": [
      [
        0.320991525145457,
        -0.583578287255554,
        -0.745922799912074,
        -0.248904625615469
      ],
      [
        -0.634387641270168,
        -0.717289092124784,
        0.288181676937441,
        -0.0351164809092887
      ],
      [
        -0.703218857389693,
        0.380700329606736,
        -0.600458572799871,
        0.0898934019400705
      ],
      [
        0.0,
        0.0,
        0.0,
        1.0
      ]
    ]
  },
  "T_WP": {
    "0": [
      [
        0.988195524158335,
        0.141607281217801,
        -0.0584549736082128,
        -0.284685159688186
      ],
      [
        -0.153195882953645,
        0.915391359456498,
        -0.372276349609316,
        -0.0597839995282616
      ],
      [
        0.000792136028353019,
        0.376836883728871,
        0.926279296746951,
        0.228176059982186
      ],
      [
        0.0,
        0.0,
        0.0,
        1.0
      ]
    ],
    "1": [
      [
        0.680476771199479,
        0.535778770012184,
        0.499892461897721,
        -0.211657525445737
      ],
      [
        0.0491835266130632,
        -0.714052657182291,
        0.698362215101026,
        0.0777287005238673
      ],
      [
        0.731117189353277,
        -0.450632791056246,
        -0.512247736019422,
        0.0537967629923038
      ],
      [
        0.0,
        0.0,
        0.0,
        1.0
      ]
    ],
    "2": [
      [
        0.999247005472532,
        -0.0157522915196065,
        -0.0354582482091347,
        -0.280820761073359
      ],
      [
        0.028648403588652,
        0.915862788458806,
        0.400468003326461,
        0.0582679315533269
      ],
      [
        0.0261666013460095,
        -0.401182275316772,
        0.915624426796084,
        0.227190921659218
      ],
      [
        0.0,
        0.0,
        0.0,
        1.0
      ]
    ],
    "3": [
      [
        0.745922799912074,
        -0.583578287255554,
        0.320991525145457,
        -0.226435218855287
      ],
      [
        -0.288181676937441,
        -0.717289092124784,
        -0.634387641270168,
        -0.0795236157982005
      ],
      [
        0.600458572799871,
        0.380700329606736,
        -0.703218857389693,
        0.0406680819227919
      ],
      [
        0.0,
        0.0,
        0.0,
        1.0
      ]
    ]
  },
  "simTime": 1.0979999999999,
  "state": [
    -0.263621654657094,
    -0.00244065479440705,
    0.126495306861782,
    -0.549270170616757,
    0.0157477830107174,
    0.835457014593687,
    0.0081156495174372,
    -0.379989677452105,
    -0.0338912152347345,
    0.7728570535286,
    -1.84028506888691,
    9.11132504502324,
    -2.67594293340389,
    0.956220786336958,
    -0.160235974283532,
    0.135850038592011,
    0.203742502529754,
    0.977932425795442,
    -0.171114439262408,
    0.119860685290299,
    -0.00119807157286869,
    0.962792734427642,
    0.132267170764578,
    0.139075167247557,
    -0.190246271780403,
    0.980841688836108,
    0.185133573012955,
    0.00661474736986016,
    -0.0602609882247383,
    0.564819592574683,
    0.0479418293714204,
    1.5418406008218,
    0.33708560912378,
    5.60342074403805,
    1.04492615915889,
    -3.63964339951354,
    -0.284528520863258,
    0.16327361363119,
    -0.690376842333656,
    -0.855088145013476,
    -3.91249520843114
  ]
}