{
  "T_WB": [
    [
      0.532858341199834,
      0.028116381242392,
      0.84573722710993,
      -0.150280307070622
    ],
    [
      0.00666000772637291,
      0.999277547034566,
      -0.0374169519023975,
      -0.000335503640464342
    ],
    [
      -0.846178251026842,
      0.0255705513904989,
      0.532286120794766,
      0.148183948105261
    ],
    [
      0.0,
      0.0,
      0.0,
      1.0
    ]
  ],
  "T_WH": {
    "0": [
      [
        -0.226911606568559,
        -0.0453270052965933,
        0.972860002978495,
        -0.129865697622385
      ],
      [
        -0.854664129418655,
        0.488224310256332,
        -0.176596287502827,
        -0.0320459848365155
      ],
      [
        -0.46696932307115,
        -0.871540294803156,
        -0.149523128127059,
        0.113518560419691
      ],
      [
        0.0,
        0.0,
        0.0,
        1.0
      ]
    ],
    "1": [
      [
        -0.325023443930518,
        -0.589757081821581,
        0.73928772838242,
        -0.170694916518859
      ],
      [
        0.862176825580189,
        -0.506009290487764,
        -0.0246113667344762,
        0.0313749775555868
      ],
      [
        0.388601186730064,
        0.629397475671267,
        0.672939770923537,
        0.182849335790831
      ],
      [
        0.0,
        0.0,
        0.0,
        1.0
      ]
    ],
    "2": [
      [
        -0.17343791692649,
        0.0711961914496786,
        0.982267983442024,
        -0.128066249222872
      ],
      [
        0.888370405961019,
        0.441830844103119,
        0.124833997820228,
        0.0319077781736967
      ],
      [
        -0.42510858705142,
        0.894268755756448,
        -0.139878810736147,
        0.115155075708683
      ],
      [
        0.0,
        0.0,
        0.0,
        1.0
      ]
    ],
    "3": [
      [
        -0.369317546893521,
        0.570539182964275,
        0.733545901944118,
        -0.172494364918372
      ],
      [
        -0.86950666604219,
        -0.490725887246898,
        -0.0560915438719686,
        -0.0325787854546254
      ],
      [
        0.327967539955935,
        -0.658538642972607,
        0.677321303700872,
        0.181212820501839
      ],
      [
        0.0,
        0.0,
        0.0,
        1.0
      ]
    ]
  },
  "T_WP": {
    "0": [
      [
        -0.972860002978495,
        -0.0453270052965933,
        -0.226911606568559,
        -0.145749510082184
      ],
      [
        0.176596287502827,
        0.488224310256332,
        -0.854664129418655,
        -0.0918724738958214
      ],
      [
        0.149523128127059,
        -0.871540294803156,
        -0.46696932307115,
        0.080830707804711
      ],
      [
        0.0,
        0.0,
        0.0,
        1.0
      ]
    ],
    "1": [
      [
        -0.73928772838242,
        -0.589757081821581,
        -0.325023443930518,
        -0.193446557593995
      ],
      [
        0.0246113667344762,
        -0.506009290487764,
        0.862176825580189,
        0.0917273553462001
      ],
      [
        -0.672939770923537,
        0.629397475671267,
        0.388601186730064,
        0.210051418861935
      ],
      [
        0.0,
        0.0,
        0.0,
        1.0
      ]
    ],
    "2": [
      [
        -0.982267983442024,
        0.0711961914496786,
        -0.17343791692649,
        -0.140206903407726
      ],
      [
        -0.124833997820228,
        0.441830844103119,
        0.888370405961019,
        0.094093706590968
      ],
      [
        0.139878810736147,
        0.894268755756448,
        -0.42510858705142,
        0.085397474615084
      ],
      [
        0.0,
        0.0,
        0.0,
        1.0
      ]
    ],
    "3": [
      [
        -0.733545901944118,
        0.570539182964275,
        -0.369317546893521,
        -0.198346593200918
      ],
      [
        0.0560915438719686,
        -0.490725887246898,
        -0.86950666604219,
        -0.0934442520775786
      ],
      [
        -0.677321303700872,
        -0.658538642972607,
        0.327967539955935,
        0.204170548298754
      ],
      [
        0.0,
        0.0,
        0.0,
        1.0
      ]
    ]
  },
  "simTime": 0.837999999999924,
  "state": [
    -0.150280307070622,
    -0.000335503640464342,
    0.148183948105261,
    0.875274529651864,
    0.0179907849363414,
    0.483252802640596,
    -0.00612846963699299,
    -0.397508213329637,
    -0.00250197669747559,
    0.93294649951592,
    0.489758601797533,
    13.0437181902518,
    -0.203091713120847,
    0.920809004500255,
    -0.235543648303044,
    0.263852088533717,
    -0.164353406875966,
    0.987943964221756,
    -0.0656814820108829,
    0.0592087404206382,
    -0.127070813078602,
    0.921593869715835,
    0.235697818541726,
    0.261991348439768,
    0.16270160103569,
    0.986445732120613,
    0.0675895240571545,
    0.0626447584782794,
    0.1357648999335,
    -2.43847543756445,
    -2.36401940619958,
    2.48314904760429,
    -1.39241020663246,
    -0.994594085721154,
    0.333264074315921,
    2.46146672186808,
    -2.33431629093245,
    -2.43336791501849,
    1.43779466622923,
    -1.02864781853708,
    -0.376553900116244
  ]
}