{
  "T_WB": [
    [
      0.983697657317233,
      -0.00229999045858535,
      -0.179815541687805,
      -0.0968906135764649
    ],
    [
      0.00271203791966161,
      0.999994229969879,
      0.00204569725788308,
      1.50070270706443e-05
    ],
    [
      0.179809799062539,
      -0.0025000141677617,
      0.983698219013459,
      0.198178995251837
    ],
    [
      0.0,
      0.0,
      0.0,
      1.0
    ]
  ],
  "T_WH": {
    "0": [
      [
        -0.169234143543991,
        0.966136878821239,
        -0.194780224972884,
        -0.0574691075891009
      ],
      [
        -0.854114761449358,
        -0.242381537736729,
        -0.460151240831408,
        -0.031876326815179
      ],
      [
        -0.49178021405221,
        0.0884913642449591,
        0.866211001731581,
        0.205451387667707
      ],
      [
        0.0,
        0.0,
        0.0,
        1.0
      ]
    ],
    "1": [
      [
        -0.613623060344275,
        -0.774017054473398,
        -0.156090804335336,
        -0.136312119563829
      ],
      [
        0.778228730471641,
        -0.626279079759013,
        0.0462012697304098,
        0.0319063408693203
      ],
      [
        -0.133516976007641,
        -0.0931241839724207,
        0.986661595217553,
        0.190906602835967
      ],
      [
        0.0,
        0.0,
        0.0,
        1.0
      ]
    ],
    "2": [
      [
        -0.173098585044823,
        -0.964964124318602,
        -0.197182957259276,
        -0.0576163069784504
      ],
      [
        0.850485887140508,
        -0.247414015753259,
        0.464176755755466,
        0.0321233039028932
      ],
      [
        -0.496699743940244,
        -0.0873529827016772,
        0.863515385377016,
        0.205291386760971
      ],
      [
        0.0,
        0.0,
        0.0,
        1.0
      ]
    ],
    "3": [
      [
        -0.610007322441026,
        0.776989731602239,
        -0.155492840841663,
        -0.13616492017448
      ],
      [
        -0.781703808097759,
        -0.622203471050503,
        -0.0424499354318526,
        -0.032093289848752
      ],
      [
        -0.129731349232914,
        0.0956545743672879,
        0.986924505435355,
        0.191066603742704
      ],
      [
        0.0,
        0.0,
        0.0,
        1.0
      ]
    ]
  },
  "T_WP": {
    "0": [
      [
        0.194780224972884,
        0.966136878821239,
        -0.169234143543991,
        -0.0693154976371803
      ],
      [
        0.460151240831408,
        -0.242381537736729,
        -0.854114761449358,
        -0.0916643601166341
      ],
      [
        -0.866211001731581,
        0.0884913642449591,
        -0.49178021405221,
        0.171026772684053
      ],
      [
        0.0,
        0.0,
        0.0,
        1.0
      ]
    ],
    "1": [
      [
        0.156090804335336,
        -0.774017054473398,
        -0.613623060344275,
        -0.179265733787928
      ],
      [
        -0.0462012697304098,
        -0.626279079759013,
        0.778228730471641,
        0.0863823520023352
      ],
      [
        -0.986661595217553,
        -0.0931241839724207,
        -0.133516976007641,
        0.181560414515432
      ],
      [
        0.0,
        0.0,
        0.0,
        1.0
      ]
    ],
    "2": [
      [
        0.197182957259276,
        -0.964964124318602,
        -0.173098585044823,
        -0.069733207931588
      ],
      [
        -0.464176755755466,
        -0.247414015753259,
        0.850485887140508,
        0.0916573160027288
      ],
      [
        -0.863515385377016,
        -0.0873529827016772,
        -0.496699743940244,
        0.170522404685153
      ],
      [
        0.0,
        0.0,
        0.0,
        1.0
      ]
    ],
    "3": [
      [
        0.155492840841663,
        0.776989731602239,
        -0.610007322441026,
        -0.178865432745351
      ],
      [
        0.0424499354318525,
        -0.622203471050503,
        -0.781703808097759,
        -0.0868125564155951
      ],
      [
        -0.986924505435355,
        0.0956545743672879,
        -0.129731349232913,
        0.1819854092964
      ],
      [
        0.0,
        0.0,
        0.0,
        1.0
      ]
    ]
  },
  "simTime": 0.677999999999942,
  "state": [
    -0.0968906135764649,
    1.50070270706443e-05,
    0.198178995251837,
    0.995915421396387,
    -0.00114108872299396,
    -0.0902750708102573,
    0.00125814609116594,
    -0.339254926982688,
    -0.000320642489388648,
    -1.79126370701286,
    -0.0118524941473948,
    -2.50344384779892,
    0.00029566657528184,
    0.839164697014897,
    0.0791407716003795,
    0.22505563236207,
    -0.488763042686844,
    0.998175797285558,
    0.023652050335662,
    0.00842142210414053,
    -0.0549066287255389,
    0.839050980747326,
    -0.0793781273736659,
    0.225337029486508,
    0.48879012647945,
    0.998167815344176,
    -0.0239548698025893,
    0.00846346382917317,
    0.0549139909657705,
    -5.10597804673229,
    -2.55899822935208,
    -1.15715043942547,
    -0.510117571500749,
    0.0770566391086596,
    -0.411350019430831,
    5.10765696914157,
    -2.56149831729628,
    1.15780984733878,
    0.509677501107948,
    0.0767727973973265,
    0.414476292191913
  ]
}