{
  "T_WB": [
    [
      0.35698946591029,
      -0.000116982446888799,
      0.934108402458833,
      -0.00228634341834483
    ],
    [
      0.000545979062242687,
      0.999999847473702,
      -8.3423235009122e-05,
      -9.95354322859319e-06
    ],
    [
      -0.934108250223682,
      0.000539784845717903,
      0.356989475329975,
      0.402274344807819
    ],
    [
      0.0,
      0.0,
      0.0,
      1.0
    ]
  ],
  "T_WH": {
    "0": [
      [
        0.328363272813106,
        0.0721097558652912,
        0.941794958670153,
        0.0119969786563672
      ],
      [
        -0.58161801591238,
        0.801069490821851,
        0.141450183600329,
        -0.0319881094998974
      ],
      [
        -0.744243269793965,
        -0.594211960485035,
        0.304982132891288,
        0.364892741683809
      ],
      [
        0.0,
        0.0,
        0.0,
        1.0
      ]
    ],
    "1": [
      [
        -0.225471330123471,
        -0.174392348827285,
        0.958514469354978,
        -0.0165696654930569
      ],
      [
        0.704054427734536,
        -0.709203152693217,
        0.0365821130799786,
        0.0319682024134402
      ],
      [
        0.673401842943534,
        0.683094573891862,
        0.282686683520374,
        0.43965594793183
      ],
      [
        0.0,
        0.0,
        0.0,
        1.0
      ]
    ],
    "2": [
      [
        0.328710954715749,
        -0.0727947857647257,
        0.941620957400232,
        0.0119894917797663
      ],
      [
        0.582151997413893,
        0.800703985262517,
        -0.141322963073019,
        0.0320118807384196
      ],
      [
        -0.743672078376536,
        0.594620927272317,
        0.305577801374599,
        0.364927287913935
      ],
      [
        0.0,
        0.0,
        0.0,
        1.0
      ]
    ],
    "3": [
      [
        -0.225331549882956,
        0.174709434041393,
        0.958489596335965,
        -0.016562178616456
      ],
      [
        -0.704769426908979,
        -0.708494646271153,
        -0.0365430034275045,
        -0.0320317878248768
      ],
      [
        0.672700340063638,
        -0.683748455107615,
        0.282776064433,
        0.439621401701704
      ],
      [
        0.0,
        0.0,
        0.0,
        1.0
      ]
    ]
  },
  "T_WP": {
    "0": [
      [
        -0.941794958670153,
        0.0721097558652912,
        0.328363272813106,
        0.0349824077532846
      ],
      [
        -0.141450183600329,
        0.801069490821851,
        -0.58161801591238,
        -0.072701370613764
      ],
      [
        -0.304982132891288,
        -0.594211960485035,
        -0.744243269793965,
        0.312795712798232
      ],
      [
        0.0,
        0.0,
        0.0,
        1.0
      ]
    ],
    "1": [
      [
        -0.958514469354978,
        -0.174392348827285,
        -0.225471330123471,
        -0.0323526586016998
      ],
      [
        -0.0365821130799786,
        -0.709203152693217,
        0.704054427734536,
        0.0812520123548577
      ],
      [
        -0.282686683520374,
        0.683094573891862,
        0.673401842943534,
        0.486794076937877
      ],
      [
        0.0,
        0.0,
        0.0,
        1.0
      ]
    ],
    "2": [
      [
        -0.941620957400232,
        -0.0727947857647257,
        0.328710954715749,
        0.0349992586098688
      ],
      [
        0.141322963073019,
        0.800703985262517,
        0.582151997413893,
        0.0727625205573921
      ],
      [
        -0.305577801374599,
        0.594620927272317,
        -0.743672078376536,
        0.312870242427578
      ],
      [
        0.0,
        0.0,
        0.0,
        1.0
      ]
    ],
    "3": [
      [
        -0.958489596335965,
        0.174709434041393,
        -0.225331549882955,
        -0.0323353871082629
      ],
      [
        0.0365430034275045,
        -0.708494646271153,
        -0.704769426908979,
        -0.0813656477085053
      ],
      [
        -0.282776064433,
        -0.683748455107615,
        0.672700340063638,
        0.486710425506158
      ],
      [
        0.0,
        0.0,
        0.0,
        1.0
      ]
    ]
  }
}