{
  "T_WB": [
    [
      0.991359321715865,
      -0.00230208973810447,
      0.131154091167215,
      -0.0630821911773133
    ],
    [
      0.00211456453781303,
      0.999996533329512,
      0.0015690588814709,
      3.90117705592562e-05
    ],
    [
      -0.131157248613547,
      -0.00127816735829595,
      0.991360752917084,
      0.329505511660131
    ],
    [
      0.0,
      0.0,
      0.0,
      1.0
    ]
  ],
  "T_WH": {
    "0": [
      [
        -0.00706520486285526,
        0.904442508698473,
        -0.426537022237765,
        -0.0233541514370594
      ],
      [
        -0.805209029291116,
        -0.258072921173044,
        -0.533888365208749,
        -0.0318762947144726
      ],
      [
        -0.592948987711679,
        0.339679430958699,
        0.730088612536362,
        0.324300123071054
      ],
      [
        0.0,
        0.0,
        0.0,
        1.0
      ]
    ],
    "1": [
      [
        -0.662065311781484,
        -0.724098846628957,
        0.19326247242106,
        -0.102810230917567
      ],
      [
        0.744659185746953,
        -0.664687156204124,
        0.0606109021543196,
        0.0319543182555911
      ],
      [
        0.084570798851449,
        0.184043051180666,
        0.979273166840457,
        0.334710900249207
      ],
      [
        0.0,
        0.0,
        0.0,
        1.0
      ]
    ],
    "2": [
      [
        -0.0105795175592033,
        -0.902981899779342,
        -0.429548323799668,
        -0.023501485180298
      ],
      [
        0.803176076928847,
        -0.263561831408452,
        0.53426898700356,
        0.0321234834186162
      ],
      [
        -0.595647767776731,
        -0.339350629431438,
        0.728041816825851,
        0.324218320360123
      ],
      [
        0.0,
        0.0,
        0.0,
        1.0
      ]
    ],
    "3": [
      [
        -0.658841926087305,
        0.726893926751632,
        0.193784766380547,
        -0.102662897174329
      ],
      [
        -0.747303816822021,
        -0.661979372732608,
        -0.057622178367208,
        -0.0320454598774976
      ],
      [
        0.0863963065924065,
        -0.182780002538944,
        0.979350370847459,
        0.334792702960138
      ],
      [
        0.0,
        0.0,
        0.0,
        1.0
      ]
    ]
  },
  "T_WP": {
    "0": [
      [
        0.426537022237765,
        0.904442508698473,
        -0.00706520486285529,
        -0.0238487157774592
      ],
      [
        0.533888365208749,
        -0.258072921173044,
        -0.805209029291116,
        -0.0882409267648507
      ],
      [
        -0.730088612536362,
        0.339679430958699,
        -0.592948987711679,
        0.282793693931237
      ],
      [
        0.0,
        0.0,
        0.0,
        1.0
      ]
    ],
    "1": [
      [
        -0.19326247242106,
        -0.724098846628957,
        -0.662065311781484,
        -0.149154802742271
      ],
      [
        -0.0606109021543195,
        -0.664687156204124,
        0.744659185746953,
        0.0840804612578778
      ],
      [
        -0.979273166840457,
        0.184043051180666,
        0.0845707988514491,
        0.340630856168809
      ],
      [
        0.0,
        0.0,
        0.0,
        1.0
      ]
    ],
    "2": [
      [
        0.429548323799668,
        -0.902981899779342,
        -0.0105795175592033,
        -0.0242420514094423
      ],
      [
        -0.53426898700356,
        -0.263561831408452,
        0.803176076928847,
        0.0883458088036354
      ],
      [
        -0.728041816825851,
        -0.339350629431438,
        -0.595647767776731,
        0.282522976615752
      ],
      [
        0.0,
        0.0,
        0.0,
        1.0
      ]
    ],
    "3": [
      [
        -0.193784766380547,
        0.726893926751632,
        -0.658841926087305,
        -0.14878183200044
      ],
      [
        0.057622178367208,
        -0.661979372732608,
        -0.747303816822021,
        -0.0843567270550391
      ],
      [
        -0.979350370847459,
        -0.182780002538944,
        0.0863963065924065,
        0.340840444421606
      ],
      [
        0.0,
        0.0,
        0.0,
        1.0
      ]
    ]
  },
  "simTime": 0.573999999999953,
  "state": [
    -0.0630821911773133,
    3.90117705592562e-05,
    0.329505511660131,
    0.997837237223895,
    -0.000713349365395548,
    0.0657199716535296,
    0.00110655678881186,
    -0.305394387069735,
    -0.000127010116390801,
    -0.735333180998544,
    -0.0117000685176273,
    -3.52965298150877,
    0.000654535672555071,
    0.821966343197039,
    0.364963539556363,
    0.1824853566052,
    -0.397331146615077,
    0.998660115904055,
    0.0432697907878278,
    -0.000316558406501921,
    -0.0283830565382426,
    0.821748892170651,
    -0.365355139587452,
    0.182726408588993,
    0.397310256345729,
    0.998653693202073,
    -0.0435033799100516,
    -0.000263186137789599,
    0.0282522162549808,
    -3.88067291382144,
    -2.15052520716691,
    -4.03398682652516,
    -0.241228320247531,
    0.191492421671098,
    -0.59370915925557,
    3.88200057704955,
    -2.15246180944179,
    4.03769208541337,
    0.238995295004529,
    0.191026188848548,
    0.595826194262235
  ]
}