{
  "T_WB": [
    [
      0.919491946814398,
      -0.0020222878032512,
      0.393103637855858,
      -0.0429826039877723
    ],
    [
      0.0016545234338393,
      0.999997819254756,
      0.00127437747118849,
      4.217549806928e-05
    ],
    [
      -0.393105357754986,
      -0.000521380641199521,
      0.919493287559268,
      0.356278199653478
    ],
    [
      0.0,
      0.0,
      0.0,
      1.0
    ]
  ],
  "T_WH": {
    "0": [
      [
        0.186102427359152,
        0.889609652928894,
        -0.41708578487736,
        -0.00613821290549237
      ],
      [
        -0.795636439180703,
        -0.112617394764328,
        -0.595214229537858,
        -0.0318915737807293
      ],
      [
        -0.576479438643637,
        0.442619461628414,
        0.686847485988622,
        0.340570669523797
      ],
      [
        0.0,
        0.0,
        0.0,
        1.0
      ]
    ],
    "1": [
      [
        -0.634021091979539,
        -0.617022148098859,
        0.466155471576322,
        -0.0798269950700523
      ],
      [
        0.716908969154066,
        -0.694980567047226,
        0.0551683004375793,
        0.0319759247768679
      ],
      [
        0.289928930725321,
        0.369168904679398,
        0.882981050162622,
        0.371985729783159
      ],
      [
        0.0,
        0.0,
        0.0,
        1.0
      ]
    ],
    "2": [
      [
        0.183220918579896,
        -0.888758325333533,
        -0.420165127235796,
        -0.00626763932490045
      ],
      [
        0.795422228277071,
        -0.117134379461118,
        0.594628468802999,
        0.032108286651575
      ],
      [
        -0.577696783578963,
        -0.443157056018058,
        0.685476658934444,
        0.34053730116276
      ],
      [
        0.0,
        0.0,
        0.0,
        1.0
      ]
    ],
    "3": [
      [
        -0.631412100284932,
        0.619466761300461,
        0.466454382826112,
        -0.0796975686506442
      ],
      [
        -0.718907380427258,
        -0.693107242981741,
        -0.05267378943523,
        -0.0320239356554365
      ],
      [
        0.290673249510492,
        -0.368596366463598,
        0.882975526642072,
        0.372019098144196
      ],
      [
        0.0,
        0.0,
        0.0,
        1.0
      ]
    ]
  },
  "T_WP": {
    "0": [
      [
        0.41708578487736,
        0.889609652928894,
        0.186102427359152,
        0.00688895700964826
      ],
      [
        0.595214229537858,
        -0.112617394764328,
        -0.795636439180703,
        -0.0875861245233786
      ],
      [
        -0.686847485988622,
        0.442619461628414,
        -0.576479438643637,
        0.300217108818742
      ],
      [
        0.0,
        0.0,
        0.0,
        1.0
      ]
    ],
    "1": [
      [
        -0.466155471576322,
        -0.617022148098859,
        -0.634021091979539,
        -0.12420847150862
      ],
      [
        -0.0551683004375792,
        -0.694980567047226,
        0.716908969154066,
        0.0821595526176525
      ],
      [
        -0.882981050162622,
        0.369168904679398,
        0.289928930725321,
        0.392280754933931
      ],
      [
        0.0,
        0.0,
        0.0,
        1.0
      ]
    ],
    "2": [
      [
        0.420165127235796,
        -0.888758325333533,
        0.183220918579896,
        0.00655782497569227
      ],
      [
        -0.594628468802999,
        -0.117134379461118,
        0.795422228277071,
        0.08778784263097
      ],
      [
        -0.685476658934444,
        -0.443157056018058,
        -0.577696783578963,
        0.300098526312233
      ],
      [
        0.0,
        0.0,
        0.0,
        1.0
      ]
    ],
    "3": [
      [
        -0.466454382826112,
        0.619466761300461,
        -0.631412100284932,
        -0.123896415670589
      ],
      [
        0.0526737894352299,
        -0.693107242981741,
        -0.718907380427258,
        -0.0823474522853445
      ],
      [
        -0.882975526642072,
        -0.368596366463598,
        0.290673249510492,
        0.39236622560993
      ],
      [
        0.0,
        0.0,
        0.0,
        1.0
      ]
    ]
  },
  "simTime": 0.503999999999961,
  "state": [
    -0.0429826039877723,
    4.217549806928e-05,
    0.356278199653478,
    0.97966614895438,
    -0.000458257671326264,
    0.200631867409623,
    0.000938281689383379,
    -0.267418607090691,
    3.88422197915805e-05,
    -0.0308280838088602,
    -0.0113144818436586,
    -4.24869464013713,
    0.00154502046423548,
    0.81914152373774,
    0.500488857667376,
    0.126859411743913,
    -0.249849468863568,
    0.998774875282158,
    0.0479927267481972,
    -0.00950080969483872,
    -0.00742841164218371,
    0.818891071746534,
    -0.500934584078805,
    0.12698141039342,
    0.249715190771617,
    0.998769972283934,
    -0.0481361420511371,
    -0.00943306255134686,
    0.00724372992902662,
    -2.16516297657884,
    -1.5309803368332,
    -5.33019970667128,
    -0.0432705607615813,
    0.272010003564788,
    -0.611864460507628,
    2.16462371920615,
    -1.53138737650921,
    5.33533881938575,
    0.0402517094102372,
    0.271403653994107,
    0.612879995461225
  ]
}