{
  "T_WB": [
    [
      0.185933405364237,
      -0.270688507675854,
      0.944540364718141,
      -0.0561856461769887
    ],
    [
      -0.254789377429777,
      0.915137975096198,
      0.312417764677006,
      0.00388471913896285
    ],
    [
      -0.948952655256628,
      -0.298747750366508,
      0.101186163739642,
      0.776585023815559
    ],
    [
      0.0,
      0.0,
      0.0,
      1.0
    ]
  ],
  "T_WH": {
    "0": [
      [
        -0.0162711397447325,
        -0.360255199112123,
        0.932711874870312,
        -0.0400862777167919
      ],
      [
        -0.517178679926038,
        0.801386537091666,
        0.300509286375959,
        -0.0355912711613066
      ],
      [
        -0.855722772305008,
        -0.477489067603555,
        -0.199355780647865,
        0.748186845617022
      ],
      [
        0.0,
        0.0,
        0.0,
        1.0
      ]
    ],
    "1": [
      [
        -0.378591845877124,
        0.219001121091656,
        0.899281225866497,
        -0.0722850146371855
      ],
      [
        0.833782939710719,
        -0.341129995791387,
        0.434092542459231,
        0.0433607094392323
      ],
      [
        0.40183855425121,
        0.914149241060762,
        -0.0534503637530279,
        0.804983202014096
      ],
      [
        0.0,
        0.0,
        0.0,
        1.0
      ]
    ],
    "2": [
      [
        -0.160838611445818,
        -0.224462380169813,
        0.961117880884902,
        -0.0574103422080466
      ],
      [
        -0.222538081284291,
        0.956967529775819,
        0.186252380744711,
        0.0229775592448501
      ],
      [
        -0.961565256988046,
        -0.183928754802693,
        -0.203868756091373,
        0.729066989593565
      ],
      [
        0.0,
        0.0,
        0.0,
        1.0
      ]
    ],
    "3": [
      [
        0.00355313059753432,
        0.0803815370120931,
        0.996757836071797,
        -0.0549609501459308
      ],
      [
        -0.528899697941925,
        -0.845784973660075,
        0.0700919956041172,
        -0.0152081209669244
      ],
      [
        0.848676902466362,
        -0.527433964433843,
        0.0395085861769573,
        0.824103058037552
      ],
      [
        0.0,
        0.0,
        0.0,
        1.0
      ]
    ]
  },
  "T_WP": {
    "0": [
      [
        -0.932711874870312,
        -0.360255199112123,
        -0.0162711397447324,
        -0.0412252574989232
      ],
      [
        -0.300509286375959,
        0.801386537091666,
        -0.517178679926038,
        -0.0717937787561293
      ],
      [
        0.199355780647865,
        -0.477489067603555,
        -0.855722772305008,
        0.688286251555671
      ],
      [
        0.0,
        0.0,
        0.0,
        1.0
      ]
    ],
    "1": [
      [
        -0.899281225866497,
        0.219001121091656,
        -0.378591845877124,
        -0.0987864438485842
      ],
      [
        -0.434092542459231,
        -0.341129995791387,
        0.833782939710719,
        0.101725515218983
      ],
      [
        0.0534503637530279,
        0.914149241060762,
        0.40183855425121,
        0.83311190081168
      ],
      [
        0.0,
        0.0,
        0.0,
        1.0
      ]
    ],
    "2": [
      [
        -0.961117880884902,
        -0.224462380169813,
        -0.160838611445818,
        -0.0686690450092538
      ],
      [
        -0.186252380744711,
        0.956967529775819,
        -0.222538081284291,
        0.00739989355494969
      ],
      [
        0.203868756091372,
        -0.183928754802693,
        -0.961565256988046,
        0.661757421604402
      ],
      [
        0.0,
        0.0,
        0.0,
        1.0
      ]
    ],
    "3": [
      [
        -0.996757836071797,
        0.0803815370120931,
        0.00355313059753438,
        -0.0547122310041034
      ],
      [
        -0.0700919956041172,
        -0.845784973660075,
        -0.528899697941925,
        -0.0522310998228591
      ],
      [
        -0.0395085861769573,
        -0.527433964433843,
        0.848676902466362,
        0.883510441210197
      ],
      [
        0.0,
        0.0,
        0.0,
        1.0
      ]
    ]
  }
}