{
  "T_WB": [
    [
      0.921151894024727,
      -0.00202812928671099,
      0.389197989237169,
      -0.0432503211798341
    ],
    [
      0.00166147736332009,
      0.999997802258674,
      0.00127865976461321,
      4.22131292230705e-05
    ],
    [
      -0.38919972716798,
      -0.000531196215019423,
      0.921153239262041,
      0.356242367423568
    ],
    [
      0.0,
      0.0,
      0.0,
      1.0
    ]
  ],
  "T_WH": {
    "0": [
      [
        0.183178357972736,
        0.889627057765467,
        -0.418341233040649,
        -0.00633934528167032
      ],
      [
        -0.795942190140511,
        -0.115550389200141,
        -0.594242490495271,
        -0.0318912574485217
      ],
      [
        -0.576993690714846,
        0.441827800899009,
        0.686925378209312,
        0.340691376615729
      ],
      [
        0.0,
        0.0,
        0.0,
        1.0
      ]
    ],
    "1": [
      [
        -0.634998328972754,
        -0.618986999432845,
        0.462203652879263,
        -0.0801612970779979
      ],
      [
        0.717314411406924,
        -0.694548688145782,
        0.0553367417084791,
        0.0319756837069678
      ],
      [
        0.286770217054958,
        0.3666840797309,
        0.885045551529499,
        0.371793358231407
      ],
      [
        0.0,
        0.0,
        0.0,
        1.0
      ]
    ],
    "2": [
      [
        0.180284300624868,
        -0.888763641606876,
        -0.421422306369616,
        -0.00646914555601982
      ],
      [
        0.795704172642907,
        -0.120087278007102,
        0.593661448385788,
        0.0321086018960334
      ],
      [
        -0.578232168412368,
        -0.442355326653279,
        0.685543087190442,
        0.340657380057968
      ],
      [
        0.0,
        0.0,
        0.0,
        1.0
      ]
    ],
    "3": [
      [
        -0.632378594014156,
        0.621438029982993,
        0.462506312090479,
        -0.0800314968036484
      ],
      [
        -0.719322613271931,
        -0.692664028380711,
        -0.0528348542445814,
        -0.0320241756375873
      ],
      [
        0.287527897547906,
        -0.366102879909818,
        0.885040332105503,
        0.371827354789168
      ],
      [
        0.0,
        0.0,
        0.0,
        1.0
      ]
    ]
  },
  "T_WP": {
    "0": [
      [
        0.418341233040649,
        0.889627057765467,
        0.183178357972736,
        0.00648313977642122
      ],
      [
        0.594242490495271,
        -0.115550389200141,
        -0.795942190140511,
        -0.0876072107583574
      ],
      [
        -0.686925378209312,
        0.441827800899009,
        -0.576993690714846,
        0.30030181826569
      ],
      [
        0.0,
        0.0,
        0.0,
        1.0
      ]
    ],
    "1": [
      [
        -0.462203652879263,
        -0.618986999432845,
        -0.634998328972754,
        -0.124611180106091
      ],
      [
        -0.055336741708479,
        -0.694548688145782,
        0.717314411406924,
        0.0821876925054525
      ],
      [
        -0.885045551529499,
        0.3666840797309,
        0.286770217054958,
        0.391867273425254
      ],
      [
        0.0,
        0.0,
        0.0,
        1.0
      ]
    ],
    "2": [
      [
        0.421422306369616,
        -0.888763641606876,
        0.180284300624868,
        0.00615075548772095
      ],
      [
        -0.593661448385788,
        -0.120087278007102,
        0.795704172642907,
        0.087807893981037
      ],
      [
        -0.685543087190442,
        -0.442355326653279,
        -0.578232168412368,
        0.300181128269102
      ],
      [
        0.0,
        0.0,
        0.0,
        1.0
      ]
    ],
    "3": [
      [
        -0.462506312090479,
        0.621438029982993,
        -0.632378594014156,
        -0.124297998384639
      ],
      [
        0.0528348542445813,
        -0.692664028380711,
        -0.719322613271931,
        -0.0823767585666225
      ],
      [
        -0.885040332105503,
        -0.366102879909818,
        0.287527897547906,
        0.391954307617521
      ],
      [
        0.0,
        0.0,
        0.0,
        1.0
      ]
    ]
  },
  "simTime": 0.504999999999961,
  "state": [
    -0.0432503211798341,
    4.22131292230705e-05,
    0.356242367423568,
    0.980089656044977,
    -0.000461655719063518,
    0.198552681278739,
    0.000941140085316276,
    -0.268015592053843,
    3.64199061590121e-05,
    -0.0408366798663597,
    -0.0113224304076793,
    -4.23881042624248,
    0.00152840590874794,
    0.819115569041763,
    0.499064542058272,
    0.127833933540672,
    -0.252275153055299,
    0.998774907012611,
    0.0479743358427797,
    -0.00935040991667893,
    -0.00772774590577858,
    0.818865304050215,
    -0.499510150154187,
    0.127958211181618,
    0.252142657848471,
    0.998769975337745,
    -0.048119213501038,
    -0.00928291211650771,
    0.00754355344113391,
    -2.19277652509738,
    -1.54235411116945,
    -5.3173373823735,
    -0.0460539312858298,
    0.270843222675893,
    -0.612175807965506,
    2.19226850353635,
    -1.54279107486365,
    5.32246654298031,
    0.0430437198625208,
    0.270239419079596,
    0.613208271056944
  ]
}