{
  "T_WB": [
    [
      0.661225427252572,
      -0.034841378752739,
      0.749377750324402,
      -0.0263795740949973
    ],
    [
      -0.0509735168704456,
      0.994525639289034,
      0.0912165191979811,
      0.00132184484709837
    ],
    [
      -0.748453495504238,
      -0.0985131012776749,
      0.655829653144887,
      0.287307726331607
    ],
    [
      0.0,
      0.0,
      0.0,
      1.0
    ]
  ],
  "T_WH": {
    "0": [
      [
        0.278524915217502,
        -0.140212870706407,
        0.95013905429224,
        0.0275639412101905
      ],
      [
        -0.72444441912012,
        0.618833497092649,
        0.303686329099277,
        -0.0338637611320669
      ],
      [
        -0.630558605689269,
        -0.772907144335172,
        0.0707841156394126,
        -0.0267857205792839
      ],
      [
        0.0,
        0.0,
        0.0,
        1.0
      ]
    ],
    "1": [
      [
        -0.604948485846613,
        -0.278332936467639,
        0.746034922741014,
        -0.0275639412101905
      ],
      [
        0.642901446640289,
        -0.72352124472585,
        0.251385636698242,
        0.0338637611320669
      ],
      [
        0.469803213462523,
        0.631702291358563,
        0.616633728977445,
        0.0267857205792839
      ],
      [
        0.0,
        0.0,
        0.0,
        1.0
      ]
    ],
    "2": [
      [
        0.210246581872193,
        0.186546291667621,
        0.959685811021565,
        0.0253340929700152
      ],
      [
        0.546366311722742,
        0.79160739473538,
        -0.273571902824013,
        0.0297858797824313
      ],
      [
        -0.810728208603566,
        0.581857554445521,
        0.0645101395838724,
        -0.0330905590610551
      ],
      [
        0.0,
        0.0,
        0.0,
        1.0
      ]
    ],
    "3": [
      [
        -0.597355977500749,
        0.280865281999964,
        0.75118608181409,
        -0.0253340929700152
      ],
      [
        -0.543052039066889,
        -0.830910483193474,
        -0.121170342016855,
        -0.0297858797824313
      ],
      [
        0.590135847927762,
        -0.480314961547387,
        0.648873807996835,
        0.0330905590610551
      ],
      [
        0.0,
        0.0,
        0.0,
        1.0
      ]
    ]
  },
  "T_WP": {
    "0": [
      [
        -0.95013905429224,
        -0.140212870706407,
        0.278524915217502,
        0.0470606852754156
      ],
      [
        -0.303686329099277,
        0.618833497092649,
        -0.72444441912012,
        -0.0845748704704753
      ],
      [
        -0.0707841156394126,
        -0.772907144335172,
        -0.630558605689269,
        -0.0709248229775328
      ],
      [
        0.0,
        0.0,
        0.0,
        1.0
      ]
    ],
    "1": [
      [
        -0.746034922741014,
        -0.278332936467639,
        -0.604948485846613,
        -0.0699103352194535
      ],
      [
        -0.251385636698242,
        -0.72352124472585,
        0.642901446640289,
        0.0788668623968872
      ],
      [
        -0.616633728977445,
        0.631702291358563,
        0.469803213462523,
        0.0596719455216606
      ],
      [
        0.0,
        0.0,
        0.0,
        1.0
      ]
    ],
    "2": [
      [
        -0.959685811021565,
        0.186546291667621,
        0.210246581872193,
        0.0400513537010687
      ],
      [
        0.273571902824013,
        0.79160739473538,
        0.546366311722742,
        0.0680315216030232
      ],
      [
        -0.0645101395838725,
        0.581857554445521,
        -0.810728208603566,
        -0.0898415336633047
      ],
      [
        0.0,
        0.0,
        0.0,
        1.0
      ]
    ],
    "3": [
      [
        -0.75118608181409,
        0.280865281999964,
        -0.597355977500749,
        -0.0671490113950677
      ],
      [
        0.121170342016855,
        -0.830910483193474,
        -0.543052039066889,
        -0.0677995225171135
      ],
      [
        -0.648873807996835,
        -0.480314961547387,
        0.590135847927762,
        0.0744000684159985
      ],
      [
        0.0,
        0.0,
        0.0,
        1.0
      ]
    ]
  }
}