{
  "T_WB": [
    [
      -2.22044604925031e-16,
      1.16677587785434e-19,
      1.0,
      -9.64857244447119e-36
    ],
    [
      -2.49983665131095e-18,
      1.0,
      -1.16677587785434e-19,
      3.80012874590706e-21
    ],
    [
      -1.0,
      -2.49983665131095e-18,
      -2.22044604925031e-16,
      0.195990496700003
    ],
    [
      0.0,
      0.0,
      0.0,
      1.0
    ]
  ],
  "T_WH": {
    "0": [
      [
        -1.57199784073925e-16,
        -1.52056743240145e-16,
        1.0,
        -8.88551787981039e-18
      ],
      [
        -0.707106779455507,
        0.707106782917588,
        -3.63667851414967e-18,
        -0.032
      ],
      [
        -0.707106782917588,
        -0.707106779455507,
        -2.18677387598885e-16,
        0.155990496700003
      ],
      [
        0.0,
        0.0,
        0.0,
        1.0
      ]
    ],
    "1": [
      [
        1.57199784073925e-16,
        1.52054188676566e-16,
        1.0,
        8.88551787981039e-18
      ],
      [
        0.707106779455507,
        -0.707106782917588,
        -3.63848486338388e-18,
        0.032
      ],
      [
        0.707106782917588,
        0.707106779455507,
        -2.1867558124966e-16,
        0.235990496700003
      ],
      [
        0.0,
        0.0,
        0.0,
        1.0
      ]
    ],
    "2": [
      [
        -1.57041462250124e-16,
        1.53008974443463e-16,
        1.0,
        -8.87805051419212e-18
      ],
      [
        0.707106779455507,
        0.707106782917588,
        2.85139893643243e-18,
        0.032
      ],
      [
        -0.707106782917588,
        0.707106779455507,
        -2.19238766302866e-16,
        0.155990496700003
      ],
      [
        0.0,
        0.0,
        0.0,
        1.0
      ]
    ],
    "3": [
      [
        1.57041462250124e-16,
        -1.52207167276077e-16,
        1.0,
        8.87805051419212e-18
      ],
      [
        -0.707106779455507,
        -0.707106782917588,
        3.41836222308247e-18,
        -0.032
      ],
      [
        0.707106782917588,
        -0.707106779455507,
        -2.18671803018992e-16,
        0.235990496700003
      ],
      [
        0.0,
        0.0,
        0.0,
        1.0
      ]
    ]
  },
  "T_WP": {
    "0": [
      [
        -1.0,
        -1.52056743240145e-16,
        -9.59674441165577e-17,
        -1.98895027649852e-17
      ],
      [
        -3.96611241916294e-17,
        0.707106782917588,
        -0.707106779455507,
        -0.0814974745618855
      ],
      [
        1.75379584681115e-16,
        -0.707106779455507,
        -0.707106782917588,
        0.106493021895772
      ],
      [
        0.0,
        0.0,
        0.0,
        1.0
      ]
    ],
    "1": [
      [
        -1.0,
        1.52054188676566e-16,
        2.18432124031293e-16,
        1.98895027649852e-17
      ],
      [
        4.69362875691629e-17,
        -0.707106782917588,
        0.707106779455507,
        0.0814974745618855
      ],
      [
        2.6197338416743e-16,
        0.707106779455507,
        0.707106782917588,
        0.285487971504234
      ],
      [
        0.0,
        0.0,
        0.0,
        1.0
      ]
    ],
    "2": [
      [
        -1.0,
        1.53008974443463e-16,
        -9.58091222927561e-17,
        -1.98709528717008e-17
      ],
      [
        4.04464037693466e-17,
        0.707106782917588,
        0.707106779455507,
        0.0814974745618855
      ],
      [
        1.75940963385095e-16,
        0.707106779455507,
        -0.707106782917588,
        0.106493021895772
      ],
      [
        0.0,
        0.0,
        0.0,
        1.0
      ]
    ],
    "3": [
      [
        -1.0,
        -1.52207167276077e-16,
        2.18273802207491e-16,
        1.98709528717008e-17
      ],
      [
        -4.67161649288615e-17,
        -0.707106782917588,
        -0.707106779455507,
        -0.0814974745618855
      ],
      [
        2.61969605936762e-16,
        -0.707106779455507,
        0.707106782917588,
        0.285487971504234
      ],
      [
        0.0,
        0.0,
        0.0,
        1.0
      ]
    ]
  },
  "simTime": 0.248999999999989,
  "state": [
    -9.64857244447119e-36,
    3.80012874590706e-21,
    0.195990496700003,
    0.707106781186548,
    -8.42573967232538e-19,
    0.707106781186548,
    -9.25077480768106e-19,
    -6.8742061167424e-35,
    -2.10579966959215e-20,
    -2.44184340000004,
    5.12112158383087e-19,
    -1.17814409319686e-17,
    -2.13948367875339e-17,
    1.0,
    2.43499936506325e-18,
    5.40171539230494e-20,
    -1.40518253974598e-18,
    1.0,
    -2.43627664685282e-18,
    -5.40171539230488e-20,
    1.40169486759078e-18,
    1.0,
    -2.04138727714215e-18,
    5.73597553558797e-20,
    9.73159401234307e-19,
    1.0,
    2.44229086083477e-18,
    -5.73597553558789e-20,
    -1.40035934465988e-18,
    1.20690030919283e-17,
    1.55231363071673e-19,
    -2.34666252274863e-17,
    -1.19546019650628e-17,
    -1.55231363071671e-19,
    2.34706413039321e-17,
    -1.6222758498315e-17,
    3.86646026728875e-20,
    1.92124682984443e-17,
    1.20965087813179e-17,
    -3.86646026728861e-20,
    -2.35985402514992e-17
  ]
}