{
  "T_WB": [
    [
      0.97873170906225,
      -0.00227920076832299,
      -0.205131779400326,
      -0.100460673595264
    ],
    [
      0.0027687424950942,
      0.999993963116407,
      0.00209947511001251,
      1.15623314834325e-05
    ],
    [
      0.205125755918369,
      -0.00262277993727618,
      0.978732111092876,
      0.178809741270847
    ],
    [
      0.0,
      0.0,
      0.0,
      1.0
    ]
  ],
  "T_WH": {
    "0": [
      [
        -0.171723045940513,
        0.971966689940684,
        -0.160598720850017,
        -0.0612384708081872
      ],
      [
        -0.863945147969723,
        -0.226919726127281,
        -0.449562252857036,
        -0.0318774947884378
      ],
      [
        -0.473402552583408,
        0.0615482862480271,
        0.87869325231701,
        0.187098700465575
      ],
      [
        0.0,
        0.0,
        0.0,
        1.0
      ]
    ],
    "1": [
      [
        -0.606648126907171,
        -0.772861761295651,
        -0.18617934377101,
        -0.13968287638234
      ],
      [
        0.780766042435577,
        -0.623312817072717,
        0.0434225638621317,
        0.0319006194514047
      ],
      [
        -0.149607610433118,
        -0.119020292386875,
        0.981555771670991,
        0.170520782076119
      ],
      [
        0.0,
        0.0,
        0.0,
        1.0
      ]
    ],
    "2": [
      [
        -0.175596860675012,
        -0.970889648535961,
        -0.162908050405125,
        -0.0613843396573599
      ],
      [
        0.860311874728565,
        -0.231780088446874,
        0.454028048473419,
        0.0321221188510122
      ],
      [
        -0.478569974739434,
        -0.0604258302820744,
        0.875967749584778,
        0.186930842549589
      ],
      [
        0.0,
        0.0,
        0.0,
        1.0
      ]
    ],
    "3": [
      [
        -0.603024840724968,
        0.775832519754493,
        -0.185593487924607,
        -0.139537007533167
      ],
      [
        -0.784320210928506,
        -0.619091841824855,
        -0.03958659009025,
        -0.0320989941880454
      ],
      [
        -0.145611978208151,
        0.121693026411967,
        0.981828884849598,
        0.170688639992105
      ],
      [
        0.0,
        0.0,
        0.0,
        1.0
      ]
    ]
  },
  "T_WP": {
    "0": [
      [
        0.160598720850017,
        0.971966689940684,
        -0.171723045940513,
        -0.0732590840240231
      ],
      [
        0.449562252857036,
        -0.226919726127281,
        -0.863945147969723,
        -0.0923536551463184
      ],
      [
        -0.87869325231701,
        0.0615482862480271,
        -0.473402552583408,
        0.153960521784736
      ],
      [
        0.0,
        0.0,
        0.0,
        1.0
      ]
    ],
    "1": [
      [
        0.18617934377101,
        -0.772861761295651,
        -0.606648126907171,
        -0.182148245265842
      ],
      [
        -0.0434225638621316,
        -0.623312817072717,
        0.780766042435577,
        0.0865542424218951
      ],
      [
        -0.981555771670991,
        -0.119020292386875,
        -0.149607610433118,
        0.160048249345801
      ],
      [
        0.0,
        0.0,
        0.0,
        1.0
      ]
    ],
    "2": [
      [
        0.162908050405125,
        -0.970889648535961,
        -0.175596860675012,
        -0.0736761199046107
      ],
      [
        -0.454028048473419,
        -0.231780088446874,
        0.860311874728565,
        0.0923439500820118
      ],
      [
        -0.875967749584778,
        -0.0604258302820744,
        -0.478569974739434,
        0.153430944317828
      ],
      [
        0.0,
        0.0,
        0.0,
        1.0
      ]
    ],
    "3": [
      [
        0.185593487924607,
        0.775832519754493,
        -0.603024840724968,
        -0.181748746383915
      ],
      [
        0.03958659009025,
        -0.619091841824855,
        -0.784320210928506,
        -0.0870014089530408
      ],
      [
        -0.981828884849598,
        0.121693026411967,
        -0.145611978208151,
        0.160495801517534
      ],
      [
        0.0,
        0.0,
        0.0,
        1.0
      ]
    ]
  },
  "simTime": 0.68849999999994,
  "state": [
    -0.100460673595264,
    1.15623314834325e-05,
    0.178809741270847,
    0.994668007838738,
    -0.00118689226205974,
    -0.103114187871118,
    0.00126875078509502,
    -0.340688853109636,
    -0.00033533860385673,
    -1.89812004563586,
    -0.0118567933868689,
    -2.4111424446856,
    0.000323558497620646,
    0.841362252088701,
    0.0487939591634741,
    0.227192584207658,
    -0.48796745792156,
    0.998116809331138,
    0.0209223028333585,
    0.00899714560230423,
    -0.0569573835932553,
    0.841260502083263,
    -0.049018239139134,
    0.227470680327986,
    0.487990849768147,
    0.998108658253027,
    -0.021226581247251,
    0.00903869276480881,
    0.0569810547638347,
    -5.12463724446106,
    -2.57572802664221,
    -0.846080642354444,
    -0.532620769960586,
    0.0664844138213443,
    -0.38340014914767,
    5.12618904555828,
    -2.57820518411487,
    0.846498251779487,
    0.532395984006896,
    0.0662169784137196,
    0.386571940993857
  ]
}