{
  "T_WB": [
    [
      -0.0520007636591129,
      0.0522455327301804,
      0.997279461780202,
      -0.170216662231139
    ],
    [
      0.0245739284800263,
      0.99839511876947,
      -0.0510226308254924,
      -0.000424225854856877
    ],
    [
      -0.998344651219171,
      0.0218538584015632,
      -0.0532011865942554,
      0.181652301916746
    ],
    [
      0.0,
      0.0,
      0.0,
      1.0
    ]
  ],
  "T_WH": {
    "0": [
      [
        -0.458191685565528,
        -0.538673611812591,
        0.707029786653574,
        -0.173968549824869
      ],
      [
        -0.782970703076054,
        0.621118503757735,
        -0.0341859973430997,
        -0.0313899125162789
      ],
      [
        -0.420734188536196,
        -0.569247348897235,
        -0.706356990742117,
        0.141019192399129
      ],
      [
        0.0,
        0.0,
        0.0,
        1.0
      ]
    ],
    "1": [
      [
        0.00975633300132876,
        -0.188138204668859,
        0.982094104406674,
        -0.166464774637409
      ],
      [
        0.838719574518551,
        -0.533238081506395,
        -0.110483590414147,
        0.0305414608065651
      ],
      [
        0.544476160438443,
        0.824779464084405,
        0.152592746678383,
        0.222285411434363
      ],
      [
        0.0,
        0.0,
        0.0,
        1.0
      ]
    ],
    "2": [
      [
        -0.370957554043611,
        0.600583916736221,
        0.708300396763804,
        -0.170624835730138
      ],
      [
        0.844031881154159,
        0.536145762489388,
        -0.0125660240348528,
        0.0325073750849672
      ],
      [
        -0.387299208227119,
        0.593166654762768,
        -0.705799293697716,
        0.142417839336829
      ],
      [
        0.0,
        0.0,
        0.0,
        1.0
      ]
    ],
    "3": [
      [
        -0.0842403957516966,
        0.140823086748544,
        0.986444328871229,
        -0.16980848873214
      ],
      [
        -0.865271781719741,
        -0.501297639768884,
        -0.00232811548063806,
        -0.033355826794681
      ],
      [
        0.494174361418257,
        -0.853738563379188,
        0.164079754741709,
        0.220886764496663
      ],
      [
        0.0,
        0.0,
        0.0,
        1.0
      ]
    ]
  },
  "T_WP": {
    "0": [
      [
        -0.707029786653574,
        -0.538673611812591,
        -0.458191685565528,
        -0.206041967814456
      ],
      [
        0.0341859973430997,
        0.621118503757735,
        -0.782970703076054,
        -0.0861978617316026
      ],
      [
        0.706356990742117,
        -0.569247348897235,
        -0.420734188536196,
        0.111567799201595
      ],
      [
        0.0,
        0.0,
        0.0,
        1.0
      ]
    ],
    "1": [
      [
        -0.982094104406674,
        -0.188138204668859,
        0.00975633300132882,
        -0.165781831327316
      ],
      [
        0.110483590414147,
        -0.533238081506395,
        0.838719574518551,
        0.0892518310228636
      ],
      [
        -0.152592746678383,
        0.824779464084405,
        0.544476160438443,
        0.260398742665054
      ],
      [
        0.0,
        0.0,
        0.0,
        1.0
      ]
    ],
    "2": [
      [
        -0.708300396763804,
        0.600583916736221,
        -0.370957554043611,
        -0.196591864513191
      ],
      [
        0.0125660240348529,
        0.536145762489388,
        0.844031881154159,
        0.0915896067657583
      ],
      [
        0.705799293697716,
        0.593166654762768,
        -0.387299208227119,
        0.115306894760931
      ],
      [
        0.0,
        0.0,
        0.0,
        1.0
      ]
    ],
    "3": [
      [
        -0.986444328871229,
        0.140823086748544,
        -0.0842403957516966,
        -0.175705316434759
      ],
      [
        0.00232811548063801,
        -0.501297639768884,
        -0.865271781719741,
        -0.0939248515150629
      ],
      [
        -0.164079754741709,
        -0.853738563379188,
        0.494174361418257,
        0.255478969795941
      ],
      [
        0.0,
        0.0,
        0.0,
        1.0
      ]
    ]
  },
  "simTime": 0.884999999999919,
  "state": [
    -0.170216662231139,
    -0.000424225854856877,
    0.181652301916746,
    0.687966781268562,
    0.0264825610811747,
    0.725189125163712,
    -0.0100555742673831,
    -0.447103276146495,
    -0.00144837740645874,
    0.495813075126302,
    0.481371692218866,
    13.0759172913532,
    -0.216771623928291,
    0.930472359525398,
    -0.269147237155234,
    0.235255132546025,
    -0.0802245317948078,
    0.987828959193772,
    -0.0985517992484552,
    0.0426248613638728,
    -0.112537155805323,
    0.930566373001209,
    0.270167480352447,
    0.233939217671311,
    0.0795499870189817,
    0.986529965650989,
    0.101596933706577,
    0.0458579754332705,
    0.119723581734097,
    -1.45253180496491,
    -2.266817861883,
    2.87329303428162,
    -1.28223291894875,
    -0.843359147473109,
    0.644946980629927,
    1.49095304305739,
    -2.23243221296634,
    -2.84266749098623,
    1.3208354512018,
    -0.872383630175968,
    -0.705278260535475
  ]
}