{
  "T_WB": [
    [
      -2.22044604925031e-16,
      7.98295197096369e-20,
      1.0,
      -4.85987104864133e-36
    ],
    [
      -1.29628966167248e-18,
      1.0,
      -7.98295197096368e-20,
      4.90260513831925e-21
    ],
    [
      -1.0,
      -1.29628966167248e-18,
      -2.22044604925031e-16,
      0.330365433200002
    ],
    [
      0.0,
      0.0,
      0.0,
      1.0
    ]
  ],
  "T_WH": {
    "0": [
      [
        -1.57154037936091e-16,
        -1.5305266332403e-16,
        1.0,
        -8.88433874163196e-18
      ],
      [
        -0.707106779455507,
        0.707106782917588,
        -2.9001092633948e-18,
        -0.032
      ],
      [
        -0.707106782917588,
        -0.707106779455507,
        -2.1934926203764e-16,
        0.290365433200002
      ],
      [
        0.0,
        0.0,
        0.0,
        1.0
      ]
    ],
    "1": [
      [
        1.57154037936091e-16,
        1.53056154148724e-16,
        1.0,
        8.88433874163196e-18
      ],
      [
        0.707106779455507,
        -0.707106782917588,
        -2.8976408775751e-18,
        0.032
      ],
      [
        0.707106782917588,
        0.707106779455507,
        -2.19351730423448e-16,
        0.370365433200002
      ],
      [
        0.0,
        0.0,
        0.0,
        1.0
      ]
    ],
    "2": [
      [
        -1.57054989399414e-16,
        1.54179201331949e-16,
        1.0,
        -8.87922965237054e-18
      ],
      [
        0.707106779455507,
        0.707106782917588,
        2.03348870500094e-18,
        0.032
      ],
      [
        -0.707106782917588,
        0.707106779455507,
        -2.20075806808232e-16,
        0.290365433200002
      ],
      [
        0.0,
        0.0,
        0.0,
        1.0
      ]
    ],
    "3": [
      [
        1.57054989399414e-16,
        -1.53155500198904e-16,
        1.0,
        8.87922965237054e-18
      ],
      [
        -0.707106779455507,
        -0.707106782917588,
        2.7573547198575e-18,
        -0.032
      ],
      [
        0.707106782917588,
        -0.707106779455507,
        -2.1935194079692e-16,
        0.370365433200002
      ],
      [
        0.0,
        0.0,
        0.0,
        1.0
      ]
    ]
  },
  "T_WP": {
    "0": [
      [
        -1.0,
        -1.5305266332403e-16,
        -9.59216979787234e-17,
        -1.98851213971583e-17
      ],
      [
        -4.03976934423842e-17,
        0.707106782917588,
        -0.707106779455507,
        -0.0814974745618855
      ],
      [
        1.7605145911987e-16,
        -0.707106779455507,
        -0.707106782917588,
        0.240867958395771
      ],
      [
        0.0,
        0.0,
        0.0,
        1.0
      ]
    ],
    "1": [
      [
        -1.0,
        1.53056154148724e-16,
        2.18386377893459e-16,
        1.98851213971583e-17
      ],
      [
        4.61954435833541e-17,
        -0.707106782917588,
        0.707106779455507,
        0.0814974745618855
      ],
      [
        2.62649533341218e-16,
        0.707106779455507,
        0.707106782917588,
        0.419862908004233
      ],
      [
        0.0,
        0.0,
        0.0,
        1.0
      ]
    ],
    "2": [
      [
        -1.0,
        1.54179201331949e-16,
        -9.58226494420465e-17,
        -1.98730789103295e-17
      ],
      [
        4.12643140007781e-17,
        0.707106782917588,
        0.707106779455507,
        0.0814974745618855
      ],
      [
        1.76778003890462e-16,
        0.707106779455507,
        -0.707106782917588,
        0.240867958395771
      ],
      [
        0.0,
        0.0,
        0.0,
        1.0
      ]
    ],
    "3": [
      [
        -1.0,
        -1.53155500198904e-16,
        2.18287329356782e-16,
        1.98730789103295e-17
      ],
      [
        -4.60551574256365e-17,
        -0.707106782917588,
        -0.707106779455507,
        -0.0814974745618855
      ],
      [
        2.6264974371469e-16,
        -0.707106779455507,
        0.707106782917588,
        0.419862908004233
      ],
      [
        0.0,
        0.0,
        0.0,
        1.0
      ]
    ]
  },
  "simTime": 0.185999999999996,
  "state": [
    -4.85987104864133e-36,
    4.90260513831925e-21,
    0.330365433200002,
    0.707106781186548,
    -4.3008360771254e-19,
    0.707106781186548,
    -4.86531602438089e-19,
    -7.37825491045524e-35,
    -1.34425712154706e-20,
    -1.82402759999996,
    6.47691499937661e-19,
    -9.08712452111204e-18,
    -1.68009193629409e-17,
    1.0,
    1.95006708255806e-18,
    4.41718443790251e-20,
    -7.43443194072958e-19,
    1.0,
    -1.94832167021064e-18,
    -4.41718443790246e-20,
    7.40284473040717e-19,
    1.0,
    -1.44324607346194e-18,
    5.10955706279512e-20,
    4.62103329735841e-19,
    1.0,
    1.95509663998446e-18,
    -5.10955706279507e-20,
    -7.35361898629375e-19,
    1.84278948100198e-17,
    4.64206015373294e-19,
    -1.82198000707313e-17,
    -1.88483173573843e-17,
    -4.6420601537329e-19,
    1.81954014982717e-17,
    -2.15703904454736e-17,
    3.62980438501414e-19,
    1.30103700195033e-17,
    1.84479983011605e-17,
    -3.6298043850141e-19,
    -1.82881673732772e-17
  ]
}