{
  "T_WB": [
    [
      0.94086119507845,
      0.00493216892701939,
      0.33875638046423,
      -0.131938425371424
    ],
    [
      -0.000402984242382362,
      0.999909610408957,
      -0.0134390704852928,
      -0.000163714760279934
    ],
    [
      -0.338792044179393,
      0.0125077864342026,
      0.940778138606157,
      0.0877351516096381
    ],
    [
      0.0,
      0.0,
      0.0,
      1.0
    ]
  ],
  "T_WH": {
    "0": [
      [
        -0.0527445787307521,
        0.621043269441654,
        0.781999531263118,
        -0.0944618069739509
      ],
      [
        -0.887856242871511,
        0.329275314169291,
        -0.321386153206386,
        -0.0321769416630618
      ],
      [
        -0.457087848677472,
        -0.711254543015323,
        0.534029656134812,
        0.0737832206765679
      ],
      [
        0.0,
        0.0,
        0.0,
        1.0
      ]
    ],
    "1": [
      [
        -0.490493582532542,
        -0.844817713125541,
        0.213773424643298,
        -0.169415043768898
      ],
      [
        0.870879756054826,
        -0.484030622744914,
        0.0853393621903623,
        0.031849512142502
      ],
      [
        0.0313766790511541,
        0.228029357396153,
        0.973148558123177,
        0.101687082542708
      ],
      [
        0.0,
        0.0,
        0.0,
        1.0
      ]
    ],
    "2": [
      [
        -0.0384651922711842,
        -0.618980258663609,
        0.784464064421228,
        -0.0941461481626217
      ],
      [
        0.899123854504471,
        0.321094650189725,
        0.297446667287703,
        0.0318172734031114
      ],
      [
        -0.436000829408115,
        0.716771696570302,
        0.544188948575002,
        0.0745837190083569
      ],
      [
        0.0,
        0.0,
        0.0,
        1.0
      ]
    ],
    "3": [
      [
        -0.485841136121245,
        0.848977348102546,
        0.207836120203362,
        -0.169730702580227
      ],
      [
        -0.874045161030557,
        -0.471399884531165,
        -0.117589137861764,
        -0.0321447029236713
      ],
      [
        -0.00185659136227548,
        -0.238787795485391,
        0.971069998401629,
        0.100886584210919
      ],
      [
        0.0,
        0.0,
        0.0,
        1.0
      ]
    ]
  },
  "T_WP": {
    "0": [
      [
        -0.781999531263118,
        0.621043269441654,
        -0.052744578730752,
        -0.0981539274851035
      ],
      [
        0.321386153206386,
        0.329275314169291,
        -0.887856242871511,
        -0.0943268786640677
      ],
      [
        -0.534029656134812,
        -0.711254543015323,
        -0.457087848677472,
        0.0417870712691449
      ],
      [
        0.0,
        0.0,
        0.0,
        1.0
      ]
    ],
    "1": [
      [
        -0.213773424643298,
        -0.844817713125541,
        -0.490493582532542,
        -0.203749594546176
      ],
      [
        -0.0853393621903623,
        -0.484030622744914,
        0.870879756054826,
        0.0928110950663398
      ],
      [
        -0.973148558123177,
        0.228029357396153,
        0.0313766790511542,
        0.103883450076289
      ],
      [
        0.0,
        0.0,
        0.0,
        1.0
      ]
    ],
    "2": [
      [
        -0.784464064421228,
        -0.618980258663609,
        -0.0384651922711842,
        -0.0968387116216046
      ],
      [
        -0.297446667287703,
        0.321094650189725,
        0.899123854504471,
        0.0947559432184243
      ],
      [
        -0.544188948575002,
        0.716771696570302,
        -0.436000829408115,
        0.0440636609497888
      ],
      [
        0.0,
        0.0,
        0.0,
        1.0
      ]
    ],
    "3": [
      [
        -0.207836120203362,
        0.848977348102546,
        -0.485841136121245,
        -0.203739582108714
      ],
      [
        0.117589137861764,
        -0.471399884531165,
        -0.874045161030557,
        -0.0933278641958102
      ],
      [
        -0.971069998401629,
        -0.238787795485391,
        -0.00185659136227542,
        0.10075662281556
      ],
      [
        0.0,
        0.0,
        0.0,
        1.0
      ]
    ]
  },
  "simTime": 0.78699999999993,
  "state": [
    -0.131938425371424,
    -0.000163714760279934,
    0.0877351516096381,
    0.98508234986898,
    0.00658494615271161,
    0.171952229357713,
    -0.00135398659059097,
    -0.314898602344206,
    -0.00422672971838858,
    1.44742970445199,
    0.498933170501107,
    12.9786757276382,
    -0.193552654801972,
    0.906976964719906,
    -0.175254277486188,
    0.288913472068401,
    -0.251411474176582,
    0.986773246877195,
    -0.021889309873504,
    0.0782770632438887,
    -0.140257330398853,
    0.908136751158162,
    0.174508889639534,
    0.287565147786395,
    0.249280112346061,
    0.98518808287475,
    0.0227837320219647,
    0.081897121548579,
    0.148923485047805,
    -3.0353584760393,
    -1.89924320752677,
    2.58161552556281,
    -2.05242303743965,
    -0.802113056810254,
    0.715037526093131,
    3.06308926742637,
    -1.99374566362082,
    -2.62526317922219,
    2.05833715898096,
    -0.820656054605792,
    -0.575906605872153
  ]
}