{
  "T_WB": [
    [
      0.998132454147839,
      -0.00163794423916153,
      0.0610648926592091,
      -0.00212111659812117
    ],
    [
      0.00173490718883602,
      0.999997317115538,
      -0.00153488070286671,
      -9.54368035911922e-06
    ],
    [
      -0.0610622147801523,
      0.00163795616403647,
      0.998132617955023,
      0.296652121362054
    ],
    [
      0.0,
      0.0,
      0.0,
      1.0
    ]
  ],
  "T_WH": {
    "0": [
      [
        0.793611299006215,
        0.603701449556927,
        -0.0756681299658813,
        0.0378565957834456
      ],
      [
        -0.605026390911789,
        0.769924098322967,
        -0.202879149056331,
        -0.0319400615405029
      ],
      [
        -0.0642197196344167,
        0.206788400604172,
        0.976275773019922,
        0.294157218173599
      ],
      [
        0.0,
        0.0,
        0.0,
        1.0
      ]
    ],
    "1": [
      [
        -0.645947693653359,
        -0.761995248436095,
        0.0459871549970286,
        -0.0420988289796879
      ],
      [
        0.762227686331769,
        -0.647110979241908,
        -0.0160104570171212,
        0.0319209741797847
      ],
      [
        0.0419586850750133,
        0.0247107649698199,
        0.998813719790323,
        0.29914702455051
      ],
      [
        0.0,
        0.0,
        0.0,
        1.0
      ]
    ],
    "2": [
      [
        0.791112495283381,
        -0.606849197337302,
        -0.0766490149811078,
        0.0377517673521392
      ],
      [
        0.608498879319387,
        0.768061777554151,
        0.199524985220916,
        0.0320597667548915
      ],
      [
        -0.0622103984358855,
        -0.204487548646438,
        0.976890325868272,
        0.294262047368098
      ],
      [
        0.0,
        0.0,
        0.0,
        1.0
      ]
    ],
    "3": [
      [
        -0.643592368280599,
        0.763982453158923,
        0.0460399256759064,
        -0.0419940005483816
      ],
      [
        -0.764349490270141,
        -0.644674581573311,
        0.0128273378786196,
        -0.0320788541156098
      ],
      [
        0.0394806308807875,
        -0.026935016958418,
        0.998857239372426,
        0.299042195356011
      ],
      [
        0.0,
        0.0,
        0.0,
        1.0
      ]
    ]
  },
  "T_WP": {
    "0": [
      [
        0.0756681299658813,
        0.603701449556927,
        0.793611299006215,
        0.0934093867138806
      ],
      [
        0.202879149056331,
        0.769924098322967,
        -0.605026390911789,
        -0.0742919089043282
      ],
      [
        -0.976275773019922,
        0.206788400604172,
        -0.0642197196344167,
        0.28966183779919
      ],
      [
        0.0,
        0.0,
        0.0,
        1.0
      ]
    ],
    "1": [
      [
        -0.0459871549970286,
        -0.761995248436095,
        -0.645947693653359,
        -0.087315167535423
      ],
      [
        0.0160104570171213,
        -0.647110979241908,
        0.762227686331769,
        0.0852769122230085
      ],
      [
        -0.998813719790323,
        0.0247107649698199,
        0.0419586850750133,
        0.302084132505761
      ],
      [
        0.0,
        0.0,
        0.0,
        1.0
      ]
    ],
    "2": [
      [
        0.0766490149811079,
        -0.606849197337302,
        0.791112495283381,
        0.0931296420219759
      ],
      [
        -0.199524985220916,
        0.768061777554151,
        0.608498879319387,
        0.0746546883072487
      ],
      [
        -0.976890325868272,
        -0.204487548646438,
        -0.0622103984358854,
        0.289907319477586
      ],
      [
        0.0,
        0.0,
        0.0,
        1.0
      ]
    ],
    "3": [
      [
        -0.0460399256759065,
        0.763982453158923,
        -0.643592368280599,
        -0.0870454663280235
      ],
      [
        -0.0128273378786197,
        -0.644674581573311,
        -0.764349490270141,
        -0.0855833184345196
      ],
      [
        -0.998857239372426,
        -0.026935016958418,
        0.0394806308807876,
        0.301805839517666
      ],
      [
        0.0,
        0.0,
        0.0,
        1.0
      ]
    ]
  }
}