{
  "arms": {
    "0": [
      [
        0.452682882547379,
        -0.349268823862076,
        -0.820420205593109,
        -0.0439737029373646
      ],
      [
        0.834740281105042,
        0.489495128393173,
        0.252196669578552,
        0.296951979398727
      ],
      [
        0.313507288694382,
        -0.799002945423126,
        0.513134896755219,
        0.0319468975067139
      ],
      [
        0.0,
        0.0,
        0.0,
        1.0
      ]
    ],
    "1": [
      [
        0.80649071931839,
        -0.472756683826447,
        0.355068564414978,
        0.023828623816371
      ],
      [
        0.584650099277496,
        0.548211932182312,
        -0.598036706447601,
        0.254492342472076
      ],
      [
        0.0880730450153351,
        0.689902067184448,
        0.718525111675262,
        0.0320998281240463
      ],
      [
        0.0,
        0.0,
        0.0,
        1.0
      ]
    ],
    "2": [
      [
        0.775597035884857,
        0.550097346305847,
        0.309583604335785,
        0.0236482601612806
      ],
      [
        0.627832531929016,
        -0.621470749378204,
        -0.46861544251442,
        0.253973811864853
      ],
      [
        -0.065386988222599,
        0.557823419570923,
        -0.827379941940308,
        -0.0318978168070316
      ],
      [
        0.0,
        0.0,
        0.0,
        1.0
      ]
    ],
    "3": [
      [
        0.411299556493759,
        0.477836042642593,
        -0.776212096214294,
        -0.0441540665924549
      ],
      [
        0.831507205963135,
        -0.545546472072601,
        0.104761011898518,
        0.296433448791504
      ],
      [
        -0.37340122461319,
        -0.688514173030853,
        -0.621707141399384,
        -0.0320507474243641
      ],
      [
        0.0,
        0.0,
        0.0,
        1.0
      ]
    ]
  },
  "base": [
    [
      -0.847529053688049,
      -0.00281818001531065,
      -0.530741333961487,
      -0.010162721388042
    ],
    [
      0.530745446681976,
      -0.00810189731419086,
      -0.847492575645447,
      0.27546289563179
    ],
    [
      -0.00191162538249046,
      -0.999963223934174,
      0.00836233049631119,
      2.45398514380213e-05
    ],
    [
      0.0,
      0.0,
      0.0,
      1.0
    ]
  ]
}