{
  "T_WB": [
    [
      -0.890835079983788,
      0.0539489807713402,
      -0.451112367092736,
      -0.239834173246023
    ],
    [
      0.0686229582479853,
      0.997510802375338,
      -0.0162200106598113,
      -0.000973982343592215
    ],
    [
      0.449114406216916,
      -0.0454060196256255,
      -0.89231975407372,
      0.152852956686736
    ],
    [
      0.0,
      0.0,
      0.0,
      1.0
    ]
  ],
  "T_WH": {
    "0": [
      [
        -0.584645818472879,
        -0.111600090773498,
        -0.80357618598458,
        -0.277193943830058
      ],
      [
        -0.414700410049602,
        0.892422798726396,
        0.177778283876402,
        -0.0301494096896836
      ],
      [
        0.697289636268079,
        0.437180704117523,
        -0.568031860990594,
        0.172270525563433
      ],
      [
        0.0,
        0.0,
        0.0,
        1.0
      ]
    ],
    "1": [
      [
        0.654943238159602,
        0.729718988002432,
        -0.19636586601984,
        -0.202474402661989
      ],
      [
        0.682188314971124,
        -0.682719543185465,
        -0.261750125634141,
        0.0282014450024992
      ],
      [
        -0.325066851133538,
        0.0374729756135866,
        -0.944948315196546,
        0.133435387810039
      ],
      [
        0.0,
        0.0,
        0.0,
        1.0
      ]
    ],
    "2": [
      [
        -0.533029603854236,
        0.195631947236908,
        -0.823169230860394,
        -0.273741209060692
      ],
      [
        0.532739553723319,
        0.833432826400188,
        -0.146895513128457,
        0.033691281662338
      ],
      [
        0.657318803407962,
        -0.516834465858161,
        -0.548465245560223,
        0.169364540307393
      ],
      [
        0.0,
        0.0,
        0.0,
        1.0
      ]
    ],
    "3": [
      [
        0.575613263475961,
        -0.801769589449986,
        -0.160732374908591,
        -0.205927137431355
      ],
      [
        -0.778209813502146,
        -0.59747516536467,
        0.193424178792144,
        -0.0356392463495225
      ],
      [
        -0.251115226697844,
        0.0137459887116681,
        -0.967859592458963,
        0.136341373066079
      ],
      [
        0.0,
        0.0,
        0.0,
        1.0
      ]
    ]
  },
  "T_WP": {
    "0": [
      [
        0.80357618598458,
        -0.111600090773498,
        -0.584645818472879,
        -0.318119151123159
      ],
      [
        -0.177778283876402,
        0.892422798726396,
        -0.414700410049602,
        -0.0591784383931557
      ],
      [
        0.568031860990594,
        0.437180704117523,
        0.697289636268079,
        0.221080800102198
      ],
      [
        0.0,
        0.0,
        0.0,
        1.0
      ]
    ],
    "1": [
      [
        0.19636586601984,
        0.729718988002432,
        0.654943238159602,
        -0.156628375990817
      ],
      [
        0.261750125634141,
        -0.682719543185465,
        0.682188314971124,
        0.0759546270504779
      ],
      [
        0.944948315196546,
        0.0374729756135866,
        -0.325066851133538,
        0.110680708230692
      ],
      [
        0.0,
        0.0,
        0.0,
        1.0
      ]
    ],
    "2": [
      [
        0.823169230860394,
        0.195631947236908,
        -0.533029603854236,
        -0.311053281330489
      ],
      [
        0.146895513128457,
        0.833432826400188,
        0.532739553723319,
        0.0709830504229704
      ],
      [
        0.548465245560223,
        -0.516834465858161,
        0.657318803407962,
        0.21537685654595
      ],
      [
        0.0,
        0.0,
        0.0,
        1.0
      ]
    ],
    "3": [
      [
        0.160732374908591,
        -0.801769589449986,
        0.575613263475961,
        -0.165634208988038
      ],
      [
        -0.193424178792144,
        -0.59747516536467,
        -0.778209813502146,
        -0.0901139332946727
      ],
      [
        0.967859592458963,
        0.0137459887116681,
        -0.251115226697844,
        0.11876330719723
      ],
      [
        0.0,
        0.0,
        0.0,
        1.0
      ]
    ]
  },
  "simTime": 1.0384999999999,
  "state": [
    -0.239834173246023,
    -0.000973982343592215,
    0.152852956686736,
    -0.231492963347609,
    0.0315193262721215,
    0.972196692603,
    -0.0158471096318063,
    -0.412693283913872,
    -0.00822586378524123,
    -0.889132669906549,
    0.464559083838123,
    12.6533011930648,
    -0.284794255446501,
    0.953531638988092,
    -0.210175263195774,
    0.150278204069505,
    0.154984623659621,
    0.983758498748301,
    -0.178504608185782,
    0.0111243206512923,
    -0.0152174402242139,
    0.952189184375396,
    0.213728037540048,
    0.150847293416418,
    -0.157801068427116,
    0.982963558723371,
    0.182412505987332,
    0.014834114843711,
    0.0169784839756184,
    1.4989548875441,
    -1.69515882604798,
    2.07620286972556,
    -0.650979286161912,
    -0.523556386535883,
    1.61975170905937,
    -1.48225205036898,
    -1.70791162527625,
    -2.1397983897112,
    0.643706638056156,
    -0.528336662904374,
    -1.67832503436125
  ]
}