{
  "T_WB": [
    [
      -0.308157433279448,
      0.0608329964346898,
      0.949388404637112,
      -0.179300929639821
    ],
    [
      0.0338208797589053,
      0.998023127116143,
      -0.0529715568361718,
      -0.000452175415478538
    ],
    [
      -0.950734002971891,
      0.0157855720862796,
      -0.30960567066343,
      0.189775104440953
    ],
    [
      0.0,
      0.0,
      0.0,
      1.0
    ]
  ],
  "T_WH": {
    "0": [
      [
        -0.570709454404701,
        -0.644065376585431,
        0.509382478435366,
        -0.193573882856909
      ],
      [
        -0.740219260738409,
        0.672055642258366,
        0.0204122448686628,
        -0.0310360802928389
      ],
      [
        -0.355480188878327,
        -0.365405260488355,
        -0.860298105846146,
        0.151240606015317
      ],
      [
        0.0,
        0.0,
        0.0,
        1.0
      ]
    ],
    "1": [
      [
        0.170426475924675,
        0.00165197845350308,
        0.985369010711767,
        -0.165027976422733
      ],
      [
        0.823787881755014,
        -0.548939349444451,
        -0.141559586411836,
        0.0301317294618818
      ],
      [
        0.5406739703162,
        0.835860551526804,
        -0.0949146786531178,
        0.22830960286659
      ],
      [
        0.0,
        0.0,
        0.0,
        1.0
      ]
    ],
    "2": [
      [
        -0.474545187965804,
        0.721855041015138,
        0.503718338299821,
        -0.189680571085089
      ],
      [
        0.814948609855447,
        0.576572247373371,
        -0.0585081776634257,
        0.0328373998425943
      ],
      [
        -0.332664437343661,
        0.382739785389308,
        -0.861884347698096,
        0.152250882628839
      ],
      [
        0.0,
        0.0,
        0.0,
        1.0
      ]
    ],
    "3": [
      [
        0.0601944600658844,
        -0.0603178326353663,
        0.99636257760092,
        -0.168921288194553
      ],
      [
        -0.861617395404548,
        -0.507108910139344,
        0.0213545590815883,
        -0.0337417506735513
      ],
      [
        0.503976280110145,
        -0.859768755144928,
        -0.0824960408921686,
        0.227299326253068
      ],
      [
        0.0,
        0.0,
        0.0,
        1.0
      ]
    ]
  },
  "T_WP": {
    "0": [
      [
        -0.509382478435366,
        -0.644065376585431,
        -0.570709454404701,
        -0.233523544665238
      ],
      [
        -0.0204122448686629,
        0.672055642258366,
        -0.740219260738409,
        -0.0828514285445276
      ],
      [
        0.860298105846146,
        -0.365405260488355,
        -0.355480188878327,
        0.126356992793834
      ],
      [
        0.0,
        0.0,
        0.0,
        1.0
      ]
    ],
    "1": [
      [
        -0.985369010711767,
        0.00165197845350308,
        0.170426475924675,
        -0.153098123108006
      ],
      [
        0.141559586411836,
        -0.548939349444451,
        0.823787881755014,
        0.0877968811847328
      ],
      [
        0.0949146786531178,
        0.835860551526804,
        0.5406739703162,
        0.266156780788724
      ],
      [
        0.0,
        0.0,
        0.0,
        1.0
      ]
    ],
    "2": [
      [
        -0.503718338299821,
        0.721855041015138,
        -0.474545187965804,
        -0.222898734242695
      ],
      [
        0.0585081776634257,
        0.576572247373371,
        0.814948609855447,
        0.0898838025324755
      ],
      [
        0.861884347698096,
        0.382739785389308,
        -0.332664437343661,
        0.128964372014782
      ],
      [
        0.0,
        0.0,
        0.0,
        1.0
      ]
    ],
    "3": [
      [
        -0.99636257760092,
        -0.0603178326353663,
        0.0601944600658844,
        -0.164707675989941
      ],
      [
        -0.0213545590815883,
        -0.507108910139344,
        -0.861617395404548,
        -0.0940549683518697
      ],
      [
        0.0824960408921687,
        -0.859768755144928,
        0.503976280110145,
        0.262577665860778
      ],
      [
        0.0,
        0.0,
        0.0,
        1.0
      ]
    ]
  },
  "simTime": 0.904999999999917,
  "state": [
    -0.179300929639821,
    -0.000452175415478538,
    0.189775104440953,
    0.587422340223213,
    0.0292622208138716,
    0.808669622135489,
    -0.0114960373593896,
    -0.460413391977869,
    -0.00139442553264768,
    0.317005813169795,
    0.477735722463376,
    13.0629288550947,
    -0.22416945867098,
    0.934072006421957,
    -0.275272351593292,
    0.22313285583144,
    -0.0441174332397707,
    0.987600622928508,
    -0.111634964514522,
    0.0366919740520185,
    -0.104097758521647,
    0.933905163667519,
    0.27673656076391,
    0.222110165825813,
    0.0436473991039228,
    0.986380683319853,
    0.115049922306896,
    0.0398866828546882,
    0.110569957409265,
    -0.99677193053129,
    -2.20516852697526,
    2.95075898792773,
    -1.24359492875579,
    -0.789578789905764,
    0.788838955669809,
    1.04129807200731,
    -2.17482605406423,
    -2.93391813193292,
    1.27551646772512,
    -0.814487042697583,
    -0.852376340729809
  ]
}