{
  "T_WB": [
    [
      0.997828695675292,
      -0.00289697364806366,
      0.0657989485525972,
      -0.00732761308909723
    ],
    [
      0.00254106276334362,
      0.999981689679777,
      0.00549211300061125,
      6.0482878180177e-07
    ],
    [
      -0.0658136542594138,
      -0.00531298869386707,
      0.99781778650421,
      0.426982346636729
    ],
    [
      0.0,
      0.0,
      0.0,
      1.0
    ]
  ],
  "T_WH": {
    "0": [
      [
        0.48280925109534,
        0.874202689814516,
        -0.0516225161903411,
        0.0400058509837497
      ],
      [
        -0.868528742458838,
        0.470466940929155,
        -0.155944480555202,
        -0.0318977715592191
      ],
      [
        -0.112040397087949,
        0.120127076938667,
        0.986415954253856,
        -0.0024625305321728
      ],
      [
        0.0,
        0.0,
        0.0,
        1.0
      ]
    ],
    "1": [
      [
        -0.744434174682336,
        -0.662634940063517,
        -0.0820530058684607,
        -0.0400058509837497
      ],
      [
        0.667235062916408,
        -0.742846532843147,
        -0.0545563878739454,
        0.0318977715592191
      ],
      [
        -0.0248018221098107,
        -0.0953622821137127,
        0.995133611516613,
        0.0024625305321728
      ],
      [
        0.0,
        0.0,
        0.0,
        1.0
      ]
    ],
    "2": [
      [
        0.477743974452596,
        -0.877004022576998,
        -0.0512312332274103,
        0.0398204446702737
      ],
      [
        0.870176000427223,
        0.464403884325314,
        0.164689891930385,
        0.0321010565802866
      ],
      [
        -0.120641713991133,
        -0.123259793149773,
        0.985014010173437,
        -0.0028025618085803
      ],
      [
        0.0,
        0.0,
        0.0,
        1.0
      ]
    ],
    "3": [
      [
        -0.742218319129152,
        0.665448999578849,
        -0.0793069713745606,
        -0.0398204446702737
      ],
      [
        -0.669934175572879,
        -0.739815873165447,
        0.0621343239436491,
        -0.0321010565802866
      ],
      [
        -0.0173253325677682,
        0.0992476839626796,
        0.994911920764577,
        0.0028025618085803
      ],
      [
        0.0,
        0.0,
        0.0,
        1.0
      ]
    ]
  },
  "T_WP": {
    "0": [
      [
        0.0516225161903412,
        0.874202689814516,
        0.48280925109534,
        0.0738024985604236
      ],
      [
        0.155944480555202,
        0.470466940929155,
        -0.868528742458838,
        -0.0926947835313378
      ],
      [
        -0.986415954253856,
        0.120127076938667,
        -0.112040397087949,
        -0.0103053583283293
      ],
      [
        0.0,
        0.0,
        0.0,
        1.0
      ]
    ],
    "1": [
      [
        0.0820530058684607,
        -0.662634940063517,
        -0.744434174682336,
        -0.0921162432115132
      ],
      [
        0.0545563878739454,
        -0.742846532843147,
        0.667235062916408,
        0.0786042259633677
      ],
      [
        -0.995133611516613,
        -0.0953622821137127,
        -0.0248018221098106,
        0.000726402984486057
      ],
      [
        0.0,
        0.0,
        0.0,
        1.0
      ]
    ],
    "2": [
      [
        0.0512312332274103,
        -0.877004022576998,
        0.477743974452596,
        0.0732625228819554
      ],
      [
        -0.164689891930385,
        0.464403884325314,
        0.870176000427223,
        0.0930133766101922
      ],
      [
        -0.985014010173437,
        -0.123259793149773,
        -0.120641713991133,
        -0.0112474817879596
      ],
      [
        0.0,
        0.0,
        0.0,
        1.0
      ]
    ],
    "3": [
      [
        0.0793069713745606,
        0.665448999578849,
        -0.742218319129152,
        -0.0917757270093143
      ],
      [
        -0.0621343239436491,
        -0.739815873165447,
        -0.669934175572879,
        -0.0789964488703881
      ],
      [
        -0.994911920764577,
        0.0992476839626796,
        -0.0173253325677682,
        0.00158978852883652
      ],
      [
        0.0,
        0.0,
        0.0,
        1.0
      ]
    ]
  }
}