{
  "T_WB": [
    [
      -0.904253492443237,
      0.0727531610285169,
      0.42075242003412,
      -0.208724034870948
    ],
    [
      0.0599523762093332,
      0.997248999905874,
      -0.0435906500707276,
      -0.000581922360270327
    ],
    [
      -0.422766287670935,
      -0.0141918901874536,
      -0.906127615880812,
      0.192271747846784
    ],
    [
      0.0,
      0.0,
      0.0,
      1.0
    ]
  ],
  "T_WH": {
    "0": [
      [
        -0.810701917386547,
        -0.551845090705999,
        -0.195523392486592,
        -0.24722227572159
      ],
      [
        -0.580409710637037,
        0.801332424242257,
        0.144882413205535,
        -0.030095795308885
      ],
      [
        0.0767265856402383,
        0.230940125837232,
        -0.969937982210345,
        0.175815236825945
      ],
      [
        0.0,
        0.0,
        0.0,
        1.0
      ]
    ],
    "1": [
      [
        0.59065774364038,
        0.521082337931131,
        0.616114134697364,
        -0.170225794020306
      ],
      [
        0.7630639521972,
        -0.608991735432402,
        -0.216477414600739,
        0.0289319505883443
      ],
      [
        0.262405858804341,
        0.597998547883904,
        -0.757324832548028,
        0.208728258867623
      ],
      [
        0.0,
        0.0,
        0.0,
        1.0
      ]
    ],
    "2": [
      [
        -0.71815935944671,
        0.660009770765703,
        -0.220531714120432,
        -0.242566073415765
      ],
      [
        0.693395971052624,
        0.705457988374388,
        -0.146734637924215,
        0.033728140685091
      ],
      [
        0.0587295646764059,
        -0.258294655640736,
        -0.964279372951819,
        0.174906955853948
      ],
      [
        0.0,
        0.0,
        0.0,
        1.0
      ]
    ],
    "3": [
      [
        0.465011938400005,
        -0.603212199955252,
        0.647996094872967,
        -0.174881996326131
      ],
      [
        -0.837768459208289,
        -0.53644777517008,
        0.101822361349758,
        -0.0348919854056316
      ],
      [
        0.286195572819077,
        -0.590219303598431,
        -0.754806775114363,
        0.20963653983962
      ],
      [
        0.0,
        0.0,
        0.0,
        1.0
      ]
    ]
  },
  "T_WP": {
    "0": [
      [
        0.195523392486592,
        -0.551845090705999,
        -0.810701917386547,
        -0.303971409938649
      ],
      [
        -0.144882413205535,
        0.801332424242257,
        -0.580409710637037,
        -0.0707244750534775
      ],
      [
        0.969937982210345,
        0.230940125837232,
        0.0767265856402383,
        0.181186097820762
      ],
      [
        0.0,
        0.0,
        0.0,
        1.0
      ]
    ],
    "1": [
      [
        -0.616114134697364,
        0.521082337931131,
        0.59065774364038,
        -0.12887975196548
      ],
      [
        0.216477414600739,
        -0.608991735432402,
        0.7630639521972,
        0.0823464272421483
      ],
      [
        0.757324832548028,
        0.597998547883904,
        0.26240585880434,
        0.227096668983927
      ],
      [
        0.0,
        0.0,
        0.0,
        1.0
      ]
    ],
    "2": [
      [
        0.220531714120432,
        0.660009770765703,
        -0.71815935944671,
        -0.292837228577035
      ],
      [
        0.146734637924215,
        0.705457988374388,
        0.693395971052624,
        0.0822658586587747
      ],
      [
        0.964279372951819,
        -0.258294655640736,
        0.0587295646764058,
        0.179018025381297
      ],
      [
        0.0,
        0.0,
        0.0,
        1.0
      ]
    ],
    "3": [
      [
        -0.647996094872967,
        -0.603212199955252,
        0.465011938400005,
        -0.142331160638131
      ],
      [
        -0.101822361349758,
        -0.53644777517008,
        -0.837768459208289,
        -0.0935357775502119
      ],
      [
        0.754806775114363,
        -0.590219303598431,
        0.286195572819076,
        0.229670229936956
      ],
      [
        0.0,
        0.0,
        0.0,
        1.0
      ]
    ]
  },
  "simTime": 0.96799999999991,
  "state": [
    -0.208724034870948,
    -0.000581922360270327,
    0.192271747846784,
    0.216141094878916,
    0.0340041303803697,
    0.975657484498264,
    -0.014806051605266,
    -0.463797128913331,
    -0.00323836833775538,
    -0.238072634410976,
    0.467972483135888,
    12.925910684352,
    -0.251759313899511,
    0.944064976580225,
    -0.264636693534412,
    0.186587390564451,
    0.0624010105054464,
    0.98626797389591,
    -0.148578665739645,
    0.0217705166538914,
    -0.0687452424456141,
    0.943228508930495,
    0.267482407349052,
    0.186466013548141,
    -0.0632737504102236,
    0.985273870375983,
    0.152617117973535,
    0.0250733409257273,
    0.0729022854964458,
    0.362943054208313,
    -1.97957894274516,
    2.79399399710104,
    -1.0393541637418,
    -0.65155723458472,
    1.22047110507543,
    -0.317564292685534,
    -1.96819782061112,
    -2.82345194710307,
    1.05015427699293,
    -0.664350409671069,
    -1.28707360901884
  ]
}