{
  "T_WB": [
    [
      -2.22044604925031e-16,
      7.39343929699666e-20,
      1.0,
      -4.19887284263272e-36
    ],
    [
      -1.14946739345681e-18,
      1.0,
      -7.39343929699667e-20,
      5.0207408975296e-21
    ],
    [
      -1.0,
      -1.14946739345681e-18,
      -2.22044604925031e-16,
      0.346384514300002
    ],
    [
      0.0,
      0.0,
      0.0,
      1.0
    ]
  ],
  "T_WH": {
    "0": [
      [
        -1.57145521370741e-16,
        -1.53227575664945e-16,
        1.0,
        -8.88415009757629e-18
      ],
      [
        -0.707106779455507,
        0.707106782917588,
        -2.7704054396203e-18,
        -0.032
      ],
      [
        -0.707106782917588,
        -0.707106779455507,
        -2.19466921618586e-16,
        0.306384514300002
      ],
      [
        0.0,
        0.0,
        0.0,
        1.0
      ]
    ],
    "1": [
      [
        1.57145521370741e-16,
        1.53231872684157e-16,
        1.0,
        8.88415009757629e-18
      ],
      [
        0.707106779455507,
        -0.707106782917588,
        -2.76736698818971e-18,
        0.032
      ],
      [
        0.707106782917588,
        0.707106779455507,
        -2.19469960070002e-16,
        0.386384514300002
      ],
      [
        0.0,
        0.0,
        0.0,
        1.0
      ]
    ],
    "2": [
      [
        -1.57055676082301e-16,
        1.54370023819623e-16,
        1.0,
        -8.87941829642621e-18
      ],
      [
        0.707106779455507,
        0.707106782917588,
        1.89904238775797e-18,
        0.032
      ],
      [
        -0.707106782917588,
        0.707106779455507,
        -2.20211224241067e-16,
        0.306384514300002
      ],
      [
        0.0,
        0.0,
        0.0,
        1.0
      ]
    ],
    "3": [
      [
        1.57055676082301e-16,
        -1.53322733397369e-16,
        1.0,
        8.87941829642621e-18
      ],
      [
        -0.707106779455507,
        -0.707106782917588,
        2.63958854901883e-18,
        -0.032
      ],
      [
        0.707106782917588,
        -0.707106779455507,
        -2.19470678083431e-16,
        0.386384514300002
      ],
      [
        0.0,
        0.0,
        0.0,
        1.0
      ]
    ]
  },
  "T_WP": {
    "0": [
      [
        -1.0,
        -1.53227575664945e-16,
        -9.5913181413373e-17,
        -1.98843365935281e-17
      ],
      [
        -4.05273972661587e-17,
        0.707106782917588,
        -0.707106779455507,
        -0.0814974745618855
      ],
      [
        1.76169118700816e-16,
        -0.707106779455507,
        -0.707106782917588,
        0.256887039495771
      ],
      [
        0.0,
        0.0,
        0.0,
        1.0
      ]
    ],
    "1": [
      [
        -1.0,
        1.53231872684157e-16,
        2.18377861328108e-16,
        1.98843365935281e-17
      ],
      [
        4.60651696939687e-17,
        -0.707106782917588,
        0.707106779455507,
        0.0814974745618855
      ],
      [
        2.62767762987772e-16,
        0.707106779455507,
        0.707106782917588,
        0.435881989104233
      ],
      [
        0.0,
        0.0,
        0.0,
        1.0
      ]
    ],
    "2": [
      [
        -1.0,
        1.54370023819623e-16,
        -9.58233361249334e-17,
        -1.98733156221873e-17
      ],
      [
        4.1398760318021e-17,
        0.707106782917588,
        0.707106779455507,
        0.0814974745618855
      ],
      [
        1.76913421323296e-16,
        0.707106779455507,
        -0.707106782917588,
        0.256887039495771
      ],
      [
        0.0,
        0.0,
        0.0,
        1.0
      ]
    ],
    "3": [
      [
        -1.0,
        -1.53322733397369e-16,
        2.18288016039669e-16,
        1.98733156221873e-17
      ],
      [
        -4.59373912547979e-17,
        -0.707106782917588,
        -0.707106779455507,
        -0.0814974745618855
      ],
      [
        2.62768481001202e-16,
        -0.707106779455507,
        0.707106782917588,
        0.435881989104233
      ],
      [
        0.0,
        0.0,
        0.0,
        1.0
      ]
    ]
  },
  "simTime": 0.176999999999997,
  "state": [
    -4.19887284263272e-36,
    5.0207408975296e-21,
    0.346384514300002,
    0.707106781186548,
    -3.8025833901708e-19,
    0.707106781186548,
    -4.32537849649054e-19,
    -7.22073130750786e-35,
    -1.28235517476591e-20,
    -1.73576819999996,
    6.62158179497635e-19,
    -8.62933918495481e-18,
    -1.57761579271277e-17,
    1.0,
    1.86469515415207e-18,
    4.19978037454983e-20,
    -6.63467612238464e-19,
    1.0,
    -1.86254664454645e-18,
    -4.19978037454978e-20,
    6.60425806254941e-19,
    1.0,
    -1.34575058757295e-18,
    4.93546700297256e-20,
    4.05745011928399e-19,
    1.0,
    1.86939579870026e-18,
    -4.93546700297251e-20,
    -6.55110501242896e-19,
    1.95900711431667e-17,
    5.01294672204053e-19,
    -1.7319410342755e-17,
    -1.91917302025419e-17,
    -5.01294672204049e-19,
    1.72919296827647e-17,
    -2.17083931491338e-17,
    4.1081089625222e-19,
    1.20360797214337e-17,
    1.96893097753347e-17,
    -4.10810896252216e-19,
    -1.73730183449921e-17
  ]
}