{
  "T_WB": [
    [
      -0.90696283485485,
      0.0727368675739181,
      0.414882831999096,
      -0.20895588323724
    ],
    [
      0.0601079925867428,
      0.997246379119159,
      -0.0434360283741323,
      -0.00058354817717816
    ],
    [
      -0.416899802613587,
      -0.0144570892388702,
      -0.908837470151562,
      0.192151599593914
    ],
    [
      0.0,
      0.0,
      0.0,
      1.0
    ]
  ],
  "T_WH": {
    "0": [
      [
        -0.811200470851995,
        -0.549184007567076,
        -0.20087489121856,
        -0.247561976393799
      ],
      [
        -0.579100891799157,
        0.8021628367184,
        0.145522989610958,
        -0.0300911126055215
      ],
      [
        0.0812154739376917,
        0.234375146336926,
        -0.968747819389866,
        0.175938234345015
      ],
      [
        0.0,
        0.0,
        0.0,
        1.0
      ]
    ],
    "1": [
      [
        0.592920044507332,
        0.524210611390812,
        0.611268399090527,
        -0.17034979008068
      ],
      [
        0.762522263015846,
        -0.609507942558907,
        -0.21693286141754,
        0.0289240162511652
      ],
      [
        0.258854436366497,
        0.594729604831372,
        -0.761111738124241,
        0.208364964842814
      ],
      [
        0.0,
        0.0,
        0.0,
        1.0
      ]
    ],
    "2": [
      [
        -0.718862118945289,
        0.657403775374126,
        -0.225959133626715,
        -0.242906816869068
      ],
      [
        0.692297850152717,
        0.706462362569998,
        -0.147087106661131,
        0.0337326556581046
      ],
      [
        0.0629360041583143,
        -0.262166371596098,
        -0.962968251285951,
        0.175012980633727
      ],
      [
        0.0,
        0.0,
        0.0,
        1.0
      ]
    ],
    "3": [
      [
        0.467392025336929,
        -0.606418007374096,
        0.643274354365131,
        -0.175004949605411
      ],
      [
        -0.837483001781907,
        -0.536766639996202,
        0.102488028147457,
        -0.034899752012461
      ],
      [
        0.283137627979416,
        -0.586633424311656,
        -0.758745220151383,
        0.209290218554102
      ],
      [
        0.0,
        0.0,
        0.0,
        1.0
      ]
    ]
  },
  "T_WP": {
    "0": [
      [
        0.200874891218559,
        -0.549184007567076,
        -0.811200470851995,
        -0.304346009353439
      ],
      [
        -0.145522989610958,
        0.8021628367184,
        -0.579100891799157,
        -0.0706281750314625
      ],
      [
        0.968747819389866,
        0.234375146336926,
        0.0812154739376916,
        0.181623317520653
      ],
      [
        0.0,
        0.0,
        0.0,
        1.0
      ]
    ],
    "1": [
      [
        -0.611268399090527,
        0.524210611390812,
        0.592920044507332,
        -0.128845386965167
      ],
      [
        0.21693286141754,
        -0.609507942558907,
        0.762522263015846,
        0.0823005746622744
      ],
      [
        0.761111738124241,
        0.594729604831372,
        0.258854436366497,
        0.226484775388469
      ],
      [
        0.0,
        0.0,
        0.0,
        1.0
      ]
    ],
    "2": [
      [
        0.225959133626715,
        0.657403775374126,
        -0.718862118945289,
        -0.293227165195239
      ],
      [
        0.147087106661131,
        0.706462362569998,
        0.692297850152717,
        0.0821935051687949
      ],
      [
        0.962968251285951,
        -0.262166371596098,
        0.0629360041583142,
        0.179418500924809
      ],
      [
        0.0,
        0.0,
        0.0,
        1.0
      ]
    ],
    "3": [
      [
        -0.643274354365131,
        -0.606418007374096,
        0.467392025336929,
        -0.142287507831826
      ],
      [
        -0.102488028147457,
        -0.536766639996202,
        -0.837483001781907,
        -0.0935235621371945
      ],
      [
        0.758745220151383,
        -0.586633424311656,
        0.283137627979416,
        0.229109852512661
      ],
      [
        0.0,
        0.0,
        0.0,
        1.0
      ]
    ]
  },
  "simTime": 0.96849999999991,
  "state": [
    -0.20895588323724,
    -0.00058354817717816,
    0.192151599593914,
    0.212982437135523,
    0.0340156441125032,
    0.976351202709042,
    -0.0148238455210504,
    -0.463595827180008,
    -0.00326492618428489,
    -0.242520648267791,
    0.467913789147854,
    12.9243287752341,
    -0.251994148990203,
    0.944137697983962,
    -0.264388663041589,
    0.186310811244449,
    0.0631737581125426,
    0.986253862041633,
    -0.148839191745927,
    0.0216732204725089,
    -0.0684140783956951,
    0.943296794388976,
    0.267243590123148,
    0.186195842163427,
    -0.0640556757409165,
    0.985261396158951,
    0.152879508606651,
    0.0249781137361417,
    0.0725529525332164,
    0.372716460132431,
    -1.97764330815105,
    2.79057943017745,
    -1.03717336267302,
    -0.650577259173791,
    1.22367584201215,
    -0.327449538296754,
    -1.9664319207721,
    -2.8203725533632,
    1.04782079922893,
    -0.663291663405131,
    -1.29026109714236
  ]
}