{
  "T_WB": [
    [
      0.999920916619174,
      -0.00172567950341408,
      0.012457228332291,
      -0.00215493257828614
    ],
    [
      0.00174609779197586,
      0.999997149754073,
      -0.00162838147580041,
      -8.70148807637047e-06
    ],
    [
      -0.0124543827615902,
      0.00165000423677318,
      0.999921079803824,
      0.263318017003588
    ],
    [
      0.0,
      0.0,
      0.0,
      1.0
    ]
  ],
  "T_WH": {
    "0": [
      [
        0.78546730192181,
        0.604808540939819,
        -0.131330675845055,
        0.0400520584088762
      ],
      [
        -0.61826397047216,
        0.757145103690858,
        -0.210905084748945,
        -0.0319300648804513
      ],
      [
        -0.0281208184033036,
        0.2468560729721,
        0.968644051656294,
        -0.000550975446040349
      ],
      [
        0.0,
        0.0,
        0.0,
        1.0
      ]
    ],
    "1": [
      [
        -0.648503472660674,
        -0.761173802542016,
        -0.00759527950601361,
        -0.0400520584088762
      ],
      [
        0.761140615337084,
        -0.648274283574576,
        -0.0201349680942525,
        0.0319300648804513
      ],
      [
        0.0104023858480547,
        -0.0188386724478989,
        0.99976842058002,
        0.000550975446040349
      ],
      [
        0.0,
        0.0,
        0.0,
        1.0
      ]
    ],
    "2": [
      [
        0.782790723637399,
        -0.608051158651757,
        -0.132334694806364,
        0.0399416149206577
      ],
      [
        0.621737618429664,
        0.755294481653784,
        0.207298287047316,
        0.0320697527038094
      ],
      [
        -0.0260962989070606,
        -0.244548634111087,
        0.969285793116641,
        -0.000445375174886865
      ],
      [
        0.0,
        0.0,
        0.0,
        1.0
      ]
    ],
    "3": [
      [
        -0.646011274953117,
        0.763290549205491,
        -0.00754785579008399,
        -0.0399416149206577
      ],
      [
        -0.763286948761653,
        -0.645842682377682,
        0.0167410713315013,
        -0.0320697527038094
      ],
      [
        0.00790357410124213,
        0.0165761006506504,
        0.999831368983613,
        0.000445375174886865
      ],
      [
        0.0,
        0.0,
        0.0,
        1.0
      ]
    ]
  },
  "T_WP": {
    "0": [
      [
        0.131330675845055,
        0.604808540939819,
        0.78546730192181,
        0.0950347695434029
      ],
      [
        0.210905084748944,
        0.757145103690858,
        -0.61826397047216,
        -0.0752085428135025
      ],
      [
        -0.968644051656294,
        0.2468560729721,
        -0.0281208184033035,
        -0.0025194327342716
      ],
      [
        0.0,
        0.0,
        0.0,
        1.0
      ]
    ],
    "1": [
      [
        0.00759527950601357,
        -0.761173802542016,
        -0.648503472660674,
        -0.0854473014951234
      ],
      [
        0.0201349680942525,
        -0.648274283574576,
        0.761140615337084,
        0.0852099079540472
      ],
      [
        -0.99976842058002,
        -0.0188386724478989,
        0.0104023858480548,
        0.00127914245540418
      ],
      [
        0.0,
        0.0,
        0.0,
        1.0
      ]
    ],
    "2": [
      [
        0.132334694806364,
        -0.608051158651757,
        0.782790723637399,
        0.0947369655752757
      ],
      [
        -0.207298287047316,
        0.755294481653784,
        0.621737618429664,
        0.0755913859938859
      ],
      [
        -0.969285793116641,
        -0.244548634111087,
        -0.0260962989070606,
        -0.00227211609838111
      ],
      [
        0.0,
        0.0,
        0.0,
        1.0
      ]
    ],
    "3": [
      [
        0.00754785579008395,
        0.763290549205491,
        -0.646011274953117,
        -0.0851624041673759
      ],
      [
        -0.0167410713315013,
        -0.645842682377682,
        -0.763286948761653,
        -0.0854998391171251
      ],
      [
        -0.999831368983613,
        0.0165761006506504,
        0.0079035741012422,
        0.000998625361973815
      ],
      [
        0.0,
        0.0,
        0.0,
        1.0
      ]
    ]
  }
}