{
  "T_WB": [
    [
      -2.22044604925031e-16,
      7.06044445909813e-20,
      1.0,
      -3.83484560811128e-36
    ],
    [
      -1.07077028281166e-18,
      1.0,
      -7.06044445909813e-20,
      5.08233901331559e-21
    ],
    [
      -1.0,
      -1.07077028281166e-18,
      -2.22044604925031e-16,
      0.354940772800002
    ],
    [
      0.0,
      0.0,
      0.0,
      1.0
    ]
  ],
  "T_WH": {
    "0": [
      [
        -1.57140613787816e-16,
        -1.53327857183658e-16,
        1.0,
        -8.88404353922816e-18
      ],
      [
        -0.707106779455507,
        0.707106782917588,
        -2.69602551238049e-18,
        -0.032
      ],
      [
        -0.707106782917588,
        -0.707106779455507,
        -2.19534361175148e-16,
        0.314940772800002
      ],
      [
        0.0,
        0.0,
        0.0,
        1.0
      ]
    ],
    "1": [
      [
        1.57140613787816e-16,
        1.5333248439727e-16,
        1.0,
        8.88404353922816e-18
      ],
      [
        0.707106779455507,
        -0.707106782917588,
        -2.6927535782497e-18,
        0.032
      ],
      [
        0.707106782917588,
        0.707106779455507,
        -2.19537633109263e-16,
        0.394940772800002
      ],
      [
        0.0,
        0.0,
        0.0,
        1.0
      ]
    ],
    "2": [
      [
        -1.57055910005194e-16,
        1.54478031077767e-16,
        1.0,
        -8.87952485477434e-18
      ],
      [
        0.707106779455507,
        0.707106782917588,
        1.8228351313843e-18,
        0.032
      ],
      [
        -0.707106782917588,
        0.707106779455507,
        -2.20287762313994e-16,
        0.314940772800002
      ],
      [
        0.0,
        0.0,
        0.0,
        1.0
      ]
    ],
    "3": [
      [
        1.57055910005194e-16,
        -1.53418766375675e-16,
        1.0,
        8.87952485477434e-18
      ],
      [
        -0.707106779455507,
        -0.707106782917588,
        2.57184838713836e-18,
        -0.032
      ],
      [
        0.707106782917588,
        -0.707106779455507,
        -2.19538749061908e-16,
        0.394940772800002
      ],
      [
        0.0,
        0.0,
        0.0,
        1.0
      ]
    ]
  },
  "T_WP": {
    "0": [
      [
        -1.0,
        -1.53327857183658e-16,
        -9.59082738304485e-17,
        -1.98838865043753e-17
      ],
      [
        -4.06017771933985e-17,
        0.707106782917588,
        -0.707106779455507,
        -0.0814974745618855
      ],
      [
        1.76236558257378e-16,
        -0.707106779455507,
        -0.707106782917588,
        0.26544329799577
      ],
      [
        0.0,
        0.0,
        0.0,
        1.0
      ]
    ],
    "1": [
      [
        -1.0,
        1.5333248439727e-16,
        2.18372953745184e-16,
        1.98838865043753e-17
      ],
      [
        4.59905562840287e-17,
        -0.707106782917588,
        0.707106779455507,
        0.0814974745618855
      ],
      [
        2.62835436027033e-16,
        0.707106779455507,
        0.707106782917588,
        0.444438247604233
      ],
      [
        0.0,
        0.0,
        0.0,
        1.0
      ]
    ],
    "2": [
      [
        -1.0,
        1.54478031077767e-16,
        -9.58235700478266e-17,
        -1.98734385551379e-17
      ],
      [
        4.14749675743947e-17,
        0.707106782917588,
        0.707106779455507,
        0.0814974745618855
      ],
      [
        1.76989959396224e-16,
        0.707106779455507,
        -0.707106782917588,
        0.26544329799577
      ],
      [
        0.0,
        0.0,
        0.0,
        1.0
      ]
    ],
    "3": [
      [
        -1.0,
        -1.53418766375675e-16,
        2.18288249962562e-16,
        1.98734385551379e-17
      ],
      [
        -4.58696510929174e-17,
        -0.707106782917588,
        -0.707106779455507,
        -0.0814974745618855
      ],
      [
        2.62836551979678e-16,
        -0.707106779455507,
        0.707106782917588,
        0.444438247604233
      ],
      [
        0.0,
        0.0,
        0.0,
        1.0
      ]
    ]
  },
  "simTime": 0.171999999999997,
  "state": [
    -3.83484560811128e-36,
    5.08233901331559e-21,
    0.354940772800002,
    0.707106781186548,
    -3.53612023258485e-19,
    0.707106781186548,
    -4.03536904810678e-19,
    -7.06319182741442e-35,
    -1.20124547835857e-20,
    -1.68673519999996,
    6.69764873802308e-19,
    -8.36821210173195e-18,
    -1.55444239996858e-17,
    1.0,
    1.81573170933835e-18,
    4.07213268203019e-20,
    -6.20809762740369e-19,
    1.0,
    -1.81341810253254e-18,
    -4.07213268203014e-20,
    6.17838706940861e-19,
    1.0,
    -1.29056964395864e-18,
    4.82943169393001e-20,
    3.76335359347929e-19,
    1.0,
    1.82020199500438e-18,
    -4.82943169392995e-20,
    -6.12330908975802e-19,
    1.97693815213757e-17,
    5.19554246128386e-19,
    -1.68052355263372e-17,
    -1.98664426085559e-17,
    -5.19554246128382e-19,
    1.67761334873386e-17,
    -2.22184146299138e-17,
    4.37469791856042e-19,
    1.14914223841609e-17,
    1.98678538115037e-17,
    -4.37469791856038e-19,
    -1.68487811452643e-17
  ]
}