{
  "T_WB": [
    [
      0.595408837758064,
      -0.000340314406383418,
      0.803422802829056,
      -0.00241468862935923
    ],
    [
      0.000935160216548611,
      0.999999526433863,
      -0.000269457640072498,
      -1.43205406619837e-05
    ],
    [
      -0.803422330654905,
      0.000911766502574308,
      0.595408874041095,
      0.509309329927901
    ],
    [
      0.0,
      0.0,
      0.0,
      1.0
    ]
  ],
  "T_WH": {
    "0": [
      [
        0.513241186260435,
        0.263315274483371,
        0.816852833103815,
        0.0238272435713268
      ],
      [
        -0.5337056688321,
        0.843282846421981,
        0.0635003935965923,
        -0.0319625784372217
      ],
      [
        -0.672117358637956,
        -0.468550004966587,
        0.573340343132549,
        -0.0321660697542786
      ],
      [
        0.0,
        0.0,
        0.0,
        1.0
      ]
    ],
    "1": [
      [
        -0.394969670132056,
        -0.371058108305358,
        0.840425392248845,
        -0.0238272435713268
      ],
      [
        0.729652650222324,
        -0.682554202720793,
        0.0415544266200629,
        0.0319625784372217
      ],
      [
        0.558216776619365,
        0.629631352943158,
        0.540331740407366,
        0.0321660697542786
      ],
      [
        0.0,
        0.0,
        0.0,
        1.0
      ]
    ],
    "2": [
      [
        0.513182702229273,
        -0.264482186042419,
        0.816512515151412,
        0.0238054634493183
      ],
      [
        0.535202043181895,
        0.842331554413402,
        -0.0635320817652479,
        0.0320373912545455
      ],
      [
        -0.670971152216387,
        0.469602731791165,
        0.57382138962197,
        -0.0321077166981138
      ],
      [
        0.0,
        0.0,
        0.0,
        1.0
      ]
    ],
    "3": [
      [
        -0.394545576604573,
        0.371567628962048,
        0.840399479467525,
        -0.0238054634493183
      ],
      [
        -0.730821238467588,
        -0.681282617764295,
        -0.0418845095104406,
        -0.0320373912545455
      ],
      [
        0.556986629450353,
        -0.630707136347569,
        0.540346558028996,
        0.0321077166981138
      ],
      [
        0.0,
        0.0,
        0.0,
        1.0
      ]
    ]
  },
  "T_WP": {
    "0": [
      [
        -0.816852833103815,
        0.263315274483371,
        0.513241186260435,
        0.0597541266095573
      ],
      [
        -0.0635003935965923,
        0.843282846421981,
        -0.5337056688321,
        -0.0693219752554687
      ],
      [
        -0.573340343132549,
        -0.468550004966587,
        -0.672117358637956,
        -0.0792142848589355
      ],
      [
        0.0,
        0.0,
        0.0,
        1.0
      ]
    ],
    "1": [
      [
        -0.840425392248845,
        -0.371058108305358,
        -0.394969670132056,
        -0.0514751204805707
      ],
      [
        -0.0415544266200628,
        -0.682554202720793,
        0.729652650222324,
        0.0830382639527843
      ],
      [
        -0.540331740407366,
        0.629631352943158,
        0.558216776619365,
        0.0712412441176342
      ],
      [
        0.0,
        0.0,
        0.0,
        1.0
      ]
    ],
    "2": [
      [
        -0.816512515151412,
        -0.264482186042419,
        0.513182702229273,
        0.0597282526053674
      ],
      [
        0.063532081765248,
        0.842331554413402,
        0.535202043181895,
        0.0695015342772782
      ],
      [
        -0.57382138962197,
        0.469602731791165,
        -0.670971152216387,
        -0.0790756973532609
      ],
      [
        0.0,
        0.0,
        0.0,
        1.0
      ]
    ],
    "3": [
      [
        -0.840399479467525,
        0.371567628962048,
        -0.394545576604573,
        -0.0514236538116384
      ],
      [
        0.0418845095104405,
        -0.681282617764295,
        -0.730821238467588,
        -0.0831948779472767
      ],
      [
        -0.540346558028996,
        -0.630707136347569,
        0.556986629450353,
        0.0710967807596386
      ],
      [
        0.0,
        0.0,
        0.0,
        1.0
      ]
    ]
  }
}