{
  "T_WB": [
    [
      -2.22044604925031e-16,
      7.19409812708071e-20,
      1.0,
      -3.97929631202864e-36
    ],
    [
      -1.10205627893139e-18,
      1.0,
      -7.19409812708071e-20,
      5.0580144445659e-21
    ],
    [
      -1.0,
      -1.10205627893139e-18,
      -2.22044604925031e-16,
      0.351547689200002
    ],
    [
      0.0,
      0.0,
      0.0,
      1.0
    ]
  ],
  "T_WH": {
    "0": [
      [
        -1.57142590965173e-16,
        -1.53287559858383e-16,
        1.0,
        -8.88408630840192e-18
      ],
      [
        -0.707106779455507,
        0.707106782917588,
        -2.72591809992905e-18,
        -0.032
      ],
      [
        -0.707106782917588,
        -0.707106779455507,
        -2.19507264738773e-16,
        0.311547689200002
      ],
      [
        0.0,
        0.0,
        0.0,
        1.0
      ]
    ],
    "1": [
      [
        1.57142590965173e-16,
        1.53291916284229e-16,
        1.0,
        8.88408630840192e-18
      ],
      [
        0.707106779455507,
        -0.707106782917588,
        -2.72283764166423e-18,
        0.032
      ],
      [
        0.707106782917588,
        0.707106779455507,
        -2.19510345197022e-16,
        0.391547689200002
      ],
      [
        0.0,
        0.0,
        0.0,
        1.0
      ]
    ],
    "2": [
      [
        -1.57055829209591e-16,
        1.54434588076717e-16,
        1.0,
        -8.87948208560059e-18
      ],
      [
        0.707106779455507,
        0.707106782917588,
        1.85349684097809e-18,
        0.032
      ],
      [
        -0.707106782917588,
        0.707106779455507,
        -2.20256986342313e-16,
        0.311547689200002
      ],
      [
        0.0,
        0.0,
        0.0,
        1.0
      ]
    ],
    "3": [
      [
        1.57055829209591e-16,
        -1.53380162218327e-16,
        1.0,
        8.87948208560059e-18
      ],
      [
        -0.707106779455507,
        -0.707106782917588,
        2.59908851752941e-18,
        -0.032
      ],
      [
        0.707106782917588,
        -0.707106779455507,
        -2.19511394669412e-16,
        0.391547689200002
      ],
      [
        0.0,
        0.0,
        0.0,
        1.0
      ]
    ]
  },
  "T_WP": {
    "0": [
      [
        -1.0,
        -1.53287559858383e-16,
        -9.59102510078053e-17,
        -1.9884067675964e-17
      ],
      [
        -4.057188460585e-17,
        0.707106782917588,
        -0.707106779455507,
        -0.0814974745618855
      ],
      [
        1.76209461821002e-16,
        -0.707106779455507,
        -0.707106782917588,
        0.262050214395771
      ],
      [
        0.0,
        0.0,
        0.0,
        1.0
      ]
    ],
    "1": [
      [
        -1.0,
        1.53291916284229e-16,
        2.18374930922541e-16,
        1.9884067675964e-17
      ],
      [
        4.60206403474432e-17,
        -0.707106782917588,
        0.707106779455507,
        0.0814974745618855
      ],
      [
        2.62808148114793e-16,
        0.707106779455507,
        0.707106782917588,
        0.441045164004233
      ],
      [
        0.0,
        0.0,
        0.0,
        1.0
      ]
    ],
    "2": [
      [
        -1.0,
        1.54434588076717e-16,
        -9.58234892522234e-17,
        -1.9873390130272e-17
      ],
      [
        4.14443058648009e-17,
        0.707106782917588,
        0.707106779455507,
        0.0814974745618855
      ],
      [
        1.76959183424543e-16,
        0.707106779455507,
        -0.707106782917588,
        0.262050214395771
      ],
      [
        0.0,
        0.0,
        0.0,
        1.0
      ]
    ],
    "3": [
      [
        -1.0,
        -1.53380162218327e-16,
        2.18288169166959e-16,
        1.9873390130272e-17
      ],
      [
        -4.58968912233084e-17,
        -0.707106782917588,
        -0.707106779455507,
        -0.0814974745618855
      ],
      [
        2.62809197587183e-16,
        -0.707106779455507,
        0.707106782917588,
        0.441045164004233
      ],
      [
        0.0,
        0.0,
        0.0,
        1.0
      ]
    ]
  },
  "simTime": 0.173999999999997,
  "state": [
    -3.97929631202864e-36,
    5.0580144445659e-21,
    0.351547689200002,
    0.707106781186548,
    -3.64200756189899e-19,
    0.707106781186548,
    -4.15070711891701e-19,
    -7.31086046620799e-35,
    -1.21355278907783e-20,
    -1.70634839999996,
    6.66762573999392e-19,
    -8.4732360174359e-18,
    -1.5819936781304e-17,
    1.0,
    1.83540783489991e-18,
    4.12373784250348e-20,
    -6.37718553638579e-19,
    1.0,
    -1.83322962197702e-18,
    -4.12373784250343e-20,
    6.34718705584141e-19,
    1.0,
    -1.31276368155946e-18,
    4.87264562113538e-20,
    3.87935797810114e-19,
    1.0,
    1.8399766107545e-18,
    -4.87264562113533e-20,
    -6.2928536510154e-19,
    1.94449349267229e-17,
    5.12492432522175e-19,
    -1.70120875038574e-17,
    -1.98657919652008e-17,
    -5.12492432522171e-19,
    1.69836092319078e-17,
    -2.22429199956581e-17,
    4.2680805978924e-19,
    1.17094333536239e-17,
    1.95433571332932e-17,
    -4.26808059789236e-19,
    -1.70598319823585e-17
  ]
}