{
  "T_WB": [
    [
      -2.22044604925031e-16,
      1.00200840338188e-19,
      1.0,
      -7.37456969000286e-36
    ],
    [
      -1.88921009695872e-18,
      1.0,
      -1.00200840338188e-19,
      4.3819474782153e-21
    ],
    [
      -1.0,
      -1.88921009695872e-18,
      -2.22044604925031e-16,
      0.264832828700003
    ],
    [
      0.0,
      0.0,
      0.0,
      1.0
    ]
  ],
  "T_WH": {
    "0": [
      [
        -1.57181213337387e-16,
        -1.52478080278591e-16,
        1.0,
        -8.88499062389207e-18
      ],
      [
        -0.707106779455507,
        0.707106782917588,
        -3.32561674266456e-18,
        -0.032
      ],
      [
        -0.707106782917588,
        -0.707106779455507,
        -2.18962186381435e-16,
        0.224832828700003
      ],
      [
        0.0,
        0.0,
        0.0,
        1.0
      ]
    ],
    "1": [
      [
        1.57181213337387e-16,
        1.52478262508492e-16,
        1.0,
        8.88499062389207e-18
      ],
      [
        0.707106779455507,
        -0.707106782917588,
        -3.32548788666562e-18,
        0.032
      ],
      [
        0.707106782917588,
        0.707106779455507,
        -2.18962315237434e-16,
        0.304832828700003
      ],
      [
        0.0,
        0.0,
        0.0,
        1.0
      ]
    ],
    "2": [
      [
        -1.57049697917489e-16,
        1.53526622448255e-16,
        1.0,
        -8.87857777011043e-18
      ],
      [
        0.707106779455507,
        0.707106782917588,
        2.49119001730712e-18,
        0.032
      ],
      [
        -0.707106782917588,
        0.707106779455507,
        -2.19610622212681e-16,
        0.224832828700003
      ],
      [
        0.0,
        0.0,
        0.0,
        1.0
      ]
    ],
    "3": [
      [
        1.57049697917489e-16,
        -1.5260701321131e-16,
        1.0,
        8.87857777011043e-18
      ],
      [
        -0.707106779455507,
        -0.707106782917588,
        3.14145194638453e-18,
        -0.032
      ],
      [
        0.707106782917588,
        -0.707106779455507,
        -2.18960360286788e-16,
        0.304832828700003
      ],
      [
        0.0,
        0.0,
        0.0,
        1.0
      ]
    ]
  },
  "T_WP": {
    "0": [
      [
        -1.0,
        -1.52478080278591e-16,
        -9.59488733800191e-17,
        -1.98876755575092e-17
      ],
      [
        -3.99721859631145e-17,
        0.707106782917588,
        -0.707106779455507,
        -0.0814974745618855
      ],
      [
        1.75664383463665e-16,
        -0.707106779455507,
        -0.707106782917588,
        0.175335353895772
      ],
      [
        0.0,
        0.0,
        0.0,
        1.0
      ]
    ],
    "1": [
      [
        -1.0,
        1.52478262508492e-16,
        2.18413553294754e-16,
        1.98876755575092e-17
      ],
      [
        4.66232905924446e-17,
        -0.707106782917588,
        0.707106779455507,
        0.0814974745618855
      ],
      [
        2.62260118155204e-16,
        0.707106779455507,
        0.707106782917588,
        0.354330303504234
      ],
      [
        0.0,
        0.0,
        0.0,
        1.0
      ]
    ],
    "2": [
      [
        -1.0,
        1.53526622448255e-16,
        -9.5817357960121e-17,
        -1.98720566243346e-17
      ],
      [
        4.08066126884719e-17,
        0.707106782917588,
        0.707106779455507,
        0.0814974745618855
      ],
      [
        1.76312819294911e-16,
        0.707106779455507,
        -0.707106782917588,
        0.175335353895772
      ],
      [
        0.0,
        0.0,
        0.0,
        1.0
      ]
    ],
    "3": [
      [
        -1.0,
        -1.5260701321131e-16,
        2.18282037874856e-16,
        1.98720566243346e-17
      ],
      [
        -4.64392546521635e-17,
        -0.707106782917588,
        -0.707106779455507,
        -0.0814974745618855
      ],
      [
        2.62258163204558e-16,
        -0.707106779455507,
        0.707106782917588,
        0.354330303504234
      ],
      [
        0.0,
        0.0,
        0.0,
        1.0
      ]
    ]
  },
  "simTime": 0.218999999999992,
  "state": [
    -7.37456969000286e-36,
    4.3819474782153e-21,
    0.264832828700003,
    0.707106781186548,
    -6.3251028848094e-19,
    0.707106781186548,
    -7.03362982164663e-19,
    -8.01954347943731e-35,
    -1.79460756344444e-20,
    -2.14764539999998,
    5.84143830405697e-19,
    -1.06181922054271e-17,
    -1.93020415346153e-17,
    1.0,
    2.23015625578066e-18,
    5.0557195565453e-20,
    -1.06947184023952e-18,
    1.0,
    -2.23006514083024e-18,
    -5.05571955654524e-20,
    1.06602796017106e-18,
    1.0,
    -1.77673786480584e-18,
    5.56521791266617e-20,
    7.05395328922566e-19,
    1.0,
    2.23654248327829e-18,
    -5.5652179126661e-20,
    -1.06285394264126e-18,
    1.51703476193228e-17,
    3.06248756076508e-19,
    -2.12148722048128e-17,
    -1.54616981559851e-17,
    -3.06248756076506e-19,
    2.12049486156953e-17,
    -1.90170951645694e-17,
    1.90152346414168e-19,
    1.64292082816367e-17,
    1.52758059266488e-17,
    -1.90152346414166e-19,
    -2.1321207653621e-17
  ]
}