{
  "T_WB": [
    [
      0.0671875516682634,
      -0.343590867137232,
      0.936712949051474,
      -0.0633311012714752
    ],
    [
      -0.303237985862317,
      0.887391790719075,
      0.347249958523481,
      0.00413185613473601
    ],
    [
      -0.950543295610984,
      -0.307377822531619,
      -0.0445681207224504,
      0.83995950551369
    ],
    [
      0.0,
      0.0,
      0.0,
      1.0
    ]
  ],
  "T_WH": {
    "0": [
      [
        -0.0772046830877172,
        -0.327783326149402,
        0.941593079842752,
        -0.0496486914563533
      ],
      [
        -0.51951390522754,
        0.819295076058433,
        0.242612614308568,
        -0.036394200602767
      ],
      [
        -0.850966943649726,
        -0.47043986804356,
        -0.233541412538767,
        0.811773864010263
      ],
      [
        0.0,
        0.0,
        0.0,
        1.0
      ]
    ],
    "1": [
      [
        -0.356398593084719,
        0.327481984476736,
        0.875063193541136,
        -0.0770135110865972
      ],
      [
        0.860733720944062,
        -0.249270239300712,
        0.443848858766985,
        0.0446579128722391
      ],
      [
        0.363479716733991,
        0.911383507444668,
        -0.193035224456141,
        0.868145147017118
      ],
      [
        0.0,
        0.0,
        0.0,
        1.0
      ]
    ],
    "2": [
      [
        -0.215852220071095,
        -0.425483100636254,
        0.878846943536438,
        -0.0716385069531361
      ],
      [
        -0.291715732479163,
        0.887058779616473,
        0.357810917845557,
        0.0203988740032537
      ],
      [
        -0.931831395969531,
        -0.179139198888166,
        -0.315593721273382,
        0.792101683368239
      ],
      [
        0.0,
        0.0,
        0.0,
        1.0
      ]
    ],
    "3": [
      [
        0.156825780983854,
        0.0461665791583493,
        0.986546664576806,
        -0.0550236955898144
      ],
      [
        -0.522982353975751,
        -0.843479073845133,
        0.122607134438988,
        -0.0121351617337817
      ],
      [
        0.837791818919705,
        -0.53517445655989,
        -0.10813495825606,
        0.887817327659141
      ],
      [
        0.0,
        0.0,
        0.0,
        1.0
      ]
    ]
  },
  "T_WP": {
    "0": [
      [
        -0.941593079842752,
        -0.327783326149402,
        -0.0772046830877172,
        -0.0550530192724935
      ],
      [
        -0.242612614308568,
        0.819295076058433,
        -0.51951390522754,
        -0.0727601739686948
      ],
      [
        0.233541412538767,
        -0.47043986804356,
        -0.850966943649726,
        0.752206177954782
      ],
      [
        0.0,
        0.0,
        0.0,
        1.0
      ]
    ],
    "1": [
      [
        -0.875063193541136,
        0.327481984476736,
        -0.356398593084719,
        -0.101961412602528
      ],
      [
        -0.443848858766985,
        -0.249270239300712,
        0.860733720944062,
        0.104909273338323
      ],
      [
        0.193035224456141,
        0.911383507444668,
        0.363479716733991,
        0.893588727188497
      ],
      [
        0.0,
        0.0,
        0.0,
        1.0
      ]
    ],
    "2": [
      [
        -0.878846943536438,
        -0.425483100636254,
        -0.215852220071095,
        -0.0867481623581128
      ],
      [
        -0.357810917845557,
        0.887058779616473,
        -0.291715732479163,
        -2.12272702876564e-05
      ],
      [
        0.315593721273382,
        -0.179139198888166,
        -0.931831395969531,
        0.726873485650372
      ],
      [
        0.0,
        0.0,
        0.0,
        1.0
      ]
    ],
    "3": [
      [
        -0.986546664576806,
        0.0461665791583493,
        0.156825780983854,
        -0.0440458909209446
      ],
      [
        -0.122607134438988,
        -0.843479073845133,
        -0.522982353975751,
        -0.0487439265120843
      ],
      [
        0.10813495825606,
        -0.53517445655989,
        0.837791818919705,
        0.946462754983521
      ],
      [
        0.0,
        0.0,
        0.0,
        1.0
      ]
    ]
  }
}