{
  "arms": {
    "0": [
      [
        -0.999999940395355,
        -3.45445546140395e-17,
        -5.74293235147642e-17,
        -8.88178399847791e-18
      ],
      [
        6.50353617437526e-17,
        -0.707106828689575,
        -0.707106709480286,
        0.377771645784378
      ],
      [
        -1.61819788134197e-17,
        -0.707106709480286,
        0.707106828689575,
        0.0319999866187572
      ],
      [
        0.0,
        0.0,
        0.0,
        1.0
      ]
    ],
    "1": [
      [
        -0.999999940395355,
        -1.58189385069931e-16,
        3.79054734843927e-16,
        8.88178317129729e-18
      ],
      [
        3.79888982887633e-16,
        -0.707106709480286,
        0.707106828689575,
        0.4577716588974
      ],
      [
        1.56175378949376e-16,
        0.707106828689575,
        0.707106709480286,
        0.0319999828934669
      ],
      [
        0.0,
        0.0,
        0.0,
        1.0
      ]
    ],
    "2": [
      [
        -0.999999940395355,
        1.55848755103981e-16,
        3.79052908429134e-16,
        8.88178399847791e-18
      ],
      [
        3.78232636429057e-16,
        0.707106828689575,
        0.707106709480286,
        0.4577716588974
      ],
      [
        -1.57829197544e-16,
        0.707106709480286,
        -0.707106828689575,
        -0.0320000201463699
      ],
      [
        0.0,
        0.0,
        0.0,
        1.0
      ]
    ],
    "3": [
      [
        -0.999999940395355,
        2.79473915204906e-16,
        1.8750003376738e-16,
        -8.88178317129729e-18
      ],
      [
        6.50353485088628e-17,
        0.707106709480286,
        -0.707106828689575,
        0.377771645784378
      ],
      [
        -3.302004684847e-16,
        -0.707106828689575,
        -0.707106709480286,
        -0.0320000164210796
      ],
      [
        0.0,
        0.0,
        0.0,
        1.0
      ]
    ]
  },
  "base": [
    [
      -2.22044591690142e-16,
      1.06008319623566e-23,
      0.999999940395355,
      8.42669239646673e-36
    ],
    [
      -1.0,
      -4.37113882867379e-08,
      -2.22044604925031e-16,
      0.41777166724205
    ],
    [
      4.37113882867379e-08,
      -1.0,
      2.03067106940709e-23,
      -1.82613799637465e-08
    ],
    [
      0.0,
      0.0,
      0.0,
      1.0
    ]
  ]
}