{
  "T_WB": [
    [
      0.998836934524604,
      -0.00234127551727263,
      0.0481590765946021,
      -0.0707002850395175
    ],
    [
      0.00226327310387817,
      0.999996037402114,
      0.00167414901552731,
      3.52436772949448e-05
    ],
    [
      -0.0481628054036494,
      -0.00156320472784251,
      0.998838275481386,
      0.308452129996158
    ],
    [
      0.0,
      0.0,
      0.0,
      1.0
    ]
  ],
  "T_WH": {
    "0": [
      [
        -0.0635300629484325,
        0.916597388885443,
        -0.394731754220707,
        -0.0306718868419807
      ],
      [
        -0.809243517751845,
        -0.278783092865737,
        -0.517112092402443,
        -0.0318740985954176
      ],
      [
        -0.584028132951134,
        0.286581949572199,
        0.759461602782531,
        0.306575640331303
      ],
      [
        0.0,
        0.0,
        0.0,
        1.0
      ]
    ],
    "1": [
      [
        -0.656821495426435,
        -0.746956275713273,
        0.103159320075013,
        -0.110728683237054
      ],
      [
        0.753693619790125,
        -0.654524244099595,
        0.0595310118636696,
        0.0319445859500075
      ],
      [
        0.0230532130827967,
        0.116851769598969,
        0.99288177206964,
        0.310328619661013
      ],
      [
        0.0,
        0.0,
        0.0,
        1.0
      ]
    ],
    "2": [
      [
        -0.0671725606740894,
        -0.915075120605456,
        -0.397649809180635,
        -0.0308217284750861
      ],
      [
        0.806625655564969,
        -0.284377966352911,
        0.518154633326159,
        0.0321256477983177
      ],
      [
        -0.587233257638623,
        -0.285948764469953,
        0.757225465248784,
        0.306475595228721
      ],
      [
        0.0,
        0.0,
        0.0,
        1.0
      ]
    ],
    "3": [
      [
        -0.653450747551356,
        0.749827938503403,
        0.103731302721553,
        -0.110578841603949
      ],
      [
        -0.756545690488123,
        -0.651506630033869,
        -0.0563713511081741,
        -0.0320551604437278
      ],
      [
        0.0253128174730485,
        -0.115313371564826,
        0.993006589912639,
        0.310428664763595
      ],
      [
        0.0,
        0.0,
        0.0,
        1.0
      ]
    ]
  },
  "T_WP": {
    "0": [
      [
        0.394731754220707,
        0.916597388885443,
        -0.0635300629484325,
        -0.0351189912483709
      ],
      [
        0.517112092402443,
        -0.278783092865737,
        -0.809243517751845,
        -0.0885211448380468
      ],
      [
        -0.759461602782531,
        0.286581949572199,
        -0.584028132951134,
        0.265693671024724
      ],
      [
        0.0,
        0.0,
        0.0,
        1.0
      ]
    ],
    "1": [
      [
        -0.103159320075013,
        -0.746956275713273,
        -0.656821495426435,
        -0.156706187916905
      ],
      [
        -0.0595310118636696,
        -0.654524244099595,
        0.753693619790125,
        0.0847031393353162
      ],
      [
        -0.99288177206964,
        0.116851769598969,
        0.0230532130827968,
        0.311942344576809
      ],
      [
        0.0,
        0.0,
        0.0,
        1.0
      ]
    ],
    "2": [
      [
        0.397649809180635,
        -0.915075120605456,
        -0.0671725606740894,
        -0.0355238077222724
      ],
      [
        -0.518154633326159,
        -0.284377966352911,
        0.806625655564969,
        0.0885894436878656
      ],
      [
        -0.757225465248784,
        -0.285948764469953,
        -0.587233257638623,
        0.265369267194017
      ],
      [
        0.0,
        0.0,
        0.0,
        1.0
      ]
    ],
    "3": [
      [
        -0.103731302721553,
        0.749827938503403,
        -0.653450747551356,
        -0.156320393932544
      ],
      [
        0.056371351108174,
        -0.651506630033869,
        -0.756545690488123,
        -0.0850133587778964
      ],
      [
        -0.993006589912639,
        -0.115313371564826,
        0.0253128174730486,
        0.312200561986708
      ],
      [
        0.0,
        0.0,
        0.0,
        1.0
      ]
    ]
  },
  "simTime": 0.59849999999995,
  "state": [
    -0.0707002850395175,
    3.52436772949448e-05,
    0.308452129996158,
    0.999708863545796,
    -0.000809574132384772,
    0.0240874832440252,
    0.00115147239087669,
    -0.316236869650867,
    -0.000179947962925235,
    -0.983410990139976,
    -0.0117656822530836,
    -3.27538152838606,
    0.000467320626539332,
    0.824940324541557,
    0.30343032202834,
    0.196413341217155,
    -0.434540331857657,
    0.998571377170635,
    0.0399608722446395,
    0.00226042320250857,
    -0.0354009021344748,
    0.824743064548194,
    -0.303787100911647,
    0.196677396170216,
    0.434546058128542,
    0.998564569205825,
    -0.0402188244142132,
    0.00231006541266091,
    0.0352974629019441,
    -4.33337252352496,
    -2.29335004178175,
    -3.42410691605442,
    -0.309644137175384,
    0.163606797249203,
    -0.567302792040652,
    4.33507672574533,
    -2.29557479927314,
    3.42707877711838,
    0.307769644149182,
    0.163182896072487,
    0.569740224689452
  ]
}