{
  "T_WB": [
    [
      -2.22044604925031e-16,
      9.27338274363342e-20,
      1.0,
      -6.39281412072079e-36
    ],
    [
      -1.65478529989695e-18,
      1.0,
      -9.27338274363343e-20,
      4.59470017628108e-21
    ],
    [
      -1.0,
      -1.65478529989695e-18,
      -2.22044604925031e-16,
      0.290912255575003
    ],
    [
      0.0,
      0.0,
      0.0,
      1.0
    ]
  ],
  "T_WH": {
    "0": [
      [
        -1.57171715479594e-16,
        -1.52682953671598e-16,
        1.0,
        -8.88475167947921e-18
      ],
      [
        -0.707106779455507,
        0.707106782917588,
        -3.17403337719431e-18,
        -0.032
      ],
      [
        -0.707106782917588,
        -0.707106779455507,
        -2.19100337746892e-16,
        0.250912255575003
      ],
      [
        0.0,
        0.0,
        0.0,
        1.0
      ]
    ],
    "1": [
      [
        1.57171715479594e-16,
        1.52684091582139e-16,
        1.0,
        8.88475167947921e-18
      ],
      [
        0.707106779455507,
        -0.707106782917588,
        -3.17322875293238e-18,
        0.032
      ],
      [
        0.707106782917588,
        0.707106779455507,
        -2.1910114237115e-16,
        0.330912255575003
      ],
      [
        0.0,
        0.0,
        0.0,
        1.0
      ]
    ],
    "2": [
      [
        -1.57052196472537e-16,
        1.53764329944752e-16,
        1.0,
        -8.87881671452329e-18
      ],
      [
        0.707106779455507,
        0.707106782917588,
        2.3248721793971e-18,
        0.032
      ],
      [
        -0.707106782917588,
        0.707106779455507,
        -2.19780473540204e-16,
        0.250912255575003
      ],
      [
        0.0,
        0.0,
        0.0,
        1.0
      ]
    ],
    "3": [
      [
        1.57052196472537e-16,
        -1.52802288121508e-16,
        1.0,
        8.87881671452329e-18
      ],
      [
        -0.707106779455507,
        -0.707106782917588,
        3.00513847806323e-18,
        -0.032
      ],
      [
        0.707106782917588,
        -0.707106779455507,
        -2.19100207244868e-16,
        0.330912255575003
      ],
      [
        0.0,
        0.0,
        0.0,
        1.0
      ]
    ]
  },
  "T_WP": {
    "0": [
      [
        -1.0,
        -1.52682953671598e-16,
        -9.59393755222265e-17,
        -1.98867717630508e-17
      ],
      [
        -4.01237693285847e-17,
        0.707106782917588,
        -0.707106779455507,
        -0.0814974745618855
      ],
      [
        1.75802534829122e-16,
        -0.707106779455507,
        -0.707106782917588,
        0.201414780770772
      ],
      [
        0.0,
        0.0,
        0.0,
        1.0
      ]
    ],
    "1": [
      [
        -1.0,
        1.52684091582139e-16,
        2.18404055436962e-16,
        1.98867717630508e-17
      ],
      [
        4.64710314587114e-17,
        -0.707106782917588,
        0.707106779455507,
        0.0814974745618855
      ],
      [
        2.62398945288921e-16,
        0.707106779455507,
        0.707106782917588,
        0.380409730379234
      ],
      [
        0.0,
        0.0,
        0.0,
        1.0
      ]
    ],
    "2": [
      [
        -1.0,
        1.53764329944752e-16,
        -9.58198565151688e-17,
        -1.98724704676008e-17
      ],
      [
        4.09729305263819e-17,
        0.707106782917588,
        0.707106779455507,
        0.0814974745618855
      ],
      [
        1.76482670622433e-16,
        0.707106779455507,
        -0.707106782917588,
        0.201414780770772
      ],
      [
        0.0,
        0.0,
        0.0,
        1.0
      ]
    ],
    "3": [
      [
        -1.0,
        -1.52802288121508e-16,
        2.18284536429904e-16,
        1.98724704676008e-17
      ],
      [
        -4.63029411838423e-17,
        -0.707106782917588,
        -0.707106779455507,
        -0.0814974745618855
      ],
      [
        2.62398010162638e-16,
        -0.707106779455507,
        0.707106782917588,
        0.380409730379234
      ],
      [
        0.0,
        0.0,
        0.0,
        1.0
      ]
    ]
  },
  "simTime": 0.206499999999994,
  "state": [
    -6.39281412072079e-36,
    4.59470017628108e-21,
    0.290912255575003,
    0.707106781186548,
    -5.52268594369666e-19,
    0.707106781186548,
    -6.17841312595281e-19,
    -7.77740587064489e-35,
    -1.60084624727733e-20,
    -2.02506289999996,
    6.10192194779329e-19,
    -1.00670938194483e-17,
    -1.82703730392551e-17,
    1.0,
    2.13035954701254e-18,
    4.8448254391733e-20,
    -9.40198600158905e-19,
    1.0,
    -2.12979059174202e-18,
    -4.84482543917325e-20,
    9.36833310234105e-19,
    1.0,
    -1.65524412882197e-18,
    5.42614689279823e-20,
    6.06618353127422e-19,
    1.0,
    2.13626504044389e-18,
    -5.42614689279816e-20,
    -9.32954618089185e-19,
    1.66202957563887e-17,
    3.68350342185138e-19,
    -2.01398376010593e-17,
    -1.67244284383666e-17,
    -3.68350342185136e-19,
    2.0124702955394e-17,
    -1.98864647798318e-17,
    2.55017918445274e-19,
    1.51708642818176e-17,
    1.67238572055878e-17,
    -2.55017918445271e-19,
    -2.02335832270504e-17
  ]
}