{
  "T_WB": [
    [
      0.603241560259716,
      -0.0010924316100447,
      0.797557788858338,
      -0.0173910955930334
    ],
    [
      0.000833051763622162,
      0.999999379484232,
      0.000739632280882784,
      2.44697751261442e-05
    ],
    [
      -0.797558101958837,
      0.000218229991460847,
      0.603242095990895,
      0.30010361095796
    ],
    [
      0.0,
      0.0,
      0.0,
      1.0
    ]
  ],
  "T_WH": {
    "0": [
      [
        0.474475025612978,
        0.876100821393279,
        -0.0855616784757391,
        0.00677352462887668
      ],
      [
        -0.691640744484254,
        0.310910550811953,
        -0.651895474722041,
        -0.0319421882978244
      ],
      [
        -0.544524132283254,
        0.368486065066007,
        0.75346631591156,
        0.26819430351988
      ],
      [
        0.0,
        0.0,
        0.0,
        1.0
      ]
    ],
    "1": [
      [
        -0.39603506311144,
        -0.337724641940668,
        0.853872528549997,
        -0.0415557158149434
      ],
      [
        0.674634182412731,
        -0.737851557498555,
        0.0210665378565849,
        0.0319911278480767
      ],
      [
        0.6229164861413,
        0.58439468283259,
        0.520055675837089,
        0.33201291839604
      ],
      [
        0.0,
        0.0,
        0.0,
        1.0
      ]
    ],
    "2": [
      [
        0.473529641208719,
        -0.876394566014678,
        -0.0877624267935111,
        0.00670360900583381
      ],
      [
        0.692781286114765,
        0.309073305770797,
        0.651557964627156,
        0.0320577719891664
      ],
      [
        -0.543896836271285,
        -0.369332176123142,
        0.753505126176479,
        0.268208270239333
      ],
      [
        0.0,
        0.0,
        0.0,
        1.0
      ]
    ],
    "3": [
      [
        -0.394878926877623,
        0.339228802406623,
        0.853811719716792,
        -0.0414858001919006
      ],
      [
        -0.675494370478469,
        -0.737105964808046,
        -0.0195487108602095,
        -0.0320088324389142
      ],
      [
        0.62271822565256,
        -0.584464384083554,
        0.520214758708323,
        0.331998951676587
      ],
      [
        0.0,
        0.0,
        0.0,
        1.0
      ]
    ]
  },
  "T_WP": {
    "0": [
      [
        0.0855616784757391,
        0.876100821393279,
        0.474475025612978,
        0.0399867764217851
      ],
      [
        0.651895474722041,
        0.310910550811953,
        -0.691640744484254,
        -0.0803570404117222
      ],
      [
        -0.75346631591156,
        0.368486065066007,
        -0.544524132283254,
        0.230077614260052
      ],
      [
        0.0,
        0.0,
        0.0,
        1.0
      ]
    ],
    "1": [
      [
        -0.853872528549997,
        -0.337724641940668,
        -0.39603506311144,
        -0.0692781702327442
      ],
      [
        -0.0210665378565848,
        -0.737851557498555,
        0.674634182412731,
        0.0792155206169678
      ],
      [
        -0.520055675837089,
        0.58439468283259,
        0.6229164861413,
        0.375617072425931
      ],
      [
        0.0,
        0.0,
        0.0,
        1.0
      ]
    ],
    "2": [
      [
        0.0877624267935112,
        -0.876394566014678,
        0.473529641208719,
        0.0398506838904441
      ],
      [
        -0.651557964627156,
        0.309073305770797,
        0.692781286114765,
        0.0805524620172
      ],
      [
        -0.753505126176479,
        -0.369332176123142,
        -0.543896836271285,
        0.230135491700343
      ],
      [
        0.0,
        0.0,
        0.0,
        1.0
      ]
    ],
    "3": [
      [
        -0.853811719716792,
        0.339228802406623,
        -0.394878926877623,
        -0.0691273250733342
      ],
      [
        0.0195487108602095,
        -0.737105964808046,
        -0.675494370478469,
        -0.079293438372407
      ],
      [
        -0.520214758708323,
        -0.584464384083554,
        0.62271822565256,
        0.375589227472266
      ],
      [
        0.0,
        0.0,
        0.0,
        1.0
      ]
    ]
  },
  "simTime": 0.394499999999973,
  "state": [
    -0.0173910955930334,
    2.44697751261442e-05,
    0.30010361095796,
    0.895332764358432,
    -0.000145588967079619,
    0.445397497532715,
    0.000537644619497034,
    -0.199963951719051,
    0.00026693135655402,
    1.05255861926996,
    -0.010137649150633,
    -5.17768846602441,
    0.00409397355707932,
    0.832119509623149,
    0.553958633413232,
    -0.0151593419686544,
    0.0218437295934659,
    0.998433402000726,
    0.0420395704925284,
    -0.0293053388738436,
    0.0224636015711971,
    0.831882227344803,
    -0.554298977202537,
    -0.015378066273609,
    -0.0220934102789822,
    0.998433526964036,
    -0.0420092866150545,
    -0.0291999130694305,
    -0.0226512063473054,
    0.917286031210188,
    0.18289789476285,
    -5.45238425943603,
    0.23816662663703,
    0.382697289932587,
    -0.485187283025342,
    -0.920307432598581,
    0.186554006664794,
    5.45629533927239,
    -0.241417589103877,
    0.38181293738416,
    0.48435452643699
  ]
}