{
  "T_WB": [
    [
      -0.938404577108329,
      0.0581564690548832,
      -0.340609269940218,
      -0.235872667284979
    ],
    [
      0.0691144966501733,
      0.997405898301753,
      -0.0201161722419346,
      -0.000899510129775044
    ],
    [
      0.338555809306136,
      -0.0424181463520321,
      -0.939989715286888,
      0.160866475780821
    ],
    [
      0.0,
      0.0,
      0.0,
      1.0
    ]
  ],
  "T_WH": {
    "0": [
      [
        -0.648486060632653,
        -0.167344428249562,
        -0.742604653566735,
        -0.275269857379069
      ],
      [
        -0.433800422506936,
        0.882873312114948,
        0.179866362024659,
        -0.0300519190094242
      ],
      [
        0.625526196572092,
        0.438783041022564,
        -0.645125119889967,
        0.175766088836331
      ],
      [
        0.0,
        0.0,
        0.0,
        1.0
      ]
    ],
    "1": [
      [
        0.678080698954455,
        0.730351385171977,
        -0.0824222050348937,
        -0.19647547719089
      ],
      [
        0.693433580622856,
        -0.672881041165185,
        -0.257645053717361,
        0.0282528987498741
      ],
      [
        -0.243631761004193,
        0.117549813346649,
        -0.962717822839156,
        0.14596686272531
      ],
      [
        0.0,
        0.0,
        0.0,
        1.0
      ]
    ],
    "2": [
      [
        -0.590822295055191,
        0.257905442552006,
        -0.764469618995923,
        -0.271547843359556
      ],
      [
        0.554178224626221,
        0.81836322776482,
        -0.152210784087316,
        0.033782058481888
      ],
      [
        0.586357835298418,
        -0.513581941022462,
        -0.626432820691696,
        0.173051327469801
      ],
      [
        0.0,
        0.0,
        0.0,
        1.0
      ]
    ],
    "3": [
      [
        0.589900331343272,
        -0.806190709927158,
        -0.0455427086177737,
        -0.200197491210402
      ],
      [
        -0.788651901997984,
        -0.587338653140112,
        0.181828171641585,
        -0.0355810787414381
      ],
      [
        -0.173337175920402,
        -0.071343154925365,
        -0.982275102855221,
        0.14868162409184
      ],
      [
        0.0,
        0.0,
        0.0,
        1.0
      ]
    ]
  },
  "T_WP": {
    "0": [
      [
        0.742604653566735,
        -0.167344428249562,
        -0.648486060632653,
        -0.320663881623354
      ],
      [
        -0.179866362024659,
        0.882873312114948,
        -0.433800422506936,
        -0.0604179485849097
      ],
      [
        0.645125119889967,
        0.438783041022564,
        0.625526196572092,
        0.219552922596378
      ],
      [
        0.0,
        0.0,
        0.0,
        1.0
      ]
    ],
    "1": [
      [
        0.0824222050348937,
        0.730351385171977,
        0.678080698954455,
        -0.149009828264078
      ],
      [
        0.257645053717361,
        -0.672881041165185,
        0.693433580622856,
        0.076793249393474
      ],
      [
        0.962717822839156,
        0.117549813346649,
        -0.243631761004193,
        0.128912639455017
      ],
      [
        0.0,
        0.0,
        0.0,
        1.0
      ]
    ],
    "2": [
      [
        0.764469618995923,
        0.257905442552006,
        -0.590822295055191,
        -0.312905404013419
      ],
      [
        0.152210784087317,
        0.81836322776482,
        0.554178224626221,
        0.0725745342057234
      ],
      [
        0.626432820691696,
        -0.513581941022462,
        0.586357835298418,
        0.21409637594069
      ],
      [
        0.0,
        0.0,
        0.0,
        1.0
      ]
    ],
    "3": [
      [
        0.0455427086177738,
        -0.806190709927158,
        0.589900331343272,
        -0.158904468016373
      ],
      [
        -0.181828171641585,
        -0.587338653140112,
        -0.788651901997984,
        -0.090786711881297
      ],
      [
        0.982275102855221,
        -0.071343154925365,
        -0.173337175920402,
        0.136548021777412
      ],
      [
        0.0,
        0.0,
        0.0,
        1.0
      ]
    ]
  },
  "simTime": 1.0289999999999,
  "state": [
    -0.235872667284979,
    -0.000899510129775044,
    0.160866475780821,
    -0.172490293862101,
    0.032323520371423,
    0.984352603325781,
    -0.0158820930585964,
    -0.421276945940039,
    -0.00745483198729601,
    -0.798108012282874,
    0.464362874320553,
    12.6943409261324,
    -0.280472922199197,
    0.952341194374255,
    -0.219455690239745,
    0.154834776595004,
    0.144608580229496,
    0.984156567827693,
    -0.175357697700855,
    0.0122045925835631,
    -0.0231641053904653,
    0.951053946777581,
    0.222993176142843,
    0.155338888968035,
    -0.147106299276034,
    0.983338889360288,
    0.179324405103343,
    0.0158499099077021,
    0.0252223464793777,
    1.37670467529348,
    -1.73421074065002,
    2.19486245251456,
    -0.712241913116256,
    -0.539746578194897,
    1.57298143995921,
    -1.3550588703993,
    -1.74381530848863,
    -2.25562866593638,
    0.706979684907606,
    -0.545278209280379,
    -1.63322223543096
  ]
}