{
  "T_WB": [
    [
      0.170015552622259,
      -0.00015056051423586,
      0.985441367711991,
      -0.00336735666273653
    ],
    [
      0.000152902098366798,
      0.999999980321354,
      0.000126405061329336,
      9.62397116075787e-08
    ],
    [
      -0.98544136735145,
      0.000129185226584453,
      0.170015572297602,
      0.17104046808666
    ],
    [
      0.0,
      0.0,
      0.0,
      1.0
    ]
  ],
  "T_WH": {
    "0": [
      [
        0.400547621379133,
        0.720408392854608,
        0.566191973196513,
        0.00343808337860938
      ],
      [
        -0.592784136419683,
        0.674930273910273,
        -0.439404247781669,
        -0.0319937870466371
      ],
      [
        -0.698690611513201,
        -0.159627293606216,
        0.697388382839336,
        0.131618679465351
      ],
      [
        0.0,
        0.0,
        0.0,
        1.0
      ]
    ],
    "1": [
      [
        -0.0524072021531633,
        -0.0690889252987427,
        0.99623300766615,
        -0.0101727967040824
      ],
      [
        0.659636789418364,
        -0.751382901245383,
        -0.0174080947235536,
        0.0319939795260603
      ],
      [
        0.749755154172554,
        0.65623963315022,
        0.0849514724684249,
        0.210462256707969
      ],
      [
        0.0,
        0.0,
        0.0,
        1.0
      ]
    ],
    "2": [
      [
        0.401102318790658,
        -0.72060520303609,
        0.56554846938001,
        0.00342844750569828
      ],
      [
        0.592924524337731,
        0.674843697300786,
        0.439347803741274,
        0.0320062116939296
      ],
      [
        -0.698253133397647,
        0.159104134360867,
        0.697945869054074,
        0.131626947319853
      ],
      [
        0.0,
        0.0,
        0.0,
        1.0
      ]
    ],
    "3": [
      [
        -0.0523571191168744,
        0.069486523216154,
        0.996207987906698,
        -0.0101631608311713
      ],
      [
        -0.659740256822117,
        -0.751284544038524,
        0.0177292813479145,
        -0.0320060192145064
      ],
      [
        0.749667610082007,
        -0.656310259694421,
        0.0851781510351931,
        0.210453988853467
      ],
      [
        0.0,
        0.0,
        0.0,
        1.0
      ]
    ]
  },
  "T_WP": {
    "0": [
      [
        -0.566191973196513,
        0.720408392854608,
        0.400547621379133,
        0.0314764168751487
      ],
      [
        0.439404247781669,
        0.674930273910273,
        -0.592784136419683,
        -0.0734886765960148
      ],
      [
        -0.697388382839336,
        -0.159627293606216,
        -0.698690611513201,
        0.0827103366594272
      ],
      [
        0.0,
        0.0,
        0.0,
        1.0
      ]
    ],
    "1": [
      [
        -0.99623300766615,
        -0.0690889252987427,
        -0.0524072021531632,
        -0.0138413008548039
      ],
      [
        0.0174080947235536,
        -0.751382901245383,
        0.659636789418364,
        0.0781685547853457
      ],
      [
        -0.0849514724684248,
        0.65623963315022,
        0.749755154172554,
        0.262945117500048
      ],
      [
        0.0,
        0.0,
        0.0,
        1.0
      ]
    ],
    "2": [
      [
        -0.56554846938001,
        -0.72060520303609,
        0.401102318790658,
        0.0315056098210443
      ],
      [
        -0.439347803741274,
        0.674843697300786,
        0.592924524337731,
        0.0735109283975708
      ],
      [
        -0.697945869054074,
        0.159104134360867,
        -0.698253133397647,
        0.0827492279820174
      ],
      [
        0.0,
        0.0,
        0.0,
        1.0
      ]
    ],
    "3": [
      [
        -0.996207987906698,
        0.069486523216154,
        -0.0523571191168743,
        -0.0138281591693526
      ],
      [
        -0.0177292813479146,
        -0.751284544038524,
        -0.659740256822117,
        -0.0781878371920546
      ],
      [
        -0.085178151035193,
        -0.656310259694421,
        0.749667610082007,
        0.262930721559208
      ],
      [
        0.0,
        0.0,
        0.0,
        1.0
      ]
    ]
  },
  "simTime": 0.306999999999983,
  "state": [
    -0.00336735666273653,
    9.62397116075787e-08,
    0.17104046808666,
    0.764858010555099,
    9.08719401755292e-07,
    0.644198893083785,
    9.9189198653492e-05,
    -0.0926172508847747,
    0.000171701802480247,
    1.87684967320837,
    -0.00862462739363079,
    -6.02461721114692,
    0.00688074463096173,
    0.909084797297125,
    0.388164528054345,
    -0.105347671462481,
    0.108604781667412,
    0.998530036327839,
    0.0229222911764266,
    -0.0372763112587836,
    0.0319814280057376,
    0.908944889552906,
    -0.388348086315443,
    -0.10568696322384,
    -0.108789785436461,
    0.998532369774222,
    -0.0228277107420297,
    -0.0372113957664388,
    -0.0320517419256359,
    14.1976982563945,
    -2.81533324878655,
    3.34441632605988,
    0.934566141486547,
    -0.925107240892702,
    0.688658623935222,
    -14.2050534220662,
    -2.82999098643779,
    -3.348150991147,
    -0.930572764827749,
    -0.919094897732695,
    -0.695540880761861
  ]
}