{
  "T_WB": [
    [
      0.680964556790106,
      -0.0281710986719458,
      0.731774324225215,
      -0.0250828417468457
    ],
    [
      -0.0412202324726299,
      0.996201103425957,
      0.0767088910609926,
      0.00110859372651529
    ],
    [
      -0.731155362991039,
      -0.0823999437652744,
      0.677216423632004,
      0.251454642543292
    ],
    [
      0.0,
      0.0,
      0.0,
      1.0
    ]
  ],
  "T_WH": {
    "0": [
      [
        0.29162166846661,
        -0.0948989839858322,
        0.951814575071851,
        0.0281400574291065
      ],
      [
        -0.738987758075836,
        0.609446936724195,
        0.287178558969057,
        -0.0335272446085358
      ],
      [
        -0.60733343057566,
        -0.787126809450645,
        0.10759874511001,
        -0.0266094163191528
      ],
      [
        0.0,
        0.0,
        0.0,
        1.0
      ]
    ],
    "1": [
      [
        -0.616436884715929,
        -0.299444243256231,
        0.728243580364718,
        -0.0281400574291065
      ],
      [
        0.631676222184583,
        -0.740227076401216,
        0.230323741045343,
        0.0335272446085358
      ],
      [
        0.470096498060062,
        0.601994203081069,
        0.645455081294163,
        0.0266094163191528
      ],
      [
        0.0,
        0.0,
        0.0,
        1.0
      ]
    ],
    "2": [
      [
        0.236244046476155,
        0.152830898164887,
        0.95959963894881,
        0.026337107114102
      ],
      [
        0.592563011663773,
        0.760012594532557,
        -0.266926831472316,
        0.0302296260107254
      ],
      [
        -0.770102478708212,
        0.631683126827055,
        0.0889865134133479,
        -0.0318830127201303
      ],
      [
        0.0,
        0.0,
        0.0,
        1.0
      ]
    ],
    "3": [
      [
        -0.615813392222092,
        0.294903080898971,
        0.730620310993484,
        -0.026337107114102
      ],
      [
        -0.545174564280306,
        -0.828964565713115,
        -0.124909740428219,
        -0.0302296260107254
      ],
      [
        0.568822081517322,
        -0.475236700674897,
        0.671261139877723,
        0.0318830127201303
      ],
      [
        0.0,
        0.0,
        0.0,
        1.0
      ]
    ]
  },
  "T_WP": {
    "0": [
      [
        -0.951814575071851,
        -0.0948989839858322,
        0.29162166846661,
        0.0485535742217692
      ],
      [
        -0.287178558969057,
        0.609446936724195,
        -0.738987758075836,
        -0.0852563876738444
      ],
      [
        -0.10759874511001,
        -0.787126809450645,
        -0.60733343057566,
        -0.069122756459449
      ],
      [
        0.0,
        0.0,
        0.0,
        1.0
      ]
    ],
    "1": [
      [
        -0.728243580364718,
        -0.299444243256231,
        -0.616436884715929,
        -0.0712906393592215
      ],
      [
        -0.230323741045343,
        -0.740227076401216,
        0.631676222184583,
        0.0777445801614566
      ],
      [
        -0.645455081294163,
        0.601994203081069,
        0.470096498060062,
        0.0595161711833571
      ],
      [
        0.0,
        0.0,
        0.0,
        1.0
      ]
    ],
    "2": [
      [
        -0.95959963894881,
        0.152830898164887,
        0.236244046476155,
        0.0428741903674328
      ],
      [
        0.266926831472316,
        0.760012594532557,
        0.592563011663773,
        0.0717090368271895
      ],
      [
        -0.088986513413348,
        0.631683126827055,
        -0.770102478708212,
        -0.0857901862297051
      ],
      [
        0.0,
        0.0,
        0.0,
        1.0
      ]
    ],
    "3": [
      [
        -0.730620310993484,
        0.294903080898971,
        -0.615813392222092,
        -0.0694440445696484
      ],
      [
        0.124909740428219,
        -0.828964565713115,
        -0.545174564280306,
        -0.0683918455103468
      ],
      [
        -0.671261139877723,
        -0.475236700674897,
        0.568822081517322,
        0.0717005584263429
      ],
      [
        0.0,
        0.0,
        0.0,
        1.0
      ]
    ]
  }
}