{
  "T_WB": [
    [
      0.999215801397243,
      -0.00235344511691309,
      -0.0395252265540373,
      -0.0797056786087015
    ],
    [
      0.0024264304554167,
      0.999995438580724,
      0.0017986809027776,
      2.94166105301038e-05
    ],
    [
      0.0395208131661195,
      -0.00189317559319479,
      0.999216954025932,
      0.276939811250798
    ],
    [
      0.0,
      0.0,
      0.0,
      1.0
    ]
  ],
  "T_WH": {
    "0": [
      [
        -0.116232640996312,
        0.933515851326035,
        -0.339172711888871,
        -0.0396617363090706
      ],
      [
        -0.818774250397057,
        -0.283361234033055,
        -0.499314668254401,
        -0.0318733802058364
      ],
      [
        -0.562226555806252,
        0.219669220352541,
        0.79727456599088,
        0.278581225396425
      ],
      [
        0.0,
        0.0,
        0.0,
        1.0
      ]
    ],
    "1": [
      [
        -0.644853297687835,
        -0.764285196535433,
        0.00568883273781425,
        -0.119749620908332
      ],
      [
        0.763284428239382,
        -0.643588464521011,
        0.0564869006298469,
        0.0319322134268966
      ],
      [
        -0.0395108348229133,
        0.0407679615909539,
        0.998387132949596,
        0.275298397105171
      ],
      [
        0.0,
        0.0,
        0.0,
        1.0
      ]
    ],
    "2": [
      [
        -0.119983255076681,
        -0.932027923175923,
        -0.341947318927316,
        -0.0398123567965531
      ],
      [
        0.815618599481805,
        -0.288914503589563,
        0.501293037848058,
        0.0321263278633299
      ],
      [
        -0.566012648869743,
        -0.218751822931768,
        0.794844211958221,
        0.278460062158461
      ],
      [
        0.0,
        0.0,
        0.0,
        1.0
      ]
    ],
    "3": [
      [
        -0.641356665231361,
        0.767217056436666,
        0.00629414616641353,
        -0.11959900042085
      ],
      [
        -0.766363163272796,
        -0.640207003406665,
        -0.0531271565921979,
        -0.0320674946422697
      ],
      [
        -0.0367305042413128,
        -0.0388970577513904,
        0.998567919050309,
        0.275419560343136
      ],
      [
        0.0,
        0.0,
        0.0,
        1.0
      ]
    ]
  },
  "T_WP": {
    "0": [
      [
        0.339172711888871,
        0.933515851326035,
        -0.116232640996312,
        -0.0477980211788125
      ],
      [
        0.499314668254401,
        -0.283361234033055,
        -0.818774250397057,
        -0.0891875777336304
      ],
      [
        -0.79727456599088,
        0.219669220352541,
        -0.562226555806252,
        0.239225366489988
      ],
      [
        0.0,
        0.0,
        0.0,
        1.0
      ]
    ],
    "1": [
      [
        -0.00568883273781429,
        -0.764285196535433,
        -0.644853297687835,
        -0.164889351746481
      ],
      [
        -0.0564869006298469,
        -0.643588464521011,
        0.763284428239382,
        0.0853621234036534
      ],
      [
        -0.998387132949596,
        0.0407679615909539,
        -0.0395108348229132,
        0.272532638667567
      ],
      [
        0.0,
        0.0,
        0.0,
        1.0
      ]
    ],
    "2": [
      [
        0.341947318927316,
        -0.932027923175923,
        -0.119983255076681,
        -0.0482111846519207
      ],
      [
        -0.501293037848058,
        -0.288914503589563,
        0.815618599481805,
        0.0892196298270563
      ],
      [
        -0.794844211958221,
        -0.218751822931768,
        -0.566012648869743,
        0.238839176737579
      ],
      [
        0.0,
        0.0,
        0.0,
        1.0
      ]
    ],
    "3": [
      [
        -0.00629414616641356,
        0.767217056436666,
        -0.641356665231361,
        -0.164493966987045
      ],
      [
        0.0531271565921978,
        -0.640207003406665,
        -0.766363163272796,
        -0.0857129160713655
      ],
      [
        -0.998567919050309,
        -0.0388970577513904,
        -0.0367305042413127,
        0.272848425046244
      ],
      [
        0.0,
        0.0,
        0.0,
        1.0
      ]
    ]
  },
  "simTime": 0.626499999999947,
  "state": [
    -0.0797056786087015,
    2.94166105301038e-05,
    0.276939811250798,
    0.999803504945334,
    -0.000923145517522028,
    -0.0197653937321611,
    0.0011952037447076,
    -0.326627214295391,
    -0.000235285970346706,
    -1.2675643537557,
    -0.0118121380553197,
    -2.99140625735913,
    0.000330360943919955,
    0.829298838684286,
    0.227264248672991,
    0.209217457061258,
    -0.46566345475334,
    0.998446936758655,
    0.0351545508211985,
    0.00480706157182068,
    -0.0429507181879784,
    0.829128660376754,
    -0.22757745848174,
    0.209496989142955,
    0.465687853044159,
    0.998439719982201,
    -0.0354346872769394,
    0.00485323443081159,
    0.0428830341161713,
    -4.73146979450946,
    -2.41823909809718,
    -2.66087763450876,
    -0.385052303279239,
    0.132162298572721,
    -0.524284600805801,
    4.73337658783363,
    -2.42066392475875,
    2.66297944234818,
    0.383638335557988,
    0.1317880771079,
    0.527030258006579
  ]
}