{
  "T_WB": [
    [
      0.99396670630323,
      -0.00233898742386669,
      -0.109657265598495,
      -0.0877992686737293
    ],
    [
      0.00256421103775352,
      0.999994882777342,
      0.00191291423846964,
      2.31110252971314e-05
    ],
    [
      0.109652230175504,
      -0.00218255743586976,
      0.993967617611649,
      0.242834552401099
    ],
    [
      0.0,
      0.0,
      0.0,
      1.0
    ]
  ],
  "T_WH": {
    "0": [
      [
        -0.149387956550313,
        0.949415263811127,
        -0.276213495832788,
        -0.0479657528240363
      ],
      [
        -0.832679907070745,
        -0.27144124046779,
        -0.482663262879996,
        -0.0318741567820677
      ],
      [
        -0.533223603001947,
        0.157893349498183,
        0.831109065878761,
        0.247290483446067
      ],
      [
        0.0,
        0.0,
        0.0,
        1.0
      ]
    ],
    "1": [
      [
        -0.630942124771379,
        -0.772273649553171,
        -0.0741986886326396,
        -0.127632784523422
      ],
      [
        0.770879213869268,
        -0.634829318670623,
        0.0523160948513233,
        0.0319203788326619
      ],
      [
        -0.0875058444521136,
        -0.0241897987180249,
        0.995870263048709,
        0.238378621356131
      ],
      [
        0.0,
        0.0,
        0.0,
        1.0
      ]
    ],
    "2": [
      [
        -0.153206063863927,
        -0.948041249678428,
        -0.278829142851832,
        -0.0481154480191638
      ],
      [
        0.82920758224384,
        -0.276816385738778,
        0.48557952400801,
        0.0321255157156822
      ],
      [
        -0.537533894321696,
        -0.156813511837103,
        0.828532941385354,
        0.247150799770171
      ],
      [
        0.0,
        0.0,
        0.0,
        1.0
      ]
    ],
    "3": [
      [
        -0.62737129225328,
        0.775235698467367,
        -0.0735858238947133,
        -0.127483089328295
      ],
      [
        -0.7741489703271,
        -0.631121551648703,
        -0.0487745711003588,
        -0.032079293665088
      ],
      [
        -0.0842533880502125,
        0.026366624098432,
        0.996095461156064,
        0.238518305032027
      ],
      [
        0.0,
        0.0,
        0.0,
        1.0
      ]
    ]
  },
  "T_WP": {
    "0": [
      [
        0.276213495832788,
        0.949415263811127,
        -0.149387956550313,
        -0.0584229097825582
      ],
      [
        0.482663262879995,
        -0.27144124046779,
        -0.832679907070745,
        -0.0901617502770198
      ],
      [
        -0.831109065878761,
        0.157893349498183,
        -0.533223603001947,
        0.209964831235931
      ],
      [
        0.0,
        0.0,
        0.0,
        1.0
      ]
    ],
    "1": [
      [
        0.0741986886326396,
        -0.772273649553171,
        -0.630942124771379,
        -0.171798733257419
      ],
      [
        -0.0523160948513232,
        -0.634829318670623,
        0.770879213869268,
        0.0858819238035107
      ],
      [
        -0.995870263048709,
        -0.0241897987180249,
        -0.0875058444521135,
        0.232253212244483
      ],
      [
        0.0,
        0.0,
        0.0,
        1.0
      ]
    ],
    "2": [
      [
        0.278829142851832,
        -0.948041249678428,
        -0.153206063863927,
        -0.0588398724896387
      ],
      [
        -0.48557952400801,
        -0.276816385738778,
        0.82920758224384,
        0.090170046472751
      ],
      [
        -0.828532941385354,
        -0.156813511837103,
        -0.537533894321696,
        0.209523427167653
      ],
      [
        0.0,
        0.0,
        0.0,
        1.0
      ]
    ],
    "3": [
      [
        0.0735858238947132,
        0.775235698467367,
        -0.62737129225328,
        -0.171399079786024
      ],
      [
        0.0487745711003587,
        -0.631121551648703,
        -0.7741489703271,
        -0.086269721587985
      ],
      [
        -0.996095461156064,
        0.026366624098432,
        -0.0842533880502124,
        0.232620567868512
      ],
      [
        0.0,
        0.0,
        0.0,
        1.0
      ]
    ]
  },
  "simTime": 0.650999999999945,
  "state": [
    -0.0877992686737293,
    2.31110252971314e-05,
    0.242834552401099,
    0.99849001080284,
    -0.00102541628609945,
    -0.0549102878850191,
    0.00122765335871457,
    -0.333751175211425,
    -0.000278637625814337,
    -1.51658548235717,
    -0.0118363536225244,
    -2.752601706933,
    0.000278455741078038,
    0.833759391590598,
    0.157419025364823,
    0.217919112829678,
    -0.482261119779722,
    0.998322963317368,
    0.0300920837686426,
    0.00669472430049581,
    -0.0489990619729637,
    0.833615366336296,
    -0.157694363354389,
    0.218203515452028,
    0.482291545248964,
    0.998315391586029,
    -0.0303861173714989,
    0.00673856956361557,
    0.048965850076914,
    -4.96839107595053,
    -2.4982326769856,
    -1.9548040327417,
    -0.447242578697574,
    0.105368296418107,
    -0.475787163839359,
    4.97027928384379,
    -2.50073547894507,
    1.95617652838747,
    0.446273164376673,
    0.105038159955919,
    0.478745604010165
  ]
}