{
  "T_WB": [
    [
      0.84389967851434,
      0.0116136492391433,
      0.536375293758712,
      -0.137576543458411
    ],
    [
      0.000189991340652768,
      0.999759143847123,
      -0.0219458013606037,
      -0.000230902775248909
    ],
    [
      -0.536500975308232,
      0.0186219613741072,
      0.84369421359157,
      0.110809394381734
    ],
    [
      0.0,
      0.0,
      0.0,
      1.0
    ]
  ],
  "T_WH": {
    "0": [
      [
        -0.105703302684259,
        0.411742224892091,
        0.905149242966347,
        -0.10419219309349
      ],
      [
        -0.880037007452433,
        0.385078069252,
        -0.27793838542979,
        -0.0322155957247307
      ],
      [
        -0.462992092066168,
        -0.825943836360598,
        0.321644371724628,
        0.088753452605433
      ],
      [
        0.0,
        0.0,
        0.0,
        1.0
      ]
    ],
    "1": [
      [
        -0.468210078199532,
        -0.785558344741561,
        0.404570648563742,
        -0.170960893823332
      ],
      [
        0.868613516237921,
        -0.493198594988615,
        0.0475994255222744,
        0.0317537901742329
      ],
      [
        0.162141549521343,
        0.373702064361645,
        0.913267148763527,
        0.132865336158034
      ],
      [
        0.0,
        0.0,
        0.0,
        1.0
      ]
    ],
    "2": [
      [
        -0.0790556640595597,
        -0.404057658210931,
        0.911310929826479,
        -0.103448919542185
      ],
      [
        0.898468440854548,
        0.367155256675991,
        0.240731132767627,
        0.0317689894814851
      ],
      [
        -0.431861856116629,
        0.837815269815659,
        0.334007351558636,
        0.0899452581333758
      ],
      [
        0.0,
        0.0,
        0.0,
        1.0
      ]
    ],
    "3": [
      [
        -0.477010645701403,
        0.783771973006452,
        0.397696288915429,
        -0.171704167374637
      ],
      [
        -0.87126290708432,
        -0.481199719719262,
        -0.0966838998028271,
        -0.0322307950319829
      ],
      [
        0.115593211853075,
        -0.392617274290979,
        0.912408836707434,
        0.131673530630092
      ],
      [
        0.0,
        0.0,
        0.0,
        1.0
      ]
    ]
  },
  "T_WP": {
    "0": [
      [
        -0.905149242966347,
        0.411742224892091,
        -0.105703302684259,
        -0.111591424281388
      ],
      [
        0.27793838542979,
        0.385078069252,
        -0.880037007452433,
        -0.093818186246401
      ],
      [
        -0.321644371724629,
        -0.825943836360598,
        -0.462992092066168,
        0.0563440061608012
      ],
      [
        0.0,
        0.0,
        0.0,
        1.0
      ]
    ],
    "1": [
      [
        -0.404570648563742,
        -0.785558344741561,
        -0.468210078199532,
        -0.2037355992973
      ],
      [
        -0.0475994255222743,
        -0.493198594988615,
        0.868613516237921,
        0.0925567363108874
      ],
      [
        -0.913267148763527,
        0.373702064361645,
        0.162141549521343,
        0.144215244624528
      ],
      [
        0.0,
        0.0,
        0.0,
        1.0
      ]
    ],
    "2": [
      [
        -0.911310929826479,
        -0.404057658210931,
        -0.0790556640595597,
        -0.108982816026354
      ],
      [
        -0.240731132767627,
        0.367155256675991,
        0.898468440854548,
        0.0946617803413035
      ],
      [
        -0.334007351558636,
        0.837815269815659,
        -0.431861856116629,
        0.0597149282052118
      ],
      [
        0.0,
        0.0,
        0.0,
        1.0
      ]
    ],
    "3": [
      [
        -0.397696288915429,
        0.783771973006452,
        -0.477010645701403,
        -0.205094912573736
      ],
      [
        0.096683899802827,
        -0.481199719719262,
        -0.87126290708432,
        -0.0932191985278854
      ],
      [
        -0.912408836707434,
        -0.392617274290979,
        0.115593211853075,
        0.139765055459807
      ],
      [
        0.0,
        0.0,
        0.0,
        1.0
      ]
    ]
  },
  "simTime": 0.803999999999928,
  "state": [
    -0.137576543458411,
    -0.000230902775248909,
    0.110809394381734,
    0.960124085203709,
    0.0105631562003008,
    0.279358753103072,
    -0.00297452643739971,
    -0.347318617117238,
    -0.00366643465914085,
    1.26894877410891,
    0.495462875589982,
    12.9865470598783,
    -0.196347096821236,
    0.912184915734807,
    -0.196698035762351,
    0.282534067421455,
    -0.222267998100051,
    0.987471143321196,
    -0.0382993217766954,
    0.0727702621119795,
    -0.134678847676724,
    0.913385651041759,
    0.196285788344997,
    0.280733039300978,
    0.219971594551755,
    0.985857021233105,
    0.0394249833776502,
    0.0763577630560996,
    0.14387875587497,
    -2.92105873906492,
    -2.23310040191073,
    2.30400844487263,
    -1.70269493717337,
    -1.01027695626936,
    0.343860698221763,
    2.9468003328442,
    -2.25574171851956,
    -2.28151847013687,
    1.72692872186239,
    -1.03716264821292,
    -0.320649041835849
  ]
}