{
  "T_WB": [
    [
      0.199039773150614,
      -0.00020011166783425,
      0.979991392135397,
      -0.00385580045279041
    ],
    [
      0.000190801243512903,
      0.999999968111427,
      0.000165444948321455,
      1.05455590464029e-06
    ],
    [
      -0.979991393992334,
      0.000154053451268557,
      0.199039804985075,
      0.180325822069901
    ],
    [
      0.0,
      0.0,
      0.0,
      1.0
    ]
  ],
  "T_WH": {
    "0": [
      [
        0.437039016213755,
        0.752028238813106,
        0.493406958133518,
        0.00411219404660486
      ],
      [
        -0.589168776507903,
        0.653854805926253,
        -0.47471469911445,
        -0.0319913123739205
      ],
      [
        -0.679615369966788,
        -0.0832311287608231,
        0.728831618489556,
        0.141121236599767
      ],
      [
        0.0,
        0.0,
        0.0,
        1.0
      ]
    ],
    "1": [
      [
        -0.0712507661627276,
        -0.0839253178564417,
        0.993921460349821,
        -0.0118237949521857
      ],
      [
        0.657664983215684,
        -0.753130962279545,
        -0.0164475988460598,
        0.0319934214857298
      ],
      [
        0.749933395824682,
        0.652495436519353,
        0.108855900842718,
        0.219530407540034
      ],
      [
        0.0,
        0.0,
        0.0,
        1.0
      ]
    ],
    "2": [
      [
        0.437564557069511,
        -0.752229150396789,
        0.492634310305208,
        0.00409938689986346
      ],
      [
        0.589409169743471,
        0.653693801589961,
        0.474638014054055,
        0.0320086855852108
      ],
      [
        -0.679068545154961,
        0.0826784074362256,
        0.729403997744004,
        0.141131096020648
      ],
      [
        0.0,
        0.0,
        0.0,
        1.0
      ]
    ],
    "3": [
      [
        -0.071169277017593,
        0.0844067553474698,
        0.993886529569903,
        -0.0118109878054443
      ],
      [
        -0.657794148663337,
        -0.753009312892669,
        0.0168473345424765,
        -0.0320065764734015
      ],
      [
        0.749827841569696,
        -0.652573730967332,
        0.109113398161309,
        0.219520548119153
      ],
      [
        0.0,
        0.0,
        0.0,
        1.0
      ]
    ]
  },
  "T_WP": {
    "0": [
      [
        -0.493406958133518,
        0.752028238813106,
        0.437039016213755,
        0.0347049251815677
      ],
      [
        0.47471469911445,
        0.653854805926253,
        -0.589168776507903,
        -0.0732331267294737
      ],
      [
        -0.728831618489556,
        -0.0832311287608231,
        -0.679615369966788,
        0.0935481607020914
      ],
      [
        0.0,
        0.0,
        0.0,
        1.0
      ]
    ],
    "1": [
      [
        -0.993921460349821,
        -0.0839253178564417,
        -0.0712507661627275,
        -0.0168113485835766
      ],
      [
        0.0164475988460598,
        -0.753130962279545,
        0.657664983215684,
        0.0780299703108276
      ],
      [
        -0.108855900842718,
        0.652495436519353,
        0.749933395824682,
        0.272025745247762
      ],
      [
        0.0,
        0.0,
        0.0,
        1.0
      ]
    ],
    "2": [
      [
        -0.492634310305208,
        -0.752229150396789,
        0.437564557069511,
        0.0347289058947292
      ],
      [
        -0.474638014054055,
        0.653693801589961,
        0.589409169743471,
        0.0732673274672538
      ],
      [
        -0.729403997744004,
        0.0826784074362256,
        -0.679068545154961,
        0.0935962978598005
      ],
      [
        0.0,
        0.0,
        0.0,
        1.0
      ]
    ],
    "3": [
      [
        -0.993886529569903,
        0.0844067553474698,
        -0.0711692770175929,
        -0.0167928371966758
      ],
      [
        -0.0168473345424765,
        -0.753009312892669,
        -0.657794148663337,
        -0.0780521668798351
      ],
      [
        -0.109113398161309,
        -0.652573730967332,
        0.749827841569696,
        0.272008497029032
      ],
      [
        0.0,
        0.0,
        0.0,
        1.0
      ]
    ]
  },
  "simTime": 0.311999999999982,
  "state": [
    -0.00385580045279041,
    1.05455590464029e-06,
    0.180325822069901,
    0.774286695327887,
    -3.67806173140894e-06,
    0.632834968608668,
    0.000126217108503206,
    -0.10305026279923,
    0.000209859339189971,
    1.83685591720089,
    -0.00898795658469164,
    -5.80634444973437,
    0.00656913893198054,
    0.894912732296266,
    0.416760847669448,
    -0.10976851972873,
    0.115725837652784,
    0.998369718038688,
    0.0250896283469365,
    -0.0390039061780383,
    0.0332732919263933,
    0.89475236809191,
    -0.416956518246662,
    -0.110132157623404,
    -0.115915355077549,
    0.998372469454154,
    -0.0249866364463124,
    -0.0389255408613294,
    -0.0333598936414198,
    11.3452569558484,
    -1.90735016586774,
    2.04187183849643,
    0.79990487550937,
    -0.520569403165539,
    0.340292851227877,
    -11.3515472204007,
    -1.91842190824247,
    -2.04403098240684,
    -0.797735801074124,
    -0.515539935488694,
    -0.346393107599116
  ]
}