{
  "T_WB": [
    [
      -0.971524636472592,
      0.0713292608489024,
      0.225946934640741,
      -0.216085304054116
    ],
    [
      0.0643308516292757,
      0.99719736357573,
      -0.0381963297486161,
      -0.000640956841068472
    ],
    [
      -0.228038203499875,
      -0.0225733166451483,
      -0.973390478235835,
      0.187319070007433
    ],
    [
      0.0,
      0.0,
      0.0,
      1.0
    ]
  ],
  "T_WH": {
    "0": [
      [
        -0.811990570803199,
        -0.458613838740794,
        -0.361032768377232,
        -0.257228825860185
      ],
      [
        -0.539026590344608,
        0.826473169710607,
        0.162457485669232,
        -0.0299780384103208
      ],
      [
        0.223878645315182,
        0.326520208660867,
        -0.918293474608147,
        0.178919888000082
      ],
      [
        0.0,
        0.0,
        0.0,
        1.0
      ]
    ],
    "1": [
      [
        0.651407564144231,
        0.610463641546522,
        0.450557796209808,
        -0.174941782248048
      ],
      [
        0.745421920012402,
        -0.625649126128821,
        -0.230020286364628,
        0.0286961247281839
      ],
      [
        0.14147206982547,
        0.485692611971813,
        -0.862605553039914,
        0.195718252014783
      ],
      [
        0.0,
        0.0,
        0.0,
        1.0
      ]
    ],
    "2": [
      [
        -0.726953416769461,
        0.566839923537321,
        -0.387596737513889,
        -0.252663753165855
      ],
      [
        0.657628754929551,
        0.737145735987532,
        -0.155372406189798,
        0.0338425928585259
      ],
      [
        0.197643999496608,
        -0.367843261457381,
        -0.908640844593386,
        0.177475195734793
      ],
      [
        0.0,
        0.0,
        0.0,
        1.0
      ]
    ],
    "3": [
      [
        0.531309434232946,
        -0.694044060531565,
        0.485811822762605,
        -0.179506854942378
      ],
      [
        -0.827735555018837,
        -0.547430663550929,
        0.123180840887889,
        -0.0351245065406629
      ],
      [
        0.180455357506296,
        -0.4675708616296,
        -0.865340021784633,
        0.197162944280072
      ],
      [
        0.0,
        0.0,
        0.0,
        1.0
      ]
    ]
  },
  "T_WP": {
    "0": [
      [
        0.361032768377232,
        -0.458613838740794,
        -0.811990570803199,
        -0.314068165816409
      ],
      [
        -0.162457485669232,
        0.826473169710607,
        -0.539026590344608,
        -0.0677098997344434
      ],
      [
        0.918293474608147,
        0.326520208660867,
        0.223878645315182,
        0.194591393172145
      ],
      [
        0.0,
        0.0,
        0.0,
        1.0
      ]
    ],
    "1": [
      [
        -0.450557796209808,
        0.610463641546522,
        0.651407564144231,
        -0.129343252757952
      ],
      [
        0.230020286364628,
        -0.625649126128821,
        0.745421920012402,
        0.080875659129052
      ],
      [
        0.862605553039914,
        0.485692611971813,
        0.14147206982547,
        0.205621296902566
      ],
      [
        0.0,
        0.0,
        0.0,
        1.0
      ]
    ],
    "2": [
      [
        0.387596737513889,
        0.566839923537321,
        -0.726953416769461,
        -0.303550492339718
      ],
      [
        0.155372406189798,
        0.737145735987532,
        0.657628754929551,
        0.0798766057035945
      ],
      [
        0.908640844593386,
        -0.367843261457381,
        0.197643999496608,
        0.191310275699555
      ],
      [
        0.0,
        0.0,
        0.0,
        1.0
      ]
    ],
    "3": [
      [
        -0.485811822762604,
        -0.694044060531565,
        0.531309434232946,
        -0.142315194546071
      ],
      [
        -0.123180840887889,
        -0.547430663550929,
        -0.827735555018837,
        -0.0930659953919814
      ],
      [
        0.865340021784633,
        -0.4675708616296,
        0.180455357506296,
        0.209794819305513
      ],
      [
        0.0,
        0.0,
        0.0,
        1.0
      ]
    ]
  },
  "simTime": 0.983999999999908,
  "state": [
    -0.216085304054116,
    -0.000640956841068472,
    0.187319070007433,
    0.114326559542504,
    0.0341631313974322,
    0.992737689206489,
    -0.0153035507401604,
    -0.45586208834676,
    -0.00416755367517622,
    -0.381353373598048,
    0.466302544777823,
    12.8722136704921,
    -0.259319761300668,
    0.946349058034542,
    -0.255588782383344,
    0.177862518876769,
    0.086387262115117,
    0.985789805506912,
    -0.156607672625033,
    0.0188143337456335,
    -0.0577799020362969,
    0.945377036232808,
    0.258704630906909,
    0.177936956094882,
    -0.0875934527614882,
    0.984846674989938,
    0.160684115794679,
    0.0221907196011894,
    0.0613613368182899,
    0.664726573380307,
    -1.91681827915412,
    2.67061099345272,
    -0.965299761932435,
    -0.620787849956551,
    1.3207284924423,
    -0.623733735242192,
    -1.91093006688544,
    -2.71025279664202,
    0.971377049380262,
    -0.631224226415071,
    -1.38647239950585
  ]
}