{
  "T_WB": [
    [
      0.341422094416457,
      -0.000481888875781272,
      0.93990995378674,
      -0.00731374054009189
    ],
    [
      0.000390996342716132,
      0.999999854863744,
      0.000370667439150726,
      8.07960957866128e-06
    ],
    [
      -0.939909995992244,
      0.000240947301006279,
      0.34142223328052,
      0.225887677909541
    ],
    [
      0.0,
      0.0,
      0.0,
      1.0
    ]
  ],
  "T_WH": {
    "0": [
      [
        0.522974428049002,
        0.820827401278243,
        0.229652182479561,
        0.00635856368059139
      ],
      [
        -0.603923906904928,
        0.546977328356603,
        -0.57973417781994,
        -0.0319762758923525
      ],
      [
        -0.601476235836053,
        0.164493706793542,
        0.781772446527641,
        0.188283567756219
      ],
      [
        0.0,
        0.0,
        0.0,
        1.0
      ]
    ],
    "1": [
      [
        -0.179796549946568,
        -0.164224154966279,
        0.969898771807101,
        -0.0209860447607752
      ],
      [
        0.658554180736327,
        -0.752514398088904,
        -0.00533588826717009,
        0.0319924351115098
      ],
      [
        0.730739072215258,
        0.637771516763258,
        0.243449996392437,
        0.263491788062863
      ],
      [
        0.0,
        0.0,
        0.0,
        1.0
      ]
    ],
    "2": [
      [
        0.523128301880291,
        -0.821099599043252,
        0.2283248305,
        0.00632772279254139
      ],
      [
        0.604631996927515,
        0.546375659750038,
        0.579563444951591,
        0.0320237148189271
      ],
      [
        -0.600630442171631,
        -0.165133542576066,
        0.782287661319664,
        0.188298988383484
      ],
      [
        0.0,
        0.0,
        0.0,
        1.0
      ]
    ],
    "3": [
      [
        -0.179445387013341,
        0.165078033918995,
        0.969818846897229,
        -0.0209552038727252
      ],
      [
        -0.658865460050424,
        -0.752235800931416,
        0.00613232008410102,
        -0.0320075555997698
      ],
      [
        0.730544768396965,
        -0.637879724175733,
        0.243749459185686,
        0.263476367435599
      ],
      [
        0.0,
        0.0,
        0.0,
        1.0
      ]
    ]
  },
  "T_WP": {
    "0": [
      [
        -0.229652182479561,
        0.820827401278243,
        0.522974428049002,
        0.0429667736440215
      ],
      [
        0.57973417781994,
        0.546977328356603,
        -0.603923906904928,
        -0.0742509493756974
      ],
      [
        -0.781772446527641,
        0.164493706793542,
        -0.601476235836053,
        0.146180231247695
      ],
      [
        0.0,
        0.0,
        0.0,
        1.0
      ]
    ],
    "1": [
      [
        -0.969898771807101,
        -0.164224154966279,
        -0.179796549946568,
        -0.0335718032570349
      ],
      [
        0.00533588826717013,
        -0.752514398088904,
        0.658554180736327,
        0.0780912277630527
      ],
      [
        -0.243449996392437,
        0.637771516763258,
        0.730739072215258,
        0.314643523117931
      ],
      [
        0.0,
        0.0,
        0.0,
        1.0
      ]
    ],
    "2": [
      [
        -0.2283248305,
        -0.821099599043252,
        0.523128301880291,
        0.0429467039241618
      ],
      [
        -0.579563444951591,
        0.546375659750038,
        0.604631996927515,
        0.0743479546038532
      ],
      [
        -0.782287661319664,
        -0.165133542576066,
        -0.600630442171631,
        0.146254857431469
      ],
      [
        0.0,
        0.0,
        0.0,
        1.0
      ]
    ],
    "3": [
      [
        -0.969818846897229,
        0.165078033918995,
        -0.179445387013341,
        -0.033516380963659
      ],
      [
        -0.00613232008410106,
        -0.752235800931416,
        -0.658865460050424,
        -0.0781281378032995
      ],
      [
        -0.243749459185686,
        -0.637879724175733,
        0.730544768396965,
        0.314614501223386
      ],
      [
        0.0,
        0.0,
        0.0,
        1.0
      ]
    ]
  },
  "simTime": 0.338499999999979,
  "state": [
    -0.00731374054009189,
    8.07960957866128e-06,
    0.225887677909541,
    0.818969502264999,
    -3.95985863288205e-05,
    0.573836981896158,
    0.000266458401711936,
    -0.15355514777692,
    0.000296611596740318,
    1.59627098248038,
    -0.00956606315888984,
    -5.48026033260793,
    0.00566366464232447,
    0.853115504575872,
    0.498772917686942,
    -0.0997476188065645,
    0.116060005931118,
    0.998141657408821,
    0.0329123718435814,
    -0.0393622798617591,
    0.0328727615038223,
    0.852899016776315,
    -0.499017081734009,
    -0.10013465358757,
    -0.116268097389467,
    0.998144788933753,
    -0.0328100208276033,
    -0.0392483103484889,
    -0.0330159505765618,
    4.10957013406839,
    0.41897087819666,
    -2.69684197979446,
    0.444938324624543,
    0.203568314351736,
    -0.259606835691193,
    -4.11331402993322,
    0.419274166746472,
    2.6979998089948,
    -0.446702276468133,
    0.204541281893185,
    0.256801892680636
  ]
}