{
  "T_WB": [
    [
      0.80057846674814,
      -0.00163818512384464,
      0.599225696151873,
      -0.0296686491814423
    ],
    [
      0.00127063179102729,
      0.999998655848409,
      0.00103624139418756,
      3.67878672184582e-05
    ],
    [
      -0.599226588256937,
      -6.8197327008606e-05,
      0.800579472179418,
      0.343904898838854
    ],
    [
      0.0,
      0.0,
      0.0,
      1.0
    ]
  ],
  "T_WH": {
    "0": [
      [
        0.338490620236217,
        0.890889574973088,
        -0.302885894713459,
        0.00240691141244635
      ],
      [
        -0.763788152458874,
        0.0721264255691094,
        -0.641424537181175,
        -0.0319123438482895
      ],
      [
        -0.549592356365663,
        0.44845684735423,
        0.704865021039875,
        0.319938017623041
      ],
      [
        0.0,
        0.0,
        0.0,
        1.0
      ]
    ],
    "1": [
      [
        -0.552469988207483,
        -0.49627588105538,
        0.669691841082696,
        -0.0617442097753309
      ],
      [
        0.695647865502354,
        -0.717127357483651,
        0.0424546860845212,
        0.0319859195827265
      ],
      [
        0.459185103582469,
        0.489324639713986,
        0.741424600088731,
        0.367871780054667
      ],
      [
        0.0,
        0.0,
        0.0,
        1.0
      ]
    ],
    "2": [
      [
        0.336429240074231,
        -0.890703892553891,
        -0.305715459557448,
        0.00230206756452029
      ],
      [
        0.764577373395799,
        0.0688328450555653,
        0.640845909351645,
        0.0320875701260086
      ],
      [
        -0.54976068112794,
        -0.449342425362777,
        0.704169424396459,
        0.319933652994112
      ],
      [
        0.0,
        0.0,
        0.0,
        1.0
      ]
    ],
    "3": [
      [
        -0.550503872142732,
        0.498322540140887,
        0.669791111275294,
        -0.0616393659274049
      ],
      [
        -0.697107602958033,
        -0.71582843324498,
        -0.0403812339601324,
        -0.0320139943915717
      ],
      [
        0.459332642704571,
        -0.489146501720671,
        0.741450755748798,
        0.367876144683595
      ],
      [
        0.0,
        0.0,
        0.0,
        1.0
      ]
    ]
  },
  "T_WP": {
    "0": [
      [
        0.302885894713459,
        0.890889574973088,
        0.338490620236217,
        0.0261012548289815
      ],
      [
        0.641424537181175,
        0.0721264255691094,
        -0.763788152458874,
        -0.0853775145204107
      ],
      [
        -0.704865021039875,
        0.44845684735423,
        -0.549592356365663,
        0.281466552677444
      ],
      [
        0.0,
        0.0,
        0.0,
        1.0
      ]
    ],
    "1": [
      [
        -0.669691841082696,
        -0.49627588105538,
        -0.552469988207483,
        -0.100417108949855
      ],
      [
        -0.0424546860845211,
        -0.717127357483651,
        0.695647865502354,
        0.0806812701678912
      ],
      [
        -0.741424600088731,
        0.489324639713986,
        0.459185103582469,
        0.40001473730544
      ],
      [
        0.0,
        0.0,
        0.0,
        1.0
      ]
    ],
    "2": [
      [
        0.305715459557448,
        -0.890703892553891,
        0.336429240074231,
        0.0258521143697164
      ],
      [
        -0.640845909351645,
        0.0688328450555653,
        0.764577373395799,
        0.0856079862637146
      ],
      [
        -0.704169424396459,
        -0.449342425362777,
        -0.54976068112794,
        0.281450405315156
      ],
      [
        0.0,
        0.0,
        0.0,
        1.0
      ]
    ],
    "3": [
      [
        -0.669791111275294,
        0.498322540140887,
        -0.550503872142732,
        -0.100174636977396
      ],
      [
        0.0403812339601324,
        -0.71582843324498,
        -0.697107602958033,
        -0.080811526598634
      ],
      [
        -0.741450755748798,
        -0.489146501720671,
        0.459332642704571,
        0.400029429672915
      ],
      [
        0.0,
        0.0,
        0.0,
        1.0
      ]
    ]
  },
  "simTime": 0.450999999999967,
  "state": [
    -0.0296686491814423,
    3.67878672184582e-05,
    0.343904898838854,
    0.948835680554854,
    -0.000290998416224799,
    0.315769186638298,
    0.000766417456279398,
    -0.234764440989819,
    0.000162258872963495,
    0.496781055211353,
    -0.0107983126437453,
    -4.74116920348183,
    0.00260064923403485,
    0.823211330557073,
    0.551767165665268,
    0.0669597082450529,
    -0.11572595909262,
    0.998694950720925,
    0.0470163532328724,
    -0.0182901213006541,
    0.00795797687977891,
    0.822961402019929,
    -0.552188242419443,
    0.0669372533735422,
    0.115507921070058,
    0.998691994299454,
    -0.0470774544752433,
    -0.0182067522057386,
    -0.00815646837977041,
    -0.662268873685786,
    -0.809830270763457,
    -5.73891867323943,
    0.0992084645733506,
    0.334871365696725,
    -0.574050200813038,
    0.660173931092056,
    -0.80833519464784,
    5.74403900963867,
    -0.102556787076412,
    0.334095110135015,
    0.574164068546741
  ]
}