{
  "T_WB": [
    [
      0.990454570624301,
      -0.00232646945213284,
      -0.137819922613969,
      -0.0913168168850981
    ],
    [
      0.00262211496354158,
      0.999994634300163,
      0.00196364049705701,
      2.00949597061025e-05
    ],
    [
      0.137814614764002,
      -0.00230627638673332,
      0.990455356412735,
      0.226349750104976
    ],
    [
      0.0,
      0.0,
      0.0,
      1.0
    ]
  ],
  "T_WH": {
    "0": [
      [
        -0.159319239312137,
        0.956129529064831,
        -0.245832674059546,
        -0.0516241870376578
      ],
      [
        -0.840294389281437,
        -0.262041675715089,
        -0.474594036551836,
        -0.0318748487393574
      ],
      [
        -0.518191778521368,
        0.130959855828773,
        0.845178559142486,
        0.231936135539912
      ],
      [
        0.0,
        0.0,
        0.0,
        1.0
      ]
    ],
    "1": [
      [
        -0.624369841756131,
        -0.773790649926454,
        -0.106819149930242,
        -0.131009446732538
      ],
      [
        0.773872647230142,
        -0.631354950991654,
        0.0501203723782772,
        0.0319150386587696
      ],
      [
        -0.106223474686321,
        -0.0513707693608066,
        0.993014409503127,
        0.22076336467004
      ],
      [
        0.0,
        0.0,
        0.0,
        1.0
      ]
    ],
    "2": [
      [
        -0.163158974384468,
        -0.954825307494546,
        -0.248370250323494,
        -0.0517730810825943
      ],
      [
        0.836736430559645,
        -0.26730123099018,
        0.477935348855302,
        0.032124807855853
      ],
      [
        -0.522734440086085,
        -0.129840995371572,
        0.842549714301065,
        0.231788533851161
      ],
      [
        0.0,
        0.0,
        0.0,
        1.0
      ]
    ],
    "3": [
      [
        -0.620777077835191,
        0.776759562417982,
        -0.106209236070252,
        -0.130860552687602
      ],
      [
        -0.777222728073296,
        -0.627505152987909,
        -0.0464985369654161,
        -0.0320846179364408
      ],
      [
        -0.102765026155325,
        0.053683006304099,
        0.993256001357882,
        0.220910966358791
      ],
      [
        0.0,
        0.0,
        0.0,
        1.0
      ]
    ]
  },
  "T_WP": {
    "0": [
      [
        0.245832674059546,
        0.956129529064831,
        -0.159319239312137,
        -0.0627765337895074
      ],
      [
        0.474594036551836,
        -0.262041675715089,
        -0.840294389281437,
        -0.090695455989058
      ],
      [
        -0.845178559142486,
        0.130959855828773,
        -0.518191778521368,
        0.195662711043416
      ],
      [
        0.0,
        0.0,
        0.0,
        1.0
      ]
    ],
    "1": [
      [
        0.106819149930242,
        -0.773790649926454,
        -0.624369841756131,
        -0.174715335655468
      ],
      [
        -0.0501203723782772,
        -0.631354950991654,
        0.773872647230142,
        0.0860861239648796
      ],
      [
        -0.993014409503127,
        -0.0513707693608066,
        -0.106223474686321,
        0.213327721441998
      ],
      [
        0.0,
        0.0,
        0.0,
        1.0
      ]
    ],
    "2": [
      [
        0.248370250323494,
        -0.954825307494546,
        -0.163158974384468,
        -0.063194209289507
      ],
      [
        -0.477935348855301,
        -0.26730123099018,
        0.836736430559645,
        0.0906963579950281
      ],
      [
        -0.842549714301065,
        -0.129840995371572,
        -0.522734440086085,
        0.195197123045135
      ],
      [
        0.0,
        0.0,
        0.0,
        1.0
      ]
    ],
    "3": [
      [
        0.106209236070252,
        0.776759562417982,
        -0.620777077835191,
        -0.174314948136065
      ],
      [
        0.0464985369654161,
        -0.627505152987909,
        -0.777222728073296,
        -0.0864902089015715
      ],
      [
        -0.993256001357882,
        0.053683006304099,
        -0.102765026155325,
        0.213717414527919
      ],
      [
        0.0,
        0.0,
        0.0,
        1.0
      ]
    ]
  },
  "simTime": 0.661499999999943,
  "state": [
    -0.0913168168850981,
    2.00949597061025e-05,
    0.226349750104976,
    0.997610214630093,
    -0.00107003637822954,
    -0.069073705675762,
    0.00124010969993659,
    -0.336195010833264,
    -0.000295697479291512,
    -1.62338263294837,
    -0.0118436471533771,
    -2.65379348785694,
    0.000275832997198491,
    0.835811469901871,
    0.12702346019446,
    0.220986133102899,
    -0.486260584786521,
    0.998266734355559,
    0.0276906043595462,
    0.00740927132044112,
    -0.0513990292494974,
    0.835679107927827,
    -0.127283391024194,
    0.221270351922791,
    0.486290857720252,
    0.998259006546606,
    -0.0279888967280177,
    0.00745232178706167,
    0.0513813235379796,
    -5.03730954030369,
    -2.52505802473907,
    -1.645865544347,
    -0.472485405602563,
    0.0941827742974186,
    -0.452046699635194,
    5.03913812252113,
    -2.52756998590817,
    1.64694678877347,
    0.471717326645381,
    0.093871147402869,
    0.455078947195199
  ]
}