{
  "T_WB": [
    [
      -0.133217804121311,
      0.0692496485844305,
      -0.988664504691065,
      -0.274431781391479
    ],
    [
      -0.0833094346867401,
      0.993242952541477,
      0.0807958867694713,
      -0.00320424274623405
    ],
    [
      0.987579138478164,
      0.0931285315981216,
      -0.126548496020719,
      0.14621685317247
    ],
    [
      0.0,
      0.0,
      0.0,
      1.0
    ]
  ],
  "T_WH": {
    "0": [
      [
        0.171774740220356,
        0.223417344184811,
        -0.959467627874768,
        -0.281976482311033
      ],
      [
        -0.431843478270605,
        0.892457786107792,
        0.13050023099874,
        -0.0383203946150309
      ],
      [
        0.885440370040453,
        0.391923194430981,
        0.24978302738505,
        0.182739905700457
      ],
      [
        0.0,
        0.0,
        0.0,
        1.0
      ]
    ],
    "1": [
      [
        0.439491237014447,
        0.353047147164746,
        -0.825957120234668,
        -0.266887080471924
      ],
      [
        0.713725246593302,
        -0.695554312598904,
        0.0824649658970197,
        0.0319119091225628
      ],
      [
        -0.545384016050014,
        -0.625749079187417,
        -0.557668687424046,
        0.109693800644483
      ],
      [
        0.0,
        0.0,
        0.0,
        1.0
      ]
    ],
    "2": [
      [
        0.201330925050062,
        -0.00281589353347481,
        -0.979519233788748,
        -0.277544504801629
      ],
      [
        0.289871861677477,
        0.955376474348139,
        0.0568339341393325,
        0.0252471543476236
      ],
      [
        0.935649593825659,
        -0.295377492381746,
        0.193163077652411,
        0.188700131722736
      ],
      [
        0.0,
        0.0,
        0.0,
        1.0
      ]
    ],
    "3": [
      [
        0.126280947019746,
        -0.461583880234056,
        -0.878062323487273,
        -0.271319057981328
      ],
      [
        -0.475057626694148,
        -0.805188366583992,
        0.354953441506807,
        -0.0316556398400917
      ],
      [
        -0.870846354840807,
        0.372306346744016,
        -0.320958892125775,
        0.103733574622204
      ],
      [
        0.0,
        0.0,
        0.0,
        1.0
      ]
    ]
  },
  "T_WP": {
    "0": [
      [
        0.959467627874768,
        0.223417344184811,
        0.171774740220356,
        -0.269952250495608
      ],
      [
        -0.13050023099874,
        0.892457786107792,
        -0.431843478270605,
        -0.0685494380939733
      ],
      [
        -0.24978302738505,
        0.391923194430981,
        0.885440370040453,
        0.244720731603288
      ],
      [
        0.0,
        0.0,
        0.0,
        1.0
      ]
    ],
    "1": [
      [
        0.825957120234668,
        0.353047147164746,
        0.439491237014447,
        -0.236122693880913
      ],
      [
        -0.0824649658970196,
        -0.695554312598904,
        0.713725246593302,
        0.0818726763840939
      ],
      [
        0.557668687424046,
        -0.625749079187417,
        -0.545384016050014,
        0.0715169195209824
      ],
      [
        0.0,
        0.0,
        0.0,
        1.0
      ]
    ],
    "2": [
      [
        0.979519233788748,
        -0.00281589353347481,
        0.201330925050062,
        -0.263451340048125
      ],
      [
        -0.0568339341393325,
        0.955376474348139,
        0.289871861677477,
        0.045538184665047
      ],
      [
        -0.193163077652411,
        -0.295377492381746,
        0.935649593825659,
        0.254195603290533
      ],
      [
        0.0,
        0.0,
        0.0,
        1.0
      ]
    ],
    "3": [
      [
        0.878062323487273,
        -0.461583880234056,
        0.126280947019746,
        -0.262479391689946
      ],
      [
        -0.354953441506807,
        -0.805188366583992,
        -0.475057626694148,
        -0.0649096737086821
      ],
      [
        0.320958892125775,
        0.372306346744016,
        -0.870846354840807,
        0.0427743297833471
      ],
      [
        0.0,
        0.0,
        0.0,
        1.0
      ]
    ]
  },
  "simTime": 1.12899999999989,
  "state": [
    -0.274431781391479,
    -0.00320424274623405,
    0.14621685317247,
    -0.658307802703159,
    -0.00468346447437266,
    0.750501374529638,
    0.0579360758921316,
    -0.324293704130101,
    -0.0205523635454743,
    0.490148040557129,
    -1.90294635088274,
    8.89006994858578,
    -2.77379719533053,
    0.955942347864271,
    -0.135107184960946,
    0.134101257682123,
    0.223466169295819,
    0.972970882090493,
    -0.17004434902773,
    0.155467661968945,
    0.0155688165797654,
    0.968845971050174,
    0.0868285933233982,
    0.134829969795475,
    -0.188730387077113,
    0.978360118714088,
    0.176743080569077,
    0.00771594621752924,
    -0.107302496497874,
    1.87006830644935,
    -1.11567555218879,
    1.23127461183679,
    -0.251485988293065,
    -0.0881415180275346,
    1.65499991045557,
    -2.32594900828021,
    -1.18807317751063,
    -0.436750869601593,
    -0.482941213224838,
    -0.324108730324606,
    -2.38917228394266
  ]
}