{
  "T_WB": [
    [
      -0.00463616310348414,
      0.0945303213968068,
      -0.995511187445071,
      -0.279175507416413
    ],
    [
      -0.136402406249175,
      0.986157272717394,
      0.0942773410530167,
      -0.00350623129402961
    ],
    [
      0.990642664920663,
      0.136227206545566,
      0.00832217734002749,
      0.152447701462117
    ],
    [
      0.0,
      0.0,
      0.0,
      1.0
    ]
  ],
  "T_WH": {
    "0": [
      [
        0.267169978921024,
        0.252575037426856,
        -0.92996024260834,
        -0.28238592422525
      ],
      [
        -0.464123362813355,
        0.879462780123732,
        0.105521194401219,
        -0.0405193602709532
      ],
      [
        0.844517439994085,
        0.403424179798211,
        0.352192028160744,
        0.187714137449485
      ],
      [
        0.0,
        0.0,
        0.0,
        1.0
      ]
    ],
    "1": [
      [
        0.373362546554318,
        0.251875466412958,
        -0.892837699836723,
        -0.275965090607576
      ],
      [
        0.723558534401563,
        -0.681385150658069,
        0.11035091190082,
        0.033506897682894
      ],
      [
        -0.580571663212335,
        -0.687221235034203,
        -0.436650338363465,
        0.117181265474748
      ],
      [
        0.0,
        0.0,
        0.0,
        1.0
      ]
    ],
    "2": [
      [
        0.307845802525481,
        0.00562548848525462,
        -0.951419631785442,
        -0.276335983655854
      ],
      [
        0.231379405168989,
        0.969519168644592,
        0.0805987127337864,
        0.02259470518296
      ],
      [
        0.922872977571176,
        -0.244950883872667,
        0.297160784355728,
        0.196432678668401
      ],
      [
        0.0,
        0.0,
        0.0,
        1.0
      ]
    ],
    "3": [
      [
        0.0154098521425668,
        -0.412430330543924,
        -0.910858802946085,
        -0.282015031176971
      ],
      [
        -0.398039770738787,
        -0.838203747215941,
        0.372798630715522,
        -0.0296071677710192
      ],
      [
        -0.91723872430636,
        0.356813257321788,
        -0.177080270025368,
        0.108462724255832
      ],
      [
        0.0,
        0.0,
        0.0,
        1.0
      ]
    ]
  },
  "T_WP": {
    "0": [
      [
        0.92996024260834,
        0.252575037426856,
        0.267169978921024,
        -0.263684025700778
      ],
      [
        -0.105521194401219,
        0.879462780123732,
        -0.464123362813355,
        -0.0730079956678881
      ],
      [
        -0.352192028160744,
        0.403424179798211,
        0.844517439994085,
        0.246830358249071
      ],
      [
        0.0,
        0.0,
        0.0,
        1.0
      ]
    ],
    "1": [
      [
        0.892837699836723,
        0.251875466412958,
        0.373362546554318,
        -0.249829712348773
      ],
      [
        -0.11035091190082,
        -0.681385150658069,
        0.723558534401563,
        0.0841559950910034
      ],
      [
        0.436650338363465,
        -0.687221235034203,
        -0.580571663212335,
        0.0765412490498849
      ],
      [
        0.0,
        0.0,
        0.0,
        1.0
      ]
    ],
    "2": [
      [
        0.951419631785442,
        0.00562548848525462,
        0.307845802525481,
        -0.254786777479071
      ],
      [
        -0.0805987127337864,
        0.969519168644592,
        0.231379405168989,
        0.0387912635447892
      ],
      [
        -0.297160784355728,
        -0.244950883872667,
        0.922872977571176,
        0.261033787098384
      ],
      [
        0.0,
        0.0,
        0.0,
        1.0
      ]
    ],
    "3": [
      [
        0.910858802946085,
        -0.412430330543924,
        0.0154098521425667,
        -0.280936341526992
      ],
      [
        -0.372798630715522,
        -0.838203747215941,
        -0.398039770738787,
        -0.0574699517227343
      ],
      [
        0.177080270025368,
        0.356813257321788,
        -0.91723872430636,
        0.044256013554387
      ],
      [
        0.0,
        0.0,
        0.0,
        1.0
      ]
    ]
  },
  "simTime": 1.14399999999989,
  "state": [
    -0.279175507416413,
    -0.00350623129402961,
    0.152447701462117,
    -0.705309025703262,
    -0.0148693210932333,
    0.704001288791585,
    0.0818551582463161,
    -0.309132111154033,
    -0.0198610205414292,
    0.339898783385954,
    -1.87263068613876,
    8.82459131739338,
    -2.79913779818802,
    0.957146113877305,
    -0.117561660619185,
    0.129794885030578,
    0.230659620354175,
    0.973123894453726,
    -0.169320811581527,
    0.153397030227485,
    0.0288045122502461,
    0.970713364663138,
    0.0685157040200868,
    0.12921039457652,
    -0.190593378427429,
    0.977156377347489,
    0.172325488346713,
    0.00908166766039938,
    -0.124043797054526,
    2.10727751414952,
    -1.30654271517816,
    1.00218703577236,
    -0.102431565763206,
    -0.949925739969493,
    1.70465064564012,
    -2.12387208766675,
    -1.2771795593946,
    -0.461029816397983,
    -0.625754078026383,
    -0.242533753677221,
    -2.11462698396667
  ]
}