{
  "T_WB": [
    [
      0.959656613135067,
      -0.0021697622086231,
      0.28116627998053,
      -0.0509838721783336
    ],
    [
      0.00185167177536801,
      0.999997309857568,
      0.00139699293632742,
      4.22824879665601e-05
    ],
    [
      -0.281168554745669,
      -0.000820005845024418,
      0.959658049209533,
      0.351168729456391
    ],
    [
      0.0,
      0.0,
      0.0,
      1.0
    ]
  ],
  "T_WH": {
    "0": [
      [
        0.10237712911989,
        0.892129107887666,
        -0.440027928991703,
        -0.012528175262255
      ],
      [
        -0.801536073276957,
        -0.187991096502861,
        -0.567625995591648,
        -0.0318835645564609
      ],
      [
        -0.589117005924058,
        0.410810178178693,
        0.695827673232291,
        0.339948227453605
      ],
      [
        0.0,
        0.0,
        0.0,
        1.0
      ]
    ],
    "1": [
      [
        -0.654940383888706,
        -0.668940920838336,
        0.351526866654135,
        -0.0894395690944122
      ],
      [
        0.728618726291045,
        -0.682375350131452,
        0.0589799392250736,
        0.031968129532394
      ],
      [
        0.200419173857518,
        0.29475740187642,
        0.93431805547647,
        0.362389231459177
      ],
      [
        0.0,
        0.0,
        0.0,
        1.0
      ]
    ],
    "2": [
      [
        0.099176038214217,
        -0.890958763925541,
        -0.443121421766546,
        -0.0126670400436069
      ],
      [
        0.800587247243565,
        -0.193020686492592,
        0.567276893709677,
        0.0321162632744234
      ],
      [
        -0.590951921052046,
        -0.411017634135327,
        0.694147197238953,
        0.339895747079523
      ],
      [
        0.0,
        0.0,
        0.0,
        1.0
      ]
    ],
    "3": [
      [
        -0.652042511214461,
        0.671554950749766,
        0.351929697088237,
        -0.0893007043130604
      ],
      [
        -0.73089462896041,
        -0.680166140013899,
        -0.0562766677710905,
        -0.0320316982984903
      ],
      [
        0.201577788771391,
        -0.293918305149701,
        0.934333144532486,
        0.362441711833259
      ],
      [
        0.0,
        0.0,
        0.0,
        1.0
      ]
    ]
  },
  "T_WP": {
    "0": [
      [
        0.440027928991703,
        0.892129107887666,
        0.10237712911989,
        -0.0053617762238627
      ],
      [
        0.567625995591648,
        -0.187991096502861,
        -0.801536073276957,
        -0.0879910896858478
      ],
      [
        -0.695827673232291,
        0.410810178178693,
        -0.589117005924058,
        0.298710037038921
      ],
      [
        0.0,
        0.0,
        0.0,
        1.0
      ]
    ],
    "1": [
      [
        -0.351526866654135,
        -0.668940920838336,
        -0.654940383888706,
        -0.135285395966622
      ],
      [
        -0.0589799392250736,
        -0.682375350131452,
        0.728618726291045,
        0.0829714403727671
      ],
      [
        -0.93431805547647,
        0.29475740187642,
        0.200419173857518,
        0.376418573629203
      ],
      [
        0.0,
        0.0,
        0.0,
        1.0
      ]
    ],
    "2": [
      [
        0.443121421766546,
        -0.890958763925541,
        0.099176038214217,
        -0.00572471736861167
      ],
      [
        -0.567276893709677,
        -0.193020686492592,
        0.800587247243565,
        0.088157370581473
      ],
      [
        -0.694147197238953,
        -0.411017634135327,
        -0.590951921052046,
        0.29852911260588
      ],
      [
        0.0,
        0.0,
        0.0,
        1.0
      ]
    ],
    "3": [
      [
        -0.351929697088237,
        0.671554950749766,
        -0.652042511214461,
        -0.134943680098073
      ],
      [
        0.0562766677710904,
        -0.680166140013899,
        -0.73089462896041,
        -0.0831943223257191
      ],
      [
        -0.934333144532486,
        -0.293918305149701,
        0.201577788771391,
        0.376552157047256
      ],
      [
        0.0,
        0.0,
        0.0,
        1.0
      ]
    ]
  },
  "simTime": 0.532999999999958,
  "state": [
    -0.0509838721783336,
    4.22824879665601e-05,
    0.351168729456391,
    0.989862613219906,
    -0.000559925880557354,
    0.142023455380588,
    0.00101565457930315,
    -0.284194963787176,
    -3.13796772826599e-05,
    -0.32178871159948,
    -0.0115152044186924,
    -3.9559012999362,
    0.00111025605192279,
    0.819191404177763,
    0.45276042430183,
    0.152927032078042,
    -0.317091097899475,
    0.998755138155674,
    0.0468863659228955,
    -0.00536651434628509,
    -0.0161568320519836,
    0.818949762971015,
    -0.453194273881915,
    0.153108254184773,
    0.317008041460865,
    0.998749499542643,
    -0.0470703526363295,
    -0.00530543937439477,
    0.015989727297745,
    -2.93710793977619,
    -1.82952896730393,
    -4.88615799967588,
    -0.124848930549862,
    0.238450927807757,
    -0.614375092079262,
    2.93744460490165,
    -1.83070656413163,
    4.8908685891945,
    0.12211187206819,
    0.237910034976121,
    0.615871734195764
  ]
}