{
  "arms": {
    "0": [
      [
        -0.948251247406006,
        0.118254967033863,
        0.294678300619125,
        0.0124419666826725
      ],
      [
        -0.106923177838326,
        0.75493323802948,
        -0.647026479244232,
        -0.0318151339888573
      ],
      [
        -0.298976540565491,
        -0.645051598548889,
        -0.703222215175629,
        0.0777163952589035
      ],
      [
        0.0,
        0.0,
        0.0,
        1.0
      ]
    ],
    "1": [
      [
        -0.925567865371704,
        0.308398902416229,
        -0.219577342271805,
        -0.015062240883708
      ],
      [
        -0.0595351867377758,
        -0.691353440284729,
        -0.72005969285965,
        -0.0322691090404987
      ],
      [
        -0.373871177434921,
        -0.653391540050507,
        0.658255159854889,
        0.152838379144669
      ],
      [
        0.0,
        0.0,
        0.0,
        1.0
      ]
    ],
    "2": [
      [
        -0.967167437076569,
        -0.154124408960342,
        -0.202071458101273,
        -0.015091328881681
      ],
      [
        -0.0502742007374763,
        -0.663374900817871,
        0.746596455574036,
        0.0317297801375389
      ],
      [
        -0.249117866158485,
        0.732242703437805,
        0.63384610414505,
        0.153214484453201
      ],
      [
        0.0,
        0.0,
        0.0,
        1.0
      ]
    ],
    "3": [
      [
        -0.916523516178131,
        -0.298704534769058,
        0.266008079051971,
        0.0124128786846995
      ],
      [
        -0.0282479356974363,
        0.711729943752289,
        0.701884984970093,
        0.0321837514638901
      ],
      [
        -0.398982137441635,
        0.635779857635498,
        -0.660755038261414,
        0.0780925005674362
      ],
      [
        0.0,
        0.0,
        0.0,
        1.0
      ]
    ]
  },
  "arms_in_parent_frame": {
    "0": [
      [
        -5.24594412354418e-09,
        -8.32037727604984e-09,
        1.0,
        1.86264514923096e-09
      ],
      [
        1.18024132689243e-08,
        1.0,
        -8.32037727604984e-09,
        0.0
      ],
      [
        -1.0,
        -1.18024132689243e-08,
        5.24594412354418e-09,
        0.0
      ],
      [
        0.0,
        0.0,
        0.0,
        1.0
      ]
    ],
    "1": [
      [
        -1.5476649295465e-08,
        -2.76296638901385e-08,
        1.0,
        0.0
      ],
      [
        7.11195191627212e-09,
        1.0,
        -2.76296638901385e-08,
        0.0
      ],
      [
        -1.0,
        -7.11195191627212e-09,
        1.5476649295465e-08,
        0.0
      ],
      [
        0.0,
        0.0,
        0.0,
        1.0
      ]
    ],
    "2": [
      [
        1.57284638646615e-08,
        -2.46557405603198e-08,
        1.0,
        0.0
      ],
      [
        1.54346349034995e-08,
        1.0,
        -2.46557405603198e-08,
        -7.45058059692383e-09
      ],
      [
        -1.0,
        -1.54346349034995e-08,
        -1.57284638646615e-08,
        0.0
      ],
      [
        0.0,
        0.0,
        0.0,
        1.0
      ]
    ],
    "3": [
      [
        -8.80437411865387e-09,
        -1.56879309543001e-08,
        1.0,
        0.0
      ],
      [
        1.48445877812264e-08,
        0.999999940395355,
        -1.56879309543001e-08,
        -7.45058059692383e-09
      ],
      [
        -1.0,
        -1.48445877812264e-08,
        8.80437411865387e-09,
        0.0
      ],
      [
        0.0,
        0.0,
        0.0,
        1.0
      ]
    ]
  },
  "arms_link_world": {
    "0": [
      [
        -0.948251247406006,
        0.118254967033863,
        0.294678300619125,
        0.0124419666826725
      ],
      [
        -0.106923177838326,
        0.75493323802948,
        -0.647026479244232,
        -0.0318151339888573
      ],
      [
        -0.298976540565491,
        -0.645051598548889,
        -0.703222215175629,
        0.0777163952589035
      ],
      [
        0.0,
        0.0,
        0.0,
        1.0
      ]
    ],
    "1": [
      [
        -0.925567865371704,
        0.308398902416229,
        -0.219577342271805,
        -0.015062240883708
      ],
      [
        -0.0595351867377758,
        -0.691353440284729,
        -0.72005969285965,
        -0.0322691090404987
      ],
      [
        -0.373871177434921,
        -0.653391540050507,
        0.658255159854889,
        0.152838379144669
      ],
      [
        0.0,
        0.0,
        0.0,
        1.0
      ]
    ],
    "2": [
      [
        -0.967167437076569,
        -0.154124408960342,
        -0.202071458101273,
        -0.015091328881681
      ],
      [
        -0.0502742007374763,
        -0.663374900817871,
        0.746596455574036,
        0.0317297801375389
      ],
      [
        -0.249117866158485,
        0.732242703437805,
        0.63384610414505,
        0.153214484453201
      ],
      [
        0.0,
        0.0,
        0.0,
        1.0
      ]
    ],
    "3": [
      [
        -0.916523516178131,
        -0.298704534769058,
        0.266008079051971,
        0.0124128786846995
      ],
      [
        -0.0282479356974363,
        0.711729943752289,
        0.701884984970093,
        0.0321837514638901
      ],
      [
        -0.398982137441635,
        0.635779857635498,
        -0.660755038261414,
        0.0780925005674362
      ],
      [
        0.0,
        0.0,
        0.0,
        1.0
      ]
    ]
  },
  "arms_relative_to_base": {
    "0": [
      [
        -0.0458715967833996,
        0.650659799575806,
        0.757982611656189,
        0.0400000065565109
      ],
      [
        -0.108247317373753,
        0.751075685024261,
        -0.651281774044037,
        -0.0320000015199184
      ],
      [
        -0.993065118789673,
        -0.111924923956394,
        0.0359791107475758,
        0.0
      ],
      [
        0.0,
        0.0,
        0.0,
        1.0
      ]
    ],
    "1": [
      [
        0.0325238406658173,
        0.715656042098999,
        -0.697695255279541,
        -0.0399999991059303
      ],
      [
        -0.0613105855882168,
        -0.695321321487427,
        -0.71607905626297,
        -0.0320000015199184
      ],
      [
        -0.997588694095612,
        0.06606575101614,
        0.0212627779692411,
        0.0
      ],
      [
        0.0,
        0.0,
        0.0,
        1.0
      ]
    ],
    "2": [
      [
        -0.0988721176981926,
        -0.744346857070923,
        -0.660433232784271,
        -0.0399999991059303
      ],
      [
        -0.0512977205216885,
        -0.658990263938904,
        0.750400245189667,
        0.0319999977946281
      ],
      [
        -0.993777096271515,
        0.108072347939014,
        0.0269724410027266,
        -3.72529029846191e-09
      ],
      [
        0.0,
        0.0,
        0.0,
        1.0
      ]
    ],
    "3": [
      [
        0.0593906454741955,
        -0.695669651031494,
        0.71590256690979,
        0.0400000065565109
      ],
      [
        -0.0301755554974079,
        0.715589642524719,
        0.697868883609772,
        0.0320000015199184
      ],
      [
        -0.997778654098511,
        -0.0630496665835381,
        0.021507142111659,
        0.0
      ],
      [
        0.0,
        0.0,
        0.0,
        1.0
      ]
    ]
  },
  "arms_view_frame": {
    "0": [
      [
        -0.948251187801361,
        0.118254959583282,
        0.294678270816803,
        0.0124419657513499
      ],
      [
        -0.298976540565491,
        -0.645051658153534,
        -0.703222215175629,
        0.0777163952589035
      ],
      [
        0.106923192739487,
        -0.75493323802948,
        0.647026538848877,
        0.031815130263567
      ],
      [
        0.0,
        0.0,
        0.0,
        1.0
      ]
    ],
    "1": [
      [
        -0.925567805767059,
        0.308398872613907,
        -0.219577327370644,
        -0.0150622399523854
      ],
      [
        -0.373871177434921,
        -0.653391480445862,
        0.658255219459534,
        0.152838379144669
      ],
      [
        0.059535201638937,
        0.691353440284729,
        0.72005969285965,
        0.0322691015899181
      ],
      [
        0.0,
        0.0,
        0.0,
        1.0
      ]
    ],
    "2": [
      [
        -0.967167377471924,
        -0.154124394059181,
        -0.202071443200111,
        -0.0150913279503584
      ],
      [
        -0.249117866158485,
        0.732242703437805,
        0.633846044540405,
        0.153214484453201
      ],
      [
        0.0502742119133472,
        0.663374841213226,
        -0.746596455574036,
        -0.0317297875881195
      ],
      [
        0.0,
        0.0,
        0.0,
        1.0
      ]
    ],
    "3": [
      [
        -0.916523456573486,
        -0.298704504966736,
        0.266008049249649,
        0.012412877753377
      ],
      [
        -0.398982137441635,
        0.635779798030853,
        -0.660755097866058,
        0.0780925005674362
      ],
      [
        0.0282479524612427,
        -0.711729943752289,
        -0.701884984970093,
        -0.0321837551891804
      ],
      [
        0.0,
        0.0,
        0.0,
        1.0
      ]
    ]
  },
  "arms_visual_world": {
    "0": [
      [
        -0.948251247406006,
        0.118254967033863,
        0.294678300619125,
        0.0124419666826725
      ],
      [
        -0.106923177838326,
        0.75493323802948,
        -0.647026479244232,
        -0.0318151339888573
      ],
      [
        -0.298976540565491,
        -0.645051598548889,
        -0.703222215175629,
        0.0777163952589035
      ],
      [
        0.0,
        0.0,
        0.0,
        1.0
      ]
    ],
    "1": [
      [
        -0.925567865371704,
        0.308398902416229,
        -0.219577342271805,
        -0.015062240883708
      ],
      [
        -0.0595351867377758,
        -0.691353440284729,
        -0.72005969285965,
        -0.0322691090404987
      ],
      [
        -0.373871177434921,
        -0.653391540050507,
        0.658255159854889,
        0.152838379144669
      ],
      [
        0.0,
        0.0,
        0.0,
        1.0
      ]
    ],
    "2": [
      [
        -0.967167437076569,
        -0.154124408960342,
        -0.202071458101273,
        -0.015091328881681
      ],
      [
        -0.0502742007374763,
        -0.663374900817871,
        0.746596455574036,
        0.0317297801375389
      ],
      [
        -0.249117866158485,
        0.732242703437805,
        0.63384610414505,
        0.153214484453201
      ],
      [
        0.0,
        0.0,
        0.0,
        1.0
      ]
    ],
    "3": [
      [
        -0.916523516178131,
        -0.298704534769058,
        0.266008079051971,
        0.0124128786846995
      ],
      [
        -0.0282479356974363,
        0.711729943752289,
        0.701884984970093,
        0.0321837514638901
      ],
      [
        -0.398982137441635,
        0.635779857635498,
        -0.660755038261414,
        0.0780925005674362
      ],
      [
        0.0,
        0.0,
        0.0,
        1.0
      ]
    ]
  },
  "base": [
    [
      0.343802601099014,
      -0.000454501016065478,
      0.93904185295105,
      -0.00132468133233488
    ],
    [
      0.00567465787753463,
      0.99998265504837,
      -0.00159361271653324,
      -4.26776095991954e-05
    ],
    [
      -0.939024806022644,
      0.0058766296133399,
      0.343799203634262,
      0.115465439856052
    ],
    [
      0.0,
      0.0,
      0.0,
      1.0
    ]
  ],
  "base_link_world": [
    [
      0.343802601099014,
      -0.000454501016065478,
      0.93904185295105,
      -0.00132468133233488
    ],
    [
      0.00567465787753463,
      0.99998265504837,
      -0.00159361271653324,
      -4.26776095991954e-05
    ],
    [
      -0.939024806022644,
      0.0058766296133399,
      0.343799203634262,
      0.115465439856052
    ],
    [
      0.0,
      0.0,
      0.0,
      1.0
    ]
  ],
  "base_view_frame": [
    [
      0.343802571296692,
      -0.000454500986961648,
      0.939041793346405,
      -0.00132468121591955
    ],
    [
      -0.939024806022644,
      0.00587658584117889,
      0.343799203634262,
      0.115465439856052
    ],
    [
      -0.00567461689934134,
      -0.99998265504837,
      0.00159359769895673,
      4.267256372259e-05
    ],
    [
      0.0,
      0.0,
      0.0,
      1.0
    ]
  ],
  "base_visual_world": [
    [
      -0.000452349311672151,
      -0.343802571296692,
      0.93904185295105,
      -0.00132468133233488
    ],
    [
      0.99998265504837,
      -0.00566839892417192,
      -0.00159361271653324,
      -4.26776095991954e-05
    ],
    [
      0.00587075250223279,
      0.939024806022644,
      0.343799203634262,
      0.115465439856052
    ],
    [
      0.0,
      0.0,
      0.0,
      1.0
    ]
  ],
  "view_adjust": [
    [
      0.999999940395355,
      0.0,
      0.0,
      0.0
    ],
    [
      0.0,
      -4.37113882867379e-08,
      1.0,
      0.0
    ],
    [
      0.0,
      -1.0,
      -4.37113882867379e-08,
      0.0
    ],
    [
      0.0,
      0.0,
      0.0,
      1.0
    ]
  ]
}