{
  "T_WB": [
    [
      0.312872276779849,
      -0.000422004742073588,
      0.949795114924578,
      -0.00649103307858212
    ],
    [
      0.000348875911924198,
      0.999999884894572,
      0.000329387978212569,
      6.46772842537088e-06
    ],
    [
      -0.949795144601294,
      0.000228304270173183,
      0.312872387993841,
      0.216964343847148
    ],
    [
      0.0,
      0.0,
      0.0,
      1.0
    ]
  ],
  "T_WH": {
    "0": [
      [
        0.515632389357285,
        0.812303581864015,
        0.272554820057526,
        0.00603736214435818
      ],
      [
        -0.59771332176992,
        0.56893876325633,
        -0.564842870755332,
        -0.031979573551724
      ],
      [
        -0.61389088934799,
        0.128341632198013,
        0.778887926097385,
        0.178965232326451
      ],
      [
        0.0,
        0.0,
        0.0,
        1.0
      ]
    ],
    "1": [
      [
        -0.156864150218783,
        -0.147223332898945,
        0.976585341189528,
        -0.0190194283015224
      ],
      [
        0.657605408772548,
        -0.753320729821268,
        -0.0079375295049273,
        0.0319925090085747
      ],
      [
        0.736850571506346,
        0.640962688673591,
        0.214983876137474,
        0.254963455367845
      ],
      [
        0.0,
        0.0,
        0.0,
        1.0
      ]
    ],
    "2": [
      [
        0.515879764538853,
        -0.812556995602221,
        0.271328578364371,
        0.00601035384086547
      ],
      [
        0.598337360554477,
        0.568435605562196,
        0.564688733103329,
        0.0320204190815287
      ],
      [
        -0.613074605169746,
        -0.128965465249552,
        0.779427634401634,
        0.178979843799742
      ],
      [
        0.0,
        0.0,
        0.0,
        1.0
      ]
    ],
    "3": [
      [
        -0.156579923359171,
        0.148005978764062,
        0.976512651147403,
        -0.0189924199980297
      ],
      [
        -0.657872456747023,
        -0.753079637347661,
        0.00865392777598665,
        -0.0320074836246779
      ],
      [
        0.736672626242127,
        -0.641065745506971,
        0.21528620876201,
        0.254948843894554
      ],
      [
        0.0,
        0.0,
        0.0,
        1.0
      ]
    ]
  },
  "T_WP": {
    "0": [
      [
        -0.272554820057526,
        0.812303581864015,
        0.515632389357285,
        0.0421316293993681
      ],
      [
        0.564842870755332,
        0.56893876325633,
        -0.59771332176992,
        -0.0738195060756184
      ],
      [
        -0.778887926097385,
        0.128341632198013,
        -0.61389088934799,
        0.135992870072091
      ],
      [
        0.0,
        0.0,
        0.0,
        1.0
      ]
    ],
    "1": [
      [
        -0.976585341189528,
        -0.147223332898945,
        -0.156864150218783,
        -0.0299999188168372
      ],
      [
        0.00793752950492734,
        -0.753320729821268,
        0.657605408772548,
        0.0780248876226531
      ],
      [
        -0.214983876137474,
        0.640962688673591,
        0.736850571506346,
        0.30654299537329
      ],
      [
        0.0,
        0.0,
        0.0,
        1.0
      ]
    ],
    "2": [
      [
        -0.271328578364371,
        -0.812556995602221,
        0.515879764538853,
        0.0421219373585852
      ],
      [
        -0.564688733103329,
        0.568435605562196,
        0.598337360554477,
        0.073904034320342
      ],
      [
        -0.779427634401634,
        -0.128965465249552,
        -0.613074605169746,
        0.13606462143786
      ],
      [
        0.0,
        0.0,
        0.0,
        1.0
      ]
    ],
    "3": [
      [
        -0.976512651147403,
        0.148005978764062,
        -0.156579923359171,
        -0.0299530146331717
      ],
      [
        -0.00865392777598669,
        -0.753079637347661,
        -0.657872456747023,
        -0.0780585555969695
      ],
      [
        -0.21528620876201,
        -0.641065745506971,
        0.736672626242127,
        0.306515927731503
      ],
      [
        0.0,
        0.0,
        0.0,
        1.0
      ]
    ]
  },
  "simTime": 0.33299999999998,
  "state": [
    -0.00649103307858212,
    6.46772842537088e-06,
    0.216964343847148,
    0.81020746566362,
    -3.11906864362795e-05,
    0.586143160866201,
    0.000237865203255804,
    -0.145405919978804,
    0.000288928232061986,
    1.64847581993447,
    -0.00950714633717356,
    -5.50741288283251,
    0.00580724000748002,
    0.858375241886845,
    0.487598778953577,
    -0.105159763977775,
    0.119919968807614,
    0.998142796686586,
    0.0316230909595794,
    -0.039900311321163,
    0.033450002949438,
    0.858165114015469,
    -0.487833715355778,
    -0.105552326195826,
    -0.120123310325871,
    0.998146039254135,
    -0.0315169971644355,
    -0.039789768284942,
    -0.0335847815364348,
    4.94404256928159,
    0.193473153245156,
    -2.00754984445327,
    0.48894121222083,
    0.13895628624459,
    -0.206685269747542,
    -4.94806300233273,
    0.192302561180206,
    2.00828643221443,
    -0.490308053862188,
    0.140509385429913,
    0.203408401899739
  ]
}