{
  "T_WB": [
    [
      0.705816804846517,
      -0.000503886899862918,
      0.708394229292028,
      -0.00242026071663272
    ],
    [
      0.00112783729737388,
      0.999999278943779,
      -0.000412425693217479,
      -1.54870863155814e-05
    ],
    [
      -0.708393510684058,
      0.00109005041806334,
      0.705816864215358,
      0.529855737944569
    ],
    [
      0.0,
      0.0,
      0.0,
      1.0
    ]
  ],
  "T_WH": {
    "0": [
      [
        0.60635476344222,
        0.356562083920708,
        0.710772383510397,
        0.0258285358580236
      ],
      [
        -0.519275725401859,
        0.854486555737737,
        0.0143334249861254,
        -0.0319703505206216
      ],
      [
        -0.602234690016527,
        -0.377777985559748,
        0.703276028147637,
        0.501485115903828
      ],
      [
        0.0,
        0.0,
        0.0,
        1.0
      ]
    ],
    "1": [
      [
        -0.466373823756417,
        -0.474303452659198,
        0.746680447922927,
        -0.030669057291289
      ],
      [
        0.741523653495329,
        -0.669870025391937,
        0.0376406746531631,
        0.0319393763479904
      ],
      [
        0.482325748661377,
        0.571235839104104,
        0.664117074243143,
        0.558226359985309
      ],
      [
        0.0,
        0.0,
        0.0,
        1.0
      ]
    ],
    "2": [
      [
        0.606008413779147,
        -0.358041790018887,
        0.710323784642577,
        0.0257962870964323
      ],
      [
        0.521285813050557,
        0.853256496766388,
        -0.0146441742058406,
        0.0320296033317803
      ],
      [
        -0.60084515770796,
        0.379156204388141,
        0.703722721768223,
        0.501554879130584
      ],
      [
        0.0,
        0.0,
        0.0,
        1.0
      ]
    ],
    "3": [
      [
        -0.465728750653746,
        0.474957108065686,
        0.746667580863386,
        -0.0306368085296978
      ],
      [
        -0.742907877581257,
        -0.668298381209986,
        -0.038277396722143,
        -0.0320605775044115
      ],
      [
        0.480816613941545,
        -0.572532111911631,
        0.664095147240058,
        0.558156596758553
      ],
      [
        0.0,
        0.0,
        0.0,
        1.0
      ]
    ]
  },
  "T_WP": {
    "0": [
      [
        -0.710772383510397,
        0.356562083920708,
        0.60635476344222,
        0.068273369298979
      ],
      [
        -0.0143334249861254,
        0.854486555737737,
        -0.519275725401859,
        -0.0683196512987517
      ],
      [
        -0.703276028147637,
        -0.377777985559748,
        -0.602234690016527,
        0.459328687602671
      ],
      [
        0.0,
        0.0,
        0.0,
        1.0
      ]
    ],
    "1": [
      [
        -0.746680447922927,
        -0.474303452659198,
        -0.466373823756417,
        -0.0633152249542382
      ],
      [
        -0.037640674653163,
        -0.669870025391937,
        0.741523653495329,
        0.0838460320926634
      ],
      [
        -0.664117074243143,
        0.571235839104104,
        0.482325748661377,
        0.591989162391605
      ],
      [
        0.0,
        0.0,
        0.0,
        1.0
      ]
    ],
    "2": [
      [
        -0.710323784642577,
        -0.358041790018887,
        0.606008413779147,
        0.0682168760609726
      ],
      [
        0.0146441742058407,
        0.853256496766388,
        0.521285813050557,
        0.0685196102453193
      ],
      [
        -0.703722721768223,
        0.379156204388141,
        -0.60084515770796,
        0.459495718091027
      ],
      [
        0.0,
        0.0,
        0.0,
        1.0
      ]
    ],
    "3": [
      [
        -0.746667580863386,
        0.474957108065686,
        -0.465728750653746,
        -0.06323782107546
      ],
      [
        0.0382773967221429,
        -0.668298381209986,
        -0.742907877581257,
        -0.0840641289350995
      ],
      [
        -0.664095147240058,
        -0.572532111911631,
        0.480816613941545,
        0.591813759734461
      ],
      [
        0.0,
        0.0,
        0.0,
        1.0
      ]
    ]
  }
}