{
  "T_WB": [
    [
      -0.997709146809984,
      0.0675734249626402,
      -0.00320789814562045,
      -0.22418622269041
    ],
    [
      0.0676408087657492,
      0.997219600800075,
      -0.0312696141590253,
      -0.00072668615026642
    ],
    [
      0.00108598398219732,
      -0.0314149648886864,
      -0.99950583821198,
      0.178983715102235
    ],
    [
      0.0,
      0.0,
      0.0,
      1.0
    ]
  ],
  "T_WH": {
    "0": [
      [
        -0.775913433402522,
        -0.341588248378536,
        -0.530354421528843,
        -0.266256938161614
      ],
      [
        -0.494446303136535,
        0.851407510132168,
        0.175008871218448,
        -0.0299320810252389
      ],
      [
        0.391766763751244,
        0.398023517220058,
        -0.829515571016995,
        0.180032433337961
      ],
      [
        0.0,
        0.0,
        0.0,
        1.0
      ]
    ],
    "1": [
      [
        0.688747877272829,
        0.682612808216394,
        0.244266484829789,
        -0.182115507219206
      ],
      [
        0.724953404296922,
        -0.644578748818422,
        -0.242818446930999,
        0.028478708724706
      ],
      [
        -0.00830199677645308,
        0.344322509619408,
        -0.93881472411702,
        0.177934996866509
      ],
      [
        0.0,
        0.0,
        0.0,
        1.0
      ]
    ],
    "2": [
      [
        -0.701156854994809,
        0.445727082100027,
        -0.556512742869725,
        -0.261932238964005
      ],
      [
        0.616335669466455,
        0.771314035428585,
        -0.158760830478454,
        0.0338899734259659
      ],
      [
        0.35848208774934,
        -0.454314898537862,
        -0.815529622839911,
        0.178021875585085
      ],
      [
        0.0,
        0.0,
        0.0,
        1.0
      ]
    ],
    "3": [
      [
        0.578919382733256,
        -0.765195676038355,
        0.281652135919385,
        -0.186440206416815
      ],
      [
        -0.814105613047117,
        -0.56177401732253,
        0.14711221657797,
        -0.0353433457264988
      ],
      [
        0.0456552198650235,
        -0.31446069839252,
        -0.948171962286149,
        0.179945554619385
      ],
      [
        0.0,
        0.0,
        0.0,
        1.0
      ]
    ]
  },
  "T_WP": {
    "0": [
      [
        0.530354421528843,
        -0.341588248378536,
        -0.775913433402522,
        -0.320570878499791
      ],
      [
        -0.175008871218448,
        0.851407510132168,
        -0.494446303136535,
        -0.0645433222447963
      ],
      [
        0.829515571016995,
        0.398023517220058,
        0.391766763751244,
        0.207456106800548
      ],
      [
        0.0,
        0.0,
        0.0,
        1.0
      ]
    ],
    "1": [
      [
        -0.244266484829789,
        0.682612808216394,
        0.688747877272829,
        -0.133903155810108
      ],
      [
        0.242818446930999,
        -0.644578748818422,
        0.724953404296922,
        0.0792254470254906
      ],
      [
        0.93881472411702,
        0.344322509619408,
        -0.00830199677645314,
        0.177353857092157
      ],
      [
        0.0,
        0.0,
        0.0,
        1.0
      ]
    ],
    "2": [
      [
        0.556512742869725,
        0.445727082100027,
        -0.701156854994809,
        -0.311013218813642
      ],
      [
        0.158760830478454,
        0.771314035428585,
        0.616335669466455,
        0.0770334702886178
      ],
      [
        0.815529622839911,
        -0.454314898537862,
        0.35848208774934,
        0.203115621727539
      ],
      [
        0.0,
        0.0,
        0.0,
        1.0
      ]
    ],
    "3": [
      [
        -0.281652135919385,
        -0.765195676038355,
        0.578919382733256,
        -0.145915849625487
      ],
      [
        -0.14711221657797,
        -0.56177401732253,
        -0.814105613047117,
        -0.092330738639797
      ],
      [
        0.948171962286149,
        -0.31446069839252,
        0.0456552198650235,
        0.183141420009937
      ],
      [
        0.0,
        0.0,
        0.0,
        1.0
      ]
    ]
  },
  "simTime": 1.00199999999991,
  "state": [
    -0.22418622269041,
    -0.00072668615026642,
    0.178983715102235,
    -0.001074218100659,
    0.0338270993506734,
    0.999304081076181,
    -0.0156820582029958,
    -0.443747449192906,
    -0.00538493834127449,
    -0.545346505883006,
    0.464996299233275,
    12.8050998321404,
    -0.267859641447222,
    0.948818625544941,
    -0.242864439557171,
    0.168373407624236,
    0.111402313362847,
    0.985187029648822,
    -0.164827354931605,
    0.0158718498554324,
    -0.0445706636718448,
    0.947709315959258,
    0.246214339902103,
    0.168642747074022,
    -0.113071548719977,
    0.984297442916402,
    0.168895901481851,
    0.0193467129811399,
    0.0475228684707777,
    0.975016119851596,
    -1.8445551116909,
    2.50034396780706,
    -0.871742388985956,
    -0.587473641111481,
    1.42730695278942,
    -0.940724367978914,
    -1.8449176468618,
    -2.54989135196094,
    0.872929257769736,
    -0.595657246753639,
    -1.49136342257151
  ]
}