{
  "T_WB": [
    [
      0.778328988253686,
      -0.00734317526470976,
      0.6278137174521,
      -0.0205912270849643
    ],
    [
      -0.00162366387102544,
      0.999904719415308,
      0.0137082386406012,
      -0.00012559029096091
    ],
    [
      -0.627854560992932,
      -0.0116888779626403,
      0.778242905764227,
      0.112747727709199
    ],
    [
      0.0,
      0.0,
      0.0,
      1.0
    ]
  ],
  "T_WH": {
    "0": [
      [
        0.413685322407465,
        0.426541519225114,
        0.804317590508726,
        0.0107769140536539
      ],
      [
        -0.834361376938483,
        0.531123511408328,
        0.147475110790283,
        -0.0321874878670918
      ],
      [
        -0.364287725154101,
        -0.732099821067059,
        0.575607770357238,
        0.0880075893642858
      ],
      [
        0.0,
        0.0,
        0.0,
        1.0
      ]
    ],
    "1": [
      [
        -0.65659945359661,
        -0.415293337246367,
        0.629609880462027,
        -0.0519593682235824
      ],
      [
        0.582449744402484,
        -0.809542365882514,
        0.0734401326716095,
        0.03193630728517
      ],
      [
        0.479196674427228,
        0.414936864932628,
        0.773432573232966,
        0.137487866054111
      ],
      [
        0.0,
        0.0,
        0.0,
        1.0
      ]
    ],
    "2": [
      [
        0.403258851628297,
        -0.433594969960656,
        0.805839748714498,
        0.0103069508367125
      ],
      [
        0.830251200914279,
        0.543660077010793,
        -0.122949843615254,
        0.0318064141754879
      ],
      [
        -0.384792466095459,
        0.718630031858839,
        0.579228482851749,
        0.0872595011746768
      ],
      [
        0.0,
        0.0,
        0.0,
        1.0
      ]
    ],
    "3": [
      [
        -0.645653621484355,
        0.428260560320901,
        0.632237529365163,
        -0.051489405006641
      ],
      [
        -0.584189574045405,
        -0.81021009802051,
        -0.0477717347627725,
        -0.0320575947574098
      ],
      [
        0.491786480742187,
        -0.400190566529528,
        0.77330043826445,
        0.13823595424372
      ],
      [
        0.0,
        0.0,
        0.0,
        1.0
      ]
    ]
  },
  "T_WP": {
    "0": [
      [
        -0.804317590508726,
        0.426541519225114,
        0.413685322407465,
        0.0397348866221765
      ],
      [
        -0.147475110790283,
        0.531123511408328,
        -0.834361376938483,
        -0.0905927842527856
      ],
      [
        -0.575607770357238,
        -0.732099821067059,
        -0.364287725154101,
        0.0625074486034987
      ],
      [
        0.0,
        0.0,
        0.0,
        1.0
      ]
    ],
    "1": [
      [
        -0.629609880462027,
        -0.415293337246367,
        -0.65659945359661,
        -0.0979213299753451
      ],
      [
        -0.0734401326716095,
        -0.809542365882514,
        0.582449744402484,
        0.0727077893933439
      ],
      [
        -0.773432573232966,
        0.414936864932628,
        0.479196674427228,
        0.171031633264017
      ],
      [
        0.0,
        0.0,
        0.0,
        1.0
      ]
    ],
    "2": [
      [
        -0.805839748714498,
        -0.433594969960656,
        0.403258851628297,
        0.0385350704506932
      ],
      [
        0.122949843615255,
        0.543660077010793,
        0.830251200914279,
        0.0899239982394875
      ],
      [
        -0.579228482851749,
        0.718630031858839,
        -0.384792466095459,
        0.0603240285479947
      ],
      [
        0.0,
        0.0,
        0.0,
        1.0
      ]
    ],
    "3": [
      [
        -0.632237529365163,
        0.428260560320901,
        -0.645653621484355,
        -0.0966851585105459
      ],
      [
        0.0477717347627724,
        -0.81021009802051,
        -0.584189574045405,
        -0.0729508649405881
      ],
      [
        -0.77330043826445,
        -0.400190566529528,
        0.491786480742187,
        0.172661007895673
      ],
      [
        0.0,
        0.0,
        0.0,
        1.0
      ]
    ]
  }
}