{
  "T_WB": [
    [
      0.878727505434719,
      -0.00188379270820662,
      0.477320042023702,
      -0.0373728500601807
    ],
    [
      0.00150236427936569,
      0.999998174302455,
      0.00118080198585433,
      4.0783747157609e-05
    ],
    [
      -0.477321394967844,
      -0.0003204946024804,
      0.878728731286944,
      0.354631116731063
    ],
    [
      0.0,
      0.0,
      0.0,
      1.0
    ]
  ],
  "T_WH": {
    "0": [
      [
        0.24895833802045,
        0.890001331127495,
        -0.38199133042699,
        -0.00216346847612932
      ],
      [
        -0.786683841881554,
        -0.0442326163757876,
        -0.615769444330449,
        -0.0318990632593463
      ],
      [
        -0.564932101099392,
        0.453807344850036,
        0.689137587791863,
        0.335548516759629
      ],
      [
        0.0,
        0.0,
        0.0,
        1.0
      ]
    ],
    "1": [
      [
        -0.608181772813241,
        -0.571868830923218,
        0.550527902504727,
        -0.0725822316442321
      ],
      [
        0.708205093758497,
        -0.704169117019253,
        0.0509057934899763,
        0.0319806307536615
      ],
      [
        0.358553310390884,
        0.420846640541228,
        0.833263240970644,
        0.373713716702498
      ],
      [
        0.0,
        0.0,
        0.0,
        1.0
      ]
    ],
    "2": [
      [
        0.246373663254609,
        -0.889420305238782,
        -0.385008491703048,
        -0.00228403120945454
      ],
      [
        0.786943408482313,
        -0.0482889645204991,
        0.615132707431313,
        0.0321008198960108
      ],
      [
        -0.565703181801857,
        -0.454532393273009,
        0.688026317494299,
        0.33552800510507
      ],
      [
        0.0,
        0.0,
        0.0,
        1.0
      ]
    ],
    "3": [
      [
        -0.605816694669006,
        0.574165591099568,
        0.550744955907546,
        -0.0724616689109068
      ],
      [
        -0.709989421618121,
        -0.702535105512509,
        -0.0485741362547372,
        -0.0320192524016956
      ],
      [
        0.359028068054138,
        -0.420450115376143,
        0.833258991448338,
        0.373734228357056
      ],
      [
        0.0,
        0.0,
        0.0,
        1.0
      ]
    ]
  },
  "T_WP": {
    "0": [
      [
        0.38199133042699,
        0.890001331127495,
        0.24895833802045,
        0.0152636151853021
      ],
      [
        0.615769444330449,
        -0.0442326163757876,
        -0.786683841881554,
        -0.0869669321910551
      ],
      [
        -0.689137587791863,
        0.453807344850036,
        -0.564932101099392,
        0.296003269682671
      ],
      [
        0.0,
        0.0,
        0.0,
        1.0
      ]
    ],
    "1": [
      [
        -0.550527902504727,
        -0.571868830923218,
        -0.608181772813241,
        -0.115154955741159
      ],
      [
        -0.0509057934899763,
        -0.704169117019253,
        0.708205093758497,
        0.0815549873167563
      ],
      [
        -0.833263240970644,
        0.420846640541228,
        0.358553310390884,
        0.398812448429859
      ],
      [
        0.0,
        0.0,
        0.0,
        1.0
      ]
    ],
    "2": [
      [
        0.385008491703048,
        -0.889420305238782,
        0.246373663254609,
        0.0149621252183681
      ],
      [
        -0.615132707431313,
        -0.0482889645204991,
        0.786943408482313,
        0.0871868584897727
      ],
      [
        -0.688026317494299,
        -0.454532393273009,
        -0.565703181801857,
        0.29592878237894
      ],
      [
        0.0,
        0.0,
        0.0,
        1.0
      ]
    ],
    "3": [
      [
        -0.550744955907546,
        0.574165591099568,
        -0.605816694669006,
        -0.114868837537737
      ],
      [
        0.0485741362547371,
        -0.702535105512509,
        -0.709989421618121,
        -0.081718511914964
      ],
      [
        -0.833258991448338,
        -0.420450115376143,
        0.359028068054138,
        0.398866193120846
      ],
      [
        0.0,
        0.0,
        0.0,
        1.0
      ]
    ]
  },
  "simTime": 0.482499999999963,
  "state": [
    -0.0373728500601807,
    4.0783747157609e-05,
    0.354631116731063,
    0.969207719096391,
    -0.000387248408869054,
    0.246242734705408,
    0.000873434280612541,
    -0.254352235569178,
    9.04249547760582e-05,
    0.183895616492083,
    -0.0111263510777226,
    -4.45646861186093,
    0.00193131100550683,
    0.820172771930166,
    0.527084049179583,
    0.104544324746052,
    -0.196391225486873,
    0.998761292627772,
    0.0480530028592142,
    -0.0128715975197838,
    -0.00105415463871231,
    0.819920214764188,
    -0.527527041946349,
    0.104613255573943,
    0.196219591770554,
    0.998757073265045,
    -0.0481640487699367,
    -0.0127981123951344,
    0.000861004210806021,
    -1.56073326729838,
    -1.26680469128065,
    -5.56192166155472,
    0.0158403460846617,
    0.297321106952802,
    -0.601470179788575,
    1.55952564707572,
    -1.26651144918503,
    5.56718410569992,
    -0.0190249888085814,
    0.296653938551679,
    0.602119163114537
  ]
}