{
  "T_WB": [
    [
      0.799556676239188,
      0.0142734448366337,
      0.600421010836428,
      -0.139690834465083
    ],
    [
      0.000834397997851916,
      0.999690192141534,
      -0.0248761636110501,
      -0.000252275726478299
    ],
    [
      -0.600590064237932,
      0.0203908927837436,
      0.799297057563806,
      0.118240019074697
    ],
    [
      0.0,
      0.0,
      0.0,
      1.0
    ]
  ],
  "T_WH": {
    "0": [
      [
        -0.125211948595261,
        0.332347163778555,
        0.934808713404688,
        -0.108165317650288
      ],
      [
        -0.876841361992274,
        0.403769261155201,
        -0.260997336472458,
        -0.0322089859550933
      ],
      [
        -0.464188748063234,
        -0.852358930541901,
        0.240859003769745,
        0.0935639079360995
      ],
      [
        0.0,
        0.0,
        0.0,
        1.0
      ]
    ],
    "1": [
      [
        -0.451628775175606,
        -0.758516673878585,
        0.469770055326593,
        -0.171216351279879
      ],
      [
        0.867931673268134,
        -0.495493462974094,
        0.034363333480861,
        0.0317044345021367
      ],
      [
        0.206702830100022,
        0.423247780381786,
        0.88211975175173,
        0.142916130213294
      ],
      [
        0.0,
        0.0,
        0.0,
        1.0
      ]
    ],
    "2": [
      [
        -0.0940163697166129,
        -0.32210693239349,
        0.942023378865602,
        -0.107251817180744
      ],
      [
        0.897817025419028,
        0.381456041719987,
        0.220036081366326,
        0.0317711863419649
      ],
      [
        -0.430215656494552,
        0.866451621465028,
        0.253329975659389,
        0.0948689250742591
      ],
      [
        0.0,
        0.0,
        0.0,
        1.0
      ]
    ],
    "3": [
      [
        -0.466097108284387,
        0.754061158053064,
        0.462758312258791,
        -0.172129851749423
      ],
      [
        -0.870802710007866,
        -0.483454319940937,
        -0.0893003962667753,
        -0.0322757377949215
      ],
      [
        0.156384544926567,
        -0.444593848862215,
        0.881975160456343,
        0.141611113075134
      ],
      [
        0.0,
        0.0,
        0.0,
        1.0
      ]
    ]
  },
  "T_WP": {
    "0": [
      [
        -0.934808713404688,
        0.332347163778555,
        -0.125211948595261,
        -0.116930154051956
      ],
      [
        0.260997336472458,
        0.403769261155201,
        -0.876841361992274,
        -0.0935878812945525
      ],
      [
        -0.240859003769745,
        -0.852358930541901,
        -0.464188748063234,
        0.0610706955716732
      ],
      [
        0.0,
        0.0,
        0.0,
        1.0
      ]
    ],
    "1": [
      [
        -0.469770055326593,
        -0.758516673878585,
        -0.451628775175606,
        -0.202830365542171
      ],
      [
        -0.034363333480861,
        -0.495493462974094,
        0.867931673268134,
        0.0924596516309061
      ],
      [
        -0.88211975175173,
        0.423247780381786,
        0.206702830100022,
        0.157385328320295
      ],
      [
        0.0,
        0.0,
        0.0,
        1.0
      ]
    ],
    "2": [
      [
        -0.942023378865602,
        -0.32210693239349,
        -0.0940163697166128,
        -0.113832963060907
      ],
      [
        -0.220036081366326,
        0.381456041719987,
        0.897817025419028,
        0.0946183781212968
      ],
      [
        -0.253329975659389,
        0.866451621465028,
        -0.430215656494552,
        0.0647538291196405
      ],
      [
        0.0,
        0.0,
        0.0,
        1.0
      ]
    ],
    "3": [
      [
        -0.462758312258791,
        0.754061158053064,
        -0.466097108284387,
        -0.20475664932933
      ],
      [
        0.0893003962667753,
        -0.483454319940937,
        -0.870802710007866,
        -0.0932319274954721
      ],
      [
        -0.881975160456343,
        -0.444593848862215,
        0.156384544926567,
        0.152558031219994
      ],
      [
        0.0,
        0.0,
        0.0,
        1.0
      ]
    ]
  },
  "simTime": 0.809999999999927,
  "state": [
    -0.139690834465083,
    -0.000252275726478299,
    0.118240019074697,
    0.948491424044589,
    0.0119313299117045,
    0.316558232533344,
    -0.00354221622307205,
    -0.357339302105661,
    -0.0034574544242085,
    1.2080688865468,
    0.494429183560996,
    12.9961455675231,
    -0.19737295594415,
    0.913851868900384,
    -0.204154590915476,
    0.279600168034715,
    -0.212177781000672,
    0.987615194573774,
    -0.0435534344963864,
    0.0704467569128589,
    -0.133253818823461,
    0.915006328494147,
    0.203851337852329,
    0.2777286302893,
    0.209940131440147,
    0.986012719674959,
    0.0447916558322157,
    0.0740135111011813,
    0.142459202515932,
    -2.85906838569282,
    -2.28956964066323,
    2.29476184008031,
    -1.61602985809821,
    -1.03144083249552,
    0.298024002959761,
    2.88323706145418,
    -2.29628930365787,
    -2.2611104613464,
    1.6464234545325,
    -1.0605381241206,
    -0.296371646915408
  ]
}