{
  "arms": {
    "0": [
      [
        -0.999999940395355,
        -3.45445612314844e-17,
        -5.74293168973193e-17,
        -8.88178317129729e-18
      ],
      [
        6.50353617437526e-17,
        -0.707106828689575,
        -0.707106709480286,
        0.458970308303833
      ],
      [
        -1.61819688872524e-17,
        -0.707106709480286,
        0.707106828689575,
        0.0319999828934669
      ],
      [
        0.0,
        0.0,
        0.0,
        1.0
      ]
    ],
    "1": [
      [
        -0.999999940395355,
        -1.57097387547352e-16,
        3.7905383487142e-16,
        8.88178317129729e-18
      ],
      [
        3.79116197672162e-16,
        -0.707106709480286,
        0.707106828689575,
        0.538970291614532
      ],
      [
        1.56946906850317e-16,
        0.707106828689575,
        0.707106709480286,
        0.0319999791681767
      ],
      [
        0.0,
        0.0,
        0.0,
        1.0
      ]
    ],
    "2": [
      [
        -0.999999940395355,
        1.56921720855026e-16,
        3.79053808401641e-16,
        8.88178317129729e-18
      ],
      [
        3.78991974996491e-16,
        0.707106828689575,
        0.707106709480286,
        0.538970291614532
      ],
      [
        -1.57071129525987e-16,
        0.707106709480286,
        -0.707106828689575,
        -0.0320000238716602
      ],
      [
        0.0,
        0.0,
        0.0,
        1.0
      ]
    ],
    "3": [
      [
        -0.999999940395355,
        2.79473888735126e-16,
        1.8750002053249e-16,
        -8.88178317129729e-18
      ],
      [
        6.50353485088628e-17,
        0.707106709480286,
        -0.707106828689575,
        0.458970308303833
      ],
      [
        -3.302004684847e-16,
        -0.707106828689575,
        -0.707106709480286,
        -0.0320000201463699
      ],
      [
        0.0,
        0.0,
        0.0,
        1.0
      ]
    ]
  },
  "base": [
    [
      -2.22044591690142e-16,
      1.93030057276583e-26,
      0.999999940395355,
      4.88149786165768e-37
    ],
    [
      -1.0,
      -4.37113882867379e-08,
      -2.22044604925031e-16,
      0.498970299959183
    ],
    [
      4.37113882867379e-08,
      -1.0,
      9.72518058034322e-24,
      -2.18106848137722e-08
    ],
    [
      0.0,
      0.0,
      0.0,
      1.0
    ]
  ]
}