{
  "T_WB": [
    [
      0.775288923476728,
      -0.000636381166015138,
      0.631606428207715,
      -0.00238796448500218
    ],
    [
      0.00125468073489331,
      0.999999071085054,
      -0.000532546038750331,
      -1.57667451064339e-05
    ],
    [
      -0.631605502596795,
      0.00120534146259154,
      0.775289001754448,
      0.529570396342173
    ],
    [
      0.0,
      0.0,
      0.0,
      1.0
    ]
  ],
  "T_WH": {
    "0": [
      [
        0.665167803057796,
        0.416155107153756,
        0.619973161165151,
        0.0286439566513794
      ],
      [
        -0.515417143155513,
        0.856655999429123,
        -0.0220378579607846,
        -0.0319655497904324
      ],
      [
        -0.540274895138275,
        -0.30488592199696,
        0.784313465555316,
        0.504267605311499
      ],
      [
        0.0,
        0.0,
        0.0,
        1.0
      ]
    ],
    "1": [
      [
        -0.50920731139375,
        -0.542741446667421,
        0.667936850377716,
        -0.0334198856213838
      ],
      [
        0.748643627739487,
        -0.662166596551707,
        0.0326820601582726,
        0.0319340163002195
      ],
      [
        0.424547562315706,
        0.516688610751663,
        0.74349999788252,
        0.554873187372848
      ],
      [
        0.0,
        0.0,
        0.0,
        1.0
      ]
    ],
    "2": [
      [
        0.664585384640808,
        -0.417872557211118,
        0.619442323749088,
        0.0286032282567545
      ],
      [
        0.517769774392467,
        0.855251181964847,
        0.0214447306652884,
        0.032034390759011
      ],
      [
        -0.538739943987266,
        0.306476657639001,
        0.784749215402617,
        0.504344747165105
      ],
      [
        0.0,
        0.0,
        0.0,
        1.0
      ]
    ],
    "3": [
      [
        -0.508376366028601,
        0.543518871249605,
        0.667937652074735,
        -0.0333791572267588
      ],
      [
        -0.750168730728081,
        -0.660393061784236,
        -0.0335839155707324,
        -0.0320659242492239
      ],
      [
        0.422847899251462,
        -0.518139209617259,
        0.743459086672447,
        0.554796045519242
      ],
      [
        0.0,
        0.0,
        0.0,
        1.0
      ]
    ]
  },
  "T_WP": {
    "0": [
      [
        -0.619973161165151,
        0.416155107153756,
        0.665167803057796,
        0.0752057028654252
      ],
      [
        0.0220378579607846,
        0.856655999429123,
        -0.515417143155513,
        -0.0680447498113184
      ],
      [
        -0.784313465555316,
        -0.30488592199696,
        -0.540274895138275,
        0.466448362651819
      ],
      [
        0.0,
        0.0,
        0.0,
        1.0
      ]
    ],
    "1": [
      [
        -0.667936850377716,
        -0.542741446667421,
        -0.50920731139375,
        -0.0690643974189463
      ],
      [
        -0.0326820601582725,
        -0.662166596551707,
        0.748643627739487,
        0.0843390702419837
      ],
      [
        -0.74349999788252,
        0.516688610751663,
        0.424547562315706,
        0.584591516734948
      ],
      [
        0.0,
        0.0,
        0.0,
        1.0
      ]
    ],
    "2": [
      [
        -0.619442323749088,
        -0.417872557211118,
        0.664585384640808,
        0.075124205181611
      ],
      [
        -0.0214447306652884,
        0.855251181964847,
        0.517769774392467,
        0.0682782749664837
      ],
      [
        -0.784749215402617,
        0.306476657639001,
        -0.538739943987266,
        0.466632951085996
      ],
      [
        0.0,
        0.0,
        0.0,
        1.0
      ]
    ],
    "3": [
      [
        -0.667937652074735,
        0.543518871249605,
        -0.508376366028601,
        -0.0689655028487609
      ],
      [
        0.0335839155707323,
        -0.660393061784236,
        -0.750168730728081,
        -0.0845777354001895
      ],
      [
        -0.743459086672447,
        -0.518139209617259,
        0.422847899251462,
        0.584395398466845
      ],
      [
        0.0,
        0.0,
        0.0,
        1.0
      ]
    ]
  }
}