{
  "T_WB": [
    [
      -0.994625843373272,
      0.0658471930607449,
      -0.0798973019571394,
      -0.226834930691224
    ],
    [
      0.0683365858280573,
      0.997245653305895,
      -0.0288308515285678,
      -0.000760305290375597
    ],
    [
      0.0777788064409186,
      -0.0341358188493956,
      -0.996386071329838,
      0.175545544485035
    ],
    [
      0.0,
      0.0,
      0.0,
      1.0
    ]
  ],
  "T_WH": {
    "0": [
      [
        -0.754994815770602,
        -0.301797824175684,
        -0.582151957380837,
        -0.268727074604098
      ],
      [
        -0.480241116778325,
        0.858986464780197,
        0.177512599777948,
        -0.029938702763042
      ],
      [
        0.446487735458683,
        0.413594398713574,
        -0.793466051849564,
        0.179749042945852
      ],
      [
        0.0,
        0.0,
        0.0,
        1.0
      ]
    ],
    "1": [
      [
        0.693415825972443,
        0.699581071531565,
        0.172513236146395,
        -0.184942786778349
      ],
      [
        0.718019198768964,
        -0.650894533551028,
        -0.246545607124858,
        0.0284180921822908
      ],
      [
        -0.0601907176409226,
        0.294826441399237,
        -0.953653211058262,
        0.171342046024217
      ],
      [
        0.0,
        0.0,
        0.0,
        1.0
      ]
    ],
    "2": [
      [
        -0.683939972753529,
        0.403642342705796,
        -0.607699739052832,
        -0.264512854248211
      ],
      [
        0.602466989535901,
        0.782254282251121,
        -0.158466919006245,
        0.0338850190485354
      ],
      [
        0.411411764767917,
        -0.474500892596379,
        -0.778196159548342,
        0.177564350539491
      ],
      [
        0.0,
        0.0,
        0.0,
        1.0
      ]
    ],
    "3": [
      [
        0.587832672594037,
        -0.781202688637857,
        0.210178753198168,
        -0.189157007134237
      ],
      [
        -0.808980303146805,
        -0.56703449532928,
        0.154992742498394,
        -0.0354056296292865
      ],
      [
        -0.00190214391043997,
        -0.261140269532781,
        -0.965298990715774,
        0.173526738430579
      ],
      [
        0.0,
        0.0,
        0.0,
        1.0
      ]
    ]
  },
  "T_WP": {
    "0": [
      [
        0.582151957380837,
        -0.301797824175684,
        -0.754994815770602,
        -0.32157671170804
      ],
      [
        -0.177512599777948,
        0.858986464780197,
        -0.480241116778325,
        -0.0635555809375247
      ],
      [
        0.793466051849564,
        0.413594398713574,
        0.446487735458683,
        0.21100318442796
      ],
      [
        0.0,
        0.0,
        0.0,
        1.0
      ]
    ],
    "1": [
      [
        -0.172513236146395,
        0.699581071531565,
        0.693415825972443,
        -0.136403678960278
      ],
      [
        0.246545607124858,
        -0.650894533551028,
        0.718019198768964,
        0.0786794360961182
      ],
      [
        0.953653211058262,
        0.294826441399237,
        -0.0601907176409226,
        0.167128695789353
      ],
      [
        0.0,
        0.0,
        0.0,
        1.0
      ]
    ],
    "2": [
      [
        0.607699739052832,
        0.403642342705796,
        -0.683939972753529,
        -0.312388652340958
      ],
      [
        0.158466919006245,
        0.782254282251121,
        0.602466989535901,
        0.0760577083160484
      ],
      [
        0.778196159548342,
        -0.474500892596379,
        0.411411764767917,
        0.206363174073245
      ],
      [
        0.0,
        0.0,
        0.0,
        1.0
      ]
    ],
    "3": [
      [
        -0.210178753198168,
        -0.781202688637857,
        0.587832672594037,
        -0.148008720052654
      ],
      [
        -0.154992742498394,
        -0.56703449532928,
        -0.808980303146805,
        -0.0920342508495629
      ],
      [
        0.965298990715774,
        -0.261140269532781,
        -0.00190214391044003,
        0.173393588356848
      ],
      [
        0.0,
        0.0,
        0.0,
        1.0
      ]
    ]
  },
  "simTime": 1.00799999999991,
  "state": [
    -0.226834930691224,
    -0.000760305290375597,
    0.175545544485035,
    -0.0394770142069637,
    0.0335952922694188,
    0.998531117192775,
    -0.0157648242738256,
    -0.439112649386698,
    -0.00582385700979256,
    -0.600777919352575,
    0.464710955378239,
    12.7814018235432,
    -0.270693195688132,
    0.949619717747704,
    -0.238080478660909,
    0.165291133927463,
    0.119243106259172,
    0.984971045123024,
    -0.167361353016627,
    0.0149800030276532,
    -0.0399727068759764,
    0.948468056189069,
    0.241489826373888,
    0.165618851002901,
    -0.121084294354464,
    0.984098340766976,
    0.171416168453291,
    0.0184907196164066,
    0.0427205592255659,
    1.07107156936687,
    -1.82018212766835,
    2.43714794441233,
    -0.838234381445479,
    -0.576643789046834,
    1.46122338055167,
    -1.03936012992645,
    -1.822623176405,
    -2.4895828520118,
    0.837894899374832,
    -0.584166252321803,
    -1.52455866249714
  ]
}