{
  "T_WB": [
    [
      0.932956797180848,
      -0.00207022118743564,
      0.359982400650767,
      -0.0452771300468726
    ],
    [
      0.00171327850581432,
      0.99999767346815,
      0.00131062391573555,
      4.24180794454668e-05
    ],
    [
      -0.359984276421645,
      -0.000606005381226866,
      0.932958173492608,
      0.355654446727221
    ],
    [
      0.0,
      0.0,
      0.0,
      1.0
    ]
  ],
  "T_WH": {
    "0": [
      [
        0.16129773209234,
        0.889896664854859,
        -0.426693060058478,
        -0.00789261108164076
      ],
      [
        -0.797966827490517,
        -0.136808345948714,
        -0.586968839635885,
        -0.0318889763313028
      ],
      [
        -0.580716784540096,
        0.435163650089224,
        0.688041142515791,
        0.341274467842555
      ],
      [
        0.0,
        0.0,
        0.0,
        1.0
      ]
    ],
    "1": [
      [
        -0.641721855702423,
        -0.633330552783771,
        0.432533779980757,
        -0.0826616490121045
      ],
      [
        0.720353710541115,
        -0.691300594400722,
        0.0565156605805434,
        0.0319738124901937
      ],
      [
        0.263217764642673,
        0.347844647927507,
        0.899844713983865,
        0.370034425611888
      ],
      [
        0.0,
        0.0,
        0.0,
        1.0
      ]
    ],
    "2": [
      [
        0.158313109337793,
        -0.888944649266785,
        -0.429784096904193,
        -0.00802510523763664
      ],
      [
        0.797546115855898,
        -0.141489732266184,
        0.586430600110886,
        0.0321108747706588
      ],
      [
        -0.58211438093812,
        -0.435612288856956,
        0.686574672779176,
        0.341235683498156
      ],
      [
        0.0,
        0.0,
        0.0,
        1.0
      ]
    ],
    "3": [
      [
        -0.639023300006886,
        0.635828404450005,
        0.432864253713413,
        -0.0825291548561086
      ],
      [
        -0.722434847295331,
        -0.689330346677714,
        -0.0539589155057308,
        -0.0320260386117679
      ],
      [
        0.264077854924795,
        -0.347197225282321,
        0.899842749203757,
        0.370073209956286
      ],
      [
        0.0,
        0.0,
        0.0,
        1.0
      ]
    ]
  },
  "T_WP": {
    "0": [
      [
        0.426693060058478,
        0.889896664854859,
        0.161297732092339,
        0.00339823016482301
      ],
      [
        0.586968839635885,
        -0.136808345948714,
        -0.797966827490517,
        -0.0877466542556389
      ],
      [
        -0.688041142515791,
        0.435163650089224,
        -0.580716784540096,
        0.300624292924748
      ],
      [
        0.0,
        0.0,
        0.0,
        1.0
      ]
    ],
    "1": [
      [
        -0.432533779980757,
        -0.633330552783771,
        -0.641721855702423,
        -0.127582178911274
      ],
      [
        -0.0565156605805433,
        -0.691300594400722,
        0.720353710541115,
        0.0823985722280718
      ],
      [
        -0.899844713983865,
        0.347844647927507,
        0.263217764642673,
        0.388459669136875
      ],
      [
        0.0,
        0.0,
        0.0,
        1.0
      ]
    ],
    "2": [
      [
        0.429784096904193,
        -0.888944649266785,
        0.158313109337793,
        0.00305681241600887
      ],
      [
        -0.586430600110886,
        -0.141489732266184,
        0.797546115855898,
        0.0879391028805717
      ],
      [
        -0.686574672779176,
        -0.435612288856956,
        -0.58211438093812,
        0.300487676832488
      ],
      [
        0.0,
        0.0,
        0.0,
        1.0
      ]
    ],
    "3": [
      [
        -0.432864253713413,
        0.635828404450005,
        -0.639023300006886,
        -0.127260785856591
      ],
      [
        0.0539589155057307,
        -0.689330346677714,
        -0.722434847295331,
        -0.0825964779224411
      ],
      [
        -0.899842749203757,
        -0.347197225282321,
        0.264077854924795,
        0.388558659801022
      ],
      [
        0.0,
        0.0,
        0.0,
        1.0
      ]
    ]
  },
  "simTime": 0.51249999999996,
  "state": [
    -0.0452771300468726,
    4.24180794454668e-05,
    0.355654446727221,
    0.983096211484614,
    -0.000487396165953086,
    0.183086525169586,
    0.000962138712633311,
    -0.272455403533626,
    1.82281765891394e-05,
    -0.115959065821553,
    -0.0113797074285004,
    -4.16413612505121,
    0.00140754713901129,
    0.818984084345458,
    0.487865335715819,
    0.134967604084043,
    -0.270252159368867,
    0.998773489588719,
    0.0477917021807589,
    -0.00824033869368633,
    -0.00997830224301859,
    0.818735484908535,
    -0.488309374275844,
    0.135108434788491,
    0.270133062757827,
    0.998768350924925,
    -0.0479474119014656,
    -0.00817466493719355,
    0.00979804755152628,
    -2.39794816347016,
    -1.62514258977334,
    -5.21514593134881,
    -0.0670089428924017,
    0.262118208923672,
    -0.614008640645445,
    2.39767314296944,
    -1.62579634222638,
    5.22018898745663,
    0.0640660367153912,
    0.261532770598386,
    0.61516746879606
  ]
}