{
  "T_WB": [
    [
      0.934699888929768,
      -0.00111618064366124,
      0.35543617116924,
      -0.00217558488754741
    ],
    [
      0.00157255425468194,
      0.999998268442533,
      -0.000995080424970386,
      -1.39512840464992e-05
    ],
    [
      -0.355434445021574,
      0.00148904422593605,
      0.934700025697816,
      0.456348284778412
    ],
    [
      0.0,
      0.0,
      0.0,
      1.0
    ]
  ],
  "T_WH": {
    "0": [
      [
        0.785321580572157,
        0.552619892237329,
        0.279072158753345,
        0.0374237133377879
      ],
      [
        -0.539500987156245,
        0.831992309494258,
        -0.12933476640041,
        -0.0319370424199738
      ],
      [
        -0.303658854547479,
        -0.0489903219627533,
        0.951520492900126,
        -0.0142650272160929
      ],
      [
        0.0,
        0.0,
        0.0,
        1.0
      ]
    ],
    "1": [
      [
        -0.603906313442745,
        -0.705307516642444,
        0.371266038780363,
        -0.0374237133377879
      ],
      [
        0.762116351898482,
        -0.64736522247979,
        0.00984555192160867,
        0.0319370424199738
      ],
      [
        0.233400580018436,
        0.288893710023878,
        0.92847433650893,
        0.0142650272160929
      ],
      [
        0.0,
        0.0,
        0.0,
        1.0
      ]
    ],
    "2": [
      [
        0.783849231306795,
        -0.555101280430827,
        0.278285736328334,
        0.0373522777765936
      ],
      [
        0.542672773343922,
        0.830212503121944,
        0.127489061221788,
        0.0320628467603483
      ],
      [
        -0.301805638865418,
        0.0510858896766292,
        0.951999783731585,
        -0.014169728385633
      ],
      [
        0.0,
        0.0,
        0.0,
        1.0
      ]
    ],
    "3": [
      [
        -0.602362748769292,
        0.706601788486996,
        0.37131257910564,
        -0.0373522777765936
      ],
      [
        -0.764006964838984,
        -0.645100135804073,
        -0.0117971379194389,
        -0.0320628467603483
      ],
      [
        0.231197916453906,
        -0.290791552993799,
        0.928432978806132,
        0.014169728385633
      ],
      [
        0.0,
        0.0,
        0.0,
        1.0
      ]
    ]
  },
  "T_WP": {
    "0": [
      [
        -0.279072158753345,
        0.552619892237329,
        0.785321580572157,
        0.0923962239778389
      ],
      [
        0.12933476640041,
        0.831992309494258,
        -0.539500987156245,
        -0.0697021115209109
      ],
      [
        -0.951520492900126,
        -0.0489903219627533,
        -0.303658854547478,
        -0.0355211470344164
      ],
      [
        0.0,
        0.0,
        0.0,
        1.0
      ]
    ],
    "1": [
      [
        -0.371266038780363,
        -0.705307516642444,
        -0.603906313442745,
        -0.0796971552787801
      ],
      [
        -0.00984555192160863,
        -0.64736522247979,
        0.762116351898482,
        0.0852851870528675
      ],
      [
        -0.92847433650893,
        0.288893710023878,
        0.233400580018436,
        0.0306030678173834
      ],
      [
        0.0,
        0.0,
        0.0,
        1.0
      ]
    ],
    "2": [
      [
        -0.278285736328334,
        -0.555101280430827,
        0.783849231306795,
        0.0922217239680692
      ],
      [
        -0.127489061221788,
        0.830212503121944,
        0.542672773343922,
        0.0700499408944229
      ],
      [
        -0.951999783731585,
        0.0510858896766292,
        -0.301805638865418,
        -0.0352961231062123
      ],
      [
        0.0,
        0.0,
        0.0,
        1.0
      ]
    ],
    "3": [
      [
        -0.37131257910564,
        0.706601788486996,
        -0.602362748769292,
        -0.079517670190444
      ],
      [
        0.0117971379194388,
        -0.645100135804073,
        -0.764006964838984,
        -0.0855433342990772
      ],
      [
        -0.928432978806132,
        -0.290791552993799,
        0.231197916453906,
        0.0303535825374065
      ],
      [
        0.0,
        0.0,
        0.0,
        1.0
      ]
    ]
  }
}