{
  "T_WB": [
    [
      -0.95804746365325,
      0.0602021628578466,
      -0.280215554484065,
      -0.233755191434737
    ],
    [
      0.0691636381275632,
      0.997358434945972,
      -0.0221933188838464,
      -0.000863236154459764
    ],
    [
      0.278139261069943,
      -0.0406429800747671,
      -0.959680519559561,
      0.164738227590964
    ],
    [
      0.0,
      0.0,
      0.0,
      1.0
    ]
  ],
  "T_WH": {
    "0": [
      [
        -0.678342460038572,
        -0.198210043842489,
        -0.707505678725462,
        -0.274003559192318
      ],
      [
        -0.444353882605889,
        0.877542429196555,
        0.18019132047044,
        -0.0300121605476284
      ],
      [
        0.585150522448618,
        0.436614318912891,
        -0.683349692762309,
        0.177164373396155
      ],
      [
        0.0,
        0.0,
        0.0,
        1.0
      ]
    ],
    "1": [
      [
        0.686221764085293,
        0.727067373210369,
        -0.021742247092738,
        -0.193506823677156
      ],
      [
        0.699324935693484,
        -0.667671279628919,
        -0.255263974496964,
        0.0282856882387088
      ],
      [
        -0.200110781351163,
        0.159962799336769,
        -0.966626907351214,
        0.152312081785774
      ],
      [
        0.0,
        0.0,
        0.0,
        1.0
      ]
    ],
    "2": [
      [
        -0.617469574279338,
        0.291879570493566,
        -0.730436609958581,
        -0.270150620769416
      ],
      [
        0.565593809932488,
        0.810099846925472,
        -0.154408160980496,
        0.0338187792889139
      ],
      [
        0.546657998208519,
        -0.508472766566527,
        -0.665297285921743,
        0.174563222671369
      ],
      [
        0.0,
        0.0,
        0.0,
        1.0
      ]
    ],
    "3": [
      [
        0.593591422421031,
        -0.804615867552293,
        0.0155733397589816,
        -0.197359762100058
      ],
      [
        -0.793834043139412,
        -0.582239146378802,
        0.175570750345889,
        -0.0355452515978334
      ],
      [
        -0.132199603558828,
        -0.1165799386994,
        -0.984343630401362,
        0.154913232510559
      ],
      [
        0.0,
        0.0,
        0.0,
        1.0
      ]
    ]
  },
  "T_WP": {
    "0": [
      [
        0.707505678725462,
        -0.198210043842489,
        -0.678342460038572,
        -0.321487531395018
      ],
      [
        -0.18019132047044,
        0.877542429196555,
        -0.444353882605889,
        -0.0611169323300406
      ],
      [
        0.683349692762309,
        0.436614318912891,
        0.585150522448618,
        0.218124909967558
      ],
      [
        0.0,
        0.0,
        0.0,
        1.0
      ]
    ],
    "1": [
      [
        0.0217422470927381,
        0.727067373210369,
        0.686221764085293,
        -0.145471300191185
      ],
      [
        0.255263974496964,
        -0.667671279628919,
        0.699324935693484,
        0.0772384337372527
      ],
      [
        0.966626907351214,
        0.159962799336769,
        -0.200110781351163,
        0.138304327091193
      ],
      [
        0.0,
        0.0,
        0.0,
        1.0
      ]
    ],
    "2": [
      [
        0.730436609958581,
        0.291879570493566,
        -0.617469574279338,
        -0.313373490968969
      ],
      [
        0.154408160980496,
        0.810099846925472,
        0.565593809932488,
        0.0734103459841881
      ],
      [
        0.665297285921743,
        -0.508472766566527,
        0.546657998208519,
        0.212829282545966
      ],
      [
        0.0,
        0.0,
        0.0,
        1.0
      ]
    ],
    "3": [
      [
        -0.0155733397589816,
        -0.804615867552293,
        0.593591422421031,
        -0.155808362530586
      ],
      [
        -0.175570750345889,
        -0.582239146378802,
        -0.793834043139412,
        -0.0911136346175922
      ],
      [
        0.984343630401362,
        -0.1165799386994,
        -0.132199603558828,
        0.145659260261441
      ],
      [
        0.0,
        0.0,
        0.0,
        1.0
      ]
    ]
  },
  "simTime": 1.0239999999999,
  "state": [
    -0.233755191434737,
    -0.000863236154459764,
    0.164738227590964,
    -0.141094340543093,
    0.0326902927500586,
    0.989328865716399,
    -0.0158785165216806,
    -0.42569958137602,
    -0.00705566434825369,
    -0.75064350567266,
    0.464350258634941,
    12.7155753698459,
    -0.278169403666824,
    0.951704590253496,
    -0.224137851942956,
    0.157276835281643,
    0.138868978899589,
    0.984358699637627,
    -0.173581066940284,
    0.0128168467707713,
    -0.0272633836206563,
    0.95044789598276,
    0.227656454491056,
    0.157742992256816,
    -0.141203697346683,
    0.983528507485235,
    0.177574150809132,
    0.0164290134357311,
    0.0294819172682104,
    1.30832253583748,
    -1.75474352451962,
    2.25523643456588,
    -0.743438850995655,
    -0.548392405273871,
    1.54739289537605,
    -1.28415739883669,
    -1.76266421970415,
    -2.31427602045027,
    0.739289070889667,
    -0.554354974142193,
    -1.60844700923074
  ]
}