{
  "T_WB": [
    [
      -2.22044604925031e-16,
      4.82253365362806e-20,
      1.0,
      -1.59691324407962e-36
    ],
    [
      -6.12988164116544e-19,
      1.0,
      -4.82253365362806e-20,
      5.33368158666684e-21
    ],
    [
      -1.0,
      -6.12988164116544e-19,
      -2.22044604925031e-16,
      0.404580556175001
    ],
    [
      0.0,
      0.0,
      0.0,
      1.0
    ]
  ],
  "T_WH": {
    "0": [
      [
        -1.57106652367004e-16,
        -1.54028598459841e-16,
        1.0,
        -8.88332740777041e-18
      ],
      [
        -0.707106779455507,
        0.707106782917588,
        -2.17651225202557e-18,
        -0.032
      ],
      [
        -0.707106782917588,
        -0.707106779455507,
        -2.20005845731168e-16,
        0.364580556175001
      ],
      [
        0.0,
        0.0,
        0.0,
        1.0
      ]
    ],
    "1": [
      [
        1.57106652367004e-16,
        1.54035050414085e-16,
        1.0,
        8.88332740777041e-18
      ],
      [
        0.707106779455507,
        -0.707106782917588,
        -2.17195003141642e-18,
        0.032
      ],
      [
        0.707106782917588,
        0.707106779455507,
        -2.20010407951755e-16,
        0.444580556175001
      ],
      [
        0.0,
        0.0,
        0.0,
        1.0
      ]
    ],
    "2": [
      [
        -1.57054714679424e-16,
        1.5519738202531e-16,
        1.0,
        -8.88024098623209e-18
      ],
      [
        0.707106779455507,
        0.707106782917588,
        1.31333197412168e-18,
        0.032
      ],
      [
        -0.707106782917588,
        0.707106779455507,
        -2.2079557502285e-16,
        0.364580556175001
      ],
      [
        0.0,
        0.0,
        0.0,
        1.0
      ]
    ],
    "3": [
      [
        1.57054714679424e-16,
        -1.54090696911315e-16,
        1.0,
        8.88024098623209e-18
      ],
      [
        -0.707106779455507,
        -0.707106782917588,
        2.09587652478215e-18,
        -0.032
      ],
      [
        0.707106782917588,
        -0.707106779455507,
        -2.20013030476021e-16,
        0.444580556175001
      ],
      [
        0.0,
        0.0,
        0.0,
        1.0
      ]
    ]
  },
  "T_WP": {
    "0": [
      [
        -1.0,
        -1.54028598459841e-16,
        -9.58743124096368e-17,
        -1.98807930734607e-17
      ],
      [
        -4.11212904537535e-17,
        0.707106782917588,
        -0.707106779455507,
        -0.0814974745618855
      ],
      [
        1.76708042813398e-16,
        -0.707106779455507,
        -0.707106782917588,
        0.31508308137077
      ],
      [
        0.0,
        0.0,
        0.0,
        1.0
      ]
    ],
    "1": [
      [
        -1.0,
        1.54035050414085e-16,
        2.18338992324372e-16,
        1.98807930734607e-17
      ],
      [
        4.54697527371954e-17,
        -0.707106782917588,
        0.707106779455507,
        0.0814974745618855
      ],
      [
        2.63308210869525e-16,
        0.707106779455507,
        0.707106782917588,
        0.494078030979232
      ],
      [
        0.0,
        0.0,
        0.0,
        1.0
      ]
    ],
    "2": [
      [
        -1.0,
        1.5519738202531e-16,
        -9.58223747220559e-17,
        -1.98740710137917e-17
      ],
      [
        4.19844707316573e-17,
        0.707106782917588,
        0.707106779455507,
        0.0814974745618855
      ],
      [
        1.7749777210508e-16,
        0.707106779455507,
        -0.707106782917588,
        0.31508308137077
      ],
      [
        0.0,
        0.0,
        0.0,
        1.0
      ]
    ],
    "3": [
      [
        -1.0,
        -1.54090696911315e-16,
        2.18287054636791e-16,
        1.98740710137917e-17
      ],
      [
        -4.53936792305612e-17,
        -0.707106782917588,
        -0.707106779455507,
        -0.0814974745618855
      ],
      [
        2.63310833393791e-16,
        -0.707106779455507,
        0.707106782917588,
        0.494078030979232
      ],
      [
        0.0,
        0.0,
        0.0,
        1.0
      ]
    ]
  },
  "simTime": 0.139500000000001,
  "state": [
    -1.59691324407962e-36,
    5.33368158666684e-21,
    0.404580556175001,
    0.707106781186548,
    -1.99673812572047e-19,
    0.707106781186548,
    -2.33774275061854e-19,
    -6.39950464775082e-35,
    3.0253324217656e-21,
    -1.36802069999998,
    6.951250942254e-19,
    -6.58101331288727e-18,
    -1.23232801578848e-17,
    1.0,
    1.47327328079763e-18,
    3.1652825926276e-20,
    -3.76170285975482e-19,
    1.0,
    -1.47004730367553e-18,
    -3.16528259262756e-20,
    3.73726850957304e-19,
    1.0,
    -9.22981960636092e-19,
    3.97844445421502e-20,
    2.17916087673709e-19,
    1.0,
    1.47632451763408e-18,
    -3.97844445421497e-20,
    -3.67767069826345e-19,
    2.21955918710959e-17,
    5.84033520874262e-19,
    -1.32454159320542e-17,
    -2.23317874973744e-17,
    -5.84033520874257e-19,
    1.32107396734438e-17,
    -2.16348774718015e-17,
    6.08957975958112e-19,
    8.07507325903384e-18,
    2.22753583768772e-17,
    -6.08957975958107e-19,
    -1.31845738930427e-17
  ]
}