{
  "arms": {
    "0": [
      [
        -0.393835067749023,
        0.425187200307846,
        0.814929246902466,
        0.0305409207940102
      ],
      [
        -0.854858756065369,
        -0.495250672101974,
        -0.154736235737801,
        0.586013197898865
      ],
      [
        0.33780238032341,
        -0.757589995861053,
        0.55852210521698,
        0.0319638699293137
      ],
      [
        0.0,
        0.0,
        0.0,
        1.0
      ]
    ],
    "1": [
      [
        -0.380434185266495,
        0.728631436824799,
        -0.569531261920929,
        -0.0436819717288017
      ],
      [
        -0.917597413063049,
        -0.220644578337669,
        0.330652296543121,
        0.615861773490906
      ],
      [
        0.115259692072868,
        0.648391902446747,
        0.752531170845032,
        0.0321128852665424
      ],
      [
        0.0,
        0.0,
        0.0,
        1.0
      ]
    ],
    "2": [
      [
        -0.665005922317505,
        -0.589338958263397,
        -0.458744555711746,
        -0.0437603034079075
      ],
      [
        -0.745505511760712,
        0.56050443649292,
        0.360633164644241,
        0.615986526012421
      ],
      [
        0.0445931926369667,
        0.581819832324982,
        -0.812094271183014,
        -0.0318869464099407
      ],
      [
        0.0,
        0.0,
        0.0,
        1.0
      ]
    ],
    "3": [
      [
        -0.262744277715683,
        -0.628957390785217,
        0.731695175170898,
        0.0304625909775496
      ],
      [
        -0.96478134393692,
        0.181274622678757,
        -0.19062140583992,
        0.586137890815735
      ],
      [
        -0.0127450237050653,
        -0.756010591983795,
        -0.654435276985168,
        -0.0320359580218792
      ],
      [
        0.0,
        0.0,
        0.0,
        1.0
      ]
    ]
  },
  "base": [
    [
      0.92778617143631,
      -0.00122390605974942,
      0.373110115528107,
      -0.00660969177260995
    ],
    [
      -0.373107522726059,
      0.00194882939103991,
      0.92778605222702,
      0.60099983215332
    ],
    [
      -0.00186265108641237,
      -0.99999737739563,
      0.00135144859086722,
      3.84630111511797e-05
    ],
    [
      0.0,
      0.0,
      0.0,
      1.0
    ]
  ]
}