{
  "T_WB": [
    [
      0.516200150272212,
      0.0289012453719722,
      0.855980211730911,
      -0.150878007444401
    ],
    [
      0.00709335513776957,
      0.999251942116263,
      -0.0380163187298102,
      -0.000339220867179664
    ],
    [
      -0.856438607940952,
      0.0256958010738349,
      0.515608995882868,
      0.149572567635969
    ],
    [
      0.0,
      0.0,
      0.0,
      1.0
    ]
  ],
  "T_WH": {
    "0": [
      [
        -0.233052108122552,
        -0.0648825667358428,
        0.97029736031456,
        -0.131154841285415
      ],
      [
        -0.853065523080619,
        0.492658094074125,
        -0.171951201433547,
        -0.0320315488093893
      ],
      [
        -0.466868212915406,
        -0.867800815208778,
        -0.170164088138938,
        0.114492757683968
      ],
      [
        0.0,
        0.0,
        0.0,
        1.0
      ]
    ],
    "1": [
      [
        -0.316280124160861,
        -0.578881600590987,
        0.751573666088699,
        -0.170601173603386
      ],
      [
        0.861704329110232,
        -0.506658669963213,
        -0.0276159617575266,
        0.03135310707503
      ],
      [
        0.396777686183932,
        0.638899901900388,
        0.659070848314656,
        0.18465237758797
      ],
      [
        0.0,
        0.0,
        0.0,
        1.0
      ]
    ],
    "2": [
      [
        -0.17836743364688,
        0.0917478962842252,
        0.979677182617644,
        -0.129305161581609
      ],
      [
        0.887516001054687,
        0.444897622464915,
        0.119922697588752,
        0.0319205754860515
      ],
      [
        -0.424853394109219,
        0.89086947924625,
        -0.160782973170021,
        0.116137288952694
      ],
      [
        0.0,
        0.0,
        0.0,
        1.0
      ]
    ],
    "3": [
      [
        -0.362251332836428,
        0.558800138015874,
        0.74600025309089,
        -0.172450853307192
      ],
      [
        -0.869434456425418,
        -0.491048071147435,
        -0.0543646742160906,
        -0.0325990172204109
      ],
      [
        0.335942997900641,
        -0.668292000233299,
        0.663722912506196,
        0.183007846319244
      ],
      [
        0.0,
        0.0,
        0.0,
        1.0
      ]
    ]
  },
  "T_WP": {
    "0": [
      [
        -0.97029736031456,
        -0.0648825667358428,
        -0.233052108122552,
        -0.147468488853994
      ],
      [
        0.171951201433547,
        0.492658094074125,
        -0.853065523080619,
        -0.0917461354250326
      ],
      [
        0.170164088138938,
        -0.867800815208778,
        -0.466868212915406,
        0.0818119827798899
      ],
      [
        0.0,
        0.0,
        0.0,
        1.0
      ]
    ],
    "1": [
      [
        -0.751573666088699,
        -0.578881600590987,
        -0.316280124160861,
        -0.192740782294646
      ],
      [
        0.0276159617575266,
        -0.506658669963213,
        0.861704329110232,
        0.0916724101127462
      ],
      [
        -0.659070848314656,
        0.638899901900388,
        0.396777686183932,
        0.212426815620845
      ],
      [
        0.0,
        0.0,
        0.0,
        1.0
      ]
    ],
    "2": [
      [
        -0.979677182617644,
        0.0917478962842252,
        -0.178367433646879,
        -0.141790881936891
      ],
      [
        -0.119922697588752,
        0.444897622464915,
        0.887516001054687,
        0.0940466955598796
      ],
      [
        0.160782973170021,
        0.89086947924625,
        -0.424853394109219,
        0.0863975513650483
      ],
      [
        0.0,
        0.0,
        0.0,
        1.0
      ]
    ],
    "3": [
      [
        -0.74600025309089,
        0.558800138015874,
        -0.362251332836428,
        -0.197808446605742
      ],
      [
        0.0543646742160905,
        -0.491048071147435,
        -0.869434456425418,
        -0.0934594291701901
      ],
      [
        -0.663722912506196,
        -0.668292000233299,
        0.335942997900641,
        0.206523856172289
      ],
      [
        0.0,
        0.0,
        0.0,
        1.0
      ]
    ]
  },
  "simTime": 0.839499999999924,
  "state": [
    -0.150878007444401,
    -0.000339220867179664,
    0.149572567635969,
    0.87049714075799,
    0.018297624661974,
    0.491793349884172,
    -0.00626305625059643,
    -0.399422135977847,
    -0.00245442305018938,
    0.91855148787913,
    0.489502833450892,
    13.0459394532662,
    -0.203445563592202,
    0.921150784527393,
    -0.237015589351686,
    0.262957281535914,
    -0.161735310480068,
    0.987950878763905,
    -0.0667903702074919,
    0.058622485215647,
    -0.1267103461613,
    0.92191297556432,
    0.237193835655887,
    0.261107308682113,
    0.160120339637951,
    0.986459109532598,
    0.0687375209201834,
    0.062050796123132,
    0.135363500022665,
    -2.41105254007994,
    -2.36322150428177,
    2.49765705308503,
    -1.38608311499166,
    -0.98987302081521,
    0.34102203057669,
    2.43431368357931,
    -2.33269777592183,
    -2.44794259909964,
    1.43169508276823,
    -1.02397066262041,
    -0.385389754731855
  ]
}