{
  "T_WB": [
    [
      0.875512037039668,
      -0.00187322253617948,
      0.483192677961889,
      -0.0369920152173273
    ],
    [
      0.00149156201603861,
      0.999998198310552,
      0.00117414581813262,
      4.06454497934968e-05
    ],
    [
      -0.483194006835147,
      -0.000307266952138968,
      0.875513253666451,
      0.354344062737891
    ],
    [
      0.0,
      0.0,
      0.0,
      1.0
    ]
  ],
  "T_WH": {
    "0": [
      [
        0.253320137833484,
        0.890064120807924,
        -0.378965392375666,
        -0.00191159061458288
      ],
      [
        -0.78587246936491,
        -0.0391001445061753,
        -0.617151229921723,
        -0.0318996344155026
      ],
      [
        -0.564121768470535,
        0.454155303337982,
        0.689572034516817,
        0.335026135006954
      ],
      [
        0.0,
        0.0,
        0.0,
        1.0
      ]
    ],
    "1": [
      [
        -0.606022489000135,
        -0.568515978057111,
        0.556350901428089,
        -0.0720724398200718
      ],
      [
        0.707600172517975,
        -0.704801681168559,
        0.0505626944941058,
        0.0319809253150896
      ],
      [
        0.363371350932641,
        0.424316123798918,
        0.829407673225687,
        0.373661990468829
      ],
      [
        0.0,
        0.0,
        0.0,
        1.0
      ]
    ],
    "2": [
      [
        0.250758081276849,
        -0.88950237307367,
        -0.381976325144195,
        -0.00203147685689837
      ],
      [
        0.786162033808409,
        -0.0431222414244722,
        0.616514175743555,
        0.0321002502763727
      ],
      [
        -0.564862497668751,
        -0.454891196431454,
        0.688479744173045,
        0.335006469922017
      ],
      [
        0.0,
        0.0,
        0.0,
        1.0
      ]
    ],
    "3": [
      [
        -0.60367532596694,
        0.570801722733104,
        0.556562210488306,
        -0.0719525535777563
      ],
      [
        -0.709369319924259,
        -0.703184048024528,
        -0.0482427461286457,
        -0.0320189593767857
      ],
      [
        0.36382862554904,
        -0.423931112244382,
        0.829404089272737,
        0.373681655553766
      ],
      [
        0.0,
        0.0,
        0.0,
        1.0
      ]
    ]
  },
  "T_WP": {
    "0": [
      [
        0.378965392375666,
        0.890064120807924,
        0.253320137833484,
        0.015820819033761
      ],
      [
        0.617151229921723,
        -0.0391001445061753,
        -0.78587246936491,
        -0.0869107072710463
      ],
      [
        -0.689572034516817,
        0.454155303337982,
        -0.564121768470535,
        0.295537611214017
      ],
      [
        0.0,
        0.0,
        0.0,
        1.0
      ]
    ],
    "1": [
      [
        -0.556350901428089,
        -0.568515978057111,
        -0.606022489000135,
        -0.114494014050081
      ],
      [
        -0.0505626944941057,
        -0.704801681168559,
        0.707600172517975,
        0.0815129373913479
      ],
      [
        -0.829407673225687,
        0.424316123798918,
        0.363371350932641,
        0.399097985034114
      ],
      [
        0.0,
        0.0,
        0.0,
        1.0
      ]
    ],
    "2": [
      [
        0.381976325144195,
        -0.88950237307367,
        0.250758081276849,
        0.015521588832481
      ],
      [
        -0.616514175743555,
        -0.0431222414244722,
        0.786162033808409,
        0.0871315926429613
      ],
      [
        -0.688479744173045,
        -0.454891196431454,
        -0.564862497668751,
        0.295466095085204
      ],
      [
        0.0,
        0.0,
        0.0,
        1.0
      ]
    ],
    "3": [
      [
        -0.556562210488306,
        0.570801722733104,
        -0.60367532596694,
        -0.114209826395442
      ],
      [
        0.0482427461286456,
        -0.703184048024528,
        -0.709369319924259,
        -0.0816748117714838
      ],
      [
        -0.829404089272737,
        -0.423931112244382,
        0.36382862554904,
        0.399149659342198
      ],
      [
        0.0,
        0.0,
        0.0,
        1.0
      ]
    ]
  },
  "simTime": 0.480999999999963,
  "state": [
    -0.0369920152173273,
    4.06454497934968e-05,
    0.354344062737891,
    0.96837795940127,
    -0.000382446945402267,
    0.249485925256533,
    0.00086866510114978,
    -0.253427332634328,
    9.39699939901928e-05,
    0.198842281527049,
    -0.0111120433050469,
    -4.47059342327658,
    0.00196036841338443,
    0.820277805938628,
    0.528647527475366,
    0.102888425354351,
    -0.192587862303923,
    0.99875940654623,
    0.0480335709036216,
    -0.0131166231726785,
    -0.000614896914606167,
    0.820025232052571,
    -0.529089951657825,
    0.102953365967918,
    0.192413737263543,
    0.998755239969235,
    -0.0481422982010139,
    -0.0130427091665204,
    0.000421302170646283,
    -1.51802384363419,
    -1.24694613474315,
    -5.5748199182944,
    0.0199052745394737,
    0.299103287457787,
    -0.600487271363643,
    1.516770569072,
    -1.24660009117367,
    5.58008435641528,
    -0.0230999885970796,
    0.298431426375613,
    0.601110603216422
  ]
}