{
  "T_WB": [
    [
      -0.371235492997755,
      0.0372727608257219,
      -0.927790358884561,
      -0.264750426138803
    ],
    [
      0.00842203323458831,
      0.999288073919829,
      0.036775191064008,
      -0.00253744013846085
    ],
    [
      0.928500553631989,
      0.00583837494747724,
      -0.371285113198824,
      0.128777413196429
    ],
    [
      0.0,
      0.0,
      0.0,
      1.0
    ]
  ],
  "T_WH": {
    "0": [
      [
        -0.0337321039996817,
        0.151849867693261,
        -0.98782780019662,
        -0.280792574205137
      ],
      [
        -0.377713117213634,
        0.913149296923124,
        0.153268270080807,
        -0.0341777771745118
      ],
      [
        0.925308027764006,
        0.37828557890877,
        0.0265532398238525,
        0.16573060734339
      ],
      [
        0.0,
        0.0,
        0.0,
        1.0
      ]
    ],
    "1": [
      [
        0.499852659363825,
        0.51976836444153,
        -0.692811782703419,
        -0.24870827807247
      ],
      [
        0.700957033470848,
        -0.712617805168211,
        -0.0288981138656281,
        0.0291028968975901
      ],
      [
        -0.508730337364168,
        -0.471186492891105,
        -0.720539195854271,
        0.0918242190494691
      ],
      [
        0.0,
        0.0,
        0.0,
        1.0
      ]
    ],
    "2": [
      [
        -0.0110591055571638,
        -0.0139632102377481,
        -0.999841349887137,
        -0.278407117512291
      ],
      [
        0.391114587994566,
        0.920181686864774,
        -0.0171767929643395,
        0.0297766595563572
      ],
      [
        0.92027554310767,
        -0.391242497587564,
        -0.00471517118758828,
        0.166104263340028
      ],
      [
        0.0,
        0.0,
        0.0,
        1.0
      ]
    ],
    "3": [
      [
        0.305264899164722,
        -0.569744615914259,
        -0.763023206707808,
        -0.251093734765316
      ],
      [
        -0.618544397424679,
        -0.727855509043875,
        0.296022273433981,
        -0.0348515398332789
      ],
      [
        -0.72402774101031,
        0.381598520163791,
        -0.574601078711406,
        0.0914505630528305
      ],
      [
        0.0,
        0.0,
        0.0,
        1.0
      ]
    ]
  },
  "T_WP": {
    "0": [
      [
        0.98782780019662,
        0.151849867693261,
        -0.0337321039996818,
        -0.283153821485114
      ],
      [
        -0.153268270080807,
        0.913149296923124,
        -0.377713117213634,
        -0.0606176953794663
      ],
      [
        -0.0265532398238525,
        0.37828557890877,
        0.925308027764006,
        0.23050216928687
      ],
      [
        0.0,
        0.0,
        0.0,
        1.0
      ]
    ],
    "1": [
      [
        0.692811782703419,
        0.51976836444153,
        0.499852659363825,
        -0.213718591917002
      ],
      [
        0.0288981138656281,
        -0.712617805168211,
        0.700957033470848,
        0.0781698892405495
      ],
      [
        0.720539195854271,
        -0.471186492891105,
        -0.508730337364168,
        0.0562130954339773
      ],
      [
        0.0,
        0.0,
        0.0,
        1.0
      ]
    ],
    "2": [
      [
        0.999841349887137,
        -0.0139632102377481,
        -0.0110591055571639,
        -0.279181254901292
      ],
      [
        0.0171767929643395,
        0.920181686864774,
        0.391114587994566,
        0.0571546807159768
      ],
      [
        0.00471517118758834,
        -0.391242497587564,
        0.92027554310767,
        0.230523551357565
      ],
      [
        0.0,
        0.0,
        0.0,
        1.0
      ]
    ],
    "3": [
      [
        0.763023206707808,
        -0.569744615914259,
        0.305264899164722,
        -0.229725191823786
      ],
      [
        -0.296022273433981,
        -0.727855509043875,
        -0.618544397424679,
        -0.0781496476530064
      ],
      [
        0.574601078711406,
        0.381598520163791,
        -0.72402774101031,
        0.0407686211821088
      ],
      [
        0.0,
        0.0,
        0.0,
        1.0
      ]
    ]
  },
  "simTime": 1.1009999999999,
  "state": [
    -0.264750426138803,
    -0.00253744013846085,
    0.128777413196429,
    -0.560528203510593,
    0.0137980640058668,
    0.827920388702381,
    0.0128676520692631,
    -0.372613510691201,
    -0.0307538977189052,
    0.748400738006968,
    -1.86826130692671,
    9.07265768720625,
    -2.69515195205405,
    0.955914597822453,
    -0.158953541843851,
    0.136368593428884,
    0.205826771658742,
    0.977047888561295,
    -0.170546430617323,
    0.127634231802012,
    -0.000917242560810811,
    0.963589112819034,
    0.127084521339406,
    0.139529371473271,
    -0.189412514340618,
    0.980669065426211,
    0.184067616585051,
    0.00654018510611474,
    -0.0660645337496553,
    0.765646536950882,
    -0.124036150964298,
    1.53990038519089,
    0.151623436416359,
    4.63470347875812,
    1.17867870390718,
    -3.42699313760258,
    -0.444763276741249,
    0.067801429401101,
    -0.606829357467678,
    -0.761374249339475,
    -3.68423786504096
  ]
}