{
  "T_WB": [
    [
      -2.22044604925031e-16,
      1.24527041369226e-19,
      1.0,
      -1.06833395046276e-35
    ],
    [
      -2.85230512167917e-18,
      1.0,
      -1.24527041369227e-19,
      3.45155602919874e-21
    ],
    [
      -1.0,
      -2.85230512167917e-18,
      -2.22044604925031e-16,
      0.155665757500002
    ],
    [
      0.0,
      0.0,
      0.0,
      1.0
    ]
  ],
  "T_WH": {
    "0": [
      [
        -1.57207182603352e-16,
        -1.51875040223708e-16,
        1.0,
        -8.88576906232507e-18
      ],
      [
        -0.707106779455507,
        0.707106782917588,
        -3.77039349986421e-18,
        -0.032
      ],
      [
        -0.707106782917588,
        -0.707106779455507,
        -2.18554135714456e-16,
        0.115665757500002
      ],
      [
        0.0,
        0.0,
        0.0,
        1.0
      ]
    ],
    "1": [
      [
        1.57207182603352e-16,
        1.51871301477196e-16,
        1.0,
        8.88576906232507e-18
      ],
      [
        0.707106779455507,
        -0.707106782917588,
        -3.77303719288284e-18,
        0.032
      ],
      [
        0.707106782917588,
        0.707106779455507,
        -2.1855149202145e-16,
        0.195665757500002
      ],
      [
        0.0,
        0.0,
        0.0,
        1.0
      ]
    ],
    "2": [
      [
        -1.5703590582042e-16,
        1.52766750986321e-16,
        1.0,
        -8.87779933167744e-18
      ],
      [
        0.707106779455507,
        0.707106782917588,
        3.01874779684536e-18,
        0.032
      ],
      [
        -0.707106782917588,
        0.707106779455507,
        -2.19063559465045e-16,
        0.115665757500002
      ],
      [
        0.0,
        0.0,
        0.0,
        1.0
      ]
    ],
    "3": [
      [
        1.5703590582042e-16,
        -1.52035896089853e-16,
        1.0,
        8.87779933167744e-18
      ],
      [
        -0.707106779455507,
        -0.707106782917588,
        3.53554025146668e-18,
        -0.032
      ],
      [
        0.707106782917588,
        -0.707106779455507,
        -2.18546767012954e-16,
        0.195665757500002
      ],
      [
        0.0,
        0.0,
        0.0,
        1.0
      ]
    ]
  },
  "T_WP": {
    "0": [
      [
        -1.0,
        -1.51875040223708e-16,
        -9.59748426459841e-17,
        -1.98902718445597e-17
      ],
      [
        -3.95274092059148e-17,
        0.707106782917588,
        -0.707106779455507,
        -0.0814974745618855
      ],
      [
        1.75256332796686e-16,
        -0.707106779455507,
        -0.707106782917588,
        0.0661682826957708
      ],
      [
        0.0,
        0.0,
        0.0,
        1.0
      ]
    ],
    "1": [
      [
        -1.0,
        1.51871301477196e-16,
        2.18439522560719e-16,
        1.98902718445597e-17
      ],
      [
        4.70708398986619e-17,
        -0.707106782917588,
        0.707106779455507,
        0.0814974745618855
      ],
      [
        2.61849294939221e-16,
        0.707106779455507,
        0.707106782917588,
        0.245163232304233
      ],
      [
        0.0,
        0.0,
        0.0,
        1.0
      ]
    ],
    "2": [
      [
        -1.0,
        1.52766750986321e-16,
        -9.5803565863052e-17,
        -1.98703127391068e-17
      ],
      [
        4.02790549089337e-17,
        0.707106782917588,
        0.707106779455507,
        0.0814974745618855
      ],
      [
        1.75765756547275e-16,
        0.707106779455507,
        -0.707106782917588,
        0.0661682826957708
      ],
      [
        0.0,
        0.0,
        0.0,
        1.0
      ]
    ],
    "3": [
      [
        -1.0,
        -1.52035896089853e-16,
        2.18268245777787e-16,
        1.98703127391068e-17
      ],
      [
        -4.68333429572457e-17,
        -0.707106782917588,
        -0.707106779455507,
        -0.0814974745618855
      ],
      [
        2.61844569930725e-16,
        -0.707106779455507,
        0.707106782917588,
        0.245163232304233
      ],
      [
        0.0,
        0.0,
        0.0,
        1.0
      ]
    ]
  },
  "simTime": 0.264999999999987,
  "state": [
    -1.06833395046276e-35,
    3.45155602919874e-21,
    0.155665757500002,
    0.707106781186548,
    -9.64415189079593e-19,
    0.707106781186548,
    -1.05246910447287e-18,
    -6.3264662861451e-35,
    -2.2255629069832e-20,
    -2.59874900000007,
    4.68487244784134e-19,
    -1.23024403879997e-17,
    -2.27341811878159e-17,
    1.0,
    2.52307567234601e-18,
    5.49412177142306e-20,
    -1.59700564120527e-18,
    1.0,
    -2.52494504560228e-18,
    -5.494121771423e-20,
    1.59357618623496e-18,
    1.0,
    -2.16527420664838e-18,
    5.73567414258981e-20,
    1.13224228391459e-18,
    1.0,
    2.53070165488256e-18,
    -5.73567414258973e-20,
    -1.59328357906267e-18,
    9.85981118901771e-18,
    7.60425336934311e-20,
    -2.44645210802784e-17,
    -1.03244299697485e-17,
    -7.60425336934287e-20,
    2.44750833224715e-17,
    -1.48351180566817e-17,
    -3.90382119517723e-20,
    2.05385316494173e-17,
    9.8890927115748e-18,
    3.90382119517734e-20,
    -2.46076732819666e-17
  ]
}