{
  "T_WB": [
    [
      -0.820730653195757,
      0.0725331803152739,
      0.566692273335554,
      -0.202665729367192
    ],
    [
      0.0555234114297656,
      0.997339236932799,
      -0.0472397846894316,
      -0.000544044446379445
    ],
    [
      -0.568610891285128,
      -0.00730645109850493,
      -0.822574172998568,
      0.194617380505007
    ],
    [
      0.0,
      0.0,
      0.0,
      1.0
    ]
  ],
  "T_WH": {
    "0": [
      [
        -0.788023390535304,
        -0.613348867712435,
        -0.053125346541163,
        -0.237816017265111
      ],
      [
        -0.614590264123012,
        0.778688827759171,
        0.126184455335255,
        -0.0302379635710384
      ],
      [
        -0.0360269789803512,
        0.132086623088498,
        -0.990583252829679,
        0.172106751288754
      ],
      [
        0.0,
        0.0,
        0.0,
        1.0
      ]
    ],
    "1": [
      [
        0.524312896822482,
        0.432789954553737,
        0.733340876716273,
        -0.167515441469273
      ],
      [
        0.776891581624099,
        -0.595710107831108,
        -0.203884618913383,
        0.0291498746782795
      ],
      [
        0.348619357791881,
        0.676625688741733,
        -0.648569364607636,
        0.21712800972126
      ],
      [
        0.0,
        0.0,
        0.0,
        1.0
      ]
    ],
    "2": [
      [
        -0.690988419003358,
        0.718904141354263,
        -0.075576718286319,
        -0.233173893724933
      ],
      [
        0.721387491472164,
        0.679112893190469,
        -0.135667849728553,
        0.0335917475926607
      ],
      [
        -0.0462070552052212,
        -0.148265012211784,
        -0.987867599530981,
        0.17163913841845
      ],
      [
        0.0,
        0.0,
        0.0,
        1.0
      ]
    ],
    "3": [
      [
        0.396923490954904,
        -0.512209989693014,
        0.761638148195622,
        -0.17215756500945
      ],
      [
        -0.844590194796154,
        -0.528686295307018,
        0.0846061700393916,
        -0.0346798364854196
      ],
      [
        0.359331525450199,
        -0.676854288317082,
        -0.642455544924636,
        0.217595622591565
      ],
      [
        0.0,
        0.0,
        0.0,
        1.0
      ]
    ]
  },
  "T_WP": {
    "0": [
      [
        0.053125346541163,
        -0.613348867712435,
        -0.788023390535304,
        -0.292977654602582
      ],
      [
        -0.126184455335255,
        0.778688827759171,
        -0.614590264123012,
        -0.0732592820596492
      ],
      [
        0.990583252829679,
        0.132086623088498,
        -0.0360269789803512,
        0.16958486276013
      ],
      [
        0.0,
        0.0,
        0.0,
        1.0
      ]
    ],
    "1": [
      [
        -0.733340876716273,
        0.432789954553737,
        0.524312896822482,
        -0.130813538691699
      ],
      [
        0.203884618913383,
        -0.595710107831108,
        0.776891581624099,
        0.0835322853919664
      ],
      [
        0.648569364607636,
        0.676625688741733,
        0.348619357791881,
        0.241531364766692
      ],
      [
        0.0,
        0.0,
        0.0,
        1.0
      ]
    ],
    "2": [
      [
        0.075576718286319,
        0.718904141354263,
        -0.690988419003358,
        -0.281543083055168
      ],
      [
        0.135667849728553,
        0.679112893190469,
        0.721387491472164,
        0.0840888719957122
      ],
      [
        0.987867599530981,
        -0.148265012211784,
        -0.0462070552052213,
        0.168404644554084
      ],
      [
        0.0,
        0.0,
        0.0,
        1.0
      ]
    ],
    "3": [
      [
        -0.761638148195622,
        -0.512209989693014,
        0.396923490954904,
        -0.144372920642607
      ],
      [
        -0.0846061700393917,
        -0.528686295307018,
        -0.844590194796154,
        -0.0938011501211504
      ],
      [
        0.642455544924636,
        -0.676854288317082,
        0.359331525450199,
        0.242748829373078
      ],
      [
        0.0,
        0.0,
        0.0,
        1.0
      ]
    ]
  },
  "simTime": 0.954999999999911,
  "state": [
    -0.202665729367192,
    -0.000544044446379445,
    0.194617380505007,
    0.297503954065519,
    0.0335569771806564,
    0.954023592885302,
    -0.0142937334555243,
    -0.46787013018998,
    -0.00260894878257869,
    -0.122951305438871,
    0.469630482824078,
    12.9646484156253,
    -0.245706127000215,
    0.942141964908194,
    -0.270252606544107,
    0.193862718481365,
    0.0418245501835827,
    0.986615842734259,
    -0.141600714029783,
    0.0244130374287011,
    -0.0770870952593826,
    0.941425491384797,
    0.272843881063186,
    0.193568956321694,
    -0.0424890560709656,
    0.985578214676156,
    0.14557465959322,
    0.0276678695413125,
    0.0817195829353341,
    0.101725808179831,
    -2.02923779819414,
    2.87197480432676,
    -1.09297463342594,
    -0.677508361462921,
    1.13566654008527,
    -0.0540572047416837,
    -2.0135078015042,
    -2.89239935102547,
    1.10785221766358,
    -0.692463779206841,
    -1.20249342839703
  ]
}