{
  "arms": {
    "0": [
      [
        -0.986628115177155,
        0.0288187023252249,
        0.160419762134552,
        0.0060582053847611
      ],
      [
        -0.0877609103918076,
        0.735446929931641,
        -0.67187488079071,
        -0.0319641456007957
      ],
      [
        -0.137342780828476,
        -0.676969230175018,
        -0.723083436489105,
        0.0832746028900146
      ],
      [
        0.0,
        0.0,
        0.0,
        1.0
      ]
    ],
    "1": [
      [
        -0.978650987148285,
        0.177396446466446,
        -0.103791996836662,
        -0.00809858180582523
      ],
      [
        -0.0499289594590664,
        -0.695071220397949,
        -0.717205047607422,
        -0.0320551283657551
      ],
      [
        -0.199372455477715,
        -0.696711182594299,
        0.689089357852936,
        0.162011995911598
      ],
      [
        0.0,
        0.0,
        0.0,
        1.0
      ]
    ],
    "2": [
      [
        -0.995087862014771,
        -0.0406738705933094,
        -0.0902540236711502,
        -0.00810265261679888
      ],
      [
        -0.0393997095525265,
        -0.673660576343536,
        0.737989902496338,
        0.0319448299705982
      ],
      [
        -0.0908174812793732,
        0.737920761108398,
        0.668748915195465,
        0.162085220217705
      ],
      [
        0.0,
        0.0,
        0.0,
        1.0
      ]
    ],
    "3": [
      [
        -0.973949372768402,
        -0.173246592283249,
        0.146315485239029,
        0.00605413457378745
      ],
      [
        -0.0223926529288292,
        0.715551674365997,
        0.698200821876526,
        0.0320358127355576
      ],
      [
        -0.225657194852829,
        0.676735818386078,
        -0.700790584087372,
        0.0833478197455406
      ],
      [
        0.0,
        0.0,
        0.0,
        1.0
      ]
    ]
  },
  "arms_in_parent_frame": {
    "0": [
      [
        -1.13058344908268e-08,
        5.97187366224716e-09,
        1.0,
        -3.72529029846191e-09
      ],
      [
        5.70783420528187e-09,
        1.0,
        5.97187366224716e-09,
        -7.45058059692383e-09
      ],
      [
        -1.00000011920929,
        -5.70783420528187e-09,
        1.13058344908268e-08,
        9.31322574615479e-10
      ],
      [
        0.0,
        0.0,
        0.0,
        1.0
      ]
    ],
    "1": [
      [
        5.53427259575301e-09,
        -1.06503890151544e-08,
        1.0,
        0.0
      ],
      [
        -1.42365923494481e-08,
        0.999999940395355,
        -1.06503890151544e-08,
        0.0
      ],
      [
        -1.0,
        1.42365923494481e-08,
        -5.53427259575301e-09,
        0.0
      ],
      [
        0.0,
        0.0,
        0.0,
        1.0
      ]
    ],
    "2": [
      [
        4.82816453484247e-09,
        -1.37184770210297e-08,
        1.0,
        0.0
      ],
      [
        4.91655782752787e-09,
        1.0,
        -1.37184770210297e-08,
        7.45058059692383e-09
      ],
      [
        -1.0,
        -4.91655782752787e-09,
        -4.82816453484247e-09,
        -9.31322574615479e-10
      ],
      [
        0.0,
        0.0,
        0.0,
        1.0
      ]
    ],
    "3": [
      [
        -1.67482561153065e-09,
        1.85639912331226e-08,
        1.0,
        0.0
      ],
      [
        -2.76922840214411e-09,
        1.0,
        1.85639912331226e-08,
        0.0
      ],
      [
        -1.0,
        2.76922840214411e-09,
        1.67482561153065e-09,
        -1.86264514923096e-09
      ],
      [
        0.0,
        0.0,
        0.0,
        1.0
      ]
    ]
  },
  "arms_link_world": {
    "0": [
      [
        -0.986628115177155,
        0.0288187023252249,
        0.160419762134552,
        0.0060582053847611
      ],
      [
        -0.0877609103918076,
        0.735446929931641,
        -0.67187488079071,
        -0.0319641456007957
      ],
      [
        -0.137342780828476,
        -0.676969230175018,
        -0.723083436489105,
        0.0832746028900146
      ],
      [
        0.0,
        0.0,
        0.0,
        1.0
      ]
    ],
    "1": [
      [
        -0.978650987148285,
        0.177396446466446,
        -0.103791996836662,
        -0.00809858180582523
      ],
      [
        -0.0499289594590664,
        -0.695071220397949,
        -0.717205047607422,
        -0.0320551283657551
      ],
      [
        -0.199372455477715,
        -0.696711182594299,
        0.689089357852936,
        0.162011995911598
      ],
      [
        0.0,
        0.0,
        0.0,
        1.0
      ]
    ],
    "2": [
      [
        -0.995087862014771,
        -0.0406738705933094,
        -0.0902540236711502,
        -0.00810265261679888
      ],
      [
        -0.0393997095525265,
        -0.673660576343536,
        0.737989902496338,
        0.0319448299705982
      ],
      [
        -0.0908174812793732,
        0.737920761108398,
        0.668748915195465,
        0.162085220217705
      ],
      [
        0.0,
        0.0,
        0.0,
        1.0
      ]
    ],
    "3": [
      [
        -0.973949372768402,
        -0.173246592283249,
        0.146315485239029,
        0.00605413457378745
      ],
      [
        -0.0223926529288292,
        0.715551674365997,
        0.698200821876526,
        0.0320358127355576
      ],
      [
        -0.225657194852829,
        0.676735818386078,
        -0.700790584087372,
        0.0833478197455406
      ],
      [
        0.0,
        0.0,
        0.0,
        1.0
      ]
    ]
  },
  "arms_relative_to_base": {
    "0": [
      [
        -0.0395182073116302,
        0.672221064567566,
        0.739295065402985,
        0.0399999991059303
      ],
      [
        -0.0878552347421646,
        0.734670102596283,
        -0.672711908817291,
        -0.0320000015199184
      ],
      [
        -0.995349109172821,
        -0.0915353074669838,
        0.0300252921879292,
        1.86264514923096e-09
      ],
      [
        0.0,
        0.0,
        0.0,
        1.0
      ]
    ],
    "1": [
      [
        0.0229871310293674,
        0.716316819190979,
        -0.697396457195282,
        -0.0400000065565109
      ],
      [
        -0.0500947833061218,
        -0.69587916135788,
        -0.71640956401825,
        -0.0319999977946281
      ],
      [
        -0.998479902744293,
        0.051404133439064,
        0.0198874641209841,
        1.86264514923096e-09
      ],
      [
        0.0,
        0.0,
        0.0,
        1.0
      ]
    ],
    "2": [
      [
        -0.0867512598633766,
        -0.734238266944885,
        -0.673326373100281,
        -0.0400000065565109
      ],
      [
        -0.0394402965903282,
        -0.672813296318054,
        0.738760232925415,
        0.0320000015199184
      ],
      [
        -0.995449006557465,
        0.0906445682048798,
        0.0294088236987591,
        1.86264514923096e-09
      ],
      [
        0.0,
        0.0,
        0.0,
        1.0
      ]
    ],
    "3": [
      [
        0.0497203432023525,
        -0.695899069309235,
        0.716416299343109,
        0.0400000065565109
      ],
      [
        -0.0225888639688492,
        0.716336488723755,
        0.697389245033264,
        0.0320000015199184
      ],
      [
        -0.998507678508759,
        -0.0508574657142162,
        0.0198969338089228,
        0.0
      ],
      [
        0.0,
        0.0,
        0.0,
        1.0
      ]
    ]
  },
  "arms_view_frame": {
    "0": [
      [
        -0.98662805557251,
        0.0288187004625797,
        0.160419747233391,
        0.00605820491909981
      ],
      [
        -0.137342780828476,
        -0.676969289779663,
        -0.723083436489105,
        0.0832746028900146
      ],
      [
        0.0877609178423882,
        -0.735446929931641,
        0.671874940395355,
        0.0319641418755054
      ],
      [
        0.0,
        0.0,
        0.0,
        1.0
      ]
    ],
    "1": [
      [
        -0.97865092754364,
        0.177396431565285,
        -0.103791989386082,
        -0.00809858087450266
      ],
      [
        -0.199372455477715,
        -0.696711122989655,
        0.689089417457581,
        0.162011995911598
      ],
      [
        0.049928966909647,
        0.695071280002594,
        0.717204988002777,
        0.0320551209151745
      ],
      [
        0.0,
        0.0,
        0.0,
        1.0
      ]
    ],
    "2": [
      [
        -0.995087802410126,
        -0.0406738668680191,
        -0.0902540162205696,
        -0.0081026516854763
      ],
      [
        -0.0908174812793732,
        0.737920761108398,
        0.66874885559082,
        0.162085220217705
      ],
      [
        0.0393997132778168,
        0.673660516738892,
        -0.737989902496338,
        -0.0319448374211788
      ],
      [
        0.0,
        0.0,
        0.0,
        1.0
      ]
    ],
    "3": [
      [
        -0.973949313163757,
        -0.173246577382088,
        0.146315470337868,
        0.00605413410812616
      ],
      [
        -0.225657194852829,
        0.676735758781433,
        -0.700790643692017,
        0.0833478197455406
      ],
      [
        0.0223926622420549,
        -0.715551674365997,
        -0.698200762271881,
        -0.0320358164608479
      ],
      [
        0.0,
        0.0,
        0.0,
        1.0
      ]
    ]
  },
  "arms_visual_world": {
    "0": [
      [
        -0.986628115177155,
        0.0288187023252249,
        0.160419762134552,
        0.0060582053847611
      ],
      [
        -0.0877609103918076,
        0.735446929931641,
        -0.67187488079071,
        -0.0319641456007957
      ],
      [
        -0.137342780828476,
        -0.676969230175018,
        -0.723083436489105,
        0.0832746028900146
      ],
      [
        0.0,
        0.0,
        0.0,
        1.0
      ]
    ],
    "1": [
      [
        -0.978650987148285,
        0.177396446466446,
        -0.103791996836662,
        -0.00809858180582523
      ],
      [
        -0.0499289594590664,
        -0.695071220397949,
        -0.717205047607422,
        -0.0320551283657551
      ],
      [
        -0.199372455477715,
        -0.696711182594299,
        0.689089357852936,
        0.162011995911598
      ],
      [
        0.0,
        0.0,
        0.0,
        1.0
      ]
    ],
    "2": [
      [
        -0.995087862014771,
        -0.0406738705933094,
        -0.0902540236711502,
        -0.00810265261679888
      ],
      [
        -0.0393997095525265,
        -0.673660576343536,
        0.737989902496338,
        0.0319448299705982
      ],
      [
        -0.0908174812793732,
        0.737920761108398,
        0.668748915195465,
        0.162085220217705
      ],
      [
        0.0,
        0.0,
        0.0,
        1.0
      ]
    ],
    "3": [
      [
        -0.973949372768402,
        -0.173246592283249,
        0.146315485239029,
        0.00605413457378745
      ],
      [
        -0.0223926529288292,
        0.715551674365997,
        0.698200821876526,
        0.0320358127355576
      ],
      [
        -0.225657194852829,
        0.676735818386078,
        -0.700790584087372,
        0.0833478197455406
      ],
      [
        0.0,
        0.0,
        0.0,
        1.0
      ]
    ]
  },
  "base": [
    [
      0.176959842443466,
      -6.36043259873986e-05,
      0.984218060970306,
      -0.00102222349960357
    ],
    [
      0.00113729806616902,
      0.999999344348907,
      -0.000139859053888358,
      -9.65733943303348e-06
    ],
    [
      -0.984217405319214,
      0.00114409881643951,
      0.176959797739983,
      0.122679904103279
    ],
    [
      0.0,
      0.0,
      0.0,
      1.0
    ]
  ],
  "base_link_world": [
    [
      0.176959842443466,
      -6.36043259873986e-05,
      0.984218060970306,
      -0.00102222349960357
    ],
    [
      0.00113729806616902,
      0.999999344348907,
      -0.000139859053888358,
      -9.65733943303348e-06
    ],
    [
      -0.984217405319214,
      0.00114409881643951,
      0.176959797739983,
      0.122679904103279
    ],
    [
      0.0,
      0.0,
      0.0,
      1.0
    ]
  ],
  "base_view_frame": [
    [
      0.176959827542305,
      -6.3604318711441e-05,
      0.984218001365662,
      -0.00102222338318825
    ],
    [
      -0.984217405319214,
      0.00114405516069382,
      0.176959797739983,
      0.122679904103279
    ],
    [
      -0.00113725499249995,
      -0.999999344348907,
      0.000139851312269457,
      9.65197705227183e-06
    ],
    [
      0.0,
      0.0,
      0.0,
      1.0
    ]
  ],
  "base_visual_world": [
    [
      -6.24968233751133e-05,
      -0.176959827542305,
      0.984218060970306,
      -0.00102222349960357
    ],
    [
      0.999999284744263,
      -0.00113103946205229,
      -0.000139859053888358,
      -9.65733943303348e-06
    ],
    [
      0.001137939048931,
      0.984217345714569,
      0.176959797739983,
      0.122679904103279
    ],
    [
      0.0,
      0.0,
      0.0,
      1.0
    ]
  ],
  "view_adjust": [
    [
      0.999999940395355,
      0.0,
      0.0,
      0.0
    ],
    [
      0.0,
      -4.37113882867379e-08,
      1.0,
      0.0
    ],
    [
      0.0,
      -1.0,
      -4.37113882867379e-08,
      0.0
    ],
    [
      0.0,
      0.0,
      0.0,
      1.0
    ]
  ]
}