{
  "T_WB": [
    [
      0.925502528363279,
      -0.00478866269431082,
      0.378711154711315,
      -0.014722048498723
    ],
    [
      0.000838203130773581,
      0.999943514828941,
      0.0105954974897034,
      -5.22903376409202e-05
    ],
    [
      -0.378740501410516,
      -0.0094887228404494,
      0.925454265066712,
      0.353054619145653
    ],
    [
      0.0,
      0.0,
      0.0,
      1.0
    ]
  ],
  "T_WH": {
    "0": [
      [
        0.395057806174376,
        0.773893195890103,
        0.494993586964207,
        0.0371733383407491
      ],
      [
        -0.897433882729949,
        0.440264539741852,
        0.0279206227391762,
        -0.0319646643492952
      ],
      [
        -0.196320543777102,
        -0.455254276642074,
        0.868447918812732,
        -0.0148459809255263
      ],
      [
        0.0,
        0.0,
        0.0,
        1.0
      ]
    ],
    "1": [
      [
        -0.766093082046628,
        -0.558528862637454,
        0.318036003058161,
        -0.0371733383407491
      ],
      [
        0.588234676329733,
        -0.808683783831965,
        -0.00324088421110724,
        0.0319646643492952
      ],
      [
        0.259000685720237,
        0.184596986346276,
        0.948073097091316,
        0.0148459809255263
      ],
      [
        0.0,
        0.0,
        0.0,
        1.0
      ]
    ],
    "2": [
      [
        0.388242603382337,
        -0.776842225854858,
        0.49576590952563,
        0.0368668639283132
      ],
      [
        0.896496711217399,
        0.442979352346229,
        -0.00793348418434269,
        0.0320317205997571
      ],
      [
        -0.213450996004453,
        0.447532623977051,
        0.868419957613206,
        -0.015453259187315
      ],
      [
        0.0,
        0.0,
        0.0,
        1.0
      ]
    ],
    "3": [
      [
        -0.759168743830506,
        0.566193743241589,
        0.321072364903752,
        -0.0368668639283132
      ],
      [
        -0.59197416930785,
        -0.805681588820515,
        0.0210656190967959,
        -0.0320317205997571
      ],
      [
        0.270609314812132,
        -0.174074186913879,
        0.946820350534979,
        0.015453259187315
      ],
      [
        0.0,
        0.0,
        0.0,
        1.0
      ]
    ]
  },
  "T_WP": {
    "0": [
      [
        -0.494993586964207,
        0.773893195890103,
        0.395057806174377,
        0.0648273847729555
      ],
      [
        -0.0279206227391763,
        0.440264539741852,
        -0.897433882729949,
        -0.0947850361403916
      ],
      [
        -0.868447918812732,
        -0.455254276642074,
        -0.196320543777102,
        -0.0285884189899234
      ],
      [
        0.0,
        0.0,
        0.0,
        1.0
      ]
    ],
    "1": [
      [
        -0.318036003058161,
        -0.558528862637454,
        -0.766093082046628,
        -0.0907998540840131
      ],
      [
        0.00324088421110728,
        -0.808683783831965,
        0.588234676329733,
        0.0731410916923765
      ],
      [
        -0.948073097091316,
        0.184596986346276,
        0.259000685720237,
        0.0329760289259429
      ],
      [
        0.0,
        0.0,
        0.0,
        1.0
      ]
    ],
    "2": [
      [
        -0.49576590952563,
        -0.776842225854858,
        0.388242603382337,
        0.0640438461650768
      ],
      [
        0.00793348418434275,
        0.442979352346229,
        0.896496711217399,
        0.094786490384975
      ],
      [
        -0.868419957613206,
        0.447532623977051,
        -0.213450996004453,
        -0.0303948289076268
      ],
      [
        0.0,
        0.0,
        0.0,
        1.0
      ]
    ],
    "3": [
      [
        -0.321072364903752,
        0.566193743241589,
        -0.759168743830506,
        -0.0900086759964487
      ],
      [
        -0.0210656190967959,
        -0.805681588820515,
        -0.59197416930785,
        -0.0734699124513066
      ],
      [
        -0.946820350534979,
        -0.174074186913879,
        0.270609314812132,
        0.0343959112241642
      ],
      [
        0.0,
        0.0,
        0.0,
        1.0
      ]
    ]
  }
}