{
  "T_WB": [
    [
      0.998675422251359,
      -0.0023525898585538,
      -0.0513990886303225,
      -0.0810147920834773
    ],
    [
      0.00244921332669253,
      0.999995349989241,
      0.00181696284353126,
      2.84606015302106e-05
    ],
    [
      0.0513945750556483,
      -0.00194044346783184,
      0.998676540394335,
      0.271788284550352
    ],
    [
      0.0,
      0.0,
      0.0,
      1.0
    ]
  ],
  "T_WH": {
    "0": [
      [
        -0.122539299426698,
        0.936087411384022,
        -0.329733950851858,
        -0.0409924923179492
      ],
      [
        -0.820672752952869,
        -0.282403776364979,
        -0.496733670748781,
        -0.0318734220650578
      ],
      [
        -0.558104248914818,
        0.209734273172413,
        0.802826993816268,
        0.273906161743548
      ],
      [
        0.0,
        0.0,
        0.0,
        1.0
      ]
    ],
    "1": [
      [
        -0.642757099362966,
        -0.766031255397661,
        -0.00770888918000083,
        -0.121037091849005
      ],
      [
        0.764579140939594,
        -0.642101209126597,
        0.0558996822731097,
        0.0319303432681182
      ],
      [
        -0.047770790851502,
        0.0300358617663318,
        0.998406629860487,
        0.269670407357155
      ],
      [
        0.0,
        0.0,
        0.0,
        1.0
      ]
    ],
    "2": [
      [
        -0.126302567736349,
        -0.934613036479845,
        -0.332484786757423,
        -0.0411430580688967
      ],
      [
        0.817454760681801,
        -0.287936900984898,
        0.498858752844803,
        0.0321262803342536
      ],
      [
        -0.561974532894387,
        -0.208784130367078,
        0.800371046006162,
        0.273781973361607
      ],
      [
        0.0,
        0.0,
        0.0,
        1.0
      ]
    ],
    "3": [
      [
        -0.639246102676881,
        0.768969438053194,
        -0.00710095434245323,
        -0.120886526098058
      ],
      [
        -0.767689471994615,
        -0.638666967966187,
        -0.0525107476380382,
        -0.0320693591311932
      ],
      [
        -0.0449143050825362,
        -0.0281159628864494,
        0.998595112059898,
        0.269794595739096
      ],
      [
        0.0,
        0.0,
        0.0,
        1.0
      ]
    ]
  },
  "T_WP": {
    "0": [
      [
        0.329733950851858,
        0.936087411384022,
        -0.122539299426698,
        -0.0495702432778181
      ],
      [
        0.496733670748781,
        -0.282403776364979,
        -0.820672752952869,
        -0.0893205147717586
      ],
      [
        -0.802826993816268,
        0.209734273172413,
        -0.558104248914818,
        0.234838864319511
      ],
      [
        0.0,
        0.0,
        0.0,
        1.0
      ]
    ],
    "1": [
      [
        0.00770888918000079,
        -0.766031255397661,
        -0.642757099362966,
        -0.166030088804413
      ],
      [
        -0.0558996822731096,
        -0.642101209126597,
        0.764579140939594,
        0.0854508831338898
      ],
      [
        -0.998406629860487,
        0.0300358617663318,
        -0.047770790851502,
        0.26632645199755
      ],
      [
        0.0,
        0.0,
        0.0,
        1.0
      ]
    ],
    "2": [
      [
        0.332484786757423,
        -0.934613036479845,
        -0.126302567736349,
        -0.0499842378104411
      ],
      [
        -0.498858752844803,
        -0.287936900984898,
        0.817454760681801,
        0.0893481135819797
      ],
      [
        -0.800371046006162,
        -0.208784130367078,
        -0.561974532894387,
        0.234443756059
      ],
      [
        0.0,
        0.0,
        0.0,
        1.0
      ]
    ],
    "3": [
      [
        0.00710095434245319,
        0.768969438053194,
        -0.639246102676881,
        -0.16563375328544
      ],
      [
        0.0525107476380381,
        -0.638666967966187,
        -0.767689471994615,
        -0.0858076221708163
      ],
      [
        -0.998595112059898,
        -0.0281159628864494,
        -0.0449143050825362,
        0.266650594383319
      ],
      [
        0.0,
        0.0,
        0.0,
        1.0
      ]
    ]
  },
  "simTime": 0.630499999999947,
  "state": [
    -0.0810147920834773,
    2.84606015302106e-05,
    0.271788284550352,
    0.999668359086519,
    -0.000939663208605641,
    -0.0257069413950197,
    0.00120084904698648,
    -0.327921257033427,
    -0.000242697226369437,
    -1.30820051086743,
    -0.0118169375521638,
    -2.95170771638693,
    0.000317532140129227,
    0.829990961411363,
    0.216013599823069,
    0.210791706101027,
    -0.469062879906243,
    0.998427520519395,
    0.0343813351407111,
    0.00513668415351992,
    -0.0439775458540284,
    0.829824924653248,
    -0.216320521092758,
    0.211072563601026,
    0.469088903592143,
    0.998420246187933,
    -0.0346641063238418,
    0.00518243160125037,
    0.043915306414679,
    -4.77737528737513,
    -2.43305966681316,
    -2.547515019027,
    -0.395484367374615,
    0.127731602401353,
    -0.517044455989642,
    4.77929116765392,
    -2.43550300609102,
    2.54949425128128,
    0.394140431530679,
    0.127364587589188,
    0.519828620566789
  ]
}