{
  "T_WB": [
    [
      -0.718145184663519,
      0.0711642547549654,
      0.692245001852503,
      -0.196804512646951
    ],
    [
      0.0506513169370036,
      0.997464256153442,
      -0.0499950176398311,
      -0.000514605895145907
    ],
    [
      -0.694047504020545,
      -0.000840560188324678,
      -0.719928715652753,
      0.195466292797696
    ],
    [
      0.0,
      0.0,
      0.0,
      1.0
    ]
  ],
  "T_WH": {
    "0": [
      [
        -0.750093817830395,
        -0.655427426333758,
        0.0881711589020422,
        -0.22780757618565
      ],
      [
        -0.647383518572021,
        0.75495603306964,
        0.104575178761803,
        -0.0304074094145759
      ],
      [
        -0.135106788630079,
        0.0213606400011599,
        -0.990600766567848,
        0.167731290562901
      ],
      [
        0.0,
        0.0,
        0.0,
        1.0
      ]
    ],
    "1": [
      [
        0.448213482457877,
        0.336484738225074,
        0.828180351786123,
        -0.165801449108251
      ],
      [
        0.789654824164223,
        -0.583265263631383,
        -0.190386162614787,
        0.0293781976242841
      ],
      [
        0.418986793129751,
        0.7393102550233,
        -0.527134151805999,
        0.223201295032491
      ],
      [
        0.0,
        0.0,
        0.0,
        1.0
      ]
    ],
    "2": [
      [
        -0.650407645665447,
        0.756433108401958,
        0.0691292049229671,
        -0.223253063881333
      ],
      [
        0.747108395093376,
        0.653496868832974,
        -0.12153554379892,
        0.0334303029792444
      ],
      [
        -0.137109228139211,
        -0.0274006375628462,
        -0.990176885521077,
        0.167677494710848
      ],
      [
        0.0,
        0.0,
        0.0,
        1.0
      ]
    ],
    "3": [
      [
        0.321594722462554,
        -0.412114086062272,
        0.852489773870216,
        -0.170355961412569
      ],
      [
        -0.850121930836853,
        -0.522139476119813,
        0.068286676500967,
        -0.0344595147695362
      ],
      [
        0.416976662649666,
        -0.746680887358439,
        -0.518264522477818,
        0.223255090884544
      ],
      [
        0.0,
        0.0,
        0.0,
        1.0
      ]
    ]
  },
  "T_WP": {
    "0": [
      [
        -0.0881711589020423,
        -0.655427426333758,
        -0.750093817830395,
        -0.280314143433778
      ],
      [
        -0.104575178761803,
        0.75495603306964,
        -0.647383518572021,
        -0.0757242557146174
      ],
      [
        0.990600766567848,
        0.0213606400011599,
        -0.13510678863008,
        0.158273815358795
      ],
      [
        0.0,
        0.0,
        0.0,
        1.0
      ]
    ],
    "1": [
      [
        -0.828180351786123,
        0.336484738225074,
        0.448213482457877,
        -0.1344265053362
      ],
      [
        0.190386162614787,
        -0.583265263631383,
        0.789654824164223,
        0.0846540353157797
      ],
      [
        0.527134151805999,
        0.7393102550233,
        0.418986793129751,
        0.252530370551574
      ],
      [
        0.0,
        0.0,
        0.0,
        1.0
      ]
    ],
    "2": [
      [
        -0.0691292049229672,
        0.756433108401958,
        -0.650407645665447,
        -0.268781599077914
      ],
      [
        0.12153554379892,
        0.653496868832974,
        0.747108395093376,
        0.0857278906357807
      ],
      [
        0.990176885521077,
        -0.0274006375628462,
        -0.137109228139211,
        0.158079848741103
      ],
      [
        0.0,
        0.0,
        0.0,
        1.0
      ]
    ],
    "3": [
      [
        -0.852489773870216,
        -0.412114086062272,
        0.321594722462554,
        -0.14784433084019
      ],
      [
        -0.0682866765009671,
        -0.522139476119813,
        -0.850121930836853,
        -0.0939680499281159
      ],
      [
        0.518264522477818,
        -0.746680887358439,
        0.416976662649666,
        0.252443457270021
      ],
      [
        0.0,
        0.0,
        0.0,
        1.0
      ]
    ]
  },
  "simTime": 0.942499999999913,
  "state": [
    -0.196804512646951,
    -0.000514605895145907,
    0.195466292797696,
    0.373962015396341,
    0.0328605950790286,
    0.926760238204806,
    -0.0137132495904841,
    -0.46954437009658,
    -0.00212104763634088,
    -0.0129559699097773,
    0.471438285178918,
    12.997212905301,
    -0.24001454652667,
    0.940230885510725,
    -0.274067525207266,
    0.201002785432329,
    0.0212309634008338,
    0.986915334985942,
    -0.134542534623406,
    0.0271618404487468,
    -0.084608878790191,
    0.939638455988843,
    0.276391745588369,
    0.20053417942204,
    -0.0217535716847964,
    0.985834240323955,
    0.138424284316835,
    0.0303819970632751,
    0.0897022985809752,
    -0.161122885310609,
    -2.07564081251221,
    2.92610088066559,
    -1.13886919042877,
    -0.703437143220558,
    1.05167138446605,
    0.209812073784098,
    -2.05588147511944,
    -2.93738041874741,
    1.15784698561945,
    -0.720670147471832,
    -1.11829855796541
  ]
}