{
  "T_WB": [
    [
      0.906249219104968,
      0.00751672298726695,
      0.422677006409349,
      -0.134192935095405
    ],
    [
      -0.000381264399730624,
      0.999856035229233,
      -0.0169635919879984,
      -0.000192533185133723
    ],
    [
      -0.422743666432856,
      0.0152120902972102,
      0.90612161700276,
      0.097604104509278
    ],
    [
      0.0,
      0.0,
      0.0,
      1.0
    ]
  ],
  "T_WH": {
    "0": [
      [
        -0.0741637679265364,
        0.538325478945264,
        0.839467339594156,
        -0.0981835014667987
      ],
      [
        -0.884706315156965,
        0.352952483292013,
        -0.304498407975127,
        -0.0322031768884584
      ],
      [
        -0.460211333463578,
        -0.765264805970034,
        0.45008366477281,
        0.080207570962453
      ],
      [
        0.0,
        0.0,
        0.0,
        1.0
      ]
    ],
    "1": [
      [
        -0.486016941338997,
        -0.823403148814483,
        0.292907472171469,
        -0.170202368724011
      ],
      [
        0.869750317867313,
        -0.488522115992829,
        0.0698607669267761,
        0.031818110518191
      ],
      [
        0.0855682026292146,
        0.288709883288194,
        0.953585175005633,
        0.115000638056103
      ],
      [
        0.0,
        0.0,
        0.0,
        1.0
      ]
    ],
    "2": [
      [
        -0.0548694910155805,
        -0.534241728306502,
        0.843549118126368,
        -0.0977024311956137
      ],
      [
        0.898931683372923,
        0.341316138078004,
        0.27463634594831,
        0.0317876093662125
      ],
      [
        -0.434639123393205,
        0.773362185281643,
        0.46151897338288,
        0.0811811447414745
      ],
      [
        0.0,
        0.0,
        0.0,
        1.0
      ]
    ],
    "3": [
      [
        -0.486351867827393,
        0.825456477374391,
        0.286502119750393,
        -0.170683438995196
      ],
      [
        -0.872529532717714,
        -0.476231848971267,
        -0.109066220988979,
        -0.03217267573648
      ],
      [
        0.0464120156448175,
        -0.30302612096331,
        0.951851403748355,
        0.114027064277082
      ],
      [
        0.0,
        0.0,
        0.0,
        1.0
      ]
    ]
  },
  "T_WP": {
    "0": [
      [
        -0.839467339594156,
        0.538325478945264,
        -0.0741637679265363,
        -0.103374965221656
      ],
      [
        0.304498407975127,
        0.352952483292013,
        -0.884706315156965,
        -0.094132618949446
      ],
      [
        -0.45008366477281,
        -0.765264805970034,
        -0.460211333463578,
        0.0479927776200026
      ],
      [
        0.0,
        0.0,
        0.0,
        1.0
      ]
    ],
    "1": [
      [
        -0.292907472171469,
        -0.823403148814483,
        -0.486016941338997,
        -0.204223554617741
      ],
      [
        -0.069860766926776,
        -0.488522115992829,
        0.869750317867313,
        0.0927006327689029
      ],
      [
        -0.953585175005633,
        0.288709883288194,
        0.0855682026292147,
        0.120990412240148
      ],
      [
        0.0,
        0.0,
        0.0,
        1.0
      ]
    ],
    "2": [
      [
        -0.843549118126368,
        -0.534241728306502,
        -0.0548694910155805,
        -0.101543295566704
      ],
      [
        -0.27463634594831,
        0.341316138078004,
        0.898931683372923,
        0.0947128272023171
      ],
      [
        -0.46151897338288,
        0.773362185281643,
        -0.434639123393205,
        0.0507564061039501
      ],
      [
        0.0,
        0.0,
        0.0,
        1.0
      ]
    ],
    "3": [
      [
        -0.286502119750393,
        0.825456477374391,
        -0.486351867827393,
        -0.204728069743114
      ],
      [
        0.109066220988979,
        -0.476231848971267,
        -0.872529532717714,
        -0.0932497430267199
      ],
      [
        -0.951851403748355,
        -0.30302612096331,
        0.0464120156448175,
        0.117275905372219
      ],
      [
        0.0,
        0.0,
        0.0,
        1.0
      ]
    ]
  },
  "simTime": 0.793999999999929,
  "state": [
    -0.134192935095405,
    -0.000192533185133723,
    0.097604104509278,
    0.976246238320149,
    0.00823964308957904,
    0.216497805486283,
    -0.00202253977454188,
    -0.329048224358504,
    -0.00400450953460605,
    1.37263465134,
    0.497369488624335,
    12.9752047832613,
    -0.194752905868422,
    0.909221508857667,
    -0.184052500677512,
    0.286731483313464,
    -0.239219525335626,
    0.987126845816033,
    -0.0289486278040622,
    0.0762877749849501,
    -0.137559960037063,
    0.910438941264219,
    0.183446320481529,
    0.285142577909078,
    0.236943225256266,
    0.98551451216775,
    0.0299235816113102,
    0.0798999757125659,
    0.146566433576877,
    -2.99843061247491,
    -2.07591336408616,
    2.40675412170519,
    -1.88939591594035,
    -0.923575207708567,
    0.507879159947286,
    3.02639442651884,
    -2.13521881754072,
    -2.41515647354871,
    1.90213124274069,
    -0.945898914578006,
    -0.429224184797133
  ]
}