{
  "T_WB": [
    [
      0.976953121901074,
      -0.00223131797583442,
      -0.213442307961276,
      -0.122547990172041
    ],
    [
      0.00224807018433872,
      0.999997459601641,
      -0.000164227621460212,
      -1.9352841266221e-05
    ],
    [
      0.21344213217683,
      -0.000319390601116244,
      0.976955656210379,
      0.0400963141517748
    ],
    [
      0.0,
      0.0,
      0.0,
      1.0
    ]
  ],
  "T_WH": {
    "0": [
      [
        -0.0516817559254702,
        0.973497463937518,
        0.222781695414323,
        -0.0833984631207715
      ],
      [
        -0.931345011645843,
        0.0335337365786668,
        -0.362590620112376,
        -0.0319293487411452
      ],
      [
        -0.360451751815502,
        -0.226225940639646,
        0.904928924498959,
        0.0486442199380837
      ],
      [
        0.0,
        0.0,
        0.0,
        1.0
      ]
    ],
    "1": [
      [
        -0.508869970594616,
        -0.823145812522336,
        -0.251956989095318,
        -0.161697517223311
      ],
      [
        0.838880127818657,
        -0.539863719660903,
        0.0694787402364718,
        0.0318906430586127
      ],
      [
        -0.193213571412539,
        -0.176006066716,
        0.965241099571073,
        0.0315484083654658
      ],
      [
        0.0,
        0.0,
        0.0,
        1.0
      ]
    ],
    "2": [
      [
        -0.0578817012330954,
        -0.973559565261491,
        0.220978463996425,
        -0.0835412674712249
      ],
      [
        0.928730750646917,
        0.0286851966136318,
        0.369643547621287,
        0.0320704886733598
      ],
      [
        -0.366208822211011,
        0.226625092130359,
        0.902514357864588,
        0.0486237789396123
      ],
      [
        0.0,
        0.0,
        0.0,
        1.0
      ]
    ],
    "3": [
      [
        -0.500590928582128,
        0.828603769283374,
        -0.250648191197679,
        -0.161554712872857
      ],
      [
        -0.844088922309665,
        -0.531463833063405,
        -0.0711342771078825,
        -0.0321091943558923
      ],
      [
        -0.192152578581167,
        0.175960187755462,
        0.965461236337157,
        0.0315688493639373
      ],
      [
        0.0,
        0.0,
        0.0,
        1.0
      ]
    ]
  },
  "T_WP": {
    "0": [
      [
        -0.222781695414323,
        0.973497463937518,
        -0.0516817559254702,
        -0.0870161860355544
      ],
      [
        0.362590620112376,
        0.0335337365786668,
        -0.931345011645843,
        -0.0971234995563542
      ],
      [
        -0.904928924498959,
        -0.226225940639646,
        -0.360451751815502,
        0.0234125973109985
      ],
      [
        0.0,
        0.0,
        0.0,
        1.0
      ]
    ],
    "1": [
      [
        0.251956989095318,
        -0.823145812522336,
        -0.508869970594616,
        -0.197318415164934
      ],
      [
        -0.0694787402364717,
        -0.539863719660903,
        0.838880127818657,
        0.0906122520059187
      ],
      [
        -0.965241099571073,
        -0.176006066716,
        -0.193213571412539,
        0.0180234583665881
      ],
      [
        0.0,
        0.0,
        0.0,
        1.0
      ]
    ],
    "2": [
      [
        -0.220978463996425,
        -0.973559565261491,
        -0.0578817012330954,
        -0.0875929865575416
      ],
      [
        -0.369643547621287,
        0.0286851966136318,
        0.928730750646917,
        0.097081641218644
      ],
      [
        -0.902514357864588,
        0.226625092130359,
        -0.366208822211011,
        0.0229891613848415
      ],
      [
        0.0,
        0.0,
        0.0,
        1.0
      ]
    ],
    "3": [
      [
        0.250648191197678,
        0.828603769283374,
        -0.500590928582128,
        -0.196596077873606
      ],
      [
        0.0711342771078825,
        -0.531463833063405,
        -0.844088922309665,
        -0.0911954189175688
      ],
      [
        -0.965461236337157,
        0.175960187755462,
        -0.192152578581167,
        0.0181181688632556
      ],
      [
        0.0,
        0.0,
        0.0,
        1.0
      ]
    ]
  },
  "simTime": 0.753499999999933,
  "state": [
    -0.122547990172041,
    -1.9352841266221e-05,
    0.0400963141517748,
    0.994221584672287,
    -3.90161967030661e-05,
    -0.107341373069972,
    0.0011263555904516,
    -0.279960079360089,
    -0.00209433935662097,
    0.496925526197957,
    0.0628949440545837,
    40.1186970742441,
    -0.00965005563313406,
    0.875219120636862,
    -0.131898221317582,
    0.253595917765386,
    -0.390235134986111,
    0.993303706762043,
    0.00626125730040217,
    0.0397301557392053,
    -0.108305390053965,
    0.874308039519851,
    0.130911363936578,
    0.25615891737688,
    0.390935130004358,
    0.992997182709724,
    -0.00690804243432388,
    0.039881898019748,
    0.110987874520684,
    -17.7850007254987,
    2.12091625702679,
    34.4427446678828,
    1.25777210232352,
    17.2657199932343,
    -25.8839039185113,
    17.9149477700863,
    1.99642470640787,
    -34.2830055515609,
    -0.894593970487877,
    18.3012813168999,
    26.3873646237102
  ]
}