{
  "T_WB": [
    [
      0.974806614255672,
      -0.00223005970433391,
      0.223040560520072,
      -0.055454663653964
    ],
    [
      0.00195320796379225,
      0.999997023974438,
      0.00146185529993927,
      4.15088657778747e-05
    ],
    [
      -0.223043156770261,
      -0.000989381616409018,
      0.974808068976644,
      0.34497193290824
    ],
    [
      0.0,
      0.0,
      0.0,
      1.0
    ]
  ],
  "T_WH": {
    "0": [
      [
        0.05931874894776,
        0.895511524738612,
        -0.441067336223846,
        -0.0163910371731984
      ],
      [
        -0.803035047687742,
        -0.219655840694332,
        -0.553972945037944,
        -0.0318802675828524
      ],
      [
        -0.592972173215927,
        0.387053511428578,
        0.706097430304337,
        0.336081866849155
      ],
      [
        0.0,
        0.0,
        0.0,
        1.0
      ]
    ],
    "1": [
      [
        -0.66037707932381,
        -0.692316342658125,
        0.290861126299531,
        -0.0945182901347296
      ],
      [
        0.73478439557828,
        -0.675632061770761,
        0.0601099752291715,
        0.0319632853144082
      ],
      [
        0.154899984242787,
        0.253415466765286,
        0.954875173038715,
        0.353861998967326
      ],
      [
        0.0,
        0.0,
        0.0,
        1.0
      ]
    ],
    "2": [
      [
        0.0559821490823511,
        -0.894205788194686,
        -0.444141877493265,
        -0.0165337609942758
      ],
      [
        0.801672393257895,
        -0.224898475721575,
        0.553842982718272,
        0.0321195419515116
      ],
      [
        -0.595136432150041,
        -0.387061602302829,
        0.704269794290857,
        0.336018546425705
      ],
      [
        0.0,
        0.0,
        0.0,
        1.0
      ]
    ],
    "3": [
      [
        -0.657344558441348,
        0.695006785049501,
        0.291313748770473,
        -0.0943755663136522
      ],
      [
        -0.737202968919123,
        -0.673237478427614,
        -0.0572981697548869,
        -0.0320365242199558
      ],
      [
        0.156300716902964,
        -0.252422000577576,
        0.954910058340593,
        0.353925319390776
      ],
      [
        0.0,
        0.0,
        0.0,
        1.0
      ]
    ]
  },
  "T_WP": {
    "0": [
      [
        0.441067336223846,
        0.895511524738612,
        0.05931874894776,
        -0.0122387247468552
      ],
      [
        0.553972945037944,
        -0.219655840694332,
        -0.803035047687742,
        -0.0880927209209944
      ],
      [
        -0.706097430304337,
        0.387053511428578,
        -0.592972173215927,
        0.29457381472404
      ],
      [
        0.0,
        0.0,
        0.0,
        1.0
      ]
    ],
    "1": [
      [
        -0.290861126299531,
        -0.692316342658125,
        -0.66037707932381,
        -0.140744685687396
      ],
      [
        -0.0601099752291715,
        -0.675632061770761,
        0.73478439557828,
        0.0833981930048878
      ],
      [
        -0.954875173038715,
        0.253415466765286,
        0.154899984242787,
        0.364704997864321
      ],
      [
        0.0,
        0.0,
        0.0,
        1.0
      ]
    ],
    "2": [
      [
        0.444141877493265,
        -0.894205788194686,
        0.0559821490823511,
        -0.0126150105585112
      ],
      [
        -0.553842982718272,
        -0.224898475721575,
        0.801672393257895,
        0.0882366094795642
      ],
      [
        -0.704269794290857,
        -0.387061602302829,
        -0.595136432150041,
        0.294358996175202
      ],
      [
        0.0,
        0.0,
        0.0,
        1.0
      ]
    ],
    "3": [
      [
        -0.291313748770473,
        0.695006785049501,
        -0.657344558441348,
        -0.140389685404547
      ],
      [
        0.0572981697548868,
        -0.673237478427614,
        -0.737202968919123,
        -0.0836407320442944
      ],
      [
        -0.954910058340593,
        -0.252422000577576,
        0.156300716902964,
        0.364866369573983
      ],
      [
        0.0,
        0.0,
        0.0,
        1.0
      ]
    ]
  },
  "simTime": 0.548499999999956,
  "state": [
    -0.055454663653964,
    4.15088657778747e-05,
    0.34497193290824,
    0.9936815016904,
    -0.000616705884173744,
    0.112230054733704,
    0.00105246692753407,
    -0.292607988782336,
    -6.83221481473149e-05,
    -0.477857496191793,
    -0.011597781726213,
    -3.79559840545962,
    0.000916649247104449,
    0.819885811554589,
    0.422127181416568,
    0.165065967204712,
    -0.349784398153419,
    0.998727880058241,
    0.0458031224947145,
    -0.0033484075800491,
    -0.0208202721111933,
    0.819651760366994,
    -0.42254809008914,
    0.165273046682914,
    0.34972692680069,
    0.998721917089455,
    -0.0460070400234693,
    -0.00329046648313274,
    0.0206653677384495,
    -3.31791264410227,
    -1.96393012218886,
    -4.59226376359893,
    -0.168889483751792,
    0.22066252978123,
    -0.609982809002874,
    3.31866904972924,
    -1.96543834587258,
    4.59663963057539,
    0.166328690001456,
    0.220151293110048,
    0.611724351543054
  ]
}