{
  "T_WB": [
    [
      0.840397837758386,
      0.0118298862949924,
      0.541840869703714,
      -0.137750417909858
    ],
    [
      0.000235124933775016,
      0.999753698017947,
      -0.0221920710098396,
      -0.000232731667875877
    ],
    [
      -0.541969942900245,
      0.0187775687906554,
      0.840188064604001,
      0.111442591778511
    ],
    [
      0.0,
      0.0,
      0.0,
      1.0
    ]
  ],
  "T_WH": {
    "0": [
      [
        -0.107309982310401,
        0.405206617077876,
        0.907905372366991,
        -0.104513060760963
      ],
      [
        -0.87978520835608,
        0.386648883782246,
        -0.276551311383244,
        -0.0322154450070992
      ],
      [
        -0.463101020139657,
        -0.828438433527952,
        0.315003503154112,
        0.0891629118612001
      ],
      [
        0.0,
        0.0,
        0.0,
        1.0
      ]
    ],
    "1": [
      [
        -0.466990400585019,
        -0.783430854841297,
        0.410068361915521,
        -0.170987775058754
      ],
      [
        0.868559446110058,
        -0.493399498828782,
        0.046491108058383,
        0.0317499816713474
      ],
      [
        0.165904955725959,
        0.377879650468429,
        0.910869098952986,
        0.133722271695822
      ],
      [
        0.0,
        0.0,
        0.0,
        1.0
      ]
    ],
    "2": [
      [
        -0.0802873841407677,
        -0.397320291296127,
        0.914161102909216,
        -0.103755948038083
      ],
      [
        0.898427626943355,
        0.368376091281823,
        0.239012247629399,
        0.0317687916660494
      ],
      [
        -0.431719509743032,
        0.840497258470417,
        0.327387573696604,
        0.0903646762638021
      ],
      [
        0.0,
        0.0,
        0.0,
        1.0
      ]
    ],
    "3": [
      [
        -0.476248395025456,
        0.781431346661907,
        0.403178021089736,
        -0.171744887781633
      ],
      [
        -0.871218144708015,
        -0.481404477116694,
        -0.0960659864027111,
        -0.0322342550018012
      ],
      [
        0.119022731304573,
        -0.397007279361677,
        0.910065277640367,
        0.13252050729322
      ],
      [
        0.0,
        0.0,
        0.0,
        1.0
      ]
    ]
  },
  "T_WP": {
    "0": [
      [
        -0.907905372366991,
        0.405206617077876,
        -0.107309982310401,
        -0.112024759522691
      ],
      [
        0.276551311383244,
        0.386648883782246,
        -0.87978520835608,
        -0.0938004095920248
      ],
      [
        -0.315003503154112,
        -0.828438433527952,
        -0.463101020139657,
        0.0567458404514241
      ],
      [
        0.0,
        0.0,
        0.0,
        1.0
      ]
    ],
    "1": [
      [
        -0.410068361915521,
        -0.783430854841297,
        -0.466990400585019,
        -0.203677103099705
      ],
      [
        -0.0464911080583829,
        -0.493399498828782,
        0.868559446110058,
        0.0925491428990515
      ],
      [
        -0.910869098952986,
        0.377879650468429,
        0.165904955725959,
        0.145335618596639
      ],
      [
        0.0,
        0.0,
        0.0,
        1.0
      ]
    ],
    "2": [
      [
        -0.914161102909216,
        -0.397320291296127,
        -0.0802873841407677,
        -0.109376064927937
      ],
      [
        -0.239012247629399,
        0.368376091281823,
        0.898427626943355,
        0.0946587255520843
      ],
      [
        -0.327387573696604,
        0.840497258470417,
        -0.431719509743032,
        0.0601443105817898
      ],
      [
        0.0,
        0.0,
        0.0,
        1.0
      ]
    ],
    "3": [
      [
        -0.403178021089736,
        0.781431346661907,
        -0.476248395025456,
        -0.205082275433415
      ],
      [
        0.0960659864027111,
        -0.481404477116694,
        -0.871218144708015,
        -0.0932195251313623
      ],
      [
        -0.910065277640367,
        -0.397007279361677,
        0.119022731304573,
        0.14085209848454
      ],
      [
        0.0,
        0.0,
        0.0,
        1.0
      ]
    ]
  },
  "simTime": 0.804499999999928,
  "state": [
    -0.137750417909858,
    -0.000232731667875877,
    0.111442591778511,
    0.959210560875496,
    0.010677957862323,
    0.282474687209119,
    -0.0030219541553615,
    -0.348178433357824,
    -0.00364913164274132,
    1.26384185197385,
    0.495374685154892,
    12.9872990713589,
    -0.19643014585853,
    0.91232675489406,
    -0.197325093532984,
    0.282299440624471,
    -0.221426569295069,
    0.987484648171986,
    -0.0387465267781748,
    0.0725810033046907,
    -0.134553982648456,
    0.913524467027507,
    0.196922159016269,
    0.280491108931434,
    0.219133405123214,
    0.985871212716174,
    0.0398809571118536,
    0.0761669267174339,
    0.143756949299167,
    -2.91633419431071,
    -2.2387095256963,
    2.30202280621451,
    -1.69478334918845,
    -1.01275288921603,
    0.338800023412657,
    2.94194021854718,
    -2.25986812821516,
    -2.27842943078988,
    1.71956361954281,
    -1.03983873754606,
    -0.317660004091776
  ]
}