{
  "T_WB": [
    [
      -0.022095310405392,
      -0.400282398815111,
      0.916125427251591,
      -0.0689033438140939
    ],
    [
      -0.34019969900372,
      0.864674630236945,
      0.369597008405616,
      0.00417835848959038
    ],
    [
      -0.940093592178922,
      -0.303499233975019,
      -0.155281205948141,
      0.875273763731832
    ],
    [
      0.0,
      0.0,
      0.0,
      1.0
    ]
  ],
  "T_WH": {
    "0": [
      [
        -0.114538373815819,
        -0.300512342495144,
        0.946875542472034,
        -0.0569781194682261
      ],
      [
        -0.540548935015925,
        0.818545532546343,
        0.194396656353891,
        -0.0370992176381406
      ],
      [
        -0.83347933974201,
        -0.489566689181877,
        -0.256196500886953,
        0.847381995531875
      ],
      [
        0.0,
        0.0,
        0.0,
        1.0
      ]
    ],
    "1": [
      [
        -0.347822212021795,
        0.403082514478381,
        0.84648933563634,
        -0.0808285681599618
      ],
      [
        0.875651402853895,
        -0.182980803607555,
        0.446936959974379,
        0.0454559346173214
      ],
      [
        0.335043772519759,
        0.896684176303407,
        -0.289314981400564,
        0.903165531931788
      ],
      [
        0.0,
        0.0,
        0.0,
        1.0
      ]
    ],
    "2": [
      [
        -0.267839063840136,
        -0.56121402328968,
        0.783135400773232,
        -0.0825961929923931
      ],
      [
        -0.312680309323793,
        0.81946975859877,
        0.480312751135394,
        0.0182399586970238
      ],
      [
        -0.91131402932382,
        -0.116224501741603,
        -0.394966587387465,
        0.827958044557474
      ],
      [
        0.0,
        0.0,
        0.0,
        1.0
      ]
    ],
    "3": [
      [
        0.270680181998142,
        0.0230386476417025,
        0.962393609594481,
        -0.0552104946357947
      ],
      [
        -0.51615296513459,
        -0.840395953241808,
        0.165289922129461,
        -0.00988324171784306
      ],
      [
        0.812599751203644,
        -0.541483021423234,
        -0.215587063281039,
        0.922589482906189
      ],
      [
        0.0,
        0.0,
        0.0,
        1.0
      ]
    ]
  },
  "T_WP": {
    "0": [
      [
        -0.946875542472034,
        -0.300512342495144,
        -0.114538373815819,
        -0.0649958056353334
      ],
      [
        -0.194396656353891,
        0.818545532546343,
        -0.540548935015925,
        -0.0749376430892554
      ],
      [
        0.256196500886953,
        -0.489566689181877,
        -0.83347933974201,
        0.789038441749935
      ],
      [
        0.0,
        0.0,
        0.0,
        1.0
      ]
    ],
    "1": [
      [
        -0.84648933563634,
        0.403082514478381,
        -0.347822212021795,
        -0.105176123001487
      ],
      [
        -0.446936959974379,
        -0.182980803607555,
        0.875651402853895,
        0.106751532817094
      ],
      [
        0.289314981400564,
        0.896684176303407,
        0.335043772519759,
        0.926618596008171
      ],
      [
        0.0,
        0.0,
        0.0,
        1.0
      ]
    ],
    "2": [
      [
        -0.783135400773232,
        -0.56121402328968,
        -0.267839063840136,
        -0.101344927461203
      ],
      [
        -0.480312751135394,
        0.81946975859877,
        -0.312680309323793,
        -0.00364766295564172
      ],
      [
        0.394966587387464,
        -0.116224501741603,
        -0.91131402932382,
        0.764166062504807
      ],
      [
        0.0,
        0.0,
        0.0,
        1.0
      ]
    ],
    "3": [
      [
        -0.962393609594481,
        0.0230386476417025,
        0.270680181998142,
        -0.0362628818959247
      ],
      [
        -0.165289922129461,
        -0.840395953241808,
        -0.51615296513459,
        -0.0460139492772644
      ],
      [
        0.215587063281039,
        -0.541483021423234,
        0.812599751203644,
        0.979471465490444
      ],
      [
        0.0,
        0.0,
        0.0,
        1.0
      ]
    ]
  }
}