{
  "T_WB": [
    [
      0.996256093257144,
      -0.002326388889206,
      0.0864198157990965,
      -0.0670913987489904
    ],
    [
      0.00219420925163596,
      0.999996273274237,
      0.00162446403375165,
      3.71738186485265e-05
    ],
    [
      -0.0864232728712216,
      -0.00142875903255111,
      0.996257485067918,
      0.319091248786682
    ],
    [
      0.0,
      0.0,
      0.0,
      1.0
    ]
  ],
  "T_WH": {
    "0": [
      [
        -0.0380712781501072,
        0.910505992602456,
        -0.411739499216475,
        -0.02716671057425
      ],
      [
        -0.806964089305716,
        -0.271033343040507,
        -0.524737920805505,
        -0.0318749385560616
      ],
      [
        -0.58937215437363,
        0.312281546677519,
        0.745064224918686,
        0.315680038160875
      ],
      [
        0.0,
        0.0,
        0.0,
        1.0
      ]
    ],
    "1": [
      [
        -0.660004459375134,
        -0.737147425728294,
        0.144940630421857,
        -0.107016086923731
      ],
      [
        0.749518014855961,
        -0.659238659352189,
        0.0602257039967868,
        0.0319492861933587
      ],
      [
        0.0511552442210604,
        0.148384846792648,
        0.987605730152983,
        0.32250245941249
      ],
      [
        0.0,
        0.0,
        0.0,
        1.0
      ]
    ],
    "2": [
      [
        -0.0416580854794118,
        -0.909001812308746,
        -0.41470508693963,
        -0.0273155994631592
      ],
      [
        0.804610351753356,
        -0.276594853004333,
        0.525449777945384,
        0.0321248229334896
      ],
      [
        -0.592340092991798,
        -0.311786774111615,
        0.742914679975798,
        0.315588597582792
      ],
      [
        0.0,
        0.0,
        0.0,
        1.0
      ]
    ],
    "3": [
      [
        -0.656698504070892,
        0.739985999774583,
        0.145491562946662,
        -0.106867198034822
      ],
      [
        -0.752273856840222,
        -0.656367512867933,
        -0.0571465866548462,
        -0.0320504752961925
      ],
      [
        0.0532082612550775,
        -0.146977577164592,
        0.987707685879298,
        0.322593899990573
      ],
      [
        0.0,
        0.0,
        0.0,
        1.0
      ]
    ]
  },
  "T_WP": {
    "0": [
      [
        0.411739499216475,
        0.910505992602456,
        -0.0380712781501072,
        -0.0298317000447575
      ],
      [
        0.524737920805505,
        -0.271033343040507,
        -0.806964089305716,
        -0.0883624248074617
      ],
      [
        -0.745064224918686,
        0.312281546677519,
        -0.58937215437363,
        0.274423987354721
      ],
      [
        0.0,
        0.0,
        0.0,
        1.0
      ]
    ],
    "1": [
      [
        -0.144940630421857,
        -0.737147425728294,
        -0.660004459375134,
        -0.15321639907999
      ],
      [
        -0.0602257039967868,
        -0.659238659352189,
        0.749518014855961,
        0.0844155472332759
      ],
      [
        -0.987605730152983,
        0.148384846792648,
        0.0511552442210604,
        0.326083326507964
      ],
      [
        0.0,
        0.0,
        0.0,
        1.0
      ]
    ],
    "2": [
      [
        0.41470508693963,
        -0.909001812308746,
        -0.0416580854794118,
        -0.030231665446718
      ],
      [
        -0.525449777945384,
        -0.276594853004333,
        0.804610351753356,
        0.0884475475562245
      ],
      [
        -0.742914679975798,
        -0.311786774111615,
        -0.592340092991798,
        0.274124791073366
      ],
      [
        0.0,
        0.0,
        0.0,
        1.0
      ]
    ],
    "3": [
      [
        -0.145491562946662,
        0.739985999774583,
        -0.656698504070892,
        -0.152836093319784
      ],
      [
        0.0571465866548461,
        -0.656367512867933,
        -0.752273856840222,
        -0.0847096452750081
      ],
      [
        -0.987707685879298,
        -0.146977577164592,
        0.0532082612550776,
        0.326318478278428
      ],
      [
        0.0,
        0.0,
        0.0,
        1.0
      ]
    ]
  },
  "simTime": 0.586999999999952,
  "state": [
    -0.0670913987489904,
    3.71738186485265e-05,
    0.319091248786682,
    0.999063292739667,
    -0.000764021430997157,
    0.0432512859611581,
    0.00113120914703147,
    -0.311337569093883,
    -0.000155579980048278,
    -0.866891209058268,
    -0.0117383388318,
    -3.39431393375272,
    0.000547367876559277,
    0.823435471462559,
    0.333018578447322,
    0.190205561755271,
    -0.418179979223683,
    0.998615659874204,
    0.0416199383575995,
    0.00109165663824736,
    -0.0321458064279269,
    0.823228266768531,
    -0.33339230541215,
    0.190459961211897,
    0.41817435916184,
    0.998609027831205,
    -0.0418669955253554,
    0.00114296970572669,
    0.0320290155943998,
    -4.13241809995434,
    -2.23047912769033,
    -3.71827097437412,
    -0.277735100678138,
    0.176669789848672,
    -0.581014761612502,
    4.13396816620603,
    -2.23258275718831,
    3.72159414722148,
    0.275687048568018,
    0.176225949471362,
    0.58330725542194
  ]
}