{
  "T_WB": [
    [
      0.98560297117881,
      -0.00226416813329558,
      -0.16906110358733,
      -0.00330615948118727
    ],
    [
      0.00225292891495232,
      0.999997428792296,
      -0.000258302343299351,
      -4.01832082257032e-06
    ],
    [
      0.169061253736052,
      -0.000126299091647355,
      0.985605537998714,
      0.128811539180956
    ],
    [
      0.0,
      0.0,
      0.0,
      1.0
    ]
  ],
  "T_WH": {
    "0": [
      [
        0.714152663817728,
        0.608678321182913,
        -0.345682909736644,
        0.0394965722274179
      ],
      [
        -0.695912483108304,
        0.670601551260821,
        -0.256903435750898,
        -0.0319098005647554
      ],
      [
        0.0754439435347689,
        0.424033325068362,
        0.902498726101811,
        0.0067664917203748
      ],
      [
        0.0,
        0.0,
        0.0,
        1.0
      ]
    ],
    "1": [
      [
        -0.598542650910592,
        -0.725885798889597,
        -0.338875348780834,
        -0.0394965722274179
      ],
      [
        0.764339284827042,
        -0.644128628713032,
        0.0297282246754744,
        0.0319098005647554
      ],
      [
        -0.239858609832975,
        -0.241222131328533,
        0.940361489346683,
        -0.0067664917203748
      ],
      [
        0.0,
        0.0,
        0.0,
        1.0
      ]
    ],
    "2": [
      [
        0.709669920084747,
        -0.613190408440301,
        -0.346938218597673,
        0.0393516654668869
      ],
      [
        0.700485825468149,
        0.666826076682891,
        0.254288402751502,
        0.0320900348779516
      ],
      [
        0.0754202416140125,
        -0.423486134899976,
        0.902757597975427,
        0.00675840857850937
      ],
      [
        0.0,
        0.0,
        0.0,
        1.0
      ]
    ],
    "3": [
      [
        -0.59802621843698,
        0.726354371682638,
        -0.338783070414515,
        -0.0393516654668869
      ],
      [
        -0.764507480223679,
        -0.643871684742605,
        -0.0309445676777133,
        -0.0320900348779516
      ],
      [
        -0.240609548322602,
        0.240496528715572,
        0.940355499229814,
        -0.00675840857850937
      ],
      [
        0.0,
        0.0,
        0.0,
        1.0
      ]
    ]
  },
  "T_WP": {
    "0": [
      [
        0.345682909736644,
        0.608678321182913,
        0.714152663817728,
        0.0894872586946589
      ],
      [
        0.256903435750898,
        0.670601551260821,
        -0.695912483108304,
        -0.0806236743823367
      ],
      [
        -0.902498726101811,
        0.424033325068362,
        0.075443943534769,
        0.0120475677678086
      ],
      [
        0.0,
        0.0,
        0.0,
        1.0
      ]
    ],
    "1": [
      [
        0.338875348780834,
        -0.725885798889597,
        -0.598542650910592,
        -0.0813945577911593
      ],
      [
        -0.0297282246754744,
        -0.644128628713032,
        0.764339284827042,
        0.0854135505026483
      ],
      [
        -0.940361489346683,
        -0.241222131328533,
        -0.239858609832975,
        -0.0235565944086831
      ],
      [
        0.0,
        0.0,
        0.0,
        1.0
      ]
    ],
    "2": [
      [
        0.346938218597673,
        -0.613190408440301,
        0.709669920084747,
        0.0890285598728192
      ],
      [
        -0.254288402751502,
        0.666826076682891,
        0.700485825468149,
        0.081124042660722
      ],
      [
        -0.902757597975427,
        -0.423486134899976,
        0.0754202416140125,
        0.0120378254914902
      ],
      [
        0.0,
        0.0,
        0.0,
        1.0
      ]
    ],
    "3": [
      [
        0.338783070414515,
        0.726354371682638,
        -0.59802621843698,
        -0.0812135007574755
      ],
      [
        0.0309445676777133,
        -0.643871684742605,
        -0.764507480223679,
        -0.0856055584936091
      ],
      [
        -0.940355499229814,
        0.240496528715572,
        -0.240609548322602,
        -0.0236010769610915
      ],
      [
        0.0,
        0.0,
        0.0,
        1.0
      ]
    ]
  }
}