{
  "T_WB": [
    [
      -2.22044604925031e-16,
      8.52729061468006e-20,
      1.0,
      -5.48810877625719e-36
    ],
    [
      -1.44090708137758e-18,
      1.0,
      -8.52729061468006e-20,
      4.7813685249438e-21
    ],
    [
      -1.0,
      -1.44090708137758e-18,
      -2.22044604925031e-16,
      0.314506935175002
    ],
    [
      0.0,
      0.0,
      0.0,
      1.0
    ]
  ],
  "T_WH": {
    "0": [
      [
        -1.57161671629026e-16,
        -1.52894381110358e-16,
        1.0,
        -8.88451292999795e-18
      ],
      [
        -0.707106779455507,
        0.707106782917588,
        -3.01742952632397e-18,
        -0.032
      ],
      [
        -0.707106782917588,
        -0.707106779455507,
        -2.19242737447339e-16,
        0.274506935175002
      ],
      [
        0.0,
        0.0,
        0.0,
        1.0
      ]
    ],
    "1": [
      [
        1.57161671629026e-16,
        1.5289698140012e-16,
        1.0,
        8.88451292999795e-18
      ],
      [
        0.707106779455507,
        -0.707106782917588,
        -3.01559084379556e-18,
        0.032
      ],
      [
        0.707106782917588,
        0.707106779455507,
        -2.19244576129859e-16,
        0.354506935175002
      ],
      [
        0.0,
        0.0,
        0.0,
        1.0
      ]
    ],
    "2": [
      [
        -1.57054034510852e-16,
        1.54003726578118e-16,
        1.0,
        -8.87905546400455e-18
      ],
      [
        0.707106779455507,
        0.707106782917588,
        2.15689288549003e-18,
        0.032
      ],
      [
        -0.707106782917588,
        0.707106779455507,
        -2.19951052211996e-16,
        0.274506935175002
      ],
      [
        0.0,
        0.0,
        0.0,
        1.0
      ]
    ],
    "3": [
      [
        1.57054034510852e-16,
        -1.53004184916792e-16,
        1.0,
        8.87905546400455e-18
      ],
      [
        -0.707106779455507,
        -0.707106782917588,
        2.86367557402225e-18,
        -0.032
      ],
      [
        0.707106782917588,
        -0.707106779455507,
        -2.19244269526925e-16,
        0.354506935175002
      ],
      [
        0.0,
        0.0,
        0.0,
        1.0
      ]
    ]
  },
  "T_WP": {
    "0": [
      [
        -1.0,
        -1.52894381110358e-16,
        -9.59293316716588e-17,
        -1.98858299440298e-17
      ],
      [
        -4.0280373179455e-17,
        0.707106782917588,
        -0.707106779455507,
        -0.0814974745618855
      ],
      [
        1.75944934529569e-16,
        -0.707106779455507,
        -0.707106782917588,
        0.225009460370771
      ],
      [
        0.0,
        0.0,
        0.0,
        1.0
      ]
    ],
    "1": [
      [
        -1.0,
        1.5289698140012e-16,
        2.18394011586394e-16,
        1.98858299440298e-17
      ],
      [
        4.63133935495746e-17,
        -0.707106782917588,
        0.707106779455507,
        0.0814974745618855
      ],
      [
        2.62542379047629e-16,
        0.707106779455507,
        0.707106782917588,
        0.404004409979233
      ],
      [
        0.0,
        0.0,
        0.0,
        1.0
      ]
    ],
    "2": [
      [
        -1.0,
        1.54003726578118e-16,
        -9.58216945534847e-17,
        -1.98728378797642e-17
      ],
      [
        4.1140909820289e-17,
        0.707106782917588,
        0.707106779455507,
        0.0814974745618855
      ],
      [
        1.76653249294226e-16,
        0.707106779455507,
        -0.707106782917588,
        0.225009460370771
      ],
      [
        0.0,
        0.0,
        0.0,
        1.0
      ]
    ],
    "3": [
      [
        -1.0,
        -1.53004184916792e-16,
        2.1828637446822e-16,
        1.98728378797642e-17
      ],
      [
        -4.61614782798013e-17,
        -0.707106782917588,
        -0.707106779455507,
        -0.0814974745618855
      ],
      [
        2.62542072444695e-16,
        -0.707106779455507,
        0.707106782917588,
        0.404004409979233
      ],
      [
        0.0,
        0.0,
        0.0,
        1.0
      ]
    ]
  },
  "simTime": 0.194499999999995,
  "state": [
    -5.48810877625719e-36,
    4.7813685249438e-21,
    0.314506935175002,
    0.707106781186548,
    -4.79289059056958e-19,
    0.707106781186548,
    -5.39586109244845e-19,
    -7.45923049218328e-35,
    -1.50871759432925e-20,
    -1.90738369999996,
    6.32931626930205e-19,
    -9.50444145296501e-18,
    -1.74746442257055e-17,
    1.0,
    2.02728366165789e-18,
    4.60641631202663e-20,
    -8.22629145942185e-19,
    1.0,
    -2.02598351677679e-18,
    -4.60641631202658e-20,
    8.19373325415899e-19,
    1.0,
    -1.53290797811337e-18,
    5.25426540735081e-20,
    5.19331833248274e-19,
    1.0,
    2.03267880877629e-18,
    -5.25426540735075e-20,
    -8.14863367871086e-19,
    1.75994131132899e-17,
    4.25853587610121e-19,
    -1.90389691708728e-17,
    -1.80261318858044e-17,
    -4.25853587610117e-19,
    1.90177168766887e-17,
    -2.10003444408894e-17,
    3.18035990880951e-19,
    1.39182038625714e-17,
    1.77028632951349e-17,
    -3.18035990880947e-19,
    -1.91187724772775e-17
  ]
}