{
  "T_WB": [
    [
      0.989685326128746,
      -0.00231540215952891,
      -0.143239638921202,
      -0.00357023009001499
    ],
    [
      0.00240751580065518,
      0.999996991593348,
      0.000469757303080712,
      -1.28968733838711e-06
    ],
    [
      0.143238120321045,
      -0.000809763603683731,
      0.989687923120112,
      0.187930744450462
    ],
    [
      0.0,
      0.0,
      0.0,
      1.0
    ]
  ],
  "T_WH": {
    "0": [
      [
        0.692902268481277,
        0.644966532895212,
        -0.322342392152552,
        0.0396615059142548
      ],
      [
        -0.72009445799209,
        0.641783953691486,
        -0.263775147338038,
        -0.0319036030989609
      ],
      [
        0.0367480326354982,
        0.414887368124475,
        0.909130383315928,
        0.00575543724815969
      ],
      [
        0.0,
        0.0,
        0.0,
        1.0
      ]
    ],
    "1": [
      [
        -0.616899897027445,
        -0.716754578136027,
        -0.325111352875555,
        -0.0396615059142548
      ],
      [
        0.75391035722607,
        -0.656748213837618,
        0.0173481090715506,
        0.0319036030989609
      ],
      [
        -0.225950636898389,
        -0.2344027694848,
        0.945516605535338,
        -0.00575543724815969
      ],
      [
        0.0,
        0.0,
        0.0,
        1.0
      ]
    ],
    "2": [
      [
        0.688325285709818,
        -0.649297777616592,
        -0.323451228216329,
        0.0395133201760449
      ],
      [
        0.72452082899875,
        0.637335460011825,
        0.262436810982148,
        0.0320962043630133
      ],
      [
        0.0357472991911495,
        -0.414989044908019,
        0.909123876711457,
        0.00570361237752394
      ],
      [
        0.0,
        0.0,
        0.0,
        1.0
      ]
    ],
    "3": [
      [
        -0.616636488636121,
        0.717232206284318,
        -0.324557241717148,
        -0.0395133201760449
      ],
      [
        -0.754271514310703,
        -0.656333267827824,
        -0.0173529317951655,
        -0.0320962043630133
      ],
      [
        -0.225463796610349,
        0.234103831260785,
        0.9457068639949,
        -0.00570361237752394
      ],
      [
        0.0,
        0.0,
        0.0,
        1.0
      ]
    ]
  },
  "T_WP": {
    "0": [
      [
        0.322342392152552,
        0.644966532895212,
        0.692902268481277,
        0.0881646647079442
      ],
      [
        0.263775147338038,
        0.641783953691486,
        -0.72009445799209,
        -0.0823102151584072
      ],
      [
        -0.909130383315928,
        0.414887368124475,
        0.0367480326354983,
        0.00832779953264457
      ],
      [
        0.0,
        0.0,
        0.0,
        1.0
      ]
    ],
    "1": [
      [
        0.325111352875555,
        -0.716754578136027,
        -0.616899897027445,
        -0.0828444987061759
      ],
      [
        -0.0173481090715505,
        -0.656748213837618,
        0.75391035722607,
        0.0846773281047858
      ],
      [
        -0.945516605535338,
        -0.2344027694848,
        -0.225950636898389,
        -0.0215719818310469
      ],
      [
        0.0,
        0.0,
        0.0,
        1.0
      ]
    ],
    "2": [
      [
        0.323451228216329,
        -0.649297777616592,
        0.688325285709818,
        0.0876960901757322
      ],
      [
        -0.262436810982148,
        0.637335460011825,
        0.72452082899875,
        0.0828126623929258
      ],
      [
        -0.909123876711457,
        -0.414989044908019,
        0.0357472991911496,
        0.0082059233209044
      ],
      [
        0.0,
        0.0,
        0.0,
        1.0
      ]
    ],
    "3": [
      [
        0.324557241717148,
        0.717232206284318,
        -0.616636488636121,
        -0.0826778743805734
      ],
      [
        0.0173529317951655,
        -0.656333267827824,
        -0.754271514310703,
        -0.0848952103647626
      ],
      [
        -0.9457068639949,
        0.234103831260785,
        -0.225463796610349,
        -0.0214860781402484
      ],
      [
        0.0,
        0.0,
        0.0,
        1.0
      ]
    ]
  }
}