{
  "T_WB": [
    [
      -0.0780823879563943,
      0.0531762552311689,
      0.99552771260805,
      -0.171112449202842
    ],
    [
      0.0254787585661498,
      0.998356733756145,
      -0.05132898816156,
      -0.000427104099267397
    ],
    [
      -0.996621278898336,
      0.0213569202684118,
      -0.0793089427725129,
      0.182625887017161
    ],
    [
      0.0,
      0.0,
      0.0,
      1.0
    ]
  ],
  "T_WH": {
    "0": [
      [
        -0.469398509997817,
        -0.55240857222182,
        0.688846723261191,
        -0.175937384888496
      ],
      [
        -0.778982160257671,
        0.626398532821484,
        -0.0284898592377155,
        -0.031355369236818
      ],
      [
        -0.415754534325389,
        -0.549972406048651,
        -0.724346960905433,
        0.142077614412638
      ],
      [
        0.0,
        0.0,
        0.0,
        1.0
      ]
    ],
    "1": [
      [
        0.0257463681479686,
        -0.169262022719982,
        0.985234739639204,
        -0.166287513517189
      ],
      [
        0.83734654435612,
        -0.534708411846814,
        -0.113743918321477,
        0.0305011610382833
      ],
      [
        0.546065828615978,
        0.827911397412186,
        0.12796417019208,
        0.223174159621683
      ],
      [
        0.0,
        0.0,
        0.0,
        1.0
      ]
    ],
    "2": [
      [
        -0.381075363828182,
        0.615948949401401,
        0.689484197653964,
        -0.172534104553701
      ],
      [
        0.841376667711595,
        0.540164821001123,
        -0.0175290953376779,
        0.0325394617235752
      ],
      [
        -0.383232136066056,
        0.57343601027851,
        -0.724088580217996,
        0.143444457309816
      ],
      [
        0.0,
        0.0,
        0.0,
        1.0
      ]
    ],
    "3": [
      [
        -0.0700632891829873,
        0.120769618967485,
        0.99020494577805,
        -0.169690793851984
      ],
      [
        -0.864968343231103,
        -0.50182642935551,
        2.88778112077193e-06,
        -0.03339366992211
      ],
      [
        0.49691136102619,
        -0.85649572908144,
        0.139621507470558,
        0.221807316724505
      ],
      [
        0.0,
        0.0,
        0.0,
        1.0
      ]
    ]
  },
  "T_WP": {
    "0": [
      [
        -0.688846723261191,
        -0.55240857222182,
        -0.469398509997817,
        -0.208795280588343
      ],
      [
        0.0284898592377155,
        0.626398532821484,
        -0.778982160257671,
        -0.085884120454855
      ],
      [
        0.724346960905433,
        -0.549972406048651,
        -0.415754534325389,
        0.112974797009861
      ],
      [
        0.0,
        0.0,
        0.0,
        1.0
      ]
    ],
    "1": [
      [
        -0.985234739639204,
        -0.169262022719982,
        0.0257463681479687,
        -0.164485267746832
      ],
      [
        0.113743918321477,
        -0.534708411846814,
        0.83734654435612,
        0.0891154191432116
      ],
      [
        -0.12796417019208,
        0.827911397412186,
        0.546065828615978,
        0.261398767624802
      ],
      [
        0.0,
        0.0,
        0.0,
        1.0
      ]
    ],
    "2": [
      [
        -0.689484197653964,
        0.615948949401401,
        -0.381075363828182,
        -0.199209380021674
      ],
      [
        0.017529095337678,
        0.540164821001123,
        0.841376667711595,
        0.0914358284633869
      ],
      [
        0.724088580217996,
        0.57343601027851,
        -0.383232136066056,
        0.116618207785192
      ],
      [
        0.0,
        0.0,
        0.0,
        1.0
      ]
    ],
    "3": [
      [
        -0.99020494577805,
        0.120769618967485,
        -0.0700632891829872,
        -0.174595224094793
      ],
      [
        -2.88778112082489e-06,
        -0.50182642935551,
        -0.864968343231103,
        -0.0939414539482873
      ],
      [
        -0.139621507470558,
        -0.85649572908144,
        0.49691136102619,
        0.256591111996338
      ],
      [
        0.0,
        0.0,
        0.0,
        1.0
      ]
    ]
  },
  "simTime": 0.886999999999919,
  "state": [
    -0.171112449202842,
    -0.000427104099267397,
    0.182625887017161,
    0.678410901118791,
    0.0267853554203297,
    0.734123297628718,
    -0.0102067554557799,
    -0.448675235952341,
    -0.00143031158215467,
    0.477778426313669,
    0.481005557072462,
    13.0753518391977,
    -0.217471994013029,
    0.930843842904882,
    -0.269980022643052,
    0.234036348335168,
    -0.0765997072949264,
    0.98781061319978,
    -0.0998833511742224,
    0.0420029070132812,
    -0.111755377546298,
    0.930910708952512,
    0.271043052627808,
    0.232749060767967,
    0.0759525528956028,
    0.986519689878898,
    0.102969185614556,
    0.0452305832199176,
    0.118871538379484,
    -1.40720874087999,
    -2.26094922918591,
    2.88389049406749,
    -1.27872193484975,
    -0.837655924878146,
    0.659349903110934,
    1.44632738712693,
    -2.22688861289821,
    -2.85455872137858,
    1.31669151707176,
    -0.866288324959382,
    -0.720055699088756
  ]
}