{
  "arms": {
    "0": [
      [
        -0.965479969978333,
        0.086127907037735,
        0.245826065540314,
        0.0101464129984379
      ],
      [
        -0.100706189870834,
        0.746939361095428,
        -0.65722131729126,
        -0.0318947434425354
      ],
      [
        -0.240222260355949,
        -0.659290254116058,
        -0.712481319904327,
        0.0798089280724525
      ],
      [
        0.0,
        0.0,
        0.0,
        1.0
      ]
    ],
    "1": [
      [
        -0.948425114154816,
        0.262293696403503,
        -0.178022086620331,
        -0.0126008121296763
      ],
      [
        -0.0568466857075691,
        -0.693203926086426,
        -0.718496203422546,
        -0.032157763838768
      ],
      [
        -0.311862647533417,
        -0.671319842338562,
        0.672362506389618,
        0.156506359577179
      ],
      [
        0.0,
        0.0,
        0.0,
        1.0
      ]
    ],
    "2": [
      [
        -0.980557262897491,
        -0.111891306936741,
        -0.161207348108292,
        -0.0126156639307737
      ],
      [
        -0.0464860796928406,
        -0.665677011013031,
        0.74479067325592,
        0.0318418741226196
      ],
      [
        -0.190647631883621,
        0.737803816795349,
        0.647533059120178,
        0.15672142803669
      ],
      [
        0.0,
        0.0,
        0.0,
        1.0
      ]
    ],
    "3": [
      [
        -0.940733909606934,
        -0.254888743162155,
        0.223721712827682,
        0.0101315611973405
      ],
      [
        -0.0268954690545797,
        0.713654518127441,
        0.699981331825256,
        0.0321048945188522
      ],
      [
        -0.338077366352081,
        0.652479112148285,
        -0.678214371204376,
        0.0800240039825439
      ],
      [
        0.0,
        0.0,
        0.0,
        1.0
      ]
    ]
  },
  "arms_in_parent_frame": {
    "0": [
      [
        -1.49775374325145e-08,
        3.92999410792072e-09,
        0.999999940395355,
        0.0
      ],
      [
        7.9883024639571e-09,
        1.0,
        3.92999410792072e-09,
        0.0
      ],
      [
        -1.0,
        -7.9883024639571e-09,
        1.49775374325145e-08,
        1.86264514923096e-09
      ],
      [
        0.0,
        0.0,
        0.0,
        1.0
      ]
    ],
    "1": [
      [
        -6.86759804580106e-09,
        3.68809409678761e-08,
        1.0,
        0.0
      ],
      [
        -2.86544121763654e-09,
        0.999999940395355,
        3.68809409678761e-08,
        0.0
      ],
      [
        -1.0,
        2.86544121763654e-09,
        6.86759804580106e-09,
        0.0
      ],
      [
        0.0,
        0.0,
        0.0,
        1.0
      ]
    ],
    "2": [
      [
        -7.42391037533707e-09,
        3.460102959707e-08,
        1.0,
        0.0
      ],
      [
        3.70387809311978e-09,
        1.0,
        3.460102959707e-08,
        7.45058059692383e-09
      ],
      [
        -1.0,
        -3.70387809311978e-09,
        7.42391037533707e-09,
        1.86264514923096e-09
      ],
      [
        0.0,
        0.0,
        0.0,
        1.0
      ]
    ],
    "3": [
      [
        7.67875363294479e-09,
        -3.2726273246908e-08,
        1.0,
        -1.86264514923096e-09
      ],
      [
        -3.97370669702468e-09,
        1.0,
        -3.2726273246908e-08,
        7.45058059692383e-09
      ],
      [
        -0.999999940395355,
        3.97370669702468e-09,
        -7.67875363294479e-09,
        0.0
      ],
      [
        0.0,
        0.0,
        0.0,
        1.0
      ]
    ]
  },
  "arms_link_world": {
    "0": [
      [
        -0.965479969978333,
        0.086127907037735,
        0.245826065540314,
        0.0101464129984379
      ],
      [
        -0.100706189870834,
        0.746939361095428,
        -0.65722131729126,
        -0.0318947434425354
      ],
      [
        -0.240222260355949,
        -0.659290254116058,
        -0.712481319904327,
        0.0798089280724525
      ],
      [
        0.0,
        0.0,
        0.0,
        1.0
      ]
    ],
    "1": [
      [
        -0.948425114154816,
        0.262293696403503,
        -0.178022086620331,
        -0.0126008121296763
      ],
      [
        -0.0568466857075691,
        -0.693203926086426,
        -0.718496203422546,
        -0.032157763838768
      ],
      [
        -0.311862647533417,
        -0.671319842338562,
        0.672362506389618,
        0.156506359577179
      ],
      [
        0.0,
        0.0,
        0.0,
        1.0
      ]
    ],
    "2": [
      [
        -0.980557262897491,
        -0.111891306936741,
        -0.161207348108292,
        -0.0126156639307737
      ],
      [
        -0.0464860796928406,
        -0.665677011013031,
        0.74479067325592,
        0.0318418741226196
      ],
      [
        -0.190647631883621,
        0.737803816795349,
        0.647533059120178,
        0.15672142803669
      ],
      [
        0.0,
        0.0,
        0.0,
        1.0
      ]
    ],
    "3": [
      [
        -0.940733909606934,
        -0.254888743162155,
        0.223721712827682,
        0.0101315611973405
      ],
      [
        -0.0268954690545797,
        0.713654518127441,
        0.699981331825256,
        0.0321048945188522
      ],
      [
        -0.338077366352081,
        0.652479112148285,
        -0.678214371204376,
        0.0800240039825439
      ],
      [
        0.0,
        0.0,
        0.0,
        1.0
      ]
    ]
  },
  "arms_relative_to_base": {
    "0": [
      [
        -0.0445506535470486,
        0.659018635749817,
        0.750805974006653,
        0.0399999991059303
      ],
      [
        -0.101288840174675,
        0.744699656963348,
        -0.659668922424316,
        -0.0320000015199184
      ],
      [
        -0.993858993053436,
        -0.105436936020851,
        0.0335744097828865,
        0.0
      ],
      [
        0.0,
        0.0,
        0.0,
        1.0
      ]
    ],
    "1": [
      [
        0.02912587672472,
        0.715907871723175,
        -0.697586953639984,
        -0.0400000065565109
      ],
      [
        -0.0576742887496948,
        -0.69551682472229,
        -0.716191411018372,
        -0.0319999977946281
      ],
      [
        -0.997910499572754,
        0.0610925480723381,
        0.0210319496691227,
        3.72529029846191e-09
      ],
      [
        0.0,
        0.0,
        0.0,
        1.0
      ]
    ],
    "2": [
      [
        -0.0961875170469284,
        -0.741349399089813,
        -0.664190530776978,
        -0.0400000065565109
      ],
      [
        -0.0468989461660385,
        -0.663167893886566,
        0.74699991941452,
        0.0320000015199184
      ],
      [
        -0.994257688522339,
        0.103001900017262,
        0.0290199853479862,
        3.72529029846191e-09
      ],
      [
        0.0,
        0.0,
        0.0,
        1.0
      ]
    ],
    "3": [
      [
        0.0565437823534012,
        -0.695672154426575,
        0.716130614280701,
        0.0399999991059303
      ],
      [
        -0.0278131198137999,
        0.715902268886566,
        0.697646379470825,
        0.0320000015199184
      ],
      [
        -0.998012602329254,
        -0.0593653880059719,
        0.0211310125887394,
        3.72529029846191e-09
      ],
      [
        0.0,
        0.0,
        0.0,
        1.0
      ]
    ]
  },
  "arms_view_frame": {
    "0": [
      [
        -0.965479910373688,
        0.0861278995871544,
        0.245826050639153,
        0.0101464120671153
      ],
      [
        -0.240222260355949,
        -0.659290313720703,
        -0.712481319904327,
        0.0798089280724525
      ],
      [
        0.100706197321415,
        -0.746939361095428,
        0.657221376895905,
        0.0318947397172451
      ],
      [
        0.0,
        0.0,
        0.0,
        1.0
      ]
    ],
    "1": [
      [
        -0.948425054550171,
        0.262293666601181,
        -0.17802207171917,
        -0.0126008111983538
      ],
      [
        -0.311862647533417,
        -0.671319782733917,
        0.672362565994263,
        0.156506359577179
      ],
      [
        0.0568467006087303,
        0.693203926086426,
        0.718496203422546,
        0.0321577563881874
      ],
      [
        0.0,
        0.0,
        0.0,
        1.0
      ]
    ],
    "2": [
      [
        -0.980557203292847,
        -0.11189129948616,
        -0.16120733320713,
        -0.0126156629994512
      ],
      [
        -0.190647631883621,
        0.737803816795349,
        0.647532999515533,
        0.15672142803669
      ],
      [
        0.0464860871434212,
        0.665676951408386,
        -0.74479067325592,
        -0.0318418815732002
      ],
      [
        0.0,
        0.0,
        0.0,
        1.0
      ]
    ],
    "3": [
      [
        -0.940733850002289,
        -0.254888713359833,
        0.223721697926521,
        0.0101315602660179
      ],
      [
        -0.338077366352081,
        0.65247905254364,
        -0.678214430809021,
        0.0800240039825439
      ],
      [
        0.0268954839557409,
        -0.713654518127441,
        -0.699981331825256,
        -0.0321048982441425
      ],
      [
        0.0,
        0.0,
        0.0,
        1.0
      ]
    ]
  },
  "arms_visual_world": {
    "0": [
      [
        -0.965479969978333,
        0.086127907037735,
        0.245826065540314,
        0.0101464129984379
      ],
      [
        -0.100706189870834,
        0.746939361095428,
        -0.65722131729126,
        -0.0318947434425354
      ],
      [
        -0.240222260355949,
        -0.659290254116058,
        -0.712481319904327,
        0.0798089280724525
      ],
      [
        0.0,
        0.0,
        0.0,
        1.0
      ]
    ],
    "1": [
      [
        -0.948425114154816,
        0.262293696403503,
        -0.178022086620331,
        -0.0126008121296763
      ],
      [
        -0.0568466857075691,
        -0.693203926086426,
        -0.718496203422546,
        -0.032157763838768
      ],
      [
        -0.311862647533417,
        -0.671319842338562,
        0.672362506389618,
        0.156506359577179
      ],
      [
        0.0,
        0.0,
        0.0,
        1.0
      ]
    ],
    "2": [
      [
        -0.980557262897491,
        -0.111891306936741,
        -0.161207348108292,
        -0.0126156639307737
      ],
      [
        -0.0464860796928406,
        -0.665677011013031,
        0.74479067325592,
        0.0318418741226196
      ],
      [
        -0.190647631883621,
        0.737803816795349,
        0.647533059120178,
        0.15672142803669
      ],
      [
        0.0,
        0.0,
        0.0,
        1.0
      ]
    ],
    "3": [
      [
        -0.940733909606934,
        -0.254888743162155,
        0.223721712827682,
        0.0101315611973405
      ],
      [
        -0.0268954690545797,
        0.713654518127441,
        0.699981331825256,
        0.0321048945188522
      ],
      [
        -0.338077366352081,
        0.652479112148285,
        -0.678214371204376,
        0.0800240039825439
      ],
      [
        0.0,
        0.0,
        0.0,
        1.0
      ]
    ]
  },
  "base": [
    [
      0.28434032201767,
      -0.000232049264013767,
      0.958723366260529,
      -0.00123462546616793
    ],
    [
      0.0032877461053431,
      0.999994337558746,
      -0.000733048596885055,
      -2.64352602243889e-05
    ],
    [
      -0.95871776342392,
      0.00336047448217869,
      0.28433945775032,
      0.118265174329281
    ],
    [
      0.0,
      0.0,
      0.0,
      1.0
    ]
  ],
  "base_link_world": [
    [
      0.28434032201767,
      -0.000232049264013767,
      0.958723366260529,
      -0.00123462546616793
    ],
    [
      0.0032877461053431,
      0.999994337558746,
      -0.000733048596885055,
      -2.64352602243889e-05
    ],
    [
      -0.95871776342392,
      0.00336047448217869,
      0.28433945775032,
      0.118265174329281
    ],
    [
      0.0,
      0.0,
      0.0,
      1.0
    ]
  ],
  "base_view_frame": [
    [
      0.284340292215347,
      -0.000232049249461852,
      0.958723306655884,
      -0.0012346253497526
    ],
    [
      -0.95871776342392,
      0.00336043071001768,
      0.28433945775032,
      0.118265174329281
    ],
    [
      -0.00328770419582725,
      -0.999994337558746,
      0.00073303614044562,
      2.6430090656504e-05
    ],
    [
      0.0,
      0.0,
      0.0,
      1.0
    ]
  ],
  "base_visual_world": [
    [
      -0.00023026971030049,
      -0.284340292215347,
      0.958723366260529,
      -0.00123462546616793
    ],
    [
      0.999994277954102,
      -0.00328148738481104,
      -0.000733048596885055,
      -2.64352602243889e-05
    ],
    [
      0.00335447420366108,
      0.958717703819275,
      0.28433945775032,
      0.118265174329281
    ],
    [
      0.0,
      0.0,
      0.0,
      1.0
    ]
  ],
  "view_adjust": [
    [
      0.999999940395355,
      0.0,
      0.0,
      0.0
    ],
    [
      0.0,
      -4.37113882867379e-08,
      1.0,
      0.0
    ],
    [
      0.0,
      -1.0,
      -4.37113882867379e-08,
      0.0
    ],
    [
      0.0,
      0.0,
      0.0,
      1.0
    ]
  ]
}