{
  "T_WB": [
    [
      0.823018754120411,
      -0.00662241801548211,
      0.567975592737676,
      -0.0191427230109215
    ],
    [
      -0.000931867481424418,
      0.999914945046779,
      0.0130090082286466,
      -0.000105085371878954
    ],
    [
      -0.568013434690662,
      -0.0112359357297979,
      0.822942581082783,
      0.184469601397292
    ],
    [
      0.0,
      0.0,
      0.0,
      1.0
    ]
  ],
  "T_WH": {
    "0": [
      [
        0.412831277492001,
        0.524006274401331,
        0.744975006770267,
        0.0139899445303904
      ],
      [
        -0.856126331011159,
        0.50238828513247,
        0.121052535334983,
        -0.0321396383126329
      ],
      [
        -0.310834428070145,
        -0.687766992047228,
        0.656017166678292,
        0.162108613953019
      ],
      [
        0.0,
        0.0,
        0.0,
        1.0
      ]
    ],
    "1": [
      [
        -0.693702704866485,
        -0.456895058252878,
        0.556797506284845,
        -0.0522753905522334
      ],
      [
        0.579204026511878,
        -0.813380280100415,
        0.0541776302194774,
        0.031929467568875
      ],
      [
        0.428134620106049,
        0.360082526218463,
        0.828879557824163,
        0.206830588841565
      ],
      [
        0.0,
        0.0,
        0.0,
        1.0
      ]
    ],
    "2": [
      [
        0.403409722915853,
        -0.52964008215065,
        0.746151444973745,
        0.0135661097773995
      ],
      [
        0.853083577154183,
        0.512611041615803,
        -0.0973567172997513,
        0.031854918170361
      ],
      [
        -0.33092144966257,
        0.675804190126855,
        0.65861953414715,
        0.161389514066312
      ],
      [
        0.0,
        0.0,
        0.0,
        1.0
      ]
    ],
    "3": [
      [
        -0.683771173722292,
        0.468432332761251,
        0.559489170235039,
        -0.0518515557992425
      ],
      [
        -0.581688888621608,
        -0.812845037705073,
        -0.0303476775453669,
        -0.0320650889141189
      ],
      [
        0.440562162288818,
        -0.346199500724786,
        0.828281888524257,
        0.207549688728272
      ],
      [
        0.0,
        0.0,
        0.0,
        1.0
      ]
    ]
  },
  "T_WP": {
    "0": [
      [
        -0.744975006770267,
        0.524006274401331,
        0.412831277492001,
        0.0428881339548305
      ],
      [
        -0.121052535334983,
        0.50238828513247,
        -0.856126331011159,
        -0.092068481483414
      ],
      [
        -0.656017166678292,
        -0.687766992047228,
        -0.310834428070145,
        0.140350203988109
      ],
      [
        0.0,
        0.0,
        0.0,
        1.0
      ]
    ],
    "1": [
      [
        -0.556797506284845,
        -0.456895058252878,
        -0.693702704866485,
        -0.100834579892887
      ],
      [
        -0.0541776302194774,
        -0.813380280100415,
        0.579204026511878,
        0.0724737494247064
      ],
      [
        -0.828879557824163,
        0.360082526218463,
        0.428134620106049,
        0.236800012248989
      ],
      [
        0.0,
        0.0,
        0.0,
        1.0
      ]
    ],
    "2": [
      [
        -0.746151444973745,
        -0.52964008215065,
        0.403409722915853,
        0.0418047903815093
      ],
      [
        0.0973567172997513,
        0.512611041615803,
        0.853083577154183,
        0.0915707685711538
      ],
      [
        -0.65861953414715,
        0.675804190126855,
        -0.33092144966257,
        0.138225012589932
      ],
      [
        0.0,
        0.0,
        0.0,
        1.0
      ]
    ],
    "3": [
      [
        -0.559489170235039,
        0.468432332761251,
        -0.683771173722292,
        -0.0997155379598029
      ],
      [
        0.0303476775453668,
        -0.812845037705073,
        -0.581688888621608,
        -0.0727833111176314
      ],
      [
        -0.828281888524257,
        -0.346199500724786,
        0.440562162288818,
        0.238389040088489
      ],
      [
        0.0,
        0.0,
        0.0,
        1.0
      ]
    ]
  }
}