{
  "arms": {
    "0": [
      [
        -0.948493182659149,
        -0.130546197295189,
        0.288648962974548,
        0.00416888482868671
      ],
      [
        -0.144104480743408,
        -0.633632779121399,
        -0.760094404220581,
        0.193366065621376
      ],
      [
        0.282124876976013,
        -0.76254004240036,
        0.582184076309204,
        0.0319936461746693
      ],
      [
        0.0,
        0.0,
        0.0,
        1.0
      ]
    ],
    "1": [
      [
        -0.976649224758148,
        0.208604335784912,
        -0.0513849258422852,
        -0.0115511510521173
      ],
      [
        -0.189614474773407,
        -0.724507629871368,
        0.662672758102417,
        0.271806359291077
      ],
      [
        0.101007640361786,
        0.656942188739777,
        0.747144222259521,
        0.032027218490839
      ],
      [
        0.0,
        0.0,
        0.0,
        1.0
      ]
    ],
    "2": [
      [
        -0.995136439800262,
        0.0969050824642181,
        0.0176836661994457,
        -0.0115546695888042
      ],
      [
        0.0882551148533821,
        0.797362864017487,
        0.597012042999268,
        0.271833032369614
      ],
      [
        0.0437532067298889,
        0.595669209957123,
        -0.802037298679352,
        -0.0319727770984173
      ],
      [
        0.0,
        0.0,
        0.0,
        1.0
      ]
    ],
    "3": [
      [
        -0.955704212188721,
        -0.18974994122982,
        0.224998369812965,
        0.0041653667576611
      ],
      [
        -0.294258683919907,
        0.632645130157471,
        -0.716360151767731,
        0.193392753601074
      ],
      [
        -0.00641482137143612,
        -0.750836193561554,
        -0.660457193851471,
        -0.0320063456892967
      ],
      [
        0.0,
        0.0,
        0.0,
        1.0
      ]
    ]
  },
  "base": [
    [
      0.196500450372696,
      -5.49705364392139e-05,
      0.980503678321838,
      -0.00369289214722812
    ],
    [
      -0.980503618717194,
      0.000416968832723796,
      0.196500480175018,
      0.232599556446075
    ],
    [
      -0.000419641233747825,
      -0.999999940395355,
      2.80357544397702e-05,
      1.04351966001559e-05
    ],
    [
      0.0,
      0.0,
      0.0,
      1.0
    ]
  ]
}