{
  "T_WB": [
    [
      -2.22044604925031e-16,
      4.40728685132075e-20,
      1.0,
      -1.22501238676667e-36
    ],
    [
      -5.41551326897489e-19,
      1.0,
      -4.40728685132075e-20,
      5.29895639487974e-21
    ],
    [
      -1.0,
      -5.41551326897489e-19,
      -2.22044604925031e-16,
      0.412612161575001
    ],
    [
      0.0,
      0.0,
      0.0,
      1.0
    ]
  ],
  "T_WH": {
    "0": [
      [
        -1.57100189455392e-16,
        -1.541663325742e-16,
        1.0,
        -8.88319452879368e-18
      ],
      [
        -0.707106779455507,
        0.707106782917588,
        -2.07454955690689e-18,
        -0.032
      ],
      [
        -0.707106782917588,
        -0.707106779455507,
        -2.20098668488555e-16,
        0.372612161575001
      ],
      [
        0.0,
        0.0,
        0.0,
        1.0
      ]
    ],
    "1": [
      [
        1.57100189455392e-16,
        1.54172855413044e-16,
        1.0,
        8.88319452879368e-18
      ],
      [
        0.707106779455507,
        -0.707106782917588,
        -2.06993721331694e-18,
        0.032
      ],
      [
        0.707106782917588,
        0.707106779455507,
        -2.20103280832123e-16,
        0.452612161575001
      ],
      [
        0.0,
        0.0,
        0.0,
        1.0
      ]
    ],
    "2": [
      [
        -1.57053905333806e-16,
        1.55321732895966e-16,
        1.0,
        -8.88037386520883e-18
      ],
      [
        0.707106779455507,
        0.707106782917588,
        1.2248303362468e-18,
        0.032
      ],
      [
        -0.707106782917588,
        0.707106779455507,
        -2.20882932072746e-16,
        0.372612161575001
      ],
      [
        0.0,
        0.0,
        0.0,
        1.0
      ]
    ],
    "3": [
      [
        1.57053905333806e-16,
        -1.54223056540487e-16,
        1.0,
        8.88037386520883e-18
      ],
      [
        -0.707106779455507,
        -0.707106782917588,
        2.00171183943684e-18,
        -0.032
      ],
      [
        0.707106782917588,
        -0.707106779455507,
        -2.20106050573359e-16,
        0.452612161575001
      ],
      [
        0.0,
        0.0,
        0.0,
        1.0
      ]
    ]
  },
  "T_WP": {
    "0": [
      [
        -1.0,
        -1.541663325742e-16,
        -9.58678494980247e-17,
        -1.98802077906711e-17
      ],
      [
        -4.12232531488721e-17,
        0.707106782917588,
        -0.707106779455507,
        -0.0814974745618855
      ],
      [
        1.76800865570785e-16,
        -0.707106779455507,
        -0.707106782917588,
        0.32311468677077
      ],
      [
        0.0,
        0.0,
        0.0,
        1.0
      ]
    ],
    "1": [
      [
        -1.0,
        1.54172855413044e-16,
        2.1833252941276e-16,
        1.98802077906711e-17
      ],
      [
        4.5367739919096e-17,
        -0.707106782917588,
        0.707106779455507,
        0.0814974745618855
      ],
      [
        2.63401083749893e-16,
        0.707106779455507,
        0.707106782917588,
        0.502109636379232
      ],
      [
        0.0,
        0.0,
        0.0,
        1.0
      ]
    ],
    "2": [
      [
        -1.0,
        1.55321732895966e-16,
        -9.58215653764385e-17,
        -1.98741472385753e-17
      ],
      [
        4.20729723695322e-17,
        0.707106782917588,
        0.707106779455507,
        0.0814974745618855
      ],
      [
        1.77585129154975e-16,
        0.707106779455507,
        -0.707106782917588,
        0.32311468677077
      ],
      [
        0.0,
        0.0,
        0.0,
        1.0
      ]
    ],
    "3": [
      [
        -1.0,
        -1.54223056540487e-16,
        2.18286245291174e-16,
        1.98741472385753e-17
      ],
      [
        -4.52995145452159e-17,
        -0.707106782917588,
        -0.707106779455507,
        -0.0814974745618855
      ],
      [
        2.6340385349113e-16,
        -0.707106779455507,
        0.707106782917588,
        0.502109636379232
      ],
      [
        0.0,
        0.0,
        0.0,
        1.0
      ]
    ]
  },
  "simTime": 0.133500000000002,
  "state": [
    -1.22501238676667e-36,
    5.29895639487974e-21,
    0.412612161575001,
    0.707106781186548,
    -1.75885195708877e-19,
    0.707106781186548,
    -2.0704941990091e-19,
    -5.9511006229484e-35,
    8.67197176373711e-21,
    -1.30918109999998,
    6.88310049485605e-19,
    -6.2432243021997e-18,
    -1.1533294774207e-17,
    1.0,
    1.40587434277038e-18,
    2.98894892655052e-20,
    -3.3747078840226e-19,
    1.0,
    -1.40261292334875e-18,
    -2.98894892655047e-20,
    3.35132529034272e-19,
    1.0,
    -8.59338406156094e-19,
    3.791165258815e-20,
    1.94552216236478e-19,
    1.0,
    1.40867658389535e-18,
    -3.79116525881496e-20,
    -3.29281017679647e-19,
    2.26576856303781e-17,
    5.91439675949006e-19,
    -1.25526870975559e-17,
    -2.26806507382988e-17,
    -5.91439675949001e-19,
    1.2517202428015e-17,
    -2.08388169619132e-17,
    6.39461446841424e-19,
    7.50450959989804e-18,
    2.27305068056736e-17,
    -6.39461446841419e-19,
    -1.24713508398994e-17
  ]
}