{
  "T_WB": [
    [
      0.988943461292471,
      -0.00327198077558352,
      0.148256954334934,
      -0.0092614068210396
    ],
    [
      0.00225367048168774,
      0.999972707328646,
      0.00703601927069126,
      -8.693070786817e-06
    ],
    [
      -0.148275929726394,
      -0.00662410292958838,
      0.988923844350085,
      0.440038721443771
    ],
    [
      0.0,
      0.0,
      0.0,
      1.0
    ]
  ],
  "T_WH": {
    "0": [
      [
        0.432316967503882,
        0.89673430995092,
        0.0947080617745659,
        0.0304010350154779
      ],
      [
        -0.891588236328249,
        0.440796137654201,
        -0.103774668730966,
        -0.031917672886036
      ],
      [
        -0.134805253789793,
        -0.0395770436741607,
        0.990081411382257,
        0.434319655548462
      ],
      [
        0.0,
        0.0,
        0.0,
        1.0
      ]
    ],
    "1": [
      [
        -0.768011693651526,
        -0.640058850037563,
        0.0219705917787282,
        -0.0489238486575571
      ],
      [
        0.638507567038129,
        -0.767908730491835,
        -0.0512276143253616,
        0.0319002867444624
      ],
      [
        0.0496600971562163,
        -0.0253150177367244,
        0.998445303773534,
        0.44575778733908
      ],
      [
        0.0,
        0.0,
        0.0,
        1.0
      ]
    ],
    "2": [
      [
        0.427064044167076,
        -0.899178969069442,
        0.0953597596624356,
        0.0301916282458406
      ],
      [
        0.892357404162834,
        0.43613801653085,
        0.116111557445005,
        0.0320805803829974
      ],
      [
        -0.14599508695648,
        0.0355079162969609,
        0.988647875871292,
        0.433895712960968
      ],
      [
        0.0,
        0.0,
        0.0,
        1.0
      ]
    ],
    "3": [
      [
        -0.764608857394019,
        0.644008458328747,
        0.0250280002326079,
        -0.0487144418879198
      ],
      [
        -0.641810003824196,
        -0.764390365154028,
        0.0615409510072501,
        -0.032097966524571
      ],
      [
        0.0587640552191424,
        0.0309915353075927,
        0.997790714806206,
        0.446181729926573
      ],
      [
        0.0,
        0.0,
        0.0,
        1.0
      ]
    ]
  },
  "T_WP": {
    "0": [
      [
        -0.0947080617745659,
        0.89673430995092,
        0.432316967503882,
        0.0606632227407496
      ],
      [
        0.103774668730966,
        0.440796137654201,
        -0.891588236328249,
        -0.0943288494290134
      ],
      [
        -0.990081411382257,
        -0.0395770436741607,
        -0.134805253789792,
        0.424883287783176
      ],
      [
        0.0,
        0.0,
        0.0,
        1.0
      ]
    ],
    "1": [
      [
        -0.0219705917787283,
        -0.640058850037563,
        -0.768011693651526,
        -0.102684667213164
      ],
      [
        0.0512276143253616,
        -0.767908730491835,
        0.638507567038129,
        0.0765958164371314
      ],
      [
        -0.998445303773534,
        -0.0253150177367244,
        0.0496600971562163,
        0.449233994140015
      ],
      [
        0.0,
        0.0,
        0.0,
        1.0
      ]
    ],
    "2": [
      [
        -0.0953597596624355,
        -0.899178969069442,
        0.427064044167076,
        0.0600861113375359
      ],
      [
        -0.116111557445005,
        0.43613801653085,
        0.892357404162834,
        0.0945455986743958
      ],
      [
        -0.988647875871292,
        0.0355079162969609,
        -0.14599508695648,
        0.423676056874015
      ],
      [
        0.0,
        0.0,
        0.0,
        1.0
      ]
    ],
    "3": [
      [
        -0.0250280002326079,
        0.644008458328747,
        -0.764608857394019,
        -0.102237061905501
      ],
      [
        -0.0615409510072501,
        -0.764390365154028,
        -0.641810003824196,
        -0.0770246667922647
      ],
      [
        -0.997790714806206,
        0.0309915353075927,
        0.0587640552191424,
        0.450295213791913
      ],
      [
        0.0,
        0.0,
        0.0,
        1.0
      ]
    ]
  }
}