{
  "T_WB": [
    [
      0.955170338763242,
      -0.0021708357948389,
      -0.296048832828075,
      -0.114826309092182
    ],
    [
      0.0029940139252175,
      0.999992809919568,
      0.00232722791802744,
      -3.62035326106981e-06
    ],
    [
      0.296041652183488,
      -0.00310927340687319,
      0.955169970524279,
      0.0901120945161122
    ],
    [
      0.0,
      0.0,
      0.0,
      1.0
    ]
  ],
  "T_WH": {
    "0": [
      [
        -0.150006334297446,
        0.988535516852632,
        -0.0171939405472664,
        -0.0765500287962177
      ],
      [
        -0.908071126619097,
        -0.14463263614189,
        -0.393049907217102,
        -0.0318836297136785
      ],
      [
        -0.391030598126755,
        -0.0433466548138108,
        0.919356372058782,
        0.102053257352472
      ],
      [
        0.0,
        0.0,
        0.0,
        1.0
      ]
    ],
    "1": [
      [
        -0.579224111865241,
        -0.759194334010644,
        -0.296855842859893,
        -0.153102589388147
      ],
      [
        0.788916675240453,
        -0.61375222487817,
        0.0303098331345625,
        0.0318763890071564
      ],
      [
        -0.205206987603912,
        -0.216638338396578,
        0.954441157209441,
        0.0781709316797527
      ],
      [
        0.0,
        0.0,
        0.0,
        1.0
      ]
    ],
    "2": [
      [
        -0.15385964428725,
        -0.987908531896059,
        -0.0190772761885355,
        -0.0766889622870873
      ],
      [
        0.904721021716924,
        -0.148613453093267,
        0.399241674206466,
        0.0321159101211738
      ],
      [
        -0.397249396127026,
        0.0441675691731849,
        0.916647229369099,
        0.101854263854432
      ],
      [
        0.0,
        0.0,
        0.0,
        1.0
      ]
    ],
    "3": [
      [
        -0.575621933512835,
        0.762125909166951,
        -0.296350279627662,
        -0.152963655897277
      ],
      [
        -0.792788829721532,
        -0.60893660105544,
        -0.0261168023274643,
        -0.0321231508276959
      ],
      [
        -0.20036282371665,
        0.219909787120755,
        0.954722171315192,
        0.0783699251777926
      ],
      [
        0.0,
        0.0,
        0.0,
        1.0
      ]
    ]
  },
  "T_WP": {
    "0": [
      [
        0.0171939405472664,
        0.988535516852632,
        -0.150006334297446,
        -0.0870504721970389
      ],
      [
        0.393049907217102,
        -0.14463263614189,
        -0.908071126619097,
        -0.0954486085770153
      ],
      [
        -0.919356372058782,
        -0.0433466548138108,
        -0.391030598126755,
        0.0746811154835988
      ],
      [
        0.0,
        0.0,
        0.0,
        1.0
      ]
    ],
    "1": [
      [
        0.296855842859893,
        -0.759194334010644,
        -0.579224111865241,
        -0.193648277218714
      ],
      [
        -0.0303098331345624,
        -0.61375222487817,
        0.788916675240453,
        0.0871005562739881
      ],
      [
        -0.954441157209441,
        -0.216638338396578,
        -0.205206987603912,
        0.0638064425474789
      ],
      [
        0.0,
        0.0,
        0.0,
        1.0
      ]
    ],
    "2": [
      [
        0.0190772761885355,
        -0.987908531896059,
        -0.15385964428725,
        -0.0874591373871948
      ],
      [
        -0.399241674206465,
        -0.148613453093267,
        0.904721021716924,
        0.0954463816413585
      ],
      [
        -0.916647229369099,
        0.0441675691731849,
        -0.397249396127026,
        0.0740468061255399
      ],
      [
        0.0,
        0.0,
        0.0,
        1.0
      ]
    ],
    "3": [
      [
        0.296350279627662,
        0.762125909166951,
        -0.575621933512835,
        -0.193257191243175
      ],
      [
        0.0261168023274642,
        -0.60893660105544,
        -0.792788829721532,
        -0.0876183689082032
      ],
      [
        -0.954722171315192,
        0.219909787120755,
        -0.20036282371665,
        0.0643445275176271
      ],
      [
        0.0,
        0.0,
        0.0,
        1.0
      ]
    ]
  },
  "simTime": 0.730499999999936,
  "state": [
    -0.114826309092182,
    -3.62035326106981e-06,
    0.0901120945161122,
    0.988728112173297,
    -0.00137461989245729,
    -0.149710137125085,
    0.00130593275756661,
    -0.342267217275508,
    -0.000385397394087212,
    -2.32556634666449,
    -0.011865006701356,
    -2.07082302268039,
    0.000552665264781721,
    0.850415242070295,
    -0.0689311191524325,
    0.232572433352077,
    -0.4668538102143,
    0.997878894714121,
    0.00890760021160453,
    0.0108030928745508,
    -0.0635740460167451,
    0.850360855432334,
    0.0687464883563043,
    0.232827191174378,
    0.466853119232287,
    0.997869984226078,
    -0.00920616252695484,
    0.0108436679336405,
    0.0636644014965862,
    -5.01068464719543,
    -2.60952247211857,
    0.371791519672694,
    -0.609333328043076,
    0.0272106274507548,
    -0.257407086629453,
    5.01154088183471,
    -2.6118054977546,
    -0.372094054495178,
    0.610005716555407,
    0.0269923095496689,
    0.260645741857462
  ]
}