{
  "T_WB": [
    [
      0.36953034173494,
      -0.000542134934733297,
      0.929218506395009,
      -0.00817805296681396
    ],
    [
      0.000433512548431477,
      0.999999821559653,
      0.000411032276259811,
      9.72461123526036e-06
    ],
    [
      -0.929218563419893,
      0.000250938985246612,
      0.369530510818115,
      0.234522418860027
    ],
    [
      0.0,
      0.0,
      0.0,
      1.0
    ]
  ],
  "T_WH": {
    "0": [
      [
        0.526795730797555,
        0.828374488504824,
        0.190478252847514,
        0.00662050902049513
      ],
      [
        -0.611091649700426,
        0.524863473336271,
        -0.592524539596292,
        -0.0319729291767364
      ],
      [
        -0.590807289799205,
        0.195739728087471,
        0.782708569755283,
        0.197345646275703
      ],
      [
        0.0,
        0.0,
        0.0,
        1.0
      ]
    ],
    "1": [
      [
        -0.202652229623649,
        -0.181342308403445,
        0.962313379836046,
        -0.022976614954123
      ],
      [
        0.659691934940731,
        -0.751531284419943,
        -0.00269805712779622,
        0.0319923783992069
      ],
      [
        0.723697882270439,
        0.634283608270796,
        0.271929548736913,
        0.271699191444351
      ],
      [
        0.0,
        0.0,
        0.0,
        1.0
      ]
    ],
    "2": [
      [
        0.5268516409331,
        -0.828665057856536,
        0.189054411040112,
        0.0065858123846722
      ],
      [
        0.611876286166652,
        0.524158960237945,
        0.59233841242079,
        0.0320270594030814
      ],
      [
        -0.589944708318505,
        -0.196396553660953,
        0.78319450638848,
        0.197361706370759
      ],
      [
        0.0,
        0.0,
        0.0,
        1.0
      ]
    ],
    "3": [
      [
        -0.202230228739918,
        0.182265617027211,
        0.962227717036612,
        -0.0229419183183001
      ],
      [
        -0.660050163174947,
        -0.751213028703002,
        0.00357317779967055,
        -0.0320076101806109
      ],
      [
        0.723489265073454,
        -0.634395957077717,
        0.272222432887008,
        0.271683131349295
      ],
      [
        0.0,
        0.0,
        0.0,
        1.0
      ]
    ]
  },
  "T_WP": {
    "0": [
      [
        -0.190478252847514,
        0.828374488504824,
        0.526795730797555,
        0.043496210176324
      ],
      [
        0.592524539596292,
        0.524863473336271,
        -0.611091649700426,
        -0.0747493446557662
      ],
      [
        -0.782708569755283,
        0.195739728087471,
        -0.590807289799205,
        0.155989135989759
      ],
      [
        0.0,
        0.0,
        0.0,
        1.0
      ]
    ],
    "1": [
      [
        -0.962313379836046,
        -0.181342308403445,
        -0.202652229623649,
        -0.0371622710277785
      ],
      [
        0.00269805712779626,
        -0.751531284419943,
        0.659691934940731,
        0.0781708138450581
      ],
      [
        -0.271929548736913,
        0.634283608270796,
        0.723697882270439,
        0.322358043203281
      ],
      [
        0.0,
        0.0,
        0.0,
        1.0
      ]
    ],
    "2": [
      [
        -0.189054411040112,
        -0.828665057856536,
        0.5268516409331,
        0.0434654272499892
      ],
      [
        -0.59233841242079,
        0.524158960237945,
        0.611876286166652,
        0.0748583994347471
      ],
      [
        -0.78319450638848,
        -0.196396553660953,
        -0.589944708318505,
        0.156065576788464
      ],
      [
        0.0,
        0.0,
        0.0,
        1.0
      ]
    ],
    "3": [
      [
        -0.962227717036612,
        0.182265617027211,
        -0.202230228739918,
        -0.0370980343300944
      ],
      [
        -0.00357317779967059,
        -0.751213028703002,
        -0.660050163174947,
        -0.0782111216028572
      ],
      [
        -0.272222432887008,
        -0.634395957077717,
        0.723489265073454,
        0.322327379904436
      ],
      [
        0.0,
        0.0,
        0.0,
        1.0
      ]
    ]
  },
  "simTime": 0.343999999999978,
  "state": [
    -0.00817805296681396,
    9.72461123526036e-06,
    0.234522418860027,
    0.827505388821231,
    -4.83662382069951e-05,
    0.561457694088922,
    0.000294755628284962,
    -0.160567250994179,
    0.000301099935132604,
    1.54356915905342,
    -0.00961942684120466,
    -5.45596021300552,
    0.00552160772493627,
    0.848956756343869,
    0.508239882281024,
    -0.0932667561704265,
    0.11075179506678,
    0.998152011826324,
    0.0340927961718628,
    -0.0386704340579213,
    0.0321689301347899,
    0.848735561093785,
    -0.508493228370638,
    -0.0936447535281086,
    -0.110965058341281,
    0.998154969147567,
    -0.0339952012704406,
    -0.0385544236906363,
    -0.032319348237323,
    3.46134274623635,
    0.559675713187256,
    -3.26581561203062,
    0.409295860468582,
    0.251596510843196,
    -0.300351802287983,
    -3.46488738459345,
    0.561113754272262,
    3.26734996195126,
    -0.411365779195008,
    0.252106381171579,
    0.297929079637104
  ]
}