{
  "T_WB": [
    [
      0.770273732439548,
      -0.00746984831098331,
      0.637669646823384,
      -0.0208352705254288
    ],
    [
      -0.00174492102117037,
      0.999902963804857,
      0.0138209342988456,
      -0.000129181209330991
    ],
    [
      -0.637711010069826,
      -0.011758585819478,
      0.77018595371199,
      0.0999303192716561
    ],
    [
      0.0,
      0.0,
      0.0,
      1.0
    ]
  ],
  "T_WH": {
    "0": [
      [
        0.41323002861791,
        0.409868865861185,
        0.813171849147587,
        0.0102147139181046
      ],
      [
        -0.830319387673137,
        0.536257318845529,
        0.151650263562945,
        -0.0321958728919332
      ],
      [
        -0.373912634050452,
        -0.737858794609287,
        0.561919692941244,
        0.0747981536150863
      ],
      [
        0.0,
        0.0,
        0.0,
        1.0
      ]
    ],
    "1": [
      [
        -0.649763480654711,
        -0.407899605339228,
        0.641424454765779,
        -0.0518852549689622
      ],
      [
        0.583284203747301,
        -0.808645669130367,
        0.0766271456833572,
        0.0319375104732712
      ],
      [
        0.487428924938141,
        0.423922273253958,
        0.763349821099634,
        0.125062484928226
      ],
      [
        0.0,
        0.0,
        0.0,
        1.0
      ]
    ],
    "2": [
      [
        0.402633305733375,
        -0.417187802625361,
        0.814764234889356,
        0.00973664362620167
      ],
      [
        0.82600850246546,
        0.549164187092371,
        -0.126998619952907,
        0.0317979167915776
      ],
      [
        -0.394457063530345,
        0.724136059698589,
        0.565712464132813,
        0.0740456041226397
      ],
      [
        0.0,
        0.0,
        0.0,
        1.0
      ]
    ],
    "3": [
      [
        -0.638644971662234,
        0.421113576668862,
        0.644046547786496,
        -0.0514071846770592
      ],
      [
        -0.584883462885687,
        -0.809533771477267,
        -0.0506597244429758,
        -0.0320562792102396
      ],
      [
        0.500043933083276,
        -0.409045753410239,
        0.763307039534982,
        0.125815034420672
      ],
      [
        0.0,
        0.0,
        0.0,
        1.0
      ]
    ]
  },
  "T_WP": {
    "0": [
      [
        -0.813171849147587,
        0.409868865861185,
        0.41323002861791,
        0.0391408159213583
      ],
      [
        -0.151650263562945,
        0.536257318845529,
        -0.830319387673137,
        -0.0903182300290528
      ],
      [
        -0.561919692941244,
        -0.737858794609287,
        -0.373912634050452,
        0.0486242692315547
      ],
      [
        0.0,
        0.0,
        0.0,
        1.0
      ]
    ],
    "1": [
      [
        -0.641424454765779,
        -0.407899605339228,
        -0.649763480654711,
        -0.0973686986147919
      ],
      [
        -0.0766271456833571,
        -0.808645669130367,
        0.583284203747301,
        0.0727674047355823
      ],
      [
        -0.763349821099634,
        0.423922273253958,
        0.487428924938141,
        0.159182509673896
      ],
      [
        0.0,
        0.0,
        0.0,
        1.0
      ]
    ],
    "2": [
      [
        -0.814764234889356,
        -0.417187802625361,
        0.402633305733375,
        0.0379209750275379
      ],
      [
        0.126998619952907,
        0.549164187092371,
        0.82600850246546,
        0.0896185119641598
      ],
      [
        -0.565712464132813,
        0.724136059698589,
        -0.394457063530345,
        0.0464336096755156
      ],
      [
        0.0,
        0.0,
        0.0,
        1.0
      ]
    ],
    "3": [
      [
        -0.644046547786496,
        0.421113576668862,
        -0.638644971662234,
        -0.0961123326934156
      ],
      [
        0.0506597244429758,
        -0.809533771477267,
        -0.584883462885687,
        -0.0729981216122377
      ],
      [
        -0.763307039534982,
        -0.409045753410239,
        0.500043933083276,
        0.160818109736502
      ],
      [
        0.0,
        0.0,
        0.0,
        1.0
      ]
    ]
  }
}