{
  "T_WB": [
    [
      0.704900950283865,
      -0.00136251477042693,
      0.709304443692836,
      -0.0229052023392273
    ],
    [
      0.0010412088640443,
      0.999999065292904,
      0.000886170085010911,
      3.09854875409749e-05
    ],
    [
      -0.709304988120769,
      0.000113871939041667,
      0.704901710070402,
      0.324557029252317
    ],
    [
      0.0,
      0.0,
      0.0,
      1.0
    ]
  ],
  "T_WH": {
    "0": [
      [
        0.416353630582484,
        0.887242405381147,
        -0.198621671512102,
        0.00533443614478098
      ],
      [
        -0.730064750956253,
        0.196041625770139,
        -0.654654978119455,
        -0.0319273362472702
      ],
      [
        -0.541899542085033,
        0.41757465806593,
        0.729367048357104,
        0.296181185825437
      ],
      [
        0.0,
        0.0,
        0.0,
        1.0
      ]
    ],
    "1": [
      [
        -0.478420214724615,
        -0.415205634821696,
        0.773768944165612,
        -0.0511448408232356
      ],
      [
        0.684156589717946,
        -0.728631564236637,
        0.0320281804600537,
        0.0319893072223521
      ],
      [
        0.550494195145021,
        0.544702051042938,
        0.63265774056851,
        0.352932872679197
      ],
      [
        0.0,
        0.0,
        0.0,
        1.0
      ]
    ],
    "2": [
      [
        0.414867302865484,
        -0.887366846802476,
        -0.201159638618061,
        0.00524723519947366
      ],
      [
        0.731140284006578,
        0.193524068605459,
        0.654203576857518,
        0.0320726039314757
      ],
      [
        -0.541589333458386,
        -0.418483588765701,
        0.729076456771086,
        0.296188473629536
      ],
      [
        0.0,
        0.0,
        0.0,
        1.0
      ]
    ],
    "3": [
      [
        -0.476872772759059,
        0.416978671414649,
        0.773770732314398,
        -0.0510576398779283
      ],
      [
        -0.685298771403944,
        -0.727634277941482,
        -0.0302316304029883,
        -0.0320106329563937
      ],
      [
        0.550416163019703,
        -0.544680773618687,
        0.632743946898598,
        0.352925584875099
      ],
      [
        0.0,
        0.0,
        0.0,
        1.0
      ]
    ]
  },
  "T_WP": {
    "0": [
      [
        0.198621671512102,
        0.887242405381147,
        0.416353630582484,
        0.0344791902855549
      ],
      [
        0.654654978119455,
        0.196041625770139,
        -0.730064750956253,
        -0.0830318688142079
      ],
      [
        -0.729367048357104,
        0.41757465806593,
        -0.541899542085033,
        0.258248217879485
      ],
      [
        0.0,
        0.0,
        0.0,
        1.0
      ]
    ],
    "1": [
      [
        -0.773768944165612,
        -0.415205634821696,
        -0.478420214724615,
        -0.0846342558539586
      ],
      [
        -0.0320281804600536,
        -0.728631564236637,
        0.684156589717946,
        0.0798802685026083
      ],
      [
        -0.63265774056851,
        0.544702051042938,
        0.550494195145021,
        0.391467466339349
      ],
      [
        0.0,
        0.0,
        0.0,
        1.0
      ]
    ],
    "2": [
      [
        0.201159638618061,
        -0.887366846802476,
        0.414867302865484,
        0.0342879464000576
      ],
      [
        -0.654203576857518,
        0.193524068605459,
        0.731140284006578,
        0.0832524238119362
      ],
      [
        -0.729076456771086,
        -0.418483588765701,
        -0.541589333458386,
        0.258277220287449
      ],
      [
        0.0,
        0.0,
        0.0,
        1.0
      ]
    ],
    "3": [
      [
        -0.773770732314398,
        0.416978671414649,
        -0.476872772759059,
        -0.0844387339710624
      ],
      [
        0.0302316304029882,
        -0.727634277941482,
        -0.685298771403944,
        -0.0799815469546698
      ],
      [
        -0.632743946898598,
        -0.544680773618687,
        0.550416163019703,
        0.391454716286478
      ],
      [
        0.0,
        0.0,
        0.0,
        1.0
      ]
    ]
  },
  "simTime": 0.42099999999997,
  "state": [
    -0.0229052023392273,
    3.09854875409749e-05,
    0.324557029252317,
    0.923282422345293,
    -0.000209117526576396,
    0.384121206437056,
    0.000650863586345922,
    -0.216184467341475,
    0.000222980598540536,
    0.792742905102978,
    -0.0104491457957877,
    -4.98602795462611,
    0.00335215568532768,
    0.827477343812413,
    0.559474079037231,
    0.0255812430288822,
    -0.0401945315645378,
    0.998578047258399,
    0.0448513271648711,
    -0.023969363607493,
    0.0159909847540191,
    0.827233830601212,
    -0.559857210337998,
    0.0254583663971019,
    0.0399495321848844,
    0.998576608332781,
    -0.0448635138818083,
    -0.0238747939808634,
    -0.0161869276006436,
    0.175828482231902,
    -0.300623423978907,
    -5.70679613007723,
    0.174236172429841,
    0.367558126894874,
    -0.534401214968023,
    -0.178543410124127,
    -0.29788684616296,
    5.71142796632326,
    -0.177618326143481,
    0.366680001872002,
    0.534017966325276
  ]
}