{
  "T_WB": [
    [
      0.346364929132645,
      -0.178602968122217,
      0.920940994659741,
      -0.0465948931835923
    ],
    [
      -0.189149107771508,
      0.948250104492819,
      0.25503794689928,
      0.00330707402244862
    ],
    [
      -0.918832928717828,
      -0.262531367853999,
      0.294657988177018,
      0.660750161682983
    ],
    [
      0.0,
      0.0,
      0.0,
      1.0
    ]
  ],
  "T_WH": {
    "0": [
      [
        0.0824459772251235,
        -0.37365027340251,
        0.923898335330043,
        -0.0270250010383756
      ],
      [
        -0.55356032939387,
        0.753721578632476,
        0.354224143199074,
        -0.0346028936321819
      ],
      [
        -0.828718059752981,
        -0.540637822474526,
        -0.144696656316786,
        0.632397848305598
      ],
      [
        0.0,
        0.0,
        0.0,
        1.0
      ]
    ],
    "1": [
      [
        -0.430734081906036,
        0.0592962803386113,
        0.900528790113103,
        -0.0661647853288091
      ],
      [
        0.784122213150247,
        -0.469409691905501,
        0.405964156040335,
        0.0412170416770791
      ],
      [
        0.446789106323021,
        0.880987225947793,
        0.155695222110022,
        0.689102475060368
      ],
      [
        0.0,
        0.0,
        0.0,
        1.0
      ]
    ],
    "2": [
      [
        -0.0775954467220493,
        0.0333877293142797,
        0.996425715334185,
        -0.0384555909981975
      ],
      [
        -0.0476762867627327,
        0.998171419958595,
        -0.0371589566371362,
        0.0260851130553585
      ],
      [
        -0.995844324344184,
        -0.0503892439820175,
        -0.0758617542797254,
        0.615595840762942
      ],
      [
        0.0,
        0.0,
        0.0,
        1.0
      ]
    ],
    "3": [
      [
        -0.205507482916435,
        0.133951914933347,
        0.969444974689663,
        -0.0547341953689872
      ],
      [
        -0.533997168140078,
        -0.845478499239247,
        0.00362377462446731,
        -0.0194709650104613
      ],
      [
        0.82013029384588,
        -0.516936158350178,
        0.24528210147997,
        0.705904482603024
      ],
      [
        0.0,
        0.0,
        0.0,
        1.0
      ]
    ]
  },
  "T_WP": {
    "0": [
      [
        -0.923898335330043,
        -0.37365027340251,
        0.0824459772251236,
        -0.0212537826326169
      ],
      [
        -0.354224143199074,
        0.753721578632476,
        -0.55356032939387,
        -0.0733521166897528
      ],
      [
        0.144696656316785,
        -0.540637822474526,
        -0.828718059752981,
        0.574387584122889
      ],
      [
        0.0,
        0.0,
        0.0,
        1.0
      ]
    ],
    "1": [
      [
        -0.900528790113103,
        0.0592962803386113,
        -0.430734081906036,
        -0.0963161710622316
      ],
      [
        -0.405964156040335,
        -0.469409691905501,
        0.784122213150247,
        0.0961055965975964
      ],
      [
        -0.155695222110022,
        0.880987225947793,
        0.446789106323021,
        0.72037771250298
      ],
      [
        0.0,
        0.0,
        0.0,
        1.0
      ]
    ],
    "2": [
      [
        -0.996425715334185,
        0.0333877293142797,
        -0.0775954467220493,
        -0.0438872722687409
      ],
      [
        0.0371589566371362,
        0.998171419958595,
        -0.0476762867627327,
        0.0227477729819673
      ],
      [
        0.0758617542797254,
        -0.0503892439820175,
        -0.995844324344184,
        0.545886738058849
      ],
      [
        0.0,
        0.0,
        0.0,
        1.0
      ]
    ],
    "3": [
      [
        -0.969444974689663,
        0.133951914933347,
        -0.205507482916435,
        -0.0691197191731376
      ],
      [
        -0.00362377462446735,
        -0.845478499239247,
        -0.533997168140078,
        -0.0568507667802667
      ],
      [
        -0.24528210147997,
        -0.516936158350178,
        0.82013029384588,
        0.763313603172236
      ],
      [
        0.0,
        0.0,
        0.0,
        1.0
      ]
    ]
  }
}