{
  "T_WB": [
    [
      -2.22044604925031e-16,
      2.58103427561394e-20,
      1.0,
      1.33556662129238e-37
    ],
    [
      -2.67682378858785e-19,
      1.0,
      -2.58103427561395e-20,
      4.70549818667307e-21
    ],
    [
      -1.0,
      -2.67682378858785e-19,
      -2.22044604925031e-16,
      0.445425045175001
    ],
    [
      0.0,
      0.0,
      0.0,
      1.0
    ]
  ],
  "T_WH": {
    "0": [
      [
        -1.5707033052026e-16,
        -1.54835808781796e-16,
        1.0,
        -8.88261012796945e-18
      ],
      [
        -0.707106779455507,
        0.707106782917588,
        -1.58004493405459e-18,
        -0.032
      ],
      [
        -0.707106782917588,
        -0.707106779455507,
        -2.20550946198068e-16,
        0.405425045175001
      ],
      [
        0.0,
        0.0,
        0.0,
        1.0
      ]
    ],
    "1": [
      [
        1.5707033052026e-16,
        1.54843013571855e-16,
        1.0,
        8.88261012796945e-18
      ],
      [
        0.707106779455507,
        -0.707106782917588,
        -1.57495037813475e-18,
        0.032
      ],
      [
        0.707106782917588,
        0.707106779455507,
        -2.20556040753963e-16,
        0.485425045175001
      ],
      [
        0.0,
        0.0,
        0.0,
        1.0
      ]
    ],
    "2": [
      [
        -1.57047062722954e-16,
        1.55842942840874e-16,
        1.0,
        -8.88095826603306e-18
      ],
      [
        0.707106779455507,
        0.707106782917588,
        8.51440792354813e-19,
        0.032
      ],
      [
        -0.707106782917588,
        0.707106779455507,
        -2.21246644701764e-16,
        0.405425045175001
      ],
      [
        0.0,
        0.0,
        0.0,
        1.0
      ]
    ],
    "3": [
      [
        1.57047062722954e-16,
        -1.54868766029834e-16,
        1.0,
        8.88095826603306e-18
      ],
      [
        -0.707106779455507,
        -0.707106782917588,
        1.54028782320271e-18,
        -0.032
      ],
      [
        0.707106782917588,
        -0.707106779455507,
        -2.20557797674289e-16,
        0.485425045175001
      ],
      [
        0.0,
        0.0,
        0.0,
        1.0
      ]
    ]
  },
  "T_WP": {
    "0": [
      [
        -1.0,
        -1.54835808781796e-16,
        -9.58379905628925e-17,
        -1.98775332643877e-17
      ],
      [
        -4.17177577717244e-17,
        0.707106782917588,
        -0.707106779455507,
        -0.0814974745618855
      ],
      [
        1.77253143280298e-16,
        -0.707106779455507,
        -0.707106782917588,
        0.355927570370769
      ],
      [
        0.0,
        0.0,
        0.0,
        1.0
      ]
    ],
    "1": [
      [
        -1.0,
        1.54843013571855e-16,
        2.18302670477628e-16,
        1.98775332643877e-17
      ],
      [
        4.48727530839138e-17,
        -0.707106782917588,
        0.707106779455507,
        0.0814974745618855
      ],
      [
        2.63853843671733e-16,
        0.707106779455507,
        0.707106782917588,
        0.534922519979232
      ],
      [
        0.0,
        0.0,
        0.0,
        1.0
      ]
    ],
    "2": [
      [
        -1.0,
        1.55842942840874e-16,
        -9.58147227655862e-17,
        -1.98742526566398e-17
      ],
      [
        4.24463619134242e-17,
        0.707106782917588,
        0.707106779455507,
        0.0814974745618855
      ],
      [
        1.77948841783994e-16,
        0.707106779455507,
        -0.707106782917588,
        0.355927570370769
      ],
      [
        0.0,
        0.0,
        0.0,
        1.0
      ]
    ],
    "3": [
      [
        -1.0,
        -1.54868766029834e-16,
        2.18279402680322e-16,
        1.98742526566398e-17
      ],
      [
        -4.48380905289817e-17,
        -0.707106782917588,
        -0.707106779455507,
        -0.0814974745618855
      ],
      [
        2.63855600592059e-16,
        -0.707106779455507,
        0.707106782917588,
        0.534922519979232
      ],
      [
        0.0,
        0.0,
        0.0,
        1.0
      ]
    ]
  },
  "simTime": 0.105500000000002,
  "state": [
    1.33556662129238e-37,
    4.70549818667307e-21,
    0.445425045175001,
    0.707106781186548,
    -8.55146784537891e-20,
    0.707106781186548,
    -1.03765346841404e-19,
    -3.56748538402362e-35,
    3.3183014169135e-20,
    -1.03459629999999,
    6.01340943652636e-19,
    -4.6571570299729e-18,
    -8.09074215710518e-18,
    1.0,
    1.07759301689048e-18,
    2.141679958577e-20,
    -1.84920594427828e-19,
    1.0,
    -1.07399062186125e-18,
    -2.14167995857697e-20,
    1.83110511608383e-19,
    1.0,
    -5.92276655783662e-19,
    2.80335692755876e-20,
    1.06658606322736e-19,
    1.0,
    1.07936506130401e-18,
    -2.80335692755872e-20,
    -1.78484583852497e-19,
    2.40552433622882e-17,
    6.15183018032655e-19,
    -9.2156776173421e-18,
    -2.42689624256681e-17,
    -6.15183018032648e-19,
    9.17531493801323e-18,
    -1.73757726132393e-17,
    7.65664473249529e-19,
    5.13010093338779e-18,
    2.41793647549822e-17,
    -7.65664473249523e-19,
    -9.05010231523148e-18
  ]
}