{
  "T_WB": [
    [
      0.810380352510676,
      -0.00166783891864027,
      0.585901785778141,
      -0.0304941451212367
    ],
    [
      0.00129687087980775,
      0.999998604795271,
      0.00105286914274345,
      3.73424136196797e-05
    ],
    [
      -0.585902724341331,
      -9.33855026410219e-05,
      0.810381384835902,
      0.345582986616714
    ],
    [
      0.0,
      0.0,
      0.0,
      1.0
    ]
  ],
  "T_WH": {
    "0": [
      [
        0.328833256655812,
        0.890917900823728,
        -0.31326344074752,
        0.00197443982458681
      ],
      [
        -0.766962437303893,
        0.0583869279374944,
        -0.639030192096503,
        -0.0319107381046367
      ],
      [
        -0.551032947365223,
        0.450395671202404,
        0.702500128313249,
        0.322149865979145
      ],
      [
        0.0,
        0.0,
        0.0,
        1.0
      ]
    ],
    "1": [
      [
        -0.559759041364801,
        -0.505190204880562,
        0.656850570908708,
        -0.0629627300670602
      ],
      [
        0.697023735812702,
        -0.715726017477792,
        0.0435221738781888,
        0.0319854229318761
      ],
      [
        0.448138067256134,
        0.482202369133661,
        0.752763673325049,
        0.369016107254283
      ],
      [
        0.0,
        0.0,
        0.0,
        1.0
      ]
    ],
    "2": [
      [
        0.326709059344031,
        -0.890690409253687,
        -0.316119890873761,
        0.00186769813379384
      ],
      [
        0.767703866249876,
        0.0550048846282898,
        0.638439688938604,
        0.0320891726022607
      ],
      [
        -0.551263969698303,
        -0.451270492643302,
        0.701757064931975,
        0.322143889306976
      ],
      [
        0.0,
        0.0,
        0.0,
        1.0
      ]
    ],
    "3": [
      [
        -0.557746353225121,
        0.507266573641484,
        0.656962425660789,
        -0.0628559883762673
      ],
      [
        -0.698520082784254,
        -0.714390784952103,
        -0.0414185987522111,
        -0.0320144877750213
      ],
      [
        0.448317632277783,
        -0.482002520368459,
        0.752784744098402,
        0.369022083926452
      ],
      [
        0.0,
        0.0,
        0.0,
        1.0
      ]
    ]
  },
  "T_WP": {
    "0": [
      [
        0.31326344074752,
        0.890917900823728,
        0.328833256655812,
        0.0249927677904936
      ],
      [
        0.639030192096503,
        0.0583869279374944,
        -0.766962437303893,
        -0.0855981087159092
      ],
      [
        -0.702500128313249,
        0.450395671202404,
        -0.551032947365223,
        0.28357755966358
      ],
      [
        0.0,
        0.0,
        0.0,
        1.0
      ]
    ],
    "1": [
      [
        -0.656850570908708,
        -0.505190204880562,
        -0.559759041364801,
        -0.102145862962596
      ],
      [
        -0.0435221738781888,
        -0.715726017477792,
        0.697023735812702,
        0.0807770844387652
      ],
      [
        -0.752763673325049,
        0.482202369133661,
        0.448138067256134,
        0.400385771962212
      ],
      [
        0.0,
        0.0,
        0.0,
        1.0
      ]
    ],
    "2": [
      [
        0.316119890873761,
        -0.890690409253687,
        0.326709059344031,
        0.024737332287876
      ],
      [
        -0.638439688938604,
        0.0550048846282898,
        0.767703866249876,
        0.085828443239752
      ],
      [
        -0.701757064931975,
        -0.451270492643302,
        -0.551263969698303,
        0.283555411428095
      ],
      [
        0.0,
        0.0,
        0.0,
        1.0
      ]
    ],
    "3": [
      [
        -0.656962425660789,
        0.507266573641484,
        -0.557746353225121,
        -0.101898233102026
      ],
      [
        0.041418598752211,
        -0.714390784952103,
        -0.698520082784254,
        -0.0809108935699191
      ],
      [
        -0.752784744098402,
        -0.482002520368459,
        0.448317632277783,
        0.400404318185896
      ],
      [
        0.0,
        0.0,
        0.0,
        1.0
      ]
    ]
  },
  "simTime": 0.454499999999966,
  "state": [
    -0.0304941451212367,
    3.73424136196797e-05,
    0.345582986616714,
    0.951414781015863,
    -0.00030119740313488,
    0.307911053491383,
    0.000779026628975241,
    -0.236947701332826,
    0.000154608188166439,
    0.462121743949267,
    -0.0108372781073811,
    -4.71085012766627,
    0.00252011812689683,
    0.822792678554476,
    0.549871142632281,
    0.0714312630931562,
    -0.124705690609277,
    0.998705142237254,
    0.0471956160379496,
    -0.0176597561078645,
    0.00698181279295283,
    0.822542188467015,
    -0.550295647204082,
    0.0714197254736809,
    0.124492054659721,
    0.998702028919052,
    -0.047262373657151,
    -0.0175775801455686,
    -0.00718012155100896,
    -0.761639781336353,
    -0.864734686609233,
    -5.72925703468166,
    0.0901688470658151,
    0.330728906651693,
    -0.577793858464187,
    0.759633818583591,
    -0.863381478002319,
    5.73441215412882,
    -0.093504454190575,
    0.329965581309069,
    0.577966581894373
  ]
}