{
  "T_WB": [
    [
      0.139459879667093,
      -0.000103911113009338,
      0.990227716823621,
      -0.00292438209759748
    ],
    [
      0.000114276506697783,
      0.999999989523961,
      8.88423163210469e-05,
      -6.42434670101201e-07
    ],
    [
      -0.990227715681661,
      0.000100769825570446,
      0.139459890080705,
      0.161561873933447
    ],
    [
      0.0,
      0.0,
      0.0,
      1.0
    ]
  ],
  "T_WH": {
    "0": [
      [
        0.354371200338029,
        0.673144149336518,
        0.649074731125007,
        0.00265733824470254
      ],
      [
        -0.599652799509369,
        0.69619573234226,
        -0.394623899819818,
        -0.031996071039169
      ],
      [
        -0.7175218271325,
        -0.249376134548678,
        0.650364490963335,
        0.121949540671762
      ],
      [
        0.0,
        0.0,
        0.0,
        1.0
      ]
    ],
    "1": [
      [
        -0.0349774700985301,
        -0.0540292705438881,
        0.99792655767346,
        -0.0085061024398975
      ],
      [
        0.663294285235503,
        -0.748159645017257,
        -0.0172579472005007,
        0.0319947861698288
      ],
      [
        0.747540813440597,
        0.661315343457376,
        0.0620060379997218,
        0.201174207195131
      ],
      [
        0.0,
        0.0,
        0.0,
        1.0
      ]
    ],
    "2": [
      [
        0.3549268805008,
        -0.673339065465136,
        0.648568741473491,
        0.00265068793346995
      ],
      [
        0.59969650085791,
        0.696179379708389,
        0.394586337989065,
        0.0320039282903646
      ],
      [
        -0.717210580204133,
        0.248895106796778,
        0.650891856959258,
        0.121955989940598
      ],
      [
        0.0,
        0.0,
        0.0,
        1.0
      ]
    ],
    "3": [
      [
        -0.034950754398443,
        0.0543357733375105,
        0.997910851981676,
        -0.0084994521286649
      ],
      [
        -0.663373247602162,
        -0.748084034934557,
        0.0174988868730073,
        -0.0320052131597048
      ],
      [
        0.747471992206224,
        -0.66137576339918,
        0.0621909997942731,
        0.201167757926295
      ],
      [
        0.0,
        0.0,
        0.0,
        1.0
      ]
    ]
  },
  "T_WP": {
    "0": [
      [
        -0.649074731125007,
        0.673144149336518,
        0.354371200338029,
        0.0274633222683646
      ],
      [
        0.394623899819818,
        0.69619573234226,
        -0.599652799509369,
        -0.0739717670048248
      ],
      [
        -0.650364490963335,
        -0.249376134548678,
        -0.7175218271325,
        0.0717230127724869
      ],
      [
        0.0,
        0.0,
        0.0,
        1.0
      ]
    ],
    "1": [
      [
        -0.99792655767346,
        -0.0540292705438881,
        -0.03497747009853,
        -0.0109545253467946
      ],
      [
        0.0172579472005007,
        -0.748159645017257,
        0.663294285235503,
        0.078425386136314
      ],
      [
        -0.0620060379997218,
        0.661315343457376,
        0.747540813440597,
        0.253502064135973
      ],
      [
        0.0,
        0.0,
        0.0,
        1.0
      ]
    ],
    "2": [
      [
        -0.648568741473491,
        -0.673339065465136,
        0.3549268805008,
        0.0274955695685259
      ],
      [
        -0.394586337989065,
        0.696179379708389,
        0.59969650085791,
        0.0739826833504183
      ],
      [
        -0.650891856959258,
        0.248895106796778,
        -0.717210580204133,
        0.0717512493263091
      ],
      [
        0.0,
        0.0,
        0.0,
        1.0
      ]
    ],
    "3": [
      [
        -0.997910851981676,
        0.0543357733375105,
        -0.0349507543984429,
        -0.0109460049365559
      ],
      [
        -0.0174988868730073,
        -0.748084034934557,
        -0.663373247602162,
        -0.0784413404918561
      ],
      [
        -0.0621909997942731,
        -0.66137576339918,
        0.747471992206224,
        0.25349079738073
      ],
      [
        0.0,
        0.0,
        0.0,
        1.0
      ]
    ]
  },
  "simTime": 0.301999999999983,
  "state": [
    -0.00292438209759748,
    -6.42434670101201e-07,
    0.161561873933447,
    0.754804570612778,
    3.9505289560301e-06,
    0.655949735074297,
    7.2266262090195e-05,
    -0.0853935589754644,
    0.000121507092657276,
    1.91413625308219,
    -0.0079934237761621,
    -6.37187013484634,
    0.00724653023468817,
    0.925751410283096,
    0.351687343092031,
    -0.0980702178214922,
    0.0984000581512616,
    0.998766025869214,
    0.020369594779047,
    -0.0342768175787388,
    0.0296075151714363,
    0.925636053340465,
    -0.351856111149824,
    -0.0983754218043335,
    -0.0985771281161632,
    0.998767809521563,
    -0.0202887151345117,
    -0.0342275246555383,
    -0.0296598593665526,
    17.9040378020946,
    -3.92685970888795,
    4.71416762430314,
    1.11098972734405,
    -1.54211124208459,
    1.23113607957324,
    -17.9129487103018,
    -3.94561667850714,
    -4.72035472649756,
    -1.10456055105957,
    -1.53532304531606,
    -1.23857787470492
  ]
}