{
  "T_WB": [
    [
      0.99552653619035,
      -0.00234409303866959,
      -0.0944532739965664,
      -0.0859675212998271
    ],
    [
      0.00253362830991105,
      0.999995010375479,
      0.00188678343580284,
      2.46180642066965e-05
    ],
    [
      0.094448379914277,
      -0.00211765246734761,
      0.995527507947217,
      0.251021970217804
    ],
    [
      0.0,
      0.0,
      0.0,
      1.0
    ]
  ],
  "T_WH": {
    "0": [
      [
        -0.143122172224179,
        0.945843597000886,
        -0.29136906807391,
        -0.0460714488749757
      ],
      [
        -0.829082977054131,
        -0.275358612672383,
        -0.486620027933705,
        -0.0318738771354122
      ],
      [
        -0.540497419953963,
        0.171923018934543,
        0.82359274801539,
        0.25486767029333
      ],
      [
        0.0,
        0.0,
        0.0,
        1.0
      ]
    ],
    "1": [
      [
        -0.634263471073284,
        -0.771033427522958,
        -0.0567212738244518,
        -0.125863593724679
      ],
      [
        0.769246283176649,
        -0.636719537748958,
        0.0533702732582894,
        0.0319231132638256
      ],
      [
        -0.0772658079682128,
        -0.00978181429757218,
        0.996962542439819,
        0.247176270142278
      ],
      [
        0.0,
        0.0,
        0.0,
        1.0
      ]
    ],
    "2": [
      [
        -0.146927195163793,
        -0.944437797276833,
        -0.294023207240831,
        -0.0462214708294506
      ],
      [
        0.825667809770647,
        -0.280785036257136,
        0.489318333319549,
        0.0321258035286185
      ],
      [
        -0.544688045793042,
        -0.170871327287415,
        0.821046845363402,
        0.25473214053542
      ],
      [
        0.0,
        0.0,
        0.0,
        1.0
      ]
    ],
    "3": [
      [
        -0.630706456963868,
        0.773990451925227,
        -0.0561083369265921,
        -0.125713571770204
      ],
      [
        -0.772473639737629,
        -0.633085648243989,
        -0.0498702105268031,
        -0.0320765674002051
      ],
      [
        -0.0741204496383103,
        0.0118887474559076,
        0.997178427679492,
        0.247311799900188
      ],
      [
        0.0,
        0.0,
        0.0,
        1.0
      ]
    ]
  },
  "T_WP": {
    "0": [
      [
        0.29136906807391,
        0.945843597000886,
        -0.143122172224179,
        -0.0560900009306682
      ],
      [
        0.486620027933705,
        -0.275358612672383,
        -0.829082977054131,
        -0.0899096855292014
      ],
      [
        -0.82359274801539,
        0.171923018934543,
        -0.540497419953963,
        0.217032850896553
      ],
      [
        0.0,
        0.0,
        0.0,
        1.0
      ]
    ],
    "1": [
      [
        0.0567212738244518,
        -0.771033427522958,
        -0.634263471073284,
        -0.170262036699808
      ],
      [
        -0.0533702732582893,
        -0.636719537748958,
        0.769246283176649,
        0.085770353086191
      ],
      [
        -0.996962542439819,
        -0.00978181429757218,
        -0.0772658079682128,
        0.241767663584503
      ],
      [
        0.0,
        0.0,
        0.0,
        1.0
      ]
    ],
    "2": [
      [
        0.294023207240831,
        -0.944437797276833,
        -0.146927195163793,
        -0.0565063744909161
      ],
      [
        -0.489318333319548,
        -0.280785036257136,
        0.825667809770647,
        0.0899225502125638
      ],
      [
        -0.821046845363402,
        -0.170871327287415,
        -0.544688045793042,
        0.216603977329907
      ],
      [
        0.0,
        0.0,
        0.0,
        1.0
      ]
    ],
    "3": [
      [
        0.056108336926592,
        0.773990451925227,
        -0.630706456963868,
        -0.169863023757674
      ],
      [
        0.0498702105268031,
        -0.633085648243989,
        -0.772473639737629,
        -0.0861497221818391
      ],
      [
        -0.997178427679492,
        0.0118887474559076,
        -0.0741204496383102,
        0.242123368425507
      ],
      [
        0.0,
        0.0,
        0.0,
        1.0
      ]
    ]
  },
  "simTime": 0.645499999999945,
  "state": [
    -0.0859675212998271,
    2.46180642066965e-05,
    0.251021970217804,
    0.998880505179805,
    -0.00100223096816511,
    -0.0472783413359439,
    0.00122079701307781,
    -0.33232194692577,
    -0.000269334666105978,
    -1.46065929129727,
    -0.0118318917044859,
    -2.80525542557061,
    0.000284543336511252,
    0.832714991197423,
    0.173262433105988,
    0.216157820516111,
    -0.479418052787955,
    0.998351762129164,
    0.0312955674798868,
    0.00629806934172893,
    -0.0476936141665974,
    0.832564948014761,
    -0.17354608879954,
    0.216441791217873,
    0.479447925654036,
    0.998344270895262,
    -0.0315869556098279,
    0.00634237928775511,
    0.0476524420243103,
    -4.92445414696967,
    -2.48245789743056,
    -2.11543989636687,
    -0.433658708522251,
    0.111305369320925,
    -0.487527531598468,
    4.92636164093868,
    -2.48495033127637,
    2.11697084948705,
    0.432586326834836,
    0.110965391142861,
    0.490443077324511
  ]
}