{
  "T_WB": [
    [
      0.999966648455096,
      -0.00263483971891345,
      -0.00773043317923095,
      -0.00572501167565526
    ],
    [
      0.00266530078193741,
      0.999988714738071,
      0.00393275580769432,
      4.82615671613413e-06
    ],
    [
      0.0077199837580608,
      -0.00395322857380972,
      0.999962386209911,
      0.384290824323095
    ],
    [
      0.0,
      0.0,
      0.0,
      1.0
    ]
  ],
  "T_WH": {
    "0": [
      [
        0.547285078026588,
        0.81969568802754,
        -0.169050354623967,
        0.0400829808092091
      ],
      [
        -0.833184689131844,
        0.51446728839381,
        -0.202797147339389,
        -0.0318930268403408
      ],
      [
        -0.0792610696729786,
        0.251838019770205,
        0.964518167082672,
        0.000435302664684343
      ],
      [
        0.0,
        0.0,
        0.0,
        1.0
      ]
    ],
    "1": [
      [
        -0.711126609882633,
        -0.681531493984014,
        -0.172666636686857,
        -0.0400829808092091
      ],
      [
        0.69695332275826,
        -0.71566518511453,
        -0.0456005341109796,
        0.0318930268403408
      ],
      [
        -0.0924933003684778,
        -0.152768339399577,
        0.983924196198082,
        -0.000435302664684343
      ],
      [
        0.0,
        0.0,
        0.0,
        1.0
      ]
    ],
    "2": [
      [
        0.542328295876496,
        -0.822979136098049,
        -0.169072058717592,
        0.0399143510671986
      ],
      [
        0.835820070393597,
        0.508042119379872,
        0.208081750432973,
        0.0321062509028958
      ],
      [
        -0.0853512121702941,
        -0.254162441134241,
        0.963388096302702,
        0.000182296035960521
      ],
      [
        0.0,
        0.0,
        0.0,
        1.0
      ]
    ],
    "3": [
      [
        -0.709864944633283,
        0.683406930985448,
        -0.170431003816319,
        -0.0399143510671986
      ],
      [
        -0.698950445358367,
        -0.713372427332571,
        0.0506759790726936,
        -0.0321062509028958
      ],
      [
        -0.0869484635524216,
        0.155095927098964,
        0.98406565740462,
        -0.000182296035960521
      ],
      [
        0.0,
        0.0,
        0.0,
        1.0
      ]
    ]
  },
  "T_WP": {
    "0": [
      [
        0.169050354623967,
        0.81969568802754,
        0.547285078026588,
        0.0783929362710702
      ],
      [
        0.202797147339389,
        0.51446728839381,
        -0.833184689131844,
        -0.0902159550795698
      ],
      [
        -0.964518167082672,
        0.251838019770205,
        -0.0792610696729786,
        -0.00511297221242416
      ],
      [
        0.0,
        0.0,
        0.0,
        1.0
      ]
    ],
    "1": [
      [
        0.172666636686857,
        -0.681531493984014,
        -0.711126609882633,
        -0.0898618435009934
      ],
      [
        0.0456005341109797,
        -0.71566518511453,
        0.69695332275826,
        0.080679759433419
      ],
      [
        -0.983924196198082,
        -0.152768339399577,
        -0.0924933003684777,
        -0.00690983369047779
      ],
      [
        0.0,
        0.0,
        0.0,
        1.0
      ]
    ],
    "2": [
      [
        0.169072058717592,
        -0.822979136098049,
        0.542328295876496,
        0.0778773317785533
      ],
      [
        -0.208081750432973,
        0.508042119379872,
        0.835820070393597,
        0.0906136558304476
      ],
      [
        -0.963388096302702,
        -0.254162441134241,
        -0.085351212170294,
        -0.00579228881596006
      ],
      [
        0.0,
        0.0,
        0.0,
        1.0
      ]
    ],
    "3": [
      [
        0.170431003816319,
        0.683406930985448,
        -0.709864944633283,
        -0.0896048971915284
      ],
      [
        -0.0506759790726936,
        -0.713372427332571,
        -0.698950445358367,
        -0.0810327820779815
      ],
      [
        -0.98406565740462,
        0.155095927098964,
        -0.0869484635524215,
        -0.00626868848463003
      ],
      [
        0.0,
        0.0,
        0.0,
        1.0
      ]
    ]
  }
}