{
  "T_WB": [
    [
      -0.0345550136375636,
      -0.408294618485374,
      0.912195952385446,
      -0.0697034624690469
    ],
    [
      -0.345425222437171,
      0.861368365877417,
      0.372459331967801,
      0.00417289409752552
    ],
    [
      -0.937809877713356,
      -0.302225152463444,
      -0.17079985504007,
      0.879319464268429
    ],
    [
      0.0,
      0.0,
      0.0,
      1.0
    ]
  ],
  "T_WH": {
    "0": [
      [
        -0.119115515371146,
        -0.296938595369459,
        0.947438105935095,
        0.0116832272460294
      ],
      [
        -0.544910269281307,
        0.817233457519119,
        0.187622691439813,
        -0.0413807966055642
      ],
      [
        -0.829990537554279,
        -0.493919979846289,
        -0.259150074433718,
        -0.027841190229704
      ],
      [
        0.0,
        0.0,
        0.0,
        1.0
      ]
    ],
    "1": [
      [
        -0.347116588571438,
        0.413228709615205,
        0.841874163689729,
        -0.0116832272460294
      ],
      [
        0.877380550115045,
        -0.173964989758977,
        0.447146008165096,
        0.0413807966055642
      ],
      [
        0.331230198228283,
        0.893855813813342,
        -0.302172698789517,
        0.027841190229704
      ],
      [
        0.0,
        0.0,
        0.0,
        1.0
      ]
    ],
    "2": [
      [
        -0.276445550405102,
        -0.578188191985483,
        0.767643323627438,
        -0.0144476283370345
      ],
      [
        -0.313664888769093,
        0.809312726778065,
        0.496615794984942,
        0.0137467788105905
      ],
      [
        -0.908400900051675,
        -0.103495530935458,
        -0.405088237130745,
        -0.0471835999873645
      ],
      [
        0.0,
        0.0,
        0.0,
        1.0
      ]
    ],
    "3": [
      [
        0.286456350362737,
        0.0199787999980544,
        0.95788496537293,
        0.0144476283370345
      ],
      [
        -0.514965535451352,
        -0.839876149753103,
        0.171518367451436,
        -0.0137467788105905
      ],
      [
        0.807931467783106,
        -0.542410269654383,
        -0.230299463176308,
        0.0471835999873645
      ],
      [
        0.0,
        0.0,
        0.0,
        1.0
      ]
    ]
  },
  "T_WP": {
    "0": [
      [
        -0.947438105935095,
        -0.296938595369459,
        -0.119115515371145,
        0.00334514117004923
      ],
      [
        -0.187622691439813,
        0.817233457519119,
        -0.544910269281307,
        -0.0795245154552557
      ],
      [
        0.259150074433718,
        -0.493919979846289,
        -0.829990537554279,
        -0.0859405278585035
      ],
      [
        0.0,
        0.0,
        0.0,
        1.0
      ]
    ],
    "1": [
      [
        -0.841874163689729,
        0.413228709615205,
        -0.347116588571438,
        -0.0359813884460301
      ],
      [
        -0.447146008165096,
        -0.173964989758977,
        0.877380550115045,
        0.102797435113617
      ],
      [
        0.302172698789517,
        0.893855813813342,
        0.331230198228283,
        0.0510273041056839
      ],
      [
        0.0,
        0.0,
        0.0,
        1.0
      ]
    ],
    "2": [
      [
        -0.767643323627438,
        -0.578188191985483,
        -0.276445550405102,
        -0.0337988168653916
      ],
      [
        -0.496615794984942,
        0.809312726778065,
        -0.313664888769093,
        -0.00820976340324603
      ],
      [
        0.405088237130745,
        -0.103495530935458,
        -0.908400900051675,
        -0.110771662990982
      ],
      [
        0.0,
        0.0,
        0.0,
        1.0
      ]
    ],
    "3": [
      [
        -0.95788496537293,
        0.0199787999980544,
        0.286456350362737,
        0.0344995728624261
      ],
      [
        -0.171518367451436,
        -0.839876149753103,
        -0.514965535451352,
        -0.0497943662921851
      ],
      [
        0.230299463176308,
        -0.542410269654383,
        0.807931467783106,
        0.103738802732182
      ],
      [
        0.0,
        0.0,
        0.0,
        1.0
      ]
    ]
  }
}