{
  "T_WB": [
    [
      0.0453568859903486,
      -1.27111603013099e-05,
      0.998970846787675,
      -0.0016517828389992
    ],
    [
      1.2119342926638e-05,
      0.999999999852458,
      1.21739935486004e-05,
      -9.39053364439699e-07
    ],
    [
      -0.998970846795031,
      1.15546958285027e-05,
      0.0453568861377075,
      0.135080129120189
    ],
    [
      0.0,
      0.0,
      0.0,
      1.0
    ]
  ],
  "T_WH": {
    "0": [
      [
        0.171311594569415,
        0.391658776082448,
        0.904021980199422,
        0.000162899357744383
      ],
      [
        -0.639804161262355,
        0.741998703802107,
        -0.200221274562336,
        -0.032000454274926
      ],
      [
        -0.749201556857338,
        -0.54409679899223,
        0.37769789584925,
        0.095120925498121
      ],
      [
        0.0,
        0.0,
        0.0,
        1.0
      ]
    ],
    "1": [
      [
        -0.00261993204513375,
        -0.0106854479963497,
        0.999939476747066,
        -0.00346646503574279
      ],
      [
        0.688017984569218,
        -0.725669227532688,
        -0.00595190065633941,
        0.0319985761681971
      ],
      [
        0.725688906395427,
        0.687960749907456,
        0.00925298445804809,
        0.175039332742256
      ],
      [
        0.0,
        0.0,
        0.0,
        1.0
      ]
    ],
    "2": [
      [
        0.171632747665509,
        -0.391798165390205,
        0.903900656889714,
        0.000162085843485099
      ],
      [
        0.639687701184561,
        0.742104033080349,
        0.200203019555381,
        0.0319995457156313
      ],
      [
        -0.749227498749212,
        0.543852738967774,
        0.377997821998025,
        0.095121664998654
      ],
      [
        0.0,
        0.0,
        0.0,
        1.0
      ]
    ],
    "3": [
      [
        -0.00261864895087429,
        0.0107290128116341,
        0.999939013621211,
        -0.0034656515214835
      ],
      [
        -0.688023554126196,
        -0.725663680219165,
        0.00598432772629714,
        -0.0320014238223601
      ],
      [
        0.725683630547934,
        -0.687965923207586,
        0.00928207196181953,
        0.175038593241723
      ],
      [
        0.0,
        0.0,
        0.0,
        1.0
      ]
    ]
  },
  "T_WP": {
    "0": [
      [
        -0.904021980199422,
        0.391658776082448,
        0.171311594569415,
        0.0121547109776035
      ],
      [
        0.200221274562336,
        0.741998703802107,
        -0.639804161262355,
        -0.0767867455632909
      ],
      [
        -0.37769789584925,
        -0.54409679899223,
        -0.749201556857338,
        0.0426768165181074
      ],
      [
        0.0,
        0.0,
        0.0,
        1.0
      ]
    ],
    "1": [
      [
        -0.999939476747066,
        -0.0106854479963497,
        -0.00261993204513369,
        -0.00364986027890215
      ],
      [
        0.00595190065633946,
        -0.725669227532688,
        0.688017984569218,
        0.0801598350880424
      ],
      [
        -0.00925298445804805,
        0.687960749907456,
        0.725688906395427,
        0.225837556189936
      ],
      [
        0.0,
        0.0,
        0.0,
        1.0
      ]
    ],
    "2": [
      [
        -0.903900656889714,
        -0.391798165390205,
        0.171632747665509,
        0.0121763781800707
      ],
      [
        -0.200203019555381,
        0.742104033080349,
        0.639687701184561,
        0.0767776847985505
      ],
      [
        -0.377997821998025,
        0.543852738967774,
        -0.749227498749212,
        0.0426757400862092
      ],
      [
        0.0,
        0.0,
        0.0,
        1.0
      ]
    ],
    "3": [
      [
        -0.999939013621211,
        0.0107290128116341,
        -0.00261864895087422,
        -0.0036489569480447
      ],
      [
        -0.00598432772629719,
        -0.725663680219165,
        -0.688023554126196,
        -0.0801630726111939
      ],
      [
        -0.00928207196181948,
        -0.687965923207586,
        0.725683630547934,
        0.225836447380079
      ],
      [
        0.0,
        0.0,
        0.0,
        1.0
      ]
    ]
  },
  "simTime": 0.288499999999985,
  "state": [
    -0.0016517828389992,
    -9.39053364439699e-07,
    0.135080129120189,
    0.722965035804034,
    -2.14152029983341e-07,
    0.690884619116029,
    8.58634304504542e-06,
    -0.125536866557642,
    -0.000104229617172751,
    2.01155767539956,
    -0.00326158366134235,
    -7.33185325862965,
    0.00589890949068321,
    0.978381018215506,
    0.190614572304054,
    -0.0596313827284632,
    0.053672769770375,
    0.99974466992034,
    0.0104619176825781,
    -0.015018266049498,
    0.0132512236846428,
    0.978348944044836,
    -0.190702996989214,
    -0.0597791260001176,
    -0.0537788687157673,
    0.999744818093695,
    -0.0104491174103954,
    -0.0150104960479748,
    -0.0132589459815963,
    33.8559751697238,
    -9.1164124464032,
    8.58037631306017,
    1.92276015994534,
    -4.20901364340745,
    3.72439268912322,
    -33.8795916973684,
    -9.14987456479187,
    -8.60160735828639,
    -1.91165165495188,
    -4.20485284052883,
    -3.72857701476325
  ]
}