{
  "T_WB": [
    [
      0.868932147195502,
      -0.00185173392842906,
      0.494927767105133,
      -0.0362345124352254
    ],
    [
      0.00146988580087363,
      0.999998246017317,
      0.00116077475061624,
      4.03529381574718e-05
    ],
    [
      -0.494929048456389,
      -0.000281147199137371,
      0.868933344940972,
      0.353702711982722
    ],
    [
      0.0,
      0.0,
      0.0,
      1.0
    ]
  ],
  "T_WH": {
    "0": [
      [
        0.262024767684742,
        0.8901945429709,
        -0.372688471494071,
        -0.00141797106169562
      ],
      [
        -0.784170351334832,
        -0.0287022922440796,
        -0.619881471337337,
        -0.0319007955023617
      ],
      [
        -0.562512116498092,
        0.454675548149189,
        0.690543456060567,
        0.333914546754839
      ],
      [
        0.0,
        0.0,
        0.0,
        1.0
      ]
    ],
    "1": [
      [
        -0.601559685243296,
        -0.561733303841171,
        0.567962710435878,
        -0.0710510538087553
      ],
      [
        0.706391822706196,
        -0.70606282317161,
        0.0498586256203913,
        0.0319815013786767
      ],
      [
        0.373010104291833,
        0.431197153388817,
        0.821542742044245,
        0.373490877210605
      ],
      [
        0.0,
        0.0,
        0.0,
        1.0
      ]
    ],
    "2": [
      [
        0.259508676447054,
        -0.889671373019364,
        -0.37568616540743,
        -0.00153648203311508
      ],
      [
        0.784518584491785,
        -0.0326551564999084,
        0.619244888021671,
        0.0320990922427466
      ],
      [
        -0.563192540287692,
        -0.455432199985692,
        0.689489429781551,
        0.333896553334094
      ],
      [
        0.0,
        0.0,
        0.0,
        1.0
      ]
    ],
    "3": [
      [
        -0.59924869218719,
        0.563996745919324,
        0.5681625432078,
        -0.0709325428373358
      ],
      [
        -0.708130519055493,
        -0.704477821070112,
        -0.0475622497628776,
        -0.0320183863664316
      ],
      [
        0.373432956357819,
        -0.430834852597513,
        0.821540721384606,
        0.37350887063135
      ],
      [
        0.0,
        0.0,
        0.0,
        1.0
      ]
    ]
  },
  "T_WP": {
    "0": [
      [
        0.372688471494071,
        0.8901945429709,
        0.262024767684742,
        0.0169237626762363
      ],
      [
        0.619881471337337,
        -0.0287022922440796,
        -0.784170351334832,
        -0.0867927200958
      ],
      [
        -0.690543456060567,
        0.454675548149189,
        -0.562512116498092,
        0.294538698599972
      ],
      [
        0.0,
        0.0,
        0.0,
        1.0
      ]
    ],
    "1": [
      [
        -0.567962710435878,
        -0.561733303841171,
        -0.601559685243296,
        -0.113160231775786
      ],
      [
        -0.0498586256203913,
        -0.70606282317161,
        0.706391822706196,
        0.0814289289681104
      ],
      [
        -0.821542742044245,
        0.431197153388817,
        0.373010104291833,
        0.399601584511033
      ],
      [
        0.0,
        0.0,
        0.0,
        1.0
      ]
    ],
    "2": [
      [
        0.37568616540743,
        -0.889671373019364,
        0.259508676447054,
        0.0166291253181787
      ],
      [
        -0.619244888021671,
        -0.0326551564999084,
        0.784518584491785,
        0.0870153931571715
      ],
      [
        -0.689489429781551,
        -0.455432199985692,
        -0.563192540287692,
        0.294473075513955
      ],
      [
        0.0,
        0.0,
        0.0,
        1.0
      ]
    ],
    "3": [
      [
        -0.5681625432078,
        0.563996745919324,
        -0.59924869218719,
        -0.112879951290439
      ],
      [
        0.0475622497628776,
        -0.704477821070112,
        -0.708130519055493,
        -0.0815875227003161
      ],
      [
        -0.821540721384606,
        -0.430834852597513,
        0.373432956357819,
        0.399649177576397
      ],
      [
        0.0,
        0.0,
        0.0,
        1.0
      ]
    ]
  },
  "simTime": 0.477999999999964,
  "state": [
    -0.0362345124352254,
    4.03529381574718e-05,
    0.353702711982722,
    0.966677782168623,
    -0.000372906561098063,
    0.255994508671985,
    0.000859029707357876,
    -0.251573711276125,
    0.000101031135032864,
    0.228721814728896,
    -0.0110829918659165,
    -4.49868460104121,
    0.00201932031861518,
    0.820500422813708,
    0.531658678821244,
    0.0995371266135923,
    -0.184960714266804,
    0.998755259632285,
    0.0479855799991362,
    -0.0136105594866756,
    0.000261035349381502,
    0.820247863001853,
    -0.532099818949819,
    0.0995939756524923,
    0.184781670974677,
    0.998751200738138,
    -0.0480896491116099,
    -0.0135357758310589,
    -0.000455461415115414,
    -1.43248938946523,
    -1.20666108703699,
    -5.59930845580151,
    0.028009197444625,
    0.302673288131269,
    -0.598423037971385,
    1.43114550628856,
    -1.20620796905807,
    5.60457425523211,
    -0.0312234311174195,
    0.301991866518109,
    0.598995079907441
  ]
}