{
  "T_WB": [
    [
      0.85346303272265,
      -0.000827538195893266,
      0.521152729011747,
      -0.00230856184294999
    ],
    [
      0.00140442335481608,
      0.999998760289909,
      -0.00071204893495564,
      -1.54613530385709e-05
    ],
    [
      -0.521151493685759,
      0.00133962650752441,
      0.853463136889885,
      0.511473724533758
    ],
    [
      0.0,
      0.0,
      0.0,
      1.0
    ]
  ],
  "T_WH": {
    "0": [
      [
        0.728771031871448,
        0.483465053458205,
        0.484927133897124,
        0.0341650025311746
      ],
      [
        -0.519024338985783,
        0.851940822183048,
        -0.0693582802442737,
        -0.0319437833950844
      ],
      [
        -0.446661525817252,
        -0.201142679664777,
        0.871799921869621,
        -0.0208889277956712
      ],
      [
        0.0,
        0.0,
        0.0,
        1.0
      ]
    ],
    "1": [
      [
        -0.555908218728388,
        -0.622147599537972,
        0.551269822082952,
        -0.0341650025311746
      ],
      [
        0.755992973315011,
        -0.654135371064882,
        0.0241151533301745,
        0.0319437833950844
      ],
      [
        0.345601904868245,
        0.430161923827467,
        0.833978442551421,
        0.0208889277956712
      ],
      [
        0.0,
        0.0,
        0.0,
        1.0
      ]
    ],
    "2": [
      [
        0.72784081664496,
        -0.48550439558385,
        0.484286307357909,
        0.0341120400866374
      ],
      [
        0.521775942294541,
        0.850344159258356,
        0.0682984396442749,
        0.0320561372634697
      ],
      [
        -0.444969225529408,
        0.202978552275751,
        0.872239700797779,
        -0.0208031916991896
      ],
      [
        0.0,
        0.0,
        0.0,
        1.0
      ]
    ],
    "3": [
      [
        -0.55479980909602,
        0.623117383136923,
        0.551291119699576,
        -0.0341120400866374
      ],
      [
        -0.757686023926127,
        -0.652123968494385,
        -0.0254208351977233,
        -0.0320561372634697
      ],
      [
        0.34366998846864,
        -0.431809051025713,
        0.833925585695893,
        0.0208031916991896
      ],
      [
        0.0,
        0.0,
        0.0,
        1.0
      ]
    ]
  },
  "T_WP": {
    "0": [
      [
        -0.484927133897124,
        0.483465053458205,
        0.728771031871448,
        0.085178974762176
      ],
      [
        0.0693582802442737,
        0.851940822183048,
        -0.519024338985783,
        -0.0682754871240893
      ],
      [
        -0.871799921869621,
        -0.201142679664777,
        -0.446661525817252,
        -0.0521552346028788
      ],
      [
        0.0,
        0.0,
        0.0,
        1.0
      ]
    ],
    "1": [
      [
        -0.551269822082952,
        -0.622147599537972,
        -0.555908218728388,
        -0.0730785778421617
      ],
      [
        -0.0241151533301744,
        -0.654135371064882,
        0.755992973315011,
        0.0848632915271352
      ],
      [
        -0.833978442551421,
        0.430161923827467,
        0.345601904868245,
        0.0450810611364483
      ],
      [
        0.0,
        0.0,
        0.0,
        1.0
      ]
    ],
    "2": [
      [
        -0.484286307357909,
        -0.48550439558385,
        0.72784081664496,
        0.0850608972517846
      ],
      [
        -0.0682984396442749,
        0.850344159258356,
        0.521775942294541,
        0.0685804532240876
      ],
      [
        -0.872239700797779,
        0.202978552275751,
        -0.444969225529408,
        -0.0519510374862482
      ],
      [
        0.0,
        0.0,
        0.0,
        1.0
      ]
    ],
    "3": [
      [
        -0.551291119699576,
        0.623117383136923,
        -0.55479980909602,
        -0.0729480267233588
      ],
      [
        0.0254208351977232,
        -0.652123968494385,
        -0.757686023926127,
        -0.0850941589382986
      ],
      [
        -0.833925585695893,
        -0.431809051025713,
        0.343669988468641,
        0.0448600908919944
      ],
      [
        0.0,
        0.0,
        0.0,
        1.0
      ]
    ]
  }
}