{
  "T_WB": [
    [
      0.818643212501595,
      0.0131483163678845,
      0.574151907078395,
      -0.138802587414349
    ],
    [
      0.000538721348611341,
      0.999719867594262,
      -0.0236621240935882,
      -0.000243522801772734
    ],
    [
      -0.574302185616925,
      0.0196801451722755,
      0.81840680073031,
      0.115188297337338
    ],
    [
      0.0,
      0.0,
      0.0,
      1.0
    ]
  ],
  "T_WH": {
    "0": [
      [
        -0.117019948163232,
        0.365668212069456,
        0.923359675540253,
        -0.106477605038058
      ],
      [
        -0.878221552178996,
        0.396020820735111,
        -0.268131338773752,
        -0.0322130097108447
      ],
      [
        -0.463716763790344,
        -0.842291082836698,
        0.274795368872172,
        0.0915864452671482
      ],
      [
        0.0,
        0.0,
        0.0,
        1.0
      ]
    ],
    "1": [
      [
        -0.459047433953471,
        -0.770185647304898,
        0.442819965749366,
        -0.171127569790641
      ],
      [
        0.868226564682986,
        -0.494564249956169,
        0.03986019372848,
        0.0317259641072992
      ],
      [
        0.188303175117984,
        0.402765777283556,
        0.895724088595176,
        0.138790149407528
      ],
      [
        0.0,
        0.0,
        0.0,
        1.0
      ]
    ],
    "2": [
      [
        -0.0877321637194366,
        -0.356528414731773,
        0.930156200290013,
        -0.105636112790513
      ],
      [
        0.898133411274524,
        0.375585856206224,
        0.228673654298488,
        0.0317690618151881
      ],
      [
        -0.430882168349414,
        0.855466395661856,
        0.287259121511956,
        0.0928459745581738
      ],
      [
        0.0,
        0.0,
        0.0,
        1.0
      ]
    ],
    "3": [
      [
        -0.471108488027796,
        0.766870892936589,
        0.435850692410603,
        -0.171969062038185
      ],
      [
        -0.870975692313903,
        -0.482565587259779,
        -0.092367729164149,
        -0.0322561074187336
      ],
      [
        0.139492422398068,
        -0.423130579796902,
        0.895266651079027,
        0.137530620116502
      ],
      [
        0.0,
        0.0,
        0.0,
        1.0
      ]
    ]
  },
  "T_WP": {
    "0": [
      [
        -0.923359675540253,
        0.365668212069456,
        -0.117019948163232,
        -0.114669001409484
      ],
      [
        0.268131338773752,
        0.396020820735111,
        -0.878221552178996,
        -0.0936885183633743
      ],
      [
        -0.274795368872172,
        -0.842291082836698,
        -0.463716763790344,
        0.059126271801824
      ],
      [
        0.0,
        0.0,
        0.0,
        1.0
      ]
    ],
    "1": [
      [
        -0.442819965749366,
        -0.770185647304898,
        -0.459047433953471,
        -0.203260890167383
      ],
      [
        -0.0398601937284799,
        -0.494564249956169,
        0.868226564682986,
        0.0925018236351083
      ],
      [
        -0.895724088595176,
        0.402765777283556,
        0.188303175117984,
        0.151971371665787
      ],
      [
        0.0,
        0.0,
        0.0,
        1.0
      ]
    ],
    "2": [
      [
        -0.930156200290013,
        -0.356528414731773,
        -0.0877321637194366,
        -0.111777364250873
      ],
      [
        -0.228673654298487,
        0.375585856206224,
        0.898133411274524,
        0.0946384006044048
      ],
      [
        -0.287259121511956,
        0.855466395661856,
        -0.430882168349414,
        0.0626842227737148
      ],
      [
        0.0,
        0.0,
        0.0,
        1.0
      ]
    ],
    "3": [
      [
        -0.435850692410603,
        0.766870892936589,
        -0.471108488027796,
        -0.204946656200131
      ],
      [
        0.092367729164149,
        -0.482565587259779,
        -0.870975692313903,
        -0.0932244058807068
      ],
      [
        -0.895266651079027,
        -0.423130579796902,
        0.139492422398068,
        0.147295089684367
      ],
      [
        0.0,
        0.0,
        0.0,
        1.0
      ]
    ]
  },
  "simTime": 0.807499999999927,
  "state": [
    -0.138802587414349,
    -0.000243522801772734,
    0.115188297337338,
    0.953515846856539,
    0.0113638041278366,
    0.30111038439514,
    -0.00330607903917992,
    -0.353240815661033,
    -0.00354483279085156,
    1.23333194520269,
    0.494854167581247,
    12.9920113823845,
    -0.196937623511857,
    0.913166417564402,
    -0.201067304863445,
    0.280852455475781,
    -0.216381447912642,
    0.987559732590756,
    -0.0413932327535738,
    0.0714274593667449,
    -0.133830089650626,
    0.914342652668489,
    0.20071936601112,
    0.279005915445022,
    0.214114335731943,
    0.985951560303949,
    0.0425826502989017,
    0.0750033237870357,
    0.143041043231052,
    -2.88628980823421,
    -2.26877362078504,
    2.29496242589905,
    -1.64998962026644,
    -1.02476053031749,
    0.313383189487057,
    2.91109189940143,
    -2.28164675703277,
    -2.26543894270713,
    1.67792858710348,
    -1.05298716913205,
    -0.303576892794636
  ]
}