{
  "T_WB": [
    [
      0.829679007105755,
      0.0124846576470965,
      0.558101136436258,
      -0.138274604364516
    ],
    [
      0.000379909342449399,
      0.999737028815363,
      -0.0229287785178706,
      -0.000238166349468719
    ],
    [
      -0.558240629869324,
      0.0192355540306184,
      0.829456082396311,
      0.113326885607747
    ],
    [
      0.0,
      0.0,
      0.0,
      1.0
    ]
  ],
  "T_WH": {
    "0": [
      [
        -0.112149535549633,
        0.385504136693222,
        0.915865187824286,
        -0.105486953124992
      ],
      [
        -0.879015158440204,
        0.3913457407579,
        -0.272361639044477,
        -0.0322145548978624
      ],
      [
        -0.46341647889166,
        -0.835604614505607,
        0.294974736729421,
        0.0903817226839941
      ],
      [
        0.0,
        0.0,
        0.0,
        1.0
      ]
    ],
    "1": [
      [
        -0.463151788513406,
        -0.776911338365957,
        0.42649641629825,
        -0.171062255604039
      ],
      [
        0.8683951893629,
        -0.49398990888546,
        0.0431713447868906,
        0.0317382221989249
      ],
      [
        0.177144618569707,
        0.390362321744494,
        0.903458378606365,
        0.1362720485315
      ],
      [
        0.0,
        0.0,
        0.0,
        1.0
      ]
    ],
    "2": [
      [
        -0.0839976539749804,
        -0.377000254313947,
        0.922396445338944,
        -0.104687935035578
      ],
      [
        0.898291469719787,
        0.372004929336223,
        0.23384774529214,
        0.0317686149463209
      ],
      [
        -0.431296683914176,
        0.848223520539705,
        0.307408571201037,
        0.0916127981419536
      ],
      [
        0.0,
        0.0,
        0.0,
        1.0
      ]
    ],
    "3": [
      [
        -0.473799067437129,
        0.774261844855751,
        0.419562914586449,
        -0.171861273693453
      ],
      [
        -0.871091617207117,
        -0.481998941009514,
        -0.0942147297252218,
        -0.0322449476452583
      ],
      [
        0.129282010067897,
        -0.410116588869893,
        0.902823651333153,
        0.13504097307354
      ],
      [
        0.0,
        0.0,
        0.0,
        1.0
      ]
    ]
  },
  "T_WP": {
    "0": [
      [
        -0.915865187824286,
        0.385504136693222,
        -0.112149535549633,
        -0.113337420613467
      ],
      [
        0.272361639044476,
        0.3913457407579,
        -0.879015158440204,
        -0.0937456159886766
      ],
      [
        -0.294974736729421,
        -0.835604614505607,
        -0.46341647889166,
        0.0579425691615778
      ],
      [
        0.0,
        0.0,
        0.0,
        1.0
      ]
    ],
    "1": [
      [
        -0.42649641629825,
        -0.776911338365957,
        -0.463151788513406,
        -0.203482880799977
      ],
      [
        -0.0431713447868905,
        -0.49398990888546,
        0.8683951893629,
        0.0925258854543279
      ],
      [
        -0.903458378606365,
        0.390362321744494,
        0.177144618569707,
        0.148672171831379
      ],
      [
        0.0,
        0.0,
        0.0,
        1.0
      ]
    ],
    "2": [
      [
        -0.922396445338944,
        -0.377000254313947,
        -0.0839976539749803,
        -0.110567770813827
      ],
      [
        -0.23384774529214,
        0.372004929336223,
        0.898291469719787,
        0.094649017826706
      ],
      [
        -0.307408571201037,
        0.848223520539705,
        -0.431296683914176,
        0.0614220302679613
      ],
      [
        0.0,
        0.0,
        0.0,
        1.0
      ]
    ],
    "3": [
      [
        -0.419562914586449,
        0.774261844855751,
        -0.473799067437129,
        -0.205027208414052
      ],
      [
        0.0942147297252217,
        -0.481998941009514,
        -0.871091617207117,
        -0.0932213608497565
      ],
      [
        -0.902823651333153,
        -0.410116588869893,
        0.129282010067898,
        0.144090713778293
      ],
      [
        0.0,
        0.0,
        0.0,
        1.0
      ]
    ]
  },
  "simTime": 0.805999999999928,
  "state": [
    -0.138274604364516,
    -0.000238166349468719,
    0.113326885607747,
    0.956408923828797,
    0.0110215231942035,
    0.291805559968148,
    -0.00316411422014656,
    -0.350729962355636,
    -0.00359707593260177,
    1.24855930148285,
    0.495112726546645,
    12.9896156270542,
    -0.196681888522605,
    0.912748987741568,
    -0.19920078865483,
    0.28158407289792,
    -0.218903497154009,
    0.987523425153294,
    -0.0400775726159218,
    0.0720078488790122,
    -0.134186968989317,
    0.913936648386425,
    0.198825541166456,
    0.279755462830085,
    0.216621993188086,
    0.985912387016157,
    0.0412389939558498,
    0.0755888672930473,
    0.143396072634392,
    -2.90167385660265,
    -2.25448562473851,
    2.29749112250096,
    -1.67182017859776,
    -1.01934384460391,
    0.325068998522713,
    2.9268744457791,
    -2.27137331195362,
    -2.27078995471717,
    1.69820683237133,
    -1.04701306150858,
    -0.309822435257435
  ]
}