{
  "T_WB": [
    [
      -0.210227966737651,
      -0.523098068757415,
      0.825937414374489,
      -0.0819618097840709
    ],
    [
      -0.422355677078272,
      0.810508167738623,
      0.405822857991925,
      0.00366514794401414
    ],
    [
      -0.881714173664634,
      -0.26352404158111,
      -0.391324923136324,
      0.910080348600438
    ],
    [
      0.0,
      0.0,
      0.0,
      1.0
    ]
  ],
  "T_WH": {
    "0": [
      [
        -0.163618237586534,
        -0.268498546279398,
        0.949282678118023,
        0.00833001953073125
      ],
      [
        -0.645766613115874,
        0.756597206552564,
        0.102694442019569,
        -0.0428304884507668
      ],
      [
        -0.745797930886061,
        -0.596212376324668,
        -0.297180498356408,
        -0.0268357976159898
      ],
      [
        0.0,
        0.0,
        0.0,
        1.0
      ]
    ],
    "1": [
      [
        -0.347046182296593,
        0.547000630025596,
        0.761806575257106,
        -0.00833001953073125
      ],
      [
        0.893294436365007,
        -0.05459106620135,
        0.44614444460323,
        0.0428304884507668
      ],
      [
        0.285629125462871,
        0.835350301515838,
        -0.469686998377339,
        0.0268357976159898
      ],
      [
        0.0,
        0.0,
        0.0,
        1.0
      ]
    ],
    "2": [
      [
        -0.450135890637469,
        -0.733137597190357,
        0.509791078331077,
        -0.0251482568697433
      ],
      [
        -0.284279985993796,
        0.658852053038368,
        0.69649038885723,
        0.00904203428450505
      ],
      [
        -0.84650018873204,
        0.168591920900966,
        -0.504989301553551,
        -0.0437013362771809
      ],
      [
        0.0,
        0.0,
        0.0,
        1.0
      ]
    ],
    "3": [
      [
        0.505571620698435,
        -0.0187736879236107,
        0.862580364363869,
        0.0251482568697433
      ],
      [
        -0.488407941501352,
        -0.830380344973496,
        0.268190539281515,
        -0.00904203428450505
      ],
      [
        0.711234855039298,
        -0.556880625738986,
        -0.428985955077535,
        0.0437013362771809
      ],
      [
        0.0,
        0.0,
        0.0,
        1.0
      ]
    ]
  },
  "T_WP": {
    "0": [
      [
        -0.949282678118023,
        -0.268498546279398,
        -0.163618237586534,
        -0.00312325710032614
      ],
      [
        -0.102694442019569,
        0.756597206552564,
        -0.645766613115874,
        -0.088034151368878
      ],
      [
        0.297180498356408,
        -0.596212376324668,
        -0.745797930886061,
        -0.0790416527780141
      ],
      [
        0.0,
        0.0,
        0.0,
        1.0
      ]
    ],
    "1": [
      [
        -0.761806575257106,
        0.547000630025596,
        -0.347046182296593,
        -0.0326232522914928
      ],
      [
        -0.44614444460323,
        -0.05459106620135,
        0.893294436365007,
        0.105361098996317
      ],
      [
        0.469686998377339,
        0.835350301515838,
        0.285629125462871,
        0.0468298363983908
      ],
      [
        0.0,
        0.0,
        0.0,
        1.0
      ]
    ],
    "2": [
      [
        -0.509791078331077,
        -0.733137597190357,
        -0.450135890637469,
        -0.0566577692143661
      ],
      [
        -0.69649038885723,
        0.658852053038368,
        -0.284279985993796,
        -0.0108575647350607
      ],
      [
        0.504989301553551,
        0.168591920900966,
        -0.84650018873204,
        -0.102956349488424
      ],
      [
        0.0,
        0.0,
        0.0,
        1.0
      ]
    ],
    "3": [
      [
        -0.862580364363869,
        -0.0187736879236107,
        0.505571620698435,
        0.0605382703186337
      ],
      [
        -0.268190539281515,
        -0.830380344973496,
        -0.488407941501352,
        -0.0432305901895997
      ],
      [
        0.428985955077535,
        -0.556880625738986,
        0.711234855039298,
        0.0934877761299317
      ],
      [
        0.0,
        0.0,
        0.0,
        1.0
      ]
    ]
  }
}