{
  "arms": {
    "0": [
      [
        -1.0,
        -3.4544418956419e-17,
        -5.7429469098552e-17,
        -8.88179061592281e-18
      ],
      [
        1.61821723736831e-17,
        0.70710676908493,
        -0.70710676908493,
        -0.0320000015199184
      ],
      [
        6.50353617437526e-17,
        -0.70710676908493,
        -0.70710676908493,
        0.293091654777527
      ],
      [
        0.0,
        0.0,
        0.0,
        1.0
      ]
    ],
    "1": [
      [
        -1.0,
        -1.58684436122931e-16,
        3.79067652096372e-16,
        8.881777381033e-18
      ],
      [
        -1.55834474657886e-16,
        -0.70710676908493,
        -0.70710676908493,
        -0.0320000015199184
      ],
      [
        3.80248151327049e-16,
        -0.70710676908493,
        0.70710676908493,
        0.373091667890549
      ],
      [
        0.0,
        0.0,
        0.0,
        1.0
      ]
    ],
    "2": [
      [
        -1.0,
        1.55343605830062e-16,
        3.79039991176689e-16,
        8.88179061592281e-18
      ],
      [
        1.58177235441093e-16,
        -0.70710676908493,
        0.70710676908493,
        0.0320000015199184
      ],
      [
        3.7786626820959e-16,
        0.70710676908493,
        0.70710676908493,
        0.373091667890549
      ],
      [
        0.0,
        0.0,
        0.0,
        1.0
      ]
    ],
    "3": [
      [
        -1.0,
        2.79474074023583e-16,
        1.87500179351167e-16,
        -8.881777381033e-18
      ],
      [
        3.30200653773157e-16,
        0.70710676908493,
        0.70710676908493,
        0.0320000015199184
      ],
      [
        6.50353617437526e-17,
        0.70710676908493,
        -0.70710676908493,
        0.293091654777527
      ],
      [
        0.0,
        0.0,
        0.0,
        1.0
      ]
    ]
  },
  "arms_in_parent_frame": {
    "0": [
      [
        2.22044604925031e-16,
        1.26880514983441e-08,
        0.999999940395355,
        1.49011611938477e-08
      ],
      [
        -4.91409067993851e-25,
        0.999999940395355,
        1.26880514983441e-08,
        1.49011611938477e-08
      ],
      [
        -1.0,
        0.0,
        2.22044604925031e-16,
        0.0
      ],
      [
        0.0,
        0.0,
        0.0,
        1.0
      ]
    ],
    "1": [
      [
        2.22044591690142e-16,
        -1.26880514983441e-08,
        0.999999940395355,
        0.0
      ],
      [
        8.9917095435823e-24,
        0.999999940395355,
        -1.26880514983441e-08,
        0.0
      ],
      [
        -1.0,
        4.1669021408967e-24,
        2.22044604925031e-16,
        0.0
      ],
      [
        0.0,
        0.0,
        0.0,
        1.0
      ]
    ],
    "2": [
      [
        2.22044604925031e-16,
        1.26880514983441e-08,
        0.999999940395355,
        0.0
      ],
      [
        -9.06095733156441e-24,
        0.999999940395355,
        1.26880514983441e-08,
        0.0
      ],
      [
        -1.0,
        5.26082581335845e-24,
        2.22044604925031e-16,
        0.0
      ],
      [
        0.0,
        0.0,
        0.0,
        1.0
      ]
    ],
    "3": [
      [
        2.22044591690142e-16,
        -1.26880514983441e-08,
        0.999999940395355,
        1.49011611938477e-08
      ],
      [
        -1.27434807328546e-23,
        0.999999940395355,
        -1.26880514983441e-08,
        -1.49011611938477e-08
      ],
      [
        -1.0,
        0.0,
        2.22044591690142e-16,
        0.0
      ],
      [
        0.0,
        0.0,
        0.0,
        1.0
      ]
    ]
  },
  "arms_link_world": {
    "0": [
      [
        -1.0,
        -3.4544418956419e-17,
        -5.7429469098552e-17,
        -8.88179061592281e-18
      ],
      [
        1.61821723736831e-17,
        0.70710676908493,
        -0.70710676908493,
        -0.0320000015199184
      ],
      [
        6.50353617437526e-17,
        -0.70710676908493,
        -0.70710676908493,
        0.293091654777527
      ],
      [
        0.0,
        0.0,
        0.0,
        1.0
      ]
    ],
    "1": [
      [
        -1.0,
        -1.58684436122931e-16,
        3.79067652096372e-16,
        8.881777381033e-18
      ],
      [
        -1.55834474657886e-16,
        -0.70710676908493,
        -0.70710676908493,
        -0.0320000015199184
      ],
      [
        3.80248151327049e-16,
        -0.70710676908493,
        0.70710676908493,
        0.373091667890549
      ],
      [
        0.0,
        0.0,
        0.0,
        1.0
      ]
    ],
    "2": [
      [
        -1.0,
        1.55343605830062e-16,
        3.79039991176689e-16,
        8.88179061592281e-18
      ],
      [
        1.58177235441093e-16,
        -0.70710676908493,
        0.70710676908493,
        0.0320000015199184
      ],
      [
        3.7786626820959e-16,
        0.70710676908493,
        0.70710676908493,
        0.373091667890549
      ],
      [
        0.0,
        0.0,
        0.0,
        1.0
      ]
    ],
    "3": [
      [
        -1.0,
        2.79474074023583e-16,
        1.87500179351167e-16,
        -8.881777381033e-18
      ],
      [
        3.30200653773157e-16,
        0.70710676908493,
        0.70710676908493,
        0.0320000015199184
      ],
      [
        6.50353617437526e-17,
        0.70710676908493,
        -0.70710676908493,
        0.293091654777527
      ],
      [
        0.0,
        0.0,
        0.0,
        1.0
      ]
    ]
  },
  "arms_relative_to_base": {
    "0": [
      [
        1.57009243181279e-16,
        0.70710676908493,
        0.70710676908493,
        0.0400000214576721
      ],
      [
        1.61819655785299e-17,
        0.70710676908493,
        -0.70710676908493,
        -0.0320000015199184
      ],
      [
        -1.0,
        1.22464685258517e-16,
        9.95799196665145e-17,
        6.61744490042422e-24
      ],
      [
        0.0,
        0.0,
        0.0,
        1.0
      ]
    ],
    "1": [
      [
        -1.58203546402017e-16,
        0.70710676908493,
        -0.70710676908493,
        -0.0399999916553497
      ],
      [
        -1.55834686416123e-16,
        -0.70710676908493,
        -0.70710676908493,
        -0.0320000015199184
      ],
      [
        -1.0,
        -1.67504735786478e-18,
        2.22058580968661e-16,
        0.0
      ],
      [
        0.0,
        0.0,
        0.0,
        1.0
      ]
    ],
    "2": [
      [
        -1.55821663284559e-16,
        -0.70710676908493,
        -0.70710676908493,
        -0.0399999916553497
      ],
      [
        1.58177023682857e-16,
        -0.70710676908493,
        0.70710676908493,
        0.0320000015199184
      ],
      [
        -1.0,
        -1.66549176742857e-18,
        2.22030589176732e-16,
        0.0
      ],
      [
        0.0,
        0.0,
        0.0,
        1.0
      ]
    ],
    "3": [
      [
        1.57009243181279e-16,
        -0.70710676908493,
        0.70710676908493,
        0.0400000214576721
      ],
      [
        3.3020044201492e-16,
        0.70710676908493,
        0.70710676908493,
        0.0320000015199184
      ],
      [
        -1.0,
        1.22464672023627e-16,
        3.44509263713768e-16,
        6.61744490042422e-24
      ],
      [
        0.0,
        0.0,
        0.0,
        1.0
      ]
    ]
  },
  "arms_view_frame": {
    "0": [
      [
        -0.999999940395355,
        -3.45444156476966e-17,
        -5.74294624811071e-17,
        -8.88178978874219e-18
      ],
      [
        6.50353617437526e-17,
        -0.707106828689575,
        -0.707106709480286,
        0.293091654777527
      ],
      [
        -1.61821756824055e-17,
        -0.707106709480286,
        0.707106828689575,
        0.0319999903440475
      ],
      [
        0.0,
        0.0,
        0.0,
        1.0
      ]
    ],
    "1": [
      [
        -0.999999940395355,
        -1.58684422888042e-16,
        3.79067625626593e-16,
        8.88177655385239e-18
      ],
      [
        3.80248151327049e-16,
        -0.707106709480286,
        0.707106828689575,
        0.373091667890549
      ],
      [
        1.55834461422996e-16,
        0.707106828689575,
        0.707106709480286,
        0.0319999866187572
      ],
      [
        0.0,
        0.0,
        0.0,
        1.0
      ]
    ],
    "2": [
      [
        -0.999999940395355,
        1.55343592595173e-16,
        3.79039964706909e-16,
        8.88178978874219e-18
      ],
      [
        3.7786626820959e-16,
        0.707106828689575,
        0.707106709480286,
        0.373091667890549
      ],
      [
        -1.58177248675983e-16,
        0.707106709480286,
        -0.707106828689575,
        -0.0320000164210796
      ],
      [
        0.0,
        0.0,
        0.0,
        1.0
      ]
    ],
    "3": [
      [
        -0.999999940395355,
        2.79474047553804e-16,
        1.87500166116278e-16,
        -8.88177655385239e-18
      ],
      [
        6.50353485088628e-17,
        0.707106709480286,
        -0.707106828689575,
        0.293091654777527
      ],
      [
        -3.30200653773157e-16,
        -0.707106828689575,
        -0.707106709480286,
        -0.0320000126957893
      ],
      [
        0.0,
        0.0,
        0.0,
        1.0
      ]
    ]
  },
  "arms_visual_world": {
    "0": [
      [
        -1.0,
        -3.4544418956419e-17,
        -5.7429469098552e-17,
        -8.88179061592281e-18
      ],
      [
        1.61821723736831e-17,
        0.70710676908493,
        -0.70710676908493,
        -0.0320000015199184
      ],
      [
        6.50353617437526e-17,
        -0.70710676908493,
        -0.70710676908493,
        0.293091654777527
      ],
      [
        0.0,
        0.0,
        0.0,
        1.0
      ]
    ],
    "1": [
      [
        -1.0,
        -1.58684436122931e-16,
        3.79067652096372e-16,
        8.881777381033e-18
      ],
      [
        -1.55834474657886e-16,
        -0.70710676908493,
        -0.70710676908493,
        -0.0320000015199184
      ],
      [
        3.80248151327049e-16,
        -0.70710676908493,
        0.70710676908493,
        0.373091667890549
      ],
      [
        0.0,
        0.0,
        0.0,
        1.0
      ]
    ],
    "2": [
      [
        -1.0,
        1.55343605830062e-16,
        3.79039991176689e-16,
        8.88179061592281e-18
      ],
      [
        1.58177235441093e-16,
        -0.70710676908493,
        0.70710676908493,
        0.0320000015199184
      ],
      [
        3.7786626820959e-16,
        0.70710676908493,
        0.70710676908493,
        0.373091667890549
      ],
      [
        0.0,
        0.0,
        0.0,
        1.0
      ]
    ],
    "3": [
      [
        -1.0,
        2.79474074023583e-16,
        1.87500179351167e-16,
        -8.881777381033e-18
      ],
      [
        3.30200653773157e-16,
        0.70710676908493,
        0.70710676908493,
        0.0320000015199184
      ],
      [
        6.50353617437526e-17,
        0.70710676908493,
        -0.70710676908493,
        0.293091654777527
      ],
      [
        0.0,
        0.0,
        0.0,
        1.0
      ]
    ]
  },
  "base": [
    [
      -2.22044604925031e-16,
      2.07555753890409e-22,
      1.0,
      9.8430748410355e-36
    ],
    [
      7.76368251692391e-19,
      1.0,
      -2.07555753890409e-22,
      4.7120618243896e-23
    ],
    [
      -1.0,
      7.76368251692391e-19,
      -2.22044604925031e-16,
      0.333091676235199
    ],
    [
      0.0,
      0.0,
      0.0,
      1.0
    ]
  ],
  "base_link_world": [
    [
      -2.22044604925031e-16,
      2.07555753890409e-22,
      1.0,
      9.8430748410355e-36
    ],
    [
      7.76368251692391e-19,
      1.0,
      -2.07555753890409e-22,
      4.7120618243896e-23
    ],
    [
      -1.0,
      7.76368251692391e-19,
      -2.22044604925031e-16,
      0.333091676235199
    ],
    [
      0.0,
      0.0,
      0.0,
      1.0
    ]
  ],
  "base_view_frame": [
    [
      -2.22044591690142e-16,
      2.07555741268635e-22,
      0.999999940395355,
      9.84307412357069e-36
    ],
    [
      -1.0,
      -4.37113882867379e-08,
      -2.22044604925031e-16,
      0.333091676235199
    ],
    [
      4.37113882867379e-08,
      -1.0,
      2.17261633410984e-22,
      -1.455989995236e-08
    ],
    [
      0.0,
      0.0,
      0.0,
      1.0
    ]
  ],
  "base_visual_world": [
    [
      -1.18210763733335e-21,
      2.22044591690142e-16,
      1.0,
      9.8430748410355e-36
    ],
    [
      0.999999940395355,
      6.25848770141602e-06,
      -2.07555753890409e-22,
      4.7120618243896e-23
    ],
    [
      -6.25848770141602e-06,
      0.999999940395355,
      -2.22044604925031e-16,
      0.333091676235199
    ],
    [
      0.0,
      0.0,
      0.0,
      1.0
    ]
  ],
  "view_adjust": [
    [
      0.999999940395355,
      0.0,
      0.0,
      0.0
    ],
    [
      0.0,
      -4.37113882867379e-08,
      1.0,
      0.0
    ],
    [
      0.0,
      -1.0,
      -4.37113882867379e-08,
      0.0
    ],
    [
      0.0,
      0.0,
      0.0,
      1.0
    ]
  ]
}