{
  "T_WB": [
    [
      -2.22044604925031e-16,
      6.03993988811451e-20,
      1.0,
      -2.78027087351406e-36
    ],
    [
      -8.46866426593581e-19,
      1.0,
      -6.03993988811451e-20,
      5.24739245798871e-21
    ],
    [
      -1.0,
      -8.4686642659358e-19,
      -2.22044604925031e-16,
      0.379138558300001
    ],
    [
      0.0,
      0.0,
      0.0,
      1.0
    ]
  ],
  "T_WH": {
    "0": [
      [
        -1.57125273998301e-16,
        -1.53641142017229e-16,
        1.0,
        -8.88371697776545e-18
      ],
      [
        -0.707106779455507,
        0.707106782917588,
        -2.46365281241582e-18,
        -0.032
      ],
      [
        -0.707106782917588,
        -0.707106779455507,
        -2.19745040135652e-16,
        0.339138558300001
      ],
      [
        0.0,
        0.0,
        0.0,
        1.0
      ]
    ],
    "1": [
      [
        1.57125273998301e-16,
        1.53646928913353e-16,
        1.0,
        8.88371697776545e-18
      ],
      [
        0.707106779455507,
        -0.707106782917588,
        -2.45956085891444e-18,
        0.032
      ],
      [
        0.707106782917588,
        0.707106779455507,
        -2.19749132089134e-16,
        0.419138558300001
      ],
      [
        0.0,
        0.0,
        0.0,
        1.0
      ]
    ],
    "2": [
      [
        -1.57055965010894e-16,
        1.54810388217865e-16,
        1.0,
        -8.87985141623706e-18
      ],
      [
        0.707106779455507,
        0.707106782917588,
        1.58786203817302e-18,
        0.032
      ],
      [
        -0.707106782917588,
        0.707106779455507,
        -2.20522813195861e-16,
        0.339138558300001
      ],
      [
        0.0,
        0.0,
        0.0,
        1.0
      ]
    ],
    "3": [
      [
        1.57055965010894e-16,
        -1.5371894393434e-16,
        1.0,
        8.87985141623706e-18
      ],
      [
        -0.707106779455507,
        -0.707106782917588,
        2.35962969422985e-18,
        -0.032
      ],
      [
        0.707106782917588,
        -0.707106779455507,
        -2.19751045543583e-16,
        0.419138558300001
      ],
      [
        0.0,
        0.0,
        0.0,
        1.0
      ]
    ]
  },
  "T_WP": {
    "0": [
      [
        -1.0,
        -1.53641142017229e-16,
        -9.58929340409335e-17,
        -1.98824861576465e-17
      ],
      [
        -4.08341498933632e-17,
        0.707106782917588,
        -0.707106779455507,
        -0.0814974745618855
      ],
      [
        1.76447237217882e-16,
        -0.707106779455507,
        -0.707106782917588,
        0.28964108349577
      ],
      [
        0.0,
        0.0,
        0.0,
        1.0
      ]
    ],
    "1": [
      [
        -1.0,
        1.53646928913353e-16,
        2.18357613955669e-16,
        1.98824861576465e-17
      ],
      [
        4.57573635646935e-17,
        -0.707106782917588,
        0.707106779455507,
        0.0814974745618855
      ],
      [
        2.63046935006904e-16,
        0.707106779455507,
        0.707106782917588,
        0.468636033104233
      ],
      [
        0.0,
        0.0,
        0.0,
        1.0
      ]
    ],
    "2": [
      [
        -1.0,
        1.54810388217865e-16,
        -9.58236250535262e-17,
        -1.98737689669996e-17
      ],
      [
        4.1709940667606e-17,
        0.707106782917588,
        0.707106779455507,
        0.0814974745618855
      ],
      [
        1.77225010278091e-16,
        0.707106779455507,
        -0.707106782917588,
        0.28964108349577
      ],
      [
        0.0,
        0.0,
        0.0,
        1.0
      ]
    ],
    "3": [
      [
        -1.0,
        -1.5371894393434e-16,
        2.18288304968262e-16,
        1.98737689669996e-17
      ],
      [
        -4.56574324000089e-17,
        -0.707106782917588,
        -0.707106779455507,
        -0.0814974745618855
      ],
      [
        2.63048848461354e-16,
        -0.707106779455507,
        0.707106782917588,
        0.468636033104233
      ],
      [
        0.0,
        0.0,
        0.0,
        1.0
      ]
    ]
  },
  "simTime": 0.156999999999999,
  "state": [
    -2.78027087351406e-36,
    5.24739245798871e-21,
    0.379138558300001,
    0.707106781186548,
    -2.78058084237546e-19,
    0.707106781186548,
    -3.20766908765995e-19,
    -6.84658700979153e-35,
    -1.01272257617547e-20,
    -1.53963619999997,
    6.90198018156712e-19,
    -7.55794026397987e-18,
    -1.41452702519074e-17,
    1.0,
    1.66269732107361e-18,
    3.66594605658394e-20,
    -5.00715597129219e-19,
    1.0,
    -1.65980387301157e-18,
    -3.66594605658389e-20,
    4.97976973764154e-19,
    1.0,
    -1.12078304538891e-18,
    4.47137912860959e-20,
    2.96268271880549e-19,
    1.0,
    1.66650518715118e-18,
    -4.47137912860954e-20,
    -4.92053346909052e-19,
    2.11985476206803e-17,
    5.59341867075069e-19,
    -1.52063083953236e-17,
    -2.0835010129126e-17,
    -5.59341867075065e-19,
    1.51737239738569e-17,
    -2.28053980008956e-17,
    5.17285913068584e-19,
    9.86455318246264e-18,
    2.1294032479025e-17,
    -5.17285913068579e-19,
    -1.52083180522192e-17
  ]
}