{
  "T_WB": [
    [
      0.822356786967341,
      0.012926125532777,
      0.568825307284638,
      -0.138626174962979
    ],
    [
      0.000484229364263603,
      0.999725642222818,
      -0.0234180657633674,
      -0.000241746026529416
    ],
    [
      -0.568971950495518,
      0.0195334472350762,
      0.822124907777669,
      0.114570364146963
    ],
    [
      0.0,
      0.0,
      0.0,
      1.0
    ]
  ],
  "T_WH": {
    "0": [
      [
        -0.115392916087396,
        0.372294213457534,
        0.920913401760928,
        -0.106145539501335
      ],
      [
        -0.878488826182115,
        0.394464759813556,
        -0.269545794881691,
        -0.032213597403089
      ],
      [
        -0.463618223530974,
        -0.84011580861883,
        0.281537867646102,
        0.09118641581562
      ],
      [
        0.0,
        0.0,
        0.0,
        1.0
      ]
    ],
    "1": [
      [
        -0.460444793534688,
        -0.772450491501526,
        0.437390935303705,
        -0.171106810424624
      ],
      [
        0.868283356722275,
        -0.494374406640765,
        0.0409628917154381,
        0.0317301053500302
      ],
      [
        0.184593078271904,
        0.398640419723895,
        0.898338027257257,
        0.137954312478306
      ],
      [
        0.0,
        0.0,
        0.0,
        1.0
      ]
    ],
    "2": [
      [
        -0.0864845009035405,
        -0.363368422689224,
        0.92762267140029,
        -0.105318267467237
      ],
      [
        0.898188632192572,
        0.374397338977016,
        0.230399248190973,
        0.0317688436991713
      ],
      [
        -0.431019271150957,
        0.853106102404194,
        0.293993819556165,
        0.0924365564386649
      ],
      [
        0.0,
        0.0,
        0.0,
        1.0
      ]
    ],
    "3": [
      [
        -0.472031947326033,
        0.769359142518547,
        0.43043274797199,
        -0.171934082458722
      ],
      [
        -0.871013234833602,
        -0.482379651213282,
        -0.0929828846619511,
        -0.0322523357522301
      ],
      [
        0.136094766425083,
        -0.418803512304373,
        0.897820601586544,
        0.136704171855261
      ],
      [
        0.0,
        0.0,
        0.0,
        1.0
      ]
    ]
  },
  "T_WP": {
    "0": [
      [
        -0.920913401760928,
        0.372294213457534,
        -0.115392916087396,
        -0.114223043627452
      ],
      [
        0.269545794881691,
        0.394464759813556,
        -0.878488826182115,
        -0.0937078152358371
      ],
      [
        -0.281537867646102,
        -0.84011580861883,
        -0.463618223530974,
        0.0587331401684518
      ],
      [
        0.0,
        0.0,
        0.0,
        1.0
      ]
    ],
    "1": [
      [
        -0.437390935303705,
        -0.772450491501526,
        -0.460444793534688,
        -0.203337945972052
      ],
      [
        -0.040962891715438,
        -0.494374406640765,
        0.868283356722275,
        0.0925099403205895
      ],
      [
        -0.898338027257257,
        0.398640419723895,
        0.184593078271905,
        0.15087582795734
      ],
      [
        0.0,
        0.0,
        0.0,
        1.0
      ]
    ],
    "2": [
      [
        -0.92762267140029,
        -0.363368422689224,
        -0.0864845009035404,
        -0.111372182530485
      ],
      [
        -0.230399248190973,
        0.374397338977016,
        0.898188632192572,
        0.0946420479526514
      ],
      [
        -0.293993819556165,
        0.853106102404194,
        -0.431019271150957,
        0.0622652074580979
      ],
      [
        0.0,
        0.0,
        0.0,
        1.0
      ]
    ],
    "3": [
      [
        -0.430432747971991,
        0.769359142518547,
        -0.472031947326033,
        -0.204976318771544
      ],
      [
        0.0929828846619511,
        -0.482379651213282,
        -0.871013234833602,
        -0.0932232621905823
      ],
      [
        -0.897820601586544,
        -0.418803512304373,
        0.136094766425084,
        0.146230805505017
      ],
      [
        0.0,
        0.0,
        0.0,
        1.0
      ]
    ]
  },
  "simTime": 0.806999999999927,
  "state": [
    -0.138626174962979,
    -0.000241746026529416,
    0.114570364146963,
    0.954490353142428,
    0.0112498551863401,
    0.298011722704749,
    -0.00325877996764228,
    -0.352408289357302,
    -0.00356226545693039,
    1.23840175933489,
    0.494940014982439,
    12.9912048437663,
    -0.196851928551854,
    0.913027798415039,
    -0.200446226889715,
    0.281098058412808,
    -0.217222077615542,
    0.987547894120017,
    -0.0409563518138749,
    0.0716216629050044,
    -0.133948017782797,
    0.914207987146117,
    0.200089227087734,
    0.27925724185735,
    0.21494987860407,
    0.985938717344286,
    0.0421363275140952,
    0.0751992722325223,
    0.143158810419855,
    -2.89149767451798,
    -2.26416948934687,
    2.29559307321334,
    -1.65714266737923,
    -1.02307926107269,
    0.317061279959884,
    2.91643145460286,
    -2.27835306695784,
    -2.26698002435351,
    1.68457052013927,
    -1.05112299539948,
    -0.305489700059622
  ]
}