{
  "T_WB": [
    [
      0.975452937170338,
      0.00185174881832981,
      0.220200223415135,
      -0.129045370579239
    ],
    [
      5.74677953743778e-05,
      0.999962468276624,
      -0.00866364447414505,
      -0.000122237886543478
    ],
    [
      -0.22020800181468,
      0.00846363187028496,
      0.975416220324611,
      0.0734866388372548
    ],
    [
      0.0,
      0.0,
      0.0,
      1.0
    ]
  ],
  "T_WH": {
    "0": [
      [
        -0.0252103491872802,
        0.723589103698359,
        0.6897704308702,
        -0.0900865090546119
      ],
      [
        -0.892786205615768,
        0.29414204760449,
        -0.341193855298184,
        -0.0321187381595805
      ],
      [
        -0.449774642855792,
        -0.624419141955181,
        0.638594946585001,
        0.0644074825448185
      ],
      [
        0.0,
        0.0,
        0.0,
        1.0
      ]
    ],
    "1": [
      [
        -0.485064290502872,
        -0.867923372015181,
        0.106872140376913,
        -0.168004232103866
      ],
      [
        0.873531854742484,
        -0.475222081491335,
        0.105385350088132,
        0.0318742623864935
      ],
      [
        -0.0406784074061412,
        0.14447488907364,
        0.988671974720665,
        0.0825657951296911
      ],
      [
        0.0,
        0.0,
        0.0,
        1.0
      ]
    ],
    "2": [
      [
        -0.0176864013926766,
        -0.723591020678889,
        0.690002337676229,
        -0.0899679971302388
      ],
      [
        0.899972201704356,
        0.289129841998824,
        0.326272846901407,
        0.0318788598101235
      ],
      [
        -0.435588369180344,
        0.626753515553458,
        0.64609813757369,
        0.0649491549845168
      ],
      [
        0.0,
        0.0,
        0.0,
        1.0
      ]
    ],
    "3": [
      [
        -0.475291478904298,
        0.873929114077043,
        0.101714864447037,
        -0.168122744028239
      ],
      [
        -0.877420503245381,
        -0.46226538525346,
        -0.128234059754394,
        -0.0321233355832104
      ],
      [
        -0.0650482172360473,
        -0.150195263457223,
        0.986514121677651,
        0.0820241226899929
      ],
      [
        0.0,
        0.0,
        0.0,
        1.0
      ]
    ]
  },
  "T_WP": {
    "0": [
      [
        -0.6897704308702,
        0.723589103698359,
        -0.0252103491872801,
        -0.0918512334977215
      ],
      [
        0.341193855298184,
        0.29414204760449,
        -0.892786205615768,
        -0.0946137725526842
      ],
      [
        -0.638594946585001,
        -0.624419141955181,
        -0.449774642855792,
        0.0329232575449131
      ],
      [
        0.0,
        0.0,
        0.0,
        1.0
      ]
    ],
    "1": [
      [
        -0.106872140376913,
        -0.867923372015181,
        -0.485064290502872,
        -0.201958732439067
      ],
      [
        -0.105385350088132,
        -0.475222081491335,
        0.873531854742484,
        0.0930214922184674
      ],
      [
        -0.988671974720665,
        0.14447488907364,
        -0.0406784074061411,
        0.0797183066112613
      ],
      [
        0.0,
        0.0,
        0.0,
        1.0
      ]
    ],
    "2": [
      [
        -0.690002337676229,
        -0.723591020678889,
        -0.0176864013926765,
        -0.0912060452277262
      ],
      [
        -0.326272846901407,
        0.289129841998824,
        0.899972201704356,
        0.0948769139294284
      ],
      [
        -0.64609813757369,
        0.626753515553458,
        -0.435588369180344,
        0.0344579691418927
      ],
      [
        0.0,
        0.0,
        0.0,
        1.0
      ]
    ],
    "3": [
      [
        -0.101714864447037,
        0.873929114077043,
        -0.475291478904298,
        -0.20139314755154
      ],
      [
        0.128234059754394,
        -0.46226538525346,
        -0.877420503245381,
        -0.0935427708103871
      ],
      [
        -0.986514121677651,
        -0.150195263457223,
        -0.0650482172360473,
        0.0774707474834696
      ],
      [
        0.0,
        0.0,
        0.0,
        1.0
      ]
    ]
  },
  "simTime": 0.777499999999931,
  "state": [
    -0.129045370579239,
    -0.000122237886543478,
    0.0734866388372548,
    0.993834949296357,
    0.0043083804701566,
    0.110785051768814,
    -0.000451352869061859,
    -0.293838426506215,
    -0.00449949828234792,
    1.55325259819913,
    0.500304615892666,
    13.0771002326182,
    -0.190054941641693,
    0.903586404359959,
    -0.163812456686632,
    0.290337307033047,
    -0.269074965455596,
    0.986081366524392,
    -0.0115941965475524,
    0.0798254987708499,
    -0.145385704062639,
    0.904520664310343,
    0.16289625047352,
    0.289484941651796,
    0.267405400046636,
    0.984593995636811,
    0.0123819849278498,
    0.0834352648936858,
    0.153166271670058,
    -3.094719398312,
    -1.54931599691284,
    3.10746812151355,
    -2.29725960649886,
    -0.471324559281853,
    1.11272632576262,
    3.11585910787626,
    -1.71145012076511,
    -3.2257261593135,
    2.30518894829691,
    -0.482064361414342,
    -0.847648082889741
  ]
}