{
  "T_WB": [
    [
      0.717138120643322,
      -0.00139650654946668,
      0.696929670547626,
      -0.0236656090174898
    ],
    [
      0.00106836014300603,
      0.999999020280971,
      0.000904457684606476,
      3.17544730897641e-05
    ],
    [
      -0.696930250833446,
      9.59507983513113e-05,
      0.717138910021395,
      0.32727139193461
    ],
    [
      0.0,
      0.0,
      0.0,
      1.0
    ]
  ],
  "T_WH": {
    "0": [
      [
        0.40781755437358,
        0.888076934871847,
        -0.212141933840008,
        0.00506460401782598
      ],
      [
        -0.734580172139391,
        0.181127488341923,
        -0.65389968929998,
        -0.0319254797701811
      ],
      [
        -0.54228849613874,
        0.422507030374138,
        0.726230677016616,
        0.299391111475725
      ],
      [
        0.0,
        0.0,
        0.0,
        1.0
      ]
    ],
    "1": [
      [
        -0.488127810503436,
        -0.425062545799628,
        0.76226837319376,
        -0.0523958220528056
      ],
      [
        0.685464382529539,
        -0.727341564964756,
        0.033359079094267,
        0.0319889887163606
      ],
      [
        0.540249776396548,
        0.538791313991752,
        0.646400881087364,
        0.355151672393495
      ],
      [
        0.0,
        0.0,
        0.0,
        1.0
      ]
    ],
    "2": [
      [
        0.406261386291584,
        -0.888170761708236,
        -0.214719314583137,
        0.00497522759866011
      ],
      [
        0.73563390268672,
        0.178518715920095,
        0.6534323448408,
        0.0320744575278011
      ],
      [
        -0.542028087119428,
        -0.423419137631794,
        0.725893784696358,
        0.299397252326819
      ],
      [
        0.0,
        0.0,
        0.0,
        1.0
      ]
    ],
    "3": [
      [
        -0.486529925279915,
        0.426869220785087,
        0.762280329113544,
        -0.0523064456336397
      ],
      [
        -0.686643852506428,
        -0.726309979099683,
        -0.0315283059384462,
        -0.0320109485816215
      ],
      [
        0.540193346517939,
        -0.538754566204827,
        0.646478666137714,
        0.3551455315424
      ],
      [
        0.0,
        0.0,
        0.0,
        1.0
      ]
    ]
  },
  "T_WP": {
    "0": [
      [
        0.212141933840008,
        0.888076934871847,
        0.40781755437358,
        0.0336118328239765
      ],
      [
        0.65389968929998,
        0.181127488341923,
        -0.734580172139391,
        -0.0833460918199384
      ],
      [
        -0.726230677016616,
        0.422507030374138,
        -0.54228849613874,
        0.261430916746013
      ],
      [
        0.0,
        0.0,
        0.0,
        1.0
      ]
    ],
    "1": [
      [
        -0.76226837319376,
        -0.425062545799628,
        -0.488127810503436,
        -0.0865647687880461
      ],
      [
        -0.033359079094267,
        -0.727341564964756,
        0.685464382529539,
        0.0799714954934283
      ],
      [
        -0.646400881087364,
        0.538791313991752,
        0.540249776396548,
        0.392969156741253
      ],
      [
        0.0,
        0.0,
        0.0,
        1.0
      ]
    ],
    "2": [
      [
        0.214719314583137,
        -0.888170761708236,
        0.406261386291584,
        0.033413524639071
      ],
      [
        -0.6534323448408,
        0.178518715920095,
        0.73563390268672,
        0.0835688307158715
      ],
      [
        -0.725893784696358,
        -0.423419137631794,
        -0.542028087119428,
        0.261455286228459
      ],
      [
        0.0,
        0.0,
        0.0,
        1.0
      ]
    ],
    "3": [
      [
        -0.762280329113544,
        0.426869220785087,
        -0.486529925279915,
        -0.0863635404032338
      ],
      [
        0.0315283059384462,
        -0.726309979099683,
        -0.686643852506428,
        -0.0800760182570715
      ],
      [
        -0.646478666137714,
        -0.538754566204827,
        0.540193346517939,
        0.392959065798656
      ],
      [
        0.0,
        0.0,
        0.0,
        1.0
      ]
    ]
  },
  "simTime": 0.42449999999997,
  "state": [
    -0.0236656090174898,
    3.17544730897641e-05,
    0.32727139193461,
    0.926589991709614,
    -0.000218140410939315,
    0.376072462969656,
    0.000665037048351042,
    -0.218334465244343,
    0.000216413896389271,
    0.758317013847639,
    -0.0104907091994727,
    -4.95890889026428,
    0.00325908331495195,
    0.826923898096966,
    0.559351380174791,
    0.0306856930239493,
    -0.0487984476834669,
    0.998594395291703,
    0.0451606101421805,
    -0.023283011071058,
    0.0150882198767399,
    0.826679547383796,
    -0.559739630975838,
    0.0305750940194003,
    0.0485554845312064,
    0.998592763890254,
    -0.0451785063901934,
    -0.0231898309520269,
    -0.0152848358444283,
    0.0792478339653371,
    -0.363171392435295,
    -5.72220867730879,
    0.165697130737623,
    0.364214864467918,
    -0.539780649750328,
    -0.0819050290885902,
    -0.360577383429708,
    5.72691497664602,
    -0.169083515203712,
    0.363346323858692,
    0.539454987175051
  ]
}