{
  "T_WB": [
    [
      0.732866362526541,
      0.0180201110683896,
      0.680133935540787,
      -0.142600020628484
    ],
    [
      0.00203690880743843,
      0.999586602490351,
      -0.0286788271082914,
      -0.000278813899594585
    ],
    [
      -0.680369565515409,
      0.0224031185079219,
      0.732526692074421,
      0.1275838545664
    ],
    [
      0.0,
      0.0,
      0.0,
      1.0
    ]
  ],
  "T_WH": {
    "0": [
      [
        -0.15217999462563,
        0.224182788287206,
        0.962591983486003,
        -0.113862009681611
      ],
      [
        -0.871859774095437,
        0.428272257338825,
        -0.237578214296177,
        -0.0321841088269883
      ],
      [
        -0.46551238818102,
        -0.875399880642944,
        0.13028148533204,
        0.0996521721535304
      ],
      [
        0.0,
        0.0,
        0.0,
        1.0
      ]
    ],
    "1": [
      [
        -0.423255134871266,
        -0.717322324071361,
        0.553447173806107,
        -0.171338031575357
      ],
      [
        0.866809815942188,
        -0.498349260414356,
        0.0169928699969716,
        0.0316264810277991
      ],
      [
        0.263620624745819,
        0.486925762343014,
        0.832710915129193,
        0.15551553697927
      ],
      [
        0.0,
        0.0,
        0.0,
        1.0
      ]
    ],
    "2": [
      [
        -0.114763161222009,
        -0.21008490849195,
        0.970924172142325,
        -0.112708722573234
      ],
      [
        0.896294163892521,
        0.399550821699381,
        0.192395199138536,
        0.0317894337323942
      ],
      [
        -0.428352878592567,
        0.89231355033042,
        0.142444162036157,
        0.101085971738037
      ],
      [
        0.0,
        0.0,
        0.0,
        1.0
      ]
    ],
    "3": [
      [
        -0.445795919127785,
        0.708979549354656,
        0.546455850994279,
        -0.172491318683734
      ],
      [
        -0.870368199060193,
        -0.485925742314861,
        -0.0795950439441289,
        -0.0323470615315834
      ],
      [
        0.209105706650322,
        -0.511100940668885,
        0.833696966465424,
        0.154081737394763
      ],
      [
        0.0,
        0.0,
        0.0,
        1.0
      ]
    ]
  },
  "T_WP": {
    "0": [
      [
        -0.962591983486003,
        0.224182788287206,
        -0.15217999462563,
        -0.124514609305405
      ],
      [
        0.237578214296177,
        0.428272257338825,
        -0.871859774095437,
        -0.0932142930136689
      ],
      [
        -0.13028148533204,
        -0.875399880642944,
        -0.46551238818102,
        0.067066304980859
      ],
      [
        0.0,
        0.0,
        0.0,
        1.0
      ]
    ],
    "1": [
      [
        -0.553447173806107,
        -0.717322324071361,
        -0.423255134871266,
        -0.200965891016346
      ],
      [
        -0.0169928699969715,
        -0.498349260414356,
        0.866809815942188,
        0.0923031681437523
      ],
      [
        -0.832710915129193,
        0.486925762343014,
        0.263620624745819,
        0.173968980711477
      ],
      [
        0.0,
        0.0,
        0.0,
        1.0
      ]
    ],
    "2": [
      [
        -0.970924172142325,
        -0.21008490849195,
        -0.114763161222009,
        -0.120742143858775
      ],
      [
        -0.192395199138536,
        0.399550821699381,
        0.896294163892521,
        0.0945300252048706
      ],
      [
        -0.142444162036157,
        0.89231355033042,
        -0.428352878592567,
        0.0711012702365577
      ],
      [
        0.0,
        0.0,
        0.0,
        1.0
      ]
    ],
    "3": [
      [
        -0.546455850994279,
        0.708979549354656,
        -0.445795919127785,
        -0.203697033022679
      ],
      [
        0.0795950439441288,
        -0.485925742314861,
        -0.870368199060193,
        -0.0932728354657968
      ],
      [
        -0.833696966465424,
        -0.511100940668885,
        0.209105706650322,
        0.168719136860286
      ],
      [
        0.0,
        0.0,
        0.0,
        1.0
      ]
    ]
  },
  "simTime": 0.817999999999926,
  "state": [
    -0.142600020628484,
    -0.000278813899594585,
    0.1275838545664,
    0.930722791314809,
    0.0137210418861805,
    0.365442727349098,
    -0.00429322307622125,
    -0.369800318170268,
    -0.00317717233634514,
    1.12809942145502,
    0.493097034591708,
    13.0100680109912,
    -0.198844957140655,
    0.915965743252214,
    -0.213784462636367,
    0.27536594106833,
    -0.198687088718044,
    0.987756841151447,
    -0.0502213791815835,
    0.0672375831599803,
    -0.131504156749582,
    0.917032534043022,
    0.21361794635379,
    0.273449982182518,
    0.196580293383147,
    0.986178520279638,
    0.0516317429261668,
    0.0707714072469823,
    0.140632489765883,
    -2.75930461517123,
    -2.33530719439304,
    2.32098769269956,
    -1.52588323171977,
    -1.03716918314921,
    0.276793978014894,
    2.78190627028504,
    -2.3262959033824,
    -2.27807169276922,
    1.56289155409394,
    -1.06855945990922,
    -0.295019621172723
  ]
}