{
  "T_WB": [
    [
      0.407121203595087,
      -0.000624647074768855,
      0.91337392966918,
      -0.00941357564422553
    ],
    [
      0.000492053186943989,
      0.999999771031441,
      0.000464565094601033,
      1.1993432220664e-05
    ],
    [
      -0.913374010724495,
      0.000260294252503038,
      0.407121417736715,
      0.245828122354388
    ],
    [
      0.0,
      0.0,
      0.0,
      1.0
    ]
  ],
  "T_WH": {
    "0": [
      [
        0.527507630110012,
        0.837666075395536,
        0.141602423380247,
        0.00689126120597053
      ],
      [
        -0.621976458564034,
        0.494335764082912,
        -0.607270481203151,
        -0.0319683171133077
      ],
      [
        -0.578689022850668,
        0.23226643855711,
        0.781774466423748,
        0.209284832509328
      ],
      [
        0.0,
        0.0,
        0.0,
        1.0
      ]
    ],
    "1": [
      [
        -0.233522234432874,
        -0.204796436476785,
        0.95053973385224,
        -0.0257184124944216
      ],
      [
        0.661472867367979,
        -0.749968528036931,
        0.000923412206274127,
        0.031992303977749
      ],
      [
        0.712685773508537,
        0.628971880580149,
        0.310601612484561,
        0.282371412199448
      ],
      [
        0.0,
        0.0,
        0.0,
        1.0
      ]
    ],
    "2": [
      [
        0.52742444103437,
        -0.837978958120352,
        0.14005257850933,
        0.00685128379318533
      ],
      [
        0.622853397184966,
        0.493483822882615,
        0.607064545306599,
        0.0320316682327045
      ],
      [
        -0.57782099703518,
        -0.232948454171066,
        0.782213470278147,
        0.209301491341489
      ],
      [
        0.0,
        0.0,
        0.0,
        1.0
      ]
    ],
    "3": [
      [
        -0.232998679464238,
        0.205812060073549,
        0.95044884728017,
        -0.0256784350816364
      ],
      [
        -0.661898784622247,
        -0.74959322016252,
        5.65860046011928e-05,
        -0.0320076813682632
      ],
      [
        0.712461658114676,
        -0.629087752396012,
        0.310880982856496,
        0.282354753367288
      ],
      [
        0.0,
        0.0,
        0.0,
        1.0
      ]
    ]
  },
  "T_WP": {
    "0": [
      [
        -0.141602423380247,
        0.837666075395536,
        0.527507630110012,
        0.0438167953136714
      ],
      [
        0.607270481203151,
        0.494335764082912,
        -0.621976458564034,
        -0.0755066692127901
      ],
      [
        -0.781774466423748,
        0.23226643855711,
        -0.578689022850668,
        0.168776600909782
      ],
      [
        0.0,
        0.0,
        0.0,
        1.0
      ]
    ],
    "1": [
      [
        -0.95053973385224,
        -0.204796436476785,
        -0.233522234432874,
        -0.0420649689047228
      ],
      [
        -0.000923412206274086,
        -0.749968528036931,
        0.661472867367979,
        0.0782954046935075
      ],
      [
        -0.310601612484561,
        0.628971880580149,
        0.712685773508537,
        0.332259416345046
      ],
      [
        0.0,
        0.0,
        0.0,
        1.0
      ]
    ],
    "2": [
      [
        -0.14005257850933,
        -0.837978958120352,
        0.52742444103437,
        0.0437709946655912
      ],
      [
        -0.607064545306599,
        0.493483822882615,
        0.622853397184966,
        0.0756314060356521
      ],
      [
        -0.782213470278147,
        -0.232948454171066,
        -0.57782099703518,
        0.168854021549026
      ],
      [
        0.0,
        0.0,
        0.0,
        1.0
      ]
    ],
    "3": [
      [
        -0.95044884728017,
        0.205812060073549,
        -0.232998679464238,
        -0.0419883426441331
      ],
      [
        -5.65860046012333e-05,
        -0.74959322016252,
        -0.661898784622247,
        -0.0783405962918205
      ],
      [
        -0.310880982856496,
        -0.629087752396012,
        0.712461658114676,
        0.332227069435315
      ],
      [
        0.0,
        0.0,
        0.0,
        1.0
      ]
    ]
  },
  "simTime": 0.351499999999978,
  "state": [
    -0.00941357564422553,
    1.1993432220664e-05,
    0.245828122354388,
    0.838785191864288,
    -6.08829424026853e-05,
    0.544462383847507,
    0.000332832610942636,
    -0.168656531498063,
    0.000303247199500333,
    1.47121257263802,
    -0.00968968131365005,
    -5.42285969433258,
    0.00532403260722605,
    0.844599364042386,
    0.519055172528085,
    -0.0831639386932012,
    0.101574610174342,
    0.998179040451081,
    0.0355625194256008,
    -0.0375460024355931,
    0.0310517007162209,
    0.844373646582881,
    -0.519321109982182,
    -0.083525198204096,
    -0.101795240302133,
    0.998181683013928,
    -0.0354726562665592,
    -0.0374289323195017,
    -0.0312104690496526,
    2.79193618579498,
    0.649374090627001,
    -3.88212445821112,
    0.37044517323872,
    0.299107496756674,
    -0.343822994948425,
    -2.79530031805789,
    0.65191649481309,
    3.88412196023796,
    -0.372835191882933,
    0.299140248626715,
    0.341808626761888
  ]
}