{
  "T_WB": [
    [
      -2.22044604925031e-16,
      2.11583812435322e-20,
      1.0,
      4.10029695127701e-37
    ],
    [
      -2.07396011511805e-19,
      1.0,
      -2.11583812435322e-20,
      4.41149392365015e-21
    ],
    [
      -1.0,
      -2.07396011511805e-19,
      -2.22044604925031e-16,
      0.453388004375
    ],
    [
      0.0,
      0.0,
      0.0,
      1.0
    ]
  ],
  "T_WH": {
    "0": [
      [
        -1.57062112411736e-16,
        -1.55033806680097e-16,
        1.0,
        -8.88246126520105e-18
      ],
      [
        -0.707106779455507,
        0.707106782917588,
        -1.43422819691084e-18,
        -0.032
      ],
      [
        -0.707106782917588,
        -0.707106779455507,
        -2.20685140773994e-16,
        0.413388004375
      ],
      [
        0.0,
        0.0,
        0.0,
        1.0
      ]
    ],
    "1": [
      [
        1.57062112411736e-16,
        1.55041365605431e-16,
        1.0,
        8.88246126520105e-18
      ],
      [
        0.707106779455507,
        -0.707106782917588,
        -1.42888322953599e-18,
        0.032
      ],
      [
        0.707106782917588,
        0.707106779455507,
        -2.20690485741343e-16,
        0.493388004375
      ],
      [
        0.0,
        0.0,
        0.0,
        1.0
      ]
    ],
    "2": [
      [
        -1.57044116838568e-16,
        1.55974195829156e-16,
        1.0,
        -8.88110712880146e-18
      ],
      [
        0.707106779455507,
        0.707106782917588,
        7.56547859241944e-19,
        0.032
      ],
      [
        -0.707106782917588,
        0.707106779455507,
        -2.21337371524771e-16,
        0.413388004375
      ],
      [
        0.0,
        0.0,
        0.0,
        1.0
      ]
    ],
    "3": [
      [
        1.57044116838568e-16,
        -1.55060730730568e-16,
        1.0,
        8.88110712880146e-18
      ],
      [
        -0.707106779455507,
        -0.707106782917588,
        1.40246522641205e-18,
        -0.032
      ],
      [
        0.707106782917588,
        -0.707106779455507,
        -2.20691454160763e-16,
        0.493388004375
      ],
      [
        0.0,
        0.0,
        0.0,
        1.0
      ]
    ]
  },
  "T_WP": {
    "0": [
      [
        -1.0,
        -1.55033806680097e-16,
        -9.58297724543683e-17,
        -1.98768091340226e-17
      ],
      [
        -4.18635745088682e-17,
        0.707106782917588,
        -0.707106779455507,
        -0.0814974745618855
      ],
      [
        1.77387337856224e-16,
        -0.707106779455507,
        -0.707106782917588,
        0.363890529570769
      ],
      [
        0.0,
        0.0,
        0.0,
        1.0
      ]
    ],
    "1": [
      [
        -1.0,
        1.55041365605431e-16,
        2.18294452369104e-16,
        1.98768091340226e-17
      ],
      [
        4.4726685935315e-17,
        -0.707106782917588,
        0.707106779455507,
        0.0814974745618855
      ],
      [
        2.63988288659113e-16,
        0.707106779455507,
        0.707106782917588,
        0.542885479179231
      ],
      [
        0.0,
        0.0,
        0.0,
        1.0
      ]
    ],
    "2": [
      [
        -1.0,
        1.55974195829156e-16,
        -9.58117768812003e-17,
        -1.98741953075012e-17
      ],
      [
        4.25412548465371e-17,
        0.707106782917588,
        0.707106779455507,
        0.0814974745618855
      ],
      [
        1.78039568607e-16,
        0.707106779455507,
        -0.707106782917588,
        0.363890529570769
      ],
      [
        0.0,
        0.0,
        0.0,
        1.0
      ]
    ],
    "3": [
      [
        -1.0,
        -1.55060730730568e-16,
        2.18276456795936e-16,
        1.98741953075012e-17
      ],
      [
        -4.47002679321911e-17,
        -0.707106782917588,
        -0.707106779455507,
        -0.0814974745618855
      ],
      [
        2.63989257078533e-16,
        -0.707106779455507,
        0.707106782917588,
        0.542885479179231
      ],
      [
        0.0,
        0.0,
        0.0,
        1.0
      ]
    ]
  },
  "simTime": 0.0975000000000018,
  "state": [
    4.10029695127701e-37,
    4.41149392365015e-21,
    0.453388004375,
    0.707106781186548,
    -6.58449456374042e-20,
    0.707106781186548,
    -8.08061804936361e-20,
    -3.08874064813631e-35,
    3.97664726477621e-20,
    -0.956143499999989,
    5.60503879884805e-19,
    -4.20300360203813e-18,
    -7.03805711567621e-18,
    1.0,
    9.80238784509717e-19,
    1.8952462085375e-20,
    -1.50005185613041e-19,
    1.0,
    -9.76459321842992e-19,
    -1.89524620853747e-20,
    1.48360446712784e-19,
    1.0,
    -5.25005444873132e-19,
    2.49159103209943e-20,
    8.73372861483966e-20,
    1.0,
    9.81737994167166e-19,
    -2.4915910320994e-20,
    -1.44270395681678e-19,
    2.44998471294219e-17,
    6.16389636693674e-19,
    -8.241175646859e-18,
    -2.4548204038129e-17,
    -6.16389636693668e-19,
    8.19886473476642e-18,
    -1.63195397411454e-17,
    7.92057087378855e-19,
    4.53668803893731e-18,
    2.46164703444632e-17,
    -7.92057087378848e-19,
    -8.05668343823746e-18
  ]
}