{
  "T_WB": [
    [
      -0.0715664795625413,
      0.05294487693905,
      0.996029657695459,
      -0.170888208509925
    ],
    [
      0.025251940182253,
      0.998366313781544,
      -0.0512546878176375,
      -0.000426387883867475
    ],
    [
      -0.997116130909563,
      0.0214835637676903,
      -0.0727865232565981,
      0.182385871633471
    ],
    [
      0.0,
      0.0,
      0.0,
      1.0
    ]
  ],
  "T_WH": {
    "0": [
      [
        -0.46659235493922,
        -0.549040117930743,
        0.693430979416747,
        -0.175445103754476
      ],
      [
        -0.77998570914065,
        0.625082166276895,
        -0.0299095125159358,
        -0.0313640323175868
      ],
      [
        -0.417029816498329,
        -0.554821804100362,
        -0.719902005724523,
        0.141813752356522
      ],
      [
        0.0,
        0.0,
        0.0,
        1.0
      ]
    ],
    "1": [
      [
        0.0217439468569311,
        -0.173986456577531,
        0.984507955124121,
        -0.166331313265373
      ],
      [
        0.837692421809048,
        -0.534338634277684,
        -0.112931972275129,
        0.0305112565498518
      ],
      [
        0.545709269867,
        0.827170440021797,
        0.134128505305068,
        0.222957990910419
      ],
      [
        0.0,
        0.0,
        0.0,
        1.0
      ]
    ],
    "2": [
      [
        -0.378537689995653,
        0.612173372875206,
        0.694228333327983,
        -0.172056631630377
      ],
      [
        0.842045940168686,
        0.539159605736032,
        -0.0162958334552397,
        0.0325314117644321
      ],
      [
        -0.384275749818005,
        0.578403562476201,
        -0.719570335003223,
        0.143188700437654
      ],
      [
        0.0,
        0.0,
        0.0,
        1.0
      ]
    ],
    "3": [
      [
        -0.0736160253399283,
        0.12578770490368,
        0.989322057829611,
        -0.169719785389473
      ],
      [
        -0.865045393485251,
        -0.501693263021931,
        -0.000580558657603855,
        -0.033384187532167
      ],
      [
        0.496263184231007,
        -0.855851227219703,
        0.145744738647504,
        0.221583042829287
      ],
      [
        0.0,
        0.0,
        0.0,
        1.0
      ]
    ]
  },
  "T_WP": {
    "0": [
      [
        -0.693430979416747,
        -0.549040117930743,
        -0.46659235493922,
        -0.208106568600221
      ],
      [
        0.0299095125159357,
        0.625082166276895,
        -0.77998570914065,
        -0.0859630319574323
      ],
      [
        0.719902005724523,
        -0.554821804100362,
        -0.417029816498329,
        0.112621665201639
      ],
      [
        0.0,
        0.0,
        0.0,
        1.0
      ]
    ],
    "1": [
      [
        -0.984507955124121,
        -0.173986456577531,
        0.0217439468569312,
        -0.164809236985388
      ],
      [
        0.112931972275129,
        -0.534338634277684,
        0.837692421809048,
        0.0891497260764852
      ],
      [
        -0.134128505305068,
        0.827170440021797,
        0.545709269867,
        0.261157639801109
      ],
      [
        0.0,
        0.0,
        0.0,
        1.0
      ]
    ],
    "2": [
      [
        -0.694228333327983,
        0.612173372875206,
        -0.378537689995653,
        -0.198554269930072
      ],
      [
        0.0162958334552397,
        0.539159605736032,
        0.842045940168686,
        0.09147462757624
      ],
      [
        0.719570335003223,
        0.578403562476201,
        -0.384275749818005,
        0.116289397950394
      ],
      [
        0.0,
        0.0,
        0.0,
        1.0
      ]
    ],
    "3": [
      [
        -0.989322057829611,
        0.12578770490368,
        -0.0736160253399283,
        -0.174872907163268
      ],
      [
        0.000580558657603802,
        -0.501693263021931,
        -0.865045393485251,
        -0.0939373650761346
      ],
      [
        -0.145744738647504,
        -0.855851227219703,
        0.496263184231007,
        0.256321465725457
      ],
      [
        0.0,
        0.0,
        0.0,
        1.0
      ]
    ]
  },
  "simTime": 0.886499999999919,
  "state": [
    -0.170888208509925,
    -0.000426387883867475,
    0.182385871633471,
    0.68081078703308,
    0.0267101568345867,
    0.731901516018495,
    -0.0101691017843154,
    -0.448287023498405,
    -0.00143457694566643,
    0.48228348873727,
    0.481097077667709,
    13.0755086272051,
    -0.217296044127103,
    0.930751225992562,
    -0.269776447037334,
    0.234340936858047,
    -0.077505801394148,
    0.987815294838257,
    -0.0995509314608952,
    0.0421577818259577,
    -0.11195211815946,
    0.930824857071016,
    0.270828740341216,
    0.233046472643627,
    0.0768519385069528,
    0.986522357502722,
    0.102626666284829,
    0.0453867854130931,
    0.119085873320051,
    -1.41854945366694,
    -2.26242336311153,
    2.88129937902118,
    -1.27960464780975,
    -0.83907445827644,
    0.65574835668212,
    1.45749515877443,
    -2.22827950124763,
    -2.85164202307623,
    1.31773351660133,
    -0.867805486312465,
    -0.716361759387894
  ]
}