{
  "T_WB": [
    [
      0.999576629456044,
      -0.00235368454770992,
      -0.029000379555185,
      -0.0785645246690654
    ],
    [
      0.0024063944794154,
      0.999995515446281,
      0.00178279357662092,
      3.0228608530008e-05
    ],
    [
      0.0289960533677319,
      -0.00185182514759717,
      0.999577810694454,
      0.281314073680169
    ],
    [
      0.0,
      0.0,
      0.0,
      1.0
    ]
  ],
  "T_WH": {
    "0": [
      [
        -0.110446792421106,
        0.931286653813726,
        -0.3471407127842,
        -0.0385061415852969
      ],
      [
        -0.817229441992394,
        -0.283874396118925,
        -0.501548967069932,
        -0.0318733721065744
      ],
      [
        -0.565630219476195,
        0.228299136346481,
        0.792427888932969,
        0.282533174219601
      ],
      [
        0.0,
        0.0,
        0.0,
        1.0
      ]
    ],
    "1": [
      [
        -0.646619486279781,
        -0.762611424634079,
        0.017522984359212,
        -0.118622907752834
      ],
      [
        0.762135106178652,
        -0.644906580639795,
        0.0569700112124137,
        0.0319338293236344
      ],
      [
        -0.0321452934864142,
        0.0501928009286992,
        0.998222100958301,
        0.280094973140737
      ],
      [
        0.0,
        0.0,
        0.0,
        1.0
      ]
    ],
    "2": [
      [
        -0.11418579431665,
        -0.929788575680025,
        -0.349935435346558,
        -0.0386567773963503
      ],
      [
        0.814131542516867,
        -0.289442394561824,
        0.503401362442956,
        0.0321263408819876
      ],
      [
        -0.569342986129962,
        -0.227412191329372,
        0.790020417064895,
        0.282414657410155
      ],
      [
        0.0,
        0.0,
        0.0,
        1.0
      ]
    ],
    "3": [
      [
        -0.6431361554143,
        0.76553729475371,
        0.0181255604074965,
        -0.11847227194178
      ],
      [
        -0.765186046690489,
        -0.641571141025581,
        -0.0536356686666179,
        -0.0320658836649276
      ],
      [
        -0.0294312682209834,
        -0.0483644636515857,
        0.99839605323068,
        0.280213489950183
      ],
      [
        0.0,
        0.0,
        0.0,
        1.0
      ]
    ]
  },
  "T_WP": {
    "0": [
      [
        0.3471407127842,
        0.931286653813726,
        -0.110446792421106,
        -0.0462374170547743
      ],
      [
        0.501548967069932,
        -0.283874396118925,
        -0.817229441992394,
        -0.089079433046042
      ],
      [
        -0.792427888932969,
        0.228299136346481,
        -0.565630219476195,
        0.242939058856268
      ],
      [
        0.0,
        0.0,
        0.0,
        1.0
      ]
    ],
    "1": [
      [
        -0.0175229843592121,
        -0.762611424634079,
        -0.646619486279781,
        -0.163886271792418
      ],
      [
        -0.0569700112124136,
        -0.644906580639795,
        0.762135106178652,
        0.08528328675614
      ],
      [
        -0.998222100958301,
        0.0501928009286992,
        -0.0321452934864141,
        0.277844802596688
      ],
      [
        0.0,
        0.0,
        0.0,
        1.0
      ]
    ],
    "2": [
      [
        0.349935435346558,
        -0.929788575680025,
        -0.11418579431665,
        -0.0466497829985158
      ],
      [
        -0.503401362442956,
        -0.289442394561824,
        0.814131542516867,
        0.0891155488581683
      ],
      [
        -0.790020417064895,
        -0.227412191329372,
        -0.569342986129962,
        0.242560648381058
      ],
      [
        0.0,
        0.0,
        0.0,
        1.0
      ]
    ],
    "3": [
      [
        -0.0181255604074965,
        0.76553729475371,
        -0.6431361554143,
        -0.163491802820781
      ],
      [
        0.0536356686666179,
        -0.641571141025581,
        -0.765186046690489,
        -0.0856289069332618
      ],
      [
        -0.99839605323068,
        -0.0483644636515857,
        -0.0294312682209833,
        0.278153301174714
      ],
      [
        0.0,
        0.0,
        0.0,
        1.0
      ]
    ]
  },
  "simTime": 0.622999999999948,
  "state": [
    -0.0785645246690654,
    3.0228608530008e-05,
    0.281314073680169,
    0.999893738803877,
    -0.000908751246048908,
    -0.0145006490870458,
    0.00119014622314256,
    -0.325454520336161,
    -0.000228696758474323,
    -1.23201541224611,
    -0.0118076149834823,
    -3.02634487392315,
    0.000342972964649653,
    0.828706217677842,
    0.237045292088008,
    0.207789160559485,
    -0.462470754788864,
    0.99846362336568,
    0.0358136456882812,
    0.00451169201180413,
    -0.0420406973441556,
    0.828532464503485,
    -0.237364013858714,
    0.208067356637014,
    0.462493519187834,
    0.998456456974164,
    -0.0360913635614989,
    0.00455825159906686,
    0.0419683135857452,
    -4.68901634673034,
    -2.40467850564932,
    -2.75931064255355,
    -0.37584546130543,
    0.136054190342947,
    -0.530398230269148,
    4.6909111766618,
    -2.40708517137423,
    2.76152043289179,
    0.374371064213417,
    0.135673677453922,
    0.533109023650471
  ]
}