{
  "T_WB": [
    [
      0.935183107745345,
      -0.00207827485815592,
      0.354158489607932,
      -0.0456864731617121
    ],
    [
      0.0017235637252357,
      0.999997647433297,
      0.00131698745504863,
      4.2442691182924e-05
    ],
    [
      -0.354160393488378,
      -0.000621209695401518,
      0.935184489703861,
      0.355469231222337
    ],
    [
      0.0,
      0.0,
      0.0,
      1.0
    ]
  ],
  "T_WH": {
    "0": [
      [
        0.15693574435789,
        0.889982283587707,
        -0.428138653992892,
        -0.00821264405643733
      ],
      [
        -0.798318413608148,
        -0.140901003195205,
        -0.585520809017711,
        -0.0318885394776731
      ],
      [
        -0.581428312551947,
        0.433680115060161,
        0.688376840955882,
        0.341322694193055
      ],
      [
        0.0,
        0.0,
        0.0,
        1.0
      ]
    ],
    "1": [
      [
        -0.642940600365956,
        -0.636115528938758,
        0.426596317663465,
        -0.083160302266987
      ],
      [
        0.720961017093624,
        -0.690649340981671,
        0.0567335846999919,
        0.031973424860039
      ],
      [
        0.258539351419453,
        0.344035640078972,
        0.902661000665843,
        0.369615768251619
      ],
      [
        0.0,
        0.0,
        0.0,
        1.0
      ]
    ],
    "2": [
      [
        0.153933755036697,
        -0.889013030565257,
        -0.431231063984819,
        -0.00834565364735931
      ],
      [
        0.797860352280221,
        -0.145610244784192,
        0.584992747709893,
        0.0321113099580579
      ],
      [
        -0.582857836285645,
        -0.434112298949321,
        0.686893917997059,
        0.341282936772549
      ],
      [
        0.0,
        0.0,
        0.0,
        1.0
      ]
    ],
    "3": [
      [
        -0.640226654901892,
        0.638622467374805,
        0.426932283292384,
        -0.083027292676065
      ],
      [
        -0.723056634825032,
        -0.688661855761486,
        -0.0541659602946908,
        -0.032026424575692
      ],
      [
        0.259420379285501,
        -0.343374711624577,
        0.902659888456392,
        0.369655525672125
      ],
      [
        0.0,
        0.0,
        0.0,
        1.0
      ]
    ]
  },
  "T_WP": {
    "0": [
      [
        0.428138653992892,
        0.889982283587707,
        0.15693574435789,
        0.00277285804861497
      ],
      [
        0.585520809017711,
        -0.140901003195205,
        -0.798318413608148,
        -0.0877708284302435
      ],
      [
        -0.688376840955882,
        0.433680115060161,
        -0.581428312551947,
        0.300622712314418
      ],
      [
        0.0,
        0.0,
        0.0,
        1.0
      ]
    ],
    "1": [
      [
        -0.426596317663465,
        -0.636115528938758,
        -0.642940600365956,
        -0.128166144292604
      ],
      [
        -0.0567335846999919,
        -0.690649340981671,
        0.720961017093624,
        0.0824406960565927
      ],
      [
        -0.902661000665843,
        0.344035640078972,
        0.258539351419453,
        0.387713522850981
      ],
      [
        0.0,
        0.0,
        0.0,
        1.0
      ]
    ],
    "2": [
      [
        0.431231063984819,
        -0.889013030565257,
        0.153933755036697,
        0.0024297092052095
      ],
      [
        -0.584992747709893,
        -0.145610244784192,
        0.797860352280221,
        0.0879615346176733
      ],
      [
        -0.686893917997059,
        -0.434112298949321,
        -0.582857836285645,
        0.300482888232554
      ],
      [
        0.0,
        0.0,
        0.0,
        1.0
      ]
    ],
    "3": [
      [
        -0.426932283292385,
        0.638622467374805,
        -0.640226654901892,
        -0.127843158519197
      ],
      [
        0.0541659602946907,
        -0.688661855761486,
        -0.723056634825032,
        -0.0826403890134443
      ],
      [
        -0.902659888456392,
        -0.343374711624577,
        0.259420379285501,
        0.38781495222211
      ],
      [
        0.0,
        0.0,
        0.0,
        1.0
      ]
    ]
  },
  "simTime": 0.51399999999996,
  "state": [
    -0.0456864731617121,
    4.2442691182924e-05,
    0.355469231222337,
    0.983662193652184,
    -0.000492597246025571,
    0.180020866834994,
    0.000966245985645739,
    -0.273334927930192,
    1.458746891036e-05,
    -0.130995597757548,
    -0.0113906661550092,
    -4.14909238385734,
    0.00138416371253309,
    0.818971174896881,
    0.485517229477222,
    0.136357540365913,
    -0.273798933077072,
    0.998772858879453,
    0.0477456763585186,
    -0.00802211130388601,
    -0.0104294048276669,
    0.818722964740391,
    -0.485960811276321,
    0.136501567403841,
    0.27368251498161,
    0.998767680474328,
    -0.04790352287375,
    -0.00795679284748135,
    0.0102499943316214,
    -2.43853836307531,
    -1.64117350449265,
    -5.19350974452316,
    -0.0712156038658729,
    0.260378274129069,
    -0.614267825947547,
    2.43830955905426,
    -1.64186899386727,
    5.19853319603314,
    0.0682866828215115,
    0.25979636121871,
    0.615451782817092
  ]
}