{
  "T_WB": [
    [
      0.527754994027776,
      -0.000904662818486644,
      0.84939616661716,
      -0.0139880091687434
    ],
    [
      0.000693994890927609,
      0.999999558292545,
      0.000633865763154774,
      1.9597525154278e-05
    ],
    [
      -0.849396364867329,
      0.000254950777957645,
      0.527755388745835,
      0.280188183053812
    ],
    [
      0.0,
      0.0,
      0.0,
      1.0
    ]
  ],
  "T_WH": {
    "0": [
      [
        0.504397379355039,
        0.863471309098409,
        -0.00076293095973199,
        0.00715113980255926
      ],
      [
        -0.663293996365537,
        0.386897661323805,
        -0.640586663963281,
        -0.0319526285445701
      ],
      [
        -0.552833029119285,
        0.323616282078098,
        0.767885501809186,
        0.246204170034225
      ],
      [
        0.0,
        0.0,
        0.0,
        1.0
      ]
    ],
    "1": [
      [
        -0.333610751526918,
        -0.284334789329344,
        0.898808986405167,
        -0.035127158140046
      ],
      [
        0.668829150229003,
        -0.743300561579163,
        0.0131088885894848,
        0.0319918235948786
      ],
      [
        0.664357911271926,
        0.605522916769579,
        0.438144454486492,
        0.3141721960734
      ],
      [
        0.0,
        0.0,
        0.0,
        1.0
      ]
    ],
    "2": [
      [
        0.50381095018447,
        -0.863809686616552,
        -0.00271141690553417,
        0.00709324138217612
      ],
      [
        0.664381748118753,
        0.385486128102134,
        0.640310344916819,
        0.0320473431861528
      ],
      [
        -0.552061064775349,
        -0.324396779189066,
        0.768111522118285,
        0.246220486884014
      ],
      [
        0.0,
        0.0,
        0.0,
        1.0
      ]
    ],
    "3": [
      [
        -0.33271688365759,
        0.285647956920313,
        0.898723939837163,
        -0.0350692597196629
      ],
      [
        -0.66950645027563,
        -0.742712566385942,
        -0.0117964728513817,
        -0.0320081481358443
      ],
      [
        0.664123925460081,
        -0.605626360423371,
        0.438356160207467,
        0.314155879223611
      ],
      [
        0.0,
        0.0,
        0.0,
        1.0
      ]
    ]
  },
  "T_WP": {
    "0": [
      [
        0.000762930959732021,
        0.863471309098409,
        0.504397379355039,
        0.042458956357412
      ],
      [
        0.640586663963281,
        0.386897661323805,
        -0.663293996365537,
        -0.0783832082901577
      ],
      [
        -0.767885501809186,
        0.323616282078098,
        -0.552833029119285,
        0.207505857995875
      ],
      [
        0.0,
        0.0,
        0.0,
        1.0
      ]
    ],
    "1": [
      [
        -0.898808986405167,
        -0.284334789329344,
        -0.333610751526918,
        -0.0584799107469302
      ],
      [
        -0.0131088885894848,
        -0.743300561579163,
        0.668829150229003,
        0.0788098641109088
      ],
      [
        -0.438144454486492,
        0.605522916769579,
        0.664357911271926,
        0.360677249862435
      ],
      [
        0.0,
        0.0,
        0.0,
        1.0
      ]
    ],
    "2": [
      [
        0.0027114169055342,
        -0.863809686616552,
        0.50381095018447,
        0.042360007895089
      ],
      [
        -0.640310344916819,
        0.385486128102134,
        0.664381748118753,
        0.0785540655544655
      ],
      [
        -0.768111522118285,
        -0.324396779189066,
        -0.552061064775349,
        0.207576212349739
      ],
      [
        0.0,
        0.0,
        0.0,
        1.0
      ]
    ],
    "3": [
      [
        -0.898723939837163,
        0.285647956920313,
        -0.33271688365759,
        -0.0583594415756942
      ],
      [
        0.0117964728513816,
        -0.742712566385942,
        -0.66950645027563,
        -0.0788735996551384
      ],
      [
        -0.438356160207466,
        -0.605626360423371,
        0.664123925460081,
        0.360644554005817
      ],
      [
        0.0,
        0.0,
        0.0,
        1.0
      ]
    ]
  },
  "simTime": 0.376999999999975,
  "state": [
    -0.0139880091687434,
    1.9597525154278e-05,
    0.280188183053812,
    0.874000849694404,
    -0.000108385187877568,
    0.485924164741509,
    0.00045728150892909,
    -0.188813815103692,
    0.000288719129193578,
    1.22340057236686,
    -0.00994358359184542,
    -5.28905624369963,
    0.00460440499499809,
    0.83587116929319,
    0.544070249955831,
    -0.0434366854951595,
    0.0584825256861325,
    0.998324037832887,
    0.0397227952337305,
    -0.0328472626257817,
    0.0263110691887087,
    0.835637651524755,
    -0.544380191252721,
    -0.0437185092828847,
    -0.058724906742587,
    0.998325248274152,
    -0.0396661152709312,
    -0.0327351561376464,
    -0.0264897623679288,
    1.47838924484952,
    0.474675215809152,
    -5.07730483500436,
    0.282794246621925,
    0.373676267569363,
    -0.44099767477562,
    -1.48151542615091,
    0.478542724672711,
    5.08056732800603,
    -0.285826537140124,
    0.372933000252394,
    0.439813148038881
  ]
}