{
  "T_WB": [
    [
      0.972492556544616,
      0.00215054337721916,
      0.232924027589467,
      -0.129340361327914
    ],
    [
      -1.64570489104291e-05,
      0.999958012173643,
      -0.00916371206997669,
      -0.000126723807666454
    ],
    [
      -0.232933954576145,
      0.00890780853625594,
      0.972451759087616,
      0.0750341645286702
    ],
    [
      0.0,
      0.0,
      0.0,
      1.0
    ]
  ],
  "T_WH": {
    "0": [
      [
        -0.0279653780469508,
        0.713355332307545,
        0.700244319862063,
        -0.0905094764542003
      ],
      [
        -0.892196233405544,
        0.298091553665838,
        -0.339304150770435,
        -0.0321260384791795
      ],
      [
        -0.450781342479534,
        -0.634244113493754,
        0.628116697573684,
        0.0654317564724642
      ],
      [
        0.0,
        0.0,
        0.0,
        1.0
      ]
    ],
    "1": [
      [
        -0.486276091237824,
        -0.865792480543521,
        0.118063303887195,
        -0.168171246201628
      ],
      [
        0.873171687924039,
        -0.476323488757695,
        0.103378612225078,
        0.0318725908638465
      ],
      [
        -0.0332681003116885,
        0.153360081807473,
        0.987610205905982,
        0.0846365725848762
      ],
      [
        0.0,
        0.0,
        0.0,
        1.0
      ]
    ],
    "2": [
      [
        -0.0197274549380418,
        -0.713177698384653,
        0.700705642940341,
        -0.0903718416780583
      ],
      [
        0.899817047944226,
        0.29283664074651,
        0.323382099172539,
        0.0318712742999337
      ],
      [
        -0.435821187817442,
        0.636886388897634,
        0.635952529585602,
        0.0660018562187846
      ],
      [
        0.0,
        0.0,
        0.0,
        1.0
      ]
    ],
    "3": [
      [
        -0.476936047724917,
        0.871667739439515,
        0.112815594670865,
        -0.16830888097777
      ],
      [
        -0.876981734881444,
        -0.46337934566478,
        -0.127210922076733,
        -0.0321247219152666
      ],
      [
        -0.0586092404392735,
        -0.159608690338856,
        0.985439000092571,
        0.0840664728385558
      ],
      [
        0.0,
        0.0,
        0.0,
        1.0
      ]
    ]
  },
  "T_WP": {
    "0": [
      [
        -0.700244319862063,
        0.713355332307545,
        -0.0279653780469507,
        -0.0924670529174869
      ],
      [
        0.339304150770435,
        0.298091553665838,
        -0.892196233405544,
        -0.0945797748175676
      ],
      [
        -0.628116697573684,
        -0.634244113493754,
        -0.450781342479534,
        0.0338770624988968
      ],
      [
        0.0,
        0.0,
        0.0,
        1.0
      ]
    ],
    "1": [
      [
        -0.118063303887195,
        -0.865792480543521,
        -0.486276091237824,
        -0.202210572588275
      ],
      [
        -0.103378612225078,
        -0.476323488757695,
        0.873171687924039,
        0.0929946090185293
      ],
      [
        -0.987610205905982,
        0.153360081807473,
        -0.0332681003116884,
        0.082307805563058
      ],
      [
        0.0,
        0.0,
        0.0,
        1.0
      ]
    ],
    "2": [
      [
        -0.700705642940341,
        -0.713177698384653,
        -0.0197274549380418,
        -0.0917527635237212
      ],
      [
        -0.323382099172539,
        0.29283664074651,
        0.899817047944226,
        0.0948584676560296
      ],
      [
        -0.635952529585602,
        0.636886388897634,
        -0.435821187817441,
        0.0354943730715637
      ],
      [
        0.0,
        0.0,
        0.0,
        1.0
      ]
    ],
    "3": [
      [
        -0.112815594670865,
        0.871667739439515,
        -0.476936047724917,
        -0.201694404318514
      ],
      [
        0.127210922076733,
        -0.46337934566478,
        -0.876981734881444,
        -0.0935134433569677
      ],
      [
        -0.985439000092571,
        -0.159608690338856,
        -0.0586092404392734,
        0.0799638260078067
      ],
      [
        0.0,
        0.0,
        0.0,
        1.0
      ]
    ]
  },
  "simTime": 0.778499999999931,
  "state": [
    -0.129340361327914,
    -0.000126723807666454,
    0.0750341645286702,
    0.993088909389018,
    0.00454932092065927,
    0.117274993648913,
    -0.000545520246385292,
    -0.296140692522938,
    -0.00447230437674901,
    1.54181252626367,
    0.500375575347676,
    13.053170899907,
    -0.190695795453459,
    0.903971275712307,
    -0.164974120963923,
    0.290293712070897,
    -0.26711239737486,
    0.986166503104914,
    -0.0127132447246675,
    0.0797527942321945,
    -0.144753215420427,
    0.904939778964901,
    0.164073840012137,
    0.289377429918676,
    0.265376100137693,
    0.984664188761721,
    0.0135144051281942,
    0.0833655973612413,
    0.152656389977151,
    -3.08443766545684,
    -1.59133923169848,
    3.0241267034308,
    -2.27224544257148,
    -0.521823441331303,
    1.07045972147764,
    3.10683137529682,
    -1.74462261988626,
    -3.13280970000153,
    2.27867773310248,
    -0.533841704896191,
    -0.821572246134451
  ]
}