{
  "T_WB": [
    [
      -0.110604182688,
      0.0543196287255194,
      0.992379006583191,
      -0.17223651998124
    ],
    [
      0.0266184838372926,
      0.998309016788423,
      -0.0516774933325526,
      -0.000430655514438367
    ],
    [
      -0.993508012594827,
      0.0206998776337917,
      -0.111863059031222,
      0.183792208271443
    ],
    [
      0.0,
      0.0,
      0.0,
      1.0
    ]
  ],
  "T_WH": {
    "0": [
      [
        -0.483465757620428,
        -0.568593474888789,
        0.665554146198788,
        -0.178398915407977
      ],
      [
        -0.773901291503925,
        0.632943327713285,
        -0.0214367654227509,
        -0.0313118046981762
      ],
      [
        -0.409069251126338,
        -0.525437155345076,
        -0.746041650020836,
        0.143389491683369
      ],
      [
        0.0,
        0.0,
        0.0,
        1.0
      ]
    ],
    "1": [
      [
        0.0457995648244409,
        -0.145593875755408,
        0.9882837766575,
        -0.166074124554504
      ],
      [
        0.835591235852353,
        -0.536578979963707,
        -0.117772173402064,
        0.0304504936692995
      ],
      [
        0.547439207975306,
        0.831195176600314,
        0.0970818827987152,
        0.224194924859517
      ],
      [
        0.0,
        0.0,
        0.0,
        1.0
      ]
    ],
    "2": [
      [
        -0.39383877000922,
        0.634164342285783,
        0.665377043645831,
        -0.174922459169544
      ],
      [
        0.837976076870822,
        0.545195558150244,
        -0.0236198637894237,
        0.0325799723762829
      ],
      [
        -0.377739484075748,
        0.548267626571627,
        -0.746133695676387,
        0.144714283851931
      ],
      [
        0.0,
        0.0,
        0.0,
        1.0
      ]
    ],
    "3": [
      [
        -0.0522220292125913,
        0.0956404136884094,
        0.994045155379991,
        -0.169550580792937
      ],
      [
        -0.864570945472504,
        -0.502502249872654,
        0.00292730553597635,
        -0.0334412834051596
      ],
      [
        0.499789895765911,
        -0.859269689994027,
        0.108929610060212,
        0.222870132690955
      ],
      [
        0.0,
        0.0,
        0.0,
        1.0
      ]
    ]
  },
  "T_WP": {
    "0": [
      [
        -0.665554146198788,
        -0.568593474888789,
        -0.483465757620428,
        -0.212241518441407
      ],
      [
        0.0214367654227509,
        0.632943327713285,
        -0.773901291503925,
        -0.0854848951034509
      ],
      [
        0.746041650020836,
        -0.525437155345076,
        -0.409069251126338,
        0.114754644104525
      ],
      [
        0.0,
        0.0,
        0.0,
        1.0
      ]
    ],
    "1": [
      [
        -0.9882837766575,
        -0.145593875755408,
        0.045799564824441,
        -0.162868155016793
      ],
      [
        0.117772173402064,
        -0.536578979963707,
        0.835591235852353,
        0.0889418801789641
      ],
      [
        -0.0970818827987152,
        0.831195176600314,
        0.547439207975306,
        0.262515669417789
      ],
      [
        0.0,
        0.0,
        0.0,
        1.0
      ]
    ],
    "2": [
      [
        -0.665377043645831,
        0.634164342285783,
        -0.39383877000922,
        -0.202491173070189
      ],
      [
        0.0236198637894238,
        0.545195558150244,
        0.837976076870822,
        0.0912382977572404
      ],
      [
        0.746133695676387,
        0.548267626571627,
        -0.377739484075748,
        0.118272519966629
      ],
      [
        0.0,
        0.0,
        0.0,
        1.0
      ]
    ],
    "3": [
      [
        -0.994045155379991,
        0.0956404136884094,
        -0.0522220292125912,
        -0.173206122837818
      ],
      [
        -0.0029273055359764,
        -0.502502249872654,
        -0.864570945472504,
        -0.0939612495882349
      ],
      [
        -0.108929610060212,
        -0.859269689994027,
        0.499789895765911,
        0.257855425394569
      ],
      [
        0.0,
        0.0,
        0.0,
        1.0
      ]
    ]
  },
  "simTime": 0.889499999999918,
  "state": [
    -0.17223651998124,
    -0.000430655514438367,
    0.183792208271443,
    0.666303567277934,
    0.0271563047688718,
    0.745113457553218,
    -0.0103935901924535,
    -0.450567896457282,
    -0.00141153010150135,
    0.455288212628205,
    0.480548179664402,
    13.0744138649633,
    -0.218360236646256,
    0.931304424174639,
    -0.270951748278013,
    0.232514556898985,
    -0.0720708016321571,
    0.987786257927528,
    -0.101540740084175,
    0.0412346297745705,
    -0.110758710989444,
    0.931337684405874,
    0.272068847462845,
    0.231263336810921,
    0.0714557827808465,
    0.986505369529322,
    0.104676312204968,
    0.0444559936579903,
    0.117786629890087,
    -1.35041768893776,
    -2.25351118368686,
    2.89625959249175,
    -1.27425182490533,
    -0.830634952587268,
    0.6773626406596,
    1.39038582916365,
    -2.21988571203899,
    -2.86857617476953,
    1.31141537011468,
    -0.858768674245514,
    -0.738518422351146
  ]
}