{
  "T_WB": [
    [
      -0.466009016657679,
      0.0313665988752265,
      -0.884223802478051,
      -0.260293053950407
    ],
    [
      0.0413578273220841,
      0.999051245350006,
      0.0136432871332098,
      -0.00209947580137554
    ],
    [
      0.883812834548661,
      -0.0302116805160383,
      -0.466864142816149,
      0.11964825967591
    ],
    [
      0.0,
      0.0,
      0.0,
      1.0
    ]
  ],
  "T_WH": {
    "0": [
      [
        -0.132150841333268,
        0.108981549471046,
        -0.985220369770032,
        -0.279937145780721
      ],
      [
        -0.357347993196224,
        0.921862669195338,
        0.149905406515835,
        -0.0324148025596924
      ],
      [
        0.924574803298003,
        0.371876647584836,
        -0.082880589329003,
        0.15596754683437
      ],
      [
        0.0,
        0.0,
        0.0,
        1.0
      ]
    ],
    "1": [
      [
        0.491703742003822,
        0.579246351797328,
        -0.650154669312561,
        -0.240648962120092
      ],
      [
        0.685068737356779,
        -0.718226429960631,
        -0.121785140318492,
        0.0282158509569413
      ],
      [
        -0.537501865295207,
        -0.385518429177508,
        -0.749978190062004,
        0.0833289725174503
      ],
      [
        0.0,
        0.0,
        0.0,
        1.0
      ]
    ],
    "2": [
      [
        -0.107420130947693,
        -0.0220981393909569,
        -0.993968101954302,
        -0.277929683452707
      ],
      [
        0.424351156199132,
        0.903093704673505,
        -0.0659382803198845,
        0.031524477142708
      ],
      [
        0.899103448830912,
        -0.428874611995793,
        -0.0876330730136628,
        0.154033999281343
      ],
      [
        0.0,
        0.0,
        0.0,
        1.0
      ]
    ],
    "3": [
      [
        0.360837170266622,
        -0.626512653601738,
        -0.690853408062004,
        -0.242656424448107
      ],
      [
        -0.679697382534829,
        -0.68388001951786,
        0.265178406133596,
        -0.0357234287454591
      ],
      [
        -0.638598469094061,
        0.37388502748995,
        -0.672608341822758,
        0.0852625200704768
      ],
      [
        0.0,
        0.0,
        0.0,
        1.0
      ]
    ]
  },
  "T_WP": {
    "0": [
      [
        0.985220369770032,
        0.108981549471046,
        -0.132150841333268,
        -0.28918770467405
      ],
      [
        -0.149905406515835,
        0.921862669195338,
        -0.357347993196224,
        -0.057429162083428
      ],
      [
        0.0828805893290031,
        0.371876647584836,
        0.924574803298003,
        0.22068778306523
      ],
      [
        0.0,
        0.0,
        0.0,
        1.0
      ]
    ],
    "1": [
      [
        0.650154669312561,
        0.579246351797328,
        0.491703742003822,
        -0.206229700179825
      ],
      [
        0.121785140318492,
        -0.718226429960631,
        0.685068737356779,
        0.0761706625719158
      ],
      [
        0.749978190062004,
        -0.385518429177508,
        -0.537501865295207,
        0.0457038419467858
      ],
      [
        0.0,
        0.0,
        0.0,
        1.0
      ]
    ],
    "2": [
      [
        0.993968101954302,
        -0.0220981393909569,
        -0.107420130947693,
        -0.285449092619045
      ],
      [
        0.0659382803198845,
        0.903093704673505,
        0.424351156199132,
        0.0612290580766472
      ],
      [
        0.0876330730136629,
        -0.428874611995793,
        0.899103448830912,
        0.216971240699507
      ],
      [
        0.0,
        0.0,
        0.0,
        1.0
      ]
    ],
    "3": [
      [
        0.690853408062004,
        -0.626512653601738,
        0.360837170266622,
        -0.217397822529443
      ],
      [
        -0.265178406133596,
        -0.68388001951786,
        -0.679697382534829,
        -0.0833022455228971
      ],
      [
        0.672608341822758,
        0.37388502748995,
        -0.638598469094061,
        0.0405606272338925
      ],
      [
        0.0,
        0.0,
        0.0,
        1.0
      ]
    ]
  },
  "simTime": 1.0894999999999,
  "state": [
    -0.260293053950407,
    -0.00209947580137554,
    0.11964825967591,
    -0.516279499369328,
    0.0212360590062263,
    0.856143154621912,
    -0.00483809083019109,
    -0.404022616449222,
    -0.0478496548404268,
    0.83678131562422,
    -1.60799179033153,
    9.40024077303061,
    -2.50880032057128,
    0.957482539423625,
    -0.162001847425258,
    0.133447224451502,
    0.197925305142825,
    0.980651644498822,
    -0.174489118047162,
    0.088736932197518,
    0.0012871243344798,
    0.960178962390077,
    0.148325934208767,
    0.136190042233039,
    -0.193669950743977,
    0.981070865726188,
    0.18892978159388,
    0.00732890611863484,
    -0.0418542851481416,
    0.033872457107243,
    0.452901596980967,
    1.47034945472883,
    1.21784011625814,
    9.40786406665164,
    0.426709486891034,
    -4.26310350031775,
    0.172801254466513,
    0.339272352257991,
    -0.95037682902811,
    -1.20790367772627,
    -4.48368836008187
  ]
}