{
  "T_WB": [
    [
      0.999992978046249,
      -0.00235222941579485,
      -0.00291734039326,
      -0.0758107653197625
    ],
    [
      0.00235732548680151,
      0.999995699659743,
      0.0017446141611451,
      3.21032231023554e-05
    ],
    [
      0.00291322411495461,
      -0.00175147903140786,
      0.999994222706541,
      0.291419393410671
    ],
    [
      0.0,
      0.0,
      0.0,
      1.0
    ]
  ],
  "T_WH": {
    "0": [
      [
        -0.0953983681815515,
        0.925982279355238,
        -0.365316259791944,
        -0.0357357748566072
      ],
      [
        -0.813917076865265,
        -0.28384337606625,
        -0.506923988237305,
        -0.0318734661465373
      ],
      [
        -0.573095230599068,
        0.248977421031288,
        0.780750984937713,
        0.291591969704274
      ],
      [
        0.0,
        0.0,
        0.0,
        1.0
      ]
    ],
    "1": [
      [
        -0.650616618803221,
        -0.757969831520721,
        0.0466877911398004,
        -0.115885755782918
      ],
      [
        0.759282450005978,
        -0.64816938014864,
        0.0580225451927832,
        0.0319376725927421
      ],
      [
        -0.0137177421605837,
        0.0731996526096807,
        0.997222961231759,
        0.291246817117068
      ],
      [
        0.0,
        0.0,
        0.0,
        1.0
      ]
    ],
    "2": [
      [
        -0.0991070032553395,
        -0.924466371435067,
        -0.368157208256781,
        -0.035886317539218
      ],
      [
        0.810971326874535,
        -0.289435833130216,
        0.508480486830689,
        0.0321262586316862
      ],
      [
        -0.576630998900599,
        -0.24817096241482,
        0.778400837949831,
        0.291479875046264
      ],
      [
        0.0,
        0.0,
        0.0,
        1.0
      ]
    ],
    "3": [
      [
        -0.647168464753381,
        0.760879353315939,
        0.0472820042539475,
        -0.115735213100307
      ],
      [
        -0.762265280035228,
        -0.644945073357296,
        -0.0547493854300371,
        -0.0320620521854815
      ],
      [
        -0.0111633812784096,
        -0.0714735059282104,
        0.997380026303296,
        0.291358911775078
      ],
      [
        0.0,
        0.0,
        0.0,
        1.0
      ]
    ]
  },
  "T_WP": {
    "0": [
      [
        0.365316259791944,
        0.925982279355238,
        -0.0953983681815516,
        -0.0424136606293158
      ],
      [
        0.506923988237305,
        -0.28384337606625,
        -0.813917076865265,
        -0.0888476615271059
      ],
      [
        -0.780750984937713,
        0.248977421031288,
        -0.573095230599068,
        0.25147530356234
      ],
      [
        0.0,
        0.0,
        0.0,
        1.0
      ]
    ],
    "1": [
      [
        -0.0466877911398004,
        -0.757969831520721,
        -0.650616618803221,
        -0.161428919099143
      ],
      [
        -0.0580225451927831,
        -0.64816938014864,
        0.759282450005978,
        0.0850874440931605
      ],
      [
        -0.997222961231759,
        0.0731996526096807,
        -0.0137177421605837,
        0.290286575165827
      ],
      [
        0.0,
        0.0,
        0.0,
        1.0
      ]
    ],
    "2": [
      [
        0.368157208256781,
        -0.924466371435067,
        -0.0991070032553395,
        -0.0428238077670918
      ],
      [
        -0.508480486830689,
        -0.289435833130216,
        0.810971326874535,
        0.0888942515129036
      ],
      [
        -0.778400837949831,
        -0.24817096241482,
        -0.576630998900599,
        0.251115705123222
      ],
      [
        0.0,
        0.0,
        0.0,
        1.0
      ]
    ],
    "3": [
      [
        -0.0472820042539475,
        0.760879353315939,
        -0.647168464753381,
        -0.161037005633044
      ],
      [
        0.054749385430037,
        -0.644945073357296,
        -0.762265280035228,
        -0.0854206217879474
      ],
      [
        -0.997380026303296,
        -0.0714735059282104,
        -0.0111633812784095,
        0.290577475085589
      ],
      [
        0.0,
        0.0,
        0.0,
        1.0
      ]
    ]
  },
  "simTime": 0.614499999999949,
  "state": [
    -0.0758107653197625,
    3.21032231023554e-05,
    0.291419393410671,
    0.999997862549282,
    -0.000874025166323959,
    -0.00145764424269638,
    0.00117739124226485,
    -0.322453008367642,
    -0.000212295773602448,
    -1.14571489378496,
    -0.0117952429621891,
    -3.11192278326288,
    0.00037897627740582,
    0.827320653720553,
    0.260521420912876,
    0.204119253217836,
    -0.453877137162389,
    0.998502886534193,
    0.0373456404996624,
    0.00376719486008995,
    -0.0397881510181232,
    0.827138426755145,
    -0.260853509101288,
    0.204393505922546,
    0.45389510298224,
    0.998495842964825,
    -0.0376170538222646,
    0.00381474974879515,
    0.0397046159539394,
    -4.5771152636837,
    -2.36937589389347,
    -2.99508528779961,
    -0.353202697650284,
    0.145557973671104,
    -0.544376576110829,
    4.57896525098913,
    -2.37173057248595,
    2.99755922072846,
    0.351584900455963,
    0.145162264027046,
    0.546998243608682
  ]
}