{
  "T_WB": [
    [
      0.629787795356078,
      -0.00038614724116038,
      0.776767136090887,
      -0.00242249270176349
    ],
    [
      0.000994134744892704,
      0.999999458136899,
      -0.000308904543205776,
      -1.47619376149229e-05
    ],
    [
      -0.776766595906801,
      0.000966755509919793,
      0.6297878379797,
      0.518063180470269
    ],
    [
      0.0,
      0.0,
      0.0,
      1.0
    ]
  ],
  "T_WH": {
    "0": [
      [
        0.541957557576842,
        0.292102316368081,
        0.788009037104109,
        0.0252038685259603
      ],
      [
        -0.528381270462098,
        0.847579683872305,
        0.0492129303312013,
        -0.0319602172705851
      ],
      [
        -0.653525239612215,
        -0.443040535684181,
        0.613693608350675,
        -0.0311016000125895
      ],
      [
        0.0,
        0.0,
        0.0,
        1.0
      ]
    ],
    "1": [
      [
        -0.417673164570747,
        -0.402419913806677,
        0.814620979701164,
        -0.0252038685259603
      ],
      [
        0.733391182485925,
        -0.67858090995122,
        0.0408083582329871,
        0.0319602172705851
      ],
      [
        0.536364149668259,
        0.614480399704987,
        0.578556252519186,
        0.0311016000125895
      ],
      [
        0.0,
        0.0,
        0.0,
        1.0
      ]
    ],
    "2": [
      [
        0.541818545089352,
        -0.293359315514184,
        0.787637591915411,
        0.025179155102526
      ],
      [
        0.530033231404595,
        0.846541778942138,
        -0.0493131839601074,
        0.0320397480501765
      ],
      [
        -0.652301646329412,
        0.444192895605648,
        0.614162220988404,
        -0.0310397276599546
      ],
      [
        0.0,
        0.0,
        0.0,
        1.0
      ]
    ],
    "3": [
      [
        -0.417188167366905,
        0.402969053170008,
        0.814598045170936,
        -0.025179155102526
      ],
      [
        -0.734626182968829,
        -0.677218676711802,
        -0.0412217807641111,
        -0.0320397480501765
      ],
      [
        0.535049908238187,
        -0.615622291750374,
        0.578559236028884,
        0.0310397276599546
      ],
      [
        0.0,
        0.0,
        0.0,
        1.0
      ]
    ]
  },
  "T_WP": {
    "0": [
      [
        -0.788009037104109,
        0.292102316368081,
        0.541957557576842,
        0.0631408975563392
      ],
      [
        -0.0492129303312013,
        0.847579683872305,
        -0.528381270462098,
        -0.0689469062029319
      ],
      [
        -0.613693608350675,
        -0.443040535684181,
        -0.653525239612215,
        -0.0768483667854445
      ],
      [
        0.0,
        0.0,
        0.0,
        1.0
      ]
    ],
    "1": [
      [
        -0.814620979701164,
        -0.402419913806677,
        -0.417673164570747,
        -0.0544409900459126
      ],
      [
        -0.040808358232987,
        -0.67858090995122,
        0.733391182485925,
        0.0832976000445998
      ],
      [
        -0.578556252519186,
        0.614480399704987,
        0.536364149668259,
        0.0686470904893676
      ],
      [
        0.0,
        0.0,
        0.0,
        1.0
      ]
    ],
    "2": [
      [
        -0.787637591915411,
        -0.293359315514184,
        0.541818545089352,
        0.0631064532587806
      ],
      [
        0.0493131839601074,
        0.846541778942138,
        0.530033231404595,
        0.0691420742484981
      ],
      [
        -0.614162220988404,
        0.444192895605648,
        -0.652301646329412,
        -0.0767008429030134
      ],
      [
        0.0,
        0.0,
        0.0,
        1.0
      ]
    ],
    "3": [
      [
        -0.814598045170936,
        0.402969053170008,
        -0.417188167366905,
        -0.0543823268182094
      ],
      [
        0.041221780764111,
        -0.677218676711802,
        -0.734626182968829,
        -0.0834635808579945
      ],
      [
        -0.578559236028884,
        -0.615622291750374,
        0.535049908238187,
        0.0684932212366277
      ],
      [
        0.0,
        0.0,
        0.0,
        1.0
      ]
    ]
  }
}