{
  "arms": {
    "0": [
      [
        -0.995076954364777,
        -0.00861913245171309,
        0.0987296178936958,
        0.00316808256320655
      ],
      [
        -0.073956660926342,
        0.727730751037598,
        -0.681863844394684,
        -0.0319837555289268
      ],
      [
        -0.0659715086221695,
        -0.685808718204498,
        -0.724785566329956,
        0.089615061879158
      ],
      [
        0.0,
        0.0,
        0.0,
        1.0
      ]
    ],
    "1": [
      [
        -0.992287158966064,
        0.112809561192989,
        -0.0513830110430717,
        -0.00475884368643165
      ],
      [
        -0.0420732460916042,
        -0.696399688720703,
        -0.716419756412506,
        -0.032025296241045
      ],
      [
        -0.11660211533308,
        -0.708732306957245,
        0.695774734020233,
        0.169221356511116
      ],
      [
        0.0,
        0.0,
        0.0,
        1.0
      ]
    ],
    "2": [
      [
        -0.999150216579437,
        0.00367206148803234,
        -0.0410526394844055,
        -0.00476022297516465
      ],
      [
        -0.0325190685689449,
        -0.682206332683563,
        0.730436205863953,
        0.0319746918976307
      ],
      [
        -0.0253241620957851,
        0.731150507926941,
        0.681746006011963,
        0.169254615902901
      ],
      [
        0.0,
        0.0,
        0.0,
        1.0
      ]
    ],
    "3": [
      [
        -0.989895582199097,
        -0.110643409192562,
        0.0886835381388664,
        0.00316670374013484
      ],
      [
        -0.0174485165625811,
        0.715713202953339,
        0.698176264762878,
        0.0320162326097488
      ],
      [
        -0.140720590949059,
        0.689574241638184,
        -0.710411906242371,
        0.0896483212709427
      ],
      [
        0.0,
        0.0,
        0.0,
        1.0
      ]
    ]
  },
  "arms_in_parent_frame": {
    "0": [
      [
        4.74754457968629e-09,
        -2.41068676132272e-09,
        0.999999940395355,
        -3.72529029846191e-09
      ],
      [
        -1.17314780112565e-09,
        0.999999940395355,
        -2.41068676132272e-09,
        7.45058059692383e-09
      ],
      [
        -0.999999940395355,
        1.17314780112565e-09,
        -4.74754457968629e-09,
        0.0
      ],
      [
        0.0,
        0.0,
        0.0,
        1.0
      ]
    ],
    "1": [
      [
        9.37077082596716e-11,
        -4.4255134667992e-08,
        0.999999940395355,
        0.0
      ],
      [
        -5.67177860233414e-10,
        1.0,
        -4.4255134667992e-08,
        0.0
      ],
      [
        -1.0,
        5.67177860233414e-10,
        -9.37077082596716e-11,
        0.0
      ],
      [
        0.0,
        0.0,
        0.0,
        1.0
      ]
    ],
    "2": [
      [
        1.04491881813829e-09,
        -1.3138844678906e-08,
        0.999999940395355,
        -1.49011611938477e-08
      ],
      [
        -8.61615223612944e-10,
        1.0,
        -1.3138844678906e-08,
        0.0
      ],
      [
        -0.999999940395355,
        8.61615223612944e-10,
        -1.04491881813829e-09,
        -2.91038304567337e-10
      ],
      [
        0.0,
        0.0,
        0.0,
        1.0
      ]
    ],
    "3": [
      [
        2.49413467656723e-09,
        -2.73786326943082e-08,
        0.999999940395355,
        0.0
      ],
      [
        -9.22024412375322e-09,
        1.0,
        -2.73786326943082e-08,
        -7.45058059692383e-09
      ],
      [
        -1.0,
        9.22024412375322e-09,
        -2.49413467656723e-09,
        0.0
      ],
      [
        0.0,
        0.0,
        0.0,
        1.0
      ]
    ]
  },
  "arms_link_world": {
    "0": [
      [
        -0.995076954364777,
        -0.00861913245171309,
        0.0987296178936958,
        0.00316808256320655
      ],
      [
        -0.073956660926342,
        0.727730751037598,
        -0.681863844394684,
        -0.0319837555289268
      ],
      [
        -0.0659715086221695,
        -0.685808718204498,
        -0.724785566329956,
        0.089615061879158
      ],
      [
        0.0,
        0.0,
        0.0,
        1.0
      ]
    ],
    "1": [
      [
        -0.992287158966064,
        0.112809561192989,
        -0.0513830110430717,
        -0.00475884368643165
      ],
      [
        -0.0420732460916042,
        -0.696399688720703,
        -0.716419756412506,
        -0.032025296241045
      ],
      [
        -0.11660211533308,
        -0.708732306957245,
        0.695774734020233,
        0.169221356511116
      ],
      [
        0.0,
        0.0,
        0.0,
        1.0
      ]
    ],
    "2": [
      [
        -0.999150216579437,
        0.00367206148803234,
        -0.0410526394844055,
        -0.00476022297516465
      ],
      [
        -0.0325190685689449,
        -0.682206332683563,
        0.730436205863953,
        0.0319746918976307
      ],
      [
        -0.0253241620957851,
        0.731150507926941,
        0.681746006011963,
        0.169254615902901
      ],
      [
        0.0,
        0.0,
        0.0,
        1.0
      ]
    ],
    "3": [
      [
        -0.989895582199097,
        -0.110643409192562,
        0.0886835381388664,
        0.00316670374013484
      ],
      [
        -0.0174485165625811,
        0.715713202953339,
        0.698176264762878,
        0.0320162326097488
      ],
      [
        -0.140720590949059,
        0.689574241638184,
        -0.710411906242371,
        0.0896483212709427
      ],
      [
        0.0,
        0.0,
        0.0,
        1.0
      ]
    ]
  },
  "arms_relative_to_base": {
    "0": [
      [
        -0.0329903364181519,
        0.681957483291626,
        0.730647385120392,
        0.0399999991059303
      ],
      [
        -0.0739694908261299,
        0.727374494075775,
        -0.682242512702942,
        -0.0319999977946281
      ],
      [
        -0.996714651584625,
        -0.0765530318021774,
        0.0264477226883173,
        0.0
      ],
      [
        0.0,
        0.0,
        0.0,
        1.0
      ]
    ],
    "1": [
      [
        0.0176840871572495,
        0.716060698032379,
        -0.697813987731934,
        -0.0400000065565109
      ],
      [
        -0.0421124584972858,
        -0.696770310401917,
        -0.716057002544403,
        -0.0319999977946281
      ],
      [
        -0.998956382274628,
        0.0420494712889194,
        0.0178333278745413,
        9.31322574615479e-10
      ],
      [
        0.0,
        0.0,
        0.0,
        1.0
      ]
    ],
    "2": [
      [
        -0.0738197341561317,
        -0.727542698383331,
        -0.682079374790192,
        -0.0400000065565109
      ],
      [
        -0.0325107015669346,
        -0.68182635307312,
        0.73079127073288,
        0.0320000015199184
      ],
      [
        -0.996741533279419,
        0.0761217027902603,
        0.0266793183982372,
        0.0
      ],
      [
        0.0,
        0.0,
        0.0,
        1.0
      ]
    ],
    "3": [
      [
        0.0419336259365082,
        -0.696772277355194,
        0.716065645217896,
        0.0399999991059303
      ],
      [
        -0.0175003167241812,
        0.716073870658875,
        0.697805106639862,
        0.0320000015199184
      ],
      [
        -0.998967051506042,
        -0.0417928695678711,
        0.017833836376667,
        0.0
      ],
      [
        0.0,
        0.0,
        0.0,
        1.0
      ]
    ]
  },
  "arms_view_frame": {
    "0": [
      [
        -0.995076894760132,
        -0.00861913152039051,
        0.0987296104431152,
        0.00316808233037591
      ],
      [
        -0.0659715086221695,
        -0.685808777809143,
        -0.724785506725311,
        0.089615061879158
      ],
      [
        0.073956660926342,
        -0.727730691432953,
        0.681863903999329,
        0.0319837518036366
      ],
      [
        0.0,
        0.0,
        0.0,
        1.0
      ]
    ],
    "1": [
      [
        -0.99228709936142,
        0.112809553742409,
        -0.0513830073177814,
        -0.00475884322077036
      ],
      [
        -0.11660211533308,
        -0.7087322473526,
        0.695774793624878,
        0.169221356511116
      ],
      [
        0.0420732498168945,
        0.696399748325348,
        0.716419696807861,
        0.0320252887904644
      ],
      [
        0.0,
        0.0,
        0.0,
        1.0
      ]
    ],
    "2": [
      [
        -0.999150156974792,
        0.0036720612552017,
        -0.0410526357591152,
        -0.00476022250950336
      ],
      [
        -0.02532416023314,
        0.731150567531586,
        0.681745946407318,
        0.169254615902901
      ],
      [
        0.0325190685689449,
        0.682206273078918,
        -0.730436205863953,
        -0.0319746993482113
      ],
      [
        0.0,
        0.0,
        0.0,
        1.0
      ]
    ],
    "3": [
      [
        -0.989895522594452,
        -0.110643401741982,
        0.0886835306882858,
        0.00316670350730419
      ],
      [
        -0.140720590949059,
        0.689574182033539,
        -0.710411965847015,
        0.0896483212709427
      ],
      [
        0.0174485221505165,
        -0.715713262557983,
        -0.698176205158234,
        -0.0320162363350391
      ],
      [
        0.0,
        0.0,
        0.0,
        1.0
      ]
    ]
  },
  "arms_visual_world": {
    "0": [
      [
        -0.995076954364777,
        -0.00861913245171309,
        0.0987296178936958,
        0.00316808256320655
      ],
      [
        -0.073956660926342,
        0.727730751037598,
        -0.681863844394684,
        -0.0319837555289268
      ],
      [
        -0.0659715086221695,
        -0.685808718204498,
        -0.724785566329956,
        0.089615061879158
      ],
      [
        0.0,
        0.0,
        0.0,
        1.0
      ]
    ],
    "1": [
      [
        -0.992287158966064,
        0.112809561192989,
        -0.0513830110430717,
        -0.00475884368643165
      ],
      [
        -0.0420732460916042,
        -0.696399688720703,
        -0.716419756412506,
        -0.032025296241045
      ],
      [
        -0.11660211533308,
        -0.708732306957245,
        0.695774734020233,
        0.169221356511116
      ],
      [
        0.0,
        0.0,
        0.0,
        1.0
      ]
    ],
    "2": [
      [
        -0.999150216579437,
        0.00367206148803234,
        -0.0410526394844055,
        -0.00476022297516465
      ],
      [
        -0.0325190685689449,
        -0.682206332683563,
        0.730436205863953,
        0.0319746918976307
      ],
      [
        -0.0253241620957851,
        0.731150507926941,
        0.681746006011963,
        0.169254615902901
      ],
      [
        0.0,
        0.0,
        0.0,
        1.0
      ]
    ],
    "3": [
      [
        -0.989895582199097,
        -0.110643409192562,
        0.0886835381388664,
        0.00316670374013484
      ],
      [
        -0.0174485165625811,
        0.715713202953339,
        0.698176264762878,
        0.0320162326097488
      ],
      [
        -0.140720590949059,
        0.689574241638184,
        -0.710411906242371,
        0.0896483212709427
      ],
      [
        0.0,
        0.0,
        0.0,
        1.0
      ]
    ]
  },
  "base": [
    [
      0.099086582660675,
      -2.15445925277891e-05,
      0.995078802108765,
      -0.000796070031356066
    ],
    [
      0.000519253488164395,
      0.99999988079071,
      -3.00543651974294e-05,
      -4.53179654869018e-06
    ],
    [
      -0.995078682899475,
      0.000519676133990288,
      0.099086582660675,
      0.129434838891029
    ],
    [
      0.0,
      0.0,
      0.0,
      1.0
    ]
  ],
  "base_link_world": [
    [
      0.099086582660675,
      -2.15445925277891e-05,
      0.995078802108765,
      -0.000796070031356066
    ],
    [
      0.000519253488164395,
      0.99999988079071,
      -3.00543651974294e-05,
      -4.53179654869018e-06
    ],
    [
      -0.995078682899475,
      0.000519676133990288,
      0.099086582660675,
      0.129434838891029
    ],
    [
      0.0,
      0.0,
      0.0,
      1.0
    ]
  ],
  "base_view_frame": [
    [
      0.0990865752100945,
      -2.15445907087997e-05,
      0.99507874250412,
      -0.000796069973148406
    ],
    [
      -0.995078682899475,
      0.000519632420036942,
      0.099086582660675,
      0.129434838891029
    ],
    [
      -0.000519210007041693,
      -0.99999988079071,
      3.00500341836596e-05,
      4.52613858215045e-06
    ],
    [
      0.0,
      0.0,
      0.0,
      1.0
    ]
  ],
  "base_visual_world": [
    [
      -2.09244590223534e-05,
      -0.0990865752100945,
      0.995078802108765,
      -0.000796070031356066
    ],
    [
      0.999999821186066,
      -0.000512994942255318,
      -3.00543651974294e-05,
      -4.53179654869018e-06
    ],
    [
      0.000513448438141495,
      0.99507862329483,
      0.099086582660675,
      0.129434838891029
    ],
    [
      0.0,
      0.0,
      0.0,
      1.0
    ]
  ],
  "view_adjust": [
    [
      0.999999940395355,
      0.0,
      0.0,
      0.0
    ],
    [
      0.0,
      -4.37113882867379e-08,
      1.0,
      0.0
    ],
    [
      0.0,
      -1.0,
      -4.37113882867379e-08,
      0.0
    ],
    [
      0.0,
      0.0,
      0.0,
      1.0
    ]
  ]
}