{
  "T_WB": [
    [
      -0.805322446087452,
      0.0476146126453012,
      -0.590921827732198,
      -0.245121853621694
    ],
    [
      0.0671296011654314,
      0.997682565522941,
      -0.0110957243536562,
      -0.00108786576150985
    ],
    [
      0.589024086498246,
      -0.0486039824932087,
      -0.806652514042266,
      0.140475238451325
    ],
    [
      0.0,
      0.0,
      0.0,
      1.0
    ]
  ],
  "T_WH": {
    "0": [
      [
        -0.483676639928736,
        -0.0427807191293574,
        -0.874200616596685,
        -0.278858419069842
      ],
      [
        -0.390711623026575,
        0.904316675877269,
        0.171917937872188,
        -0.0303285238116267
      ],
      [
        0.783199422637164,
        0.424713032294821,
        -0.454111775425116,
        0.165591529351037
      ],
      [
        0.0,
        0.0,
        0.0,
        1.0
      ]
    ],
    "1": [
      [
        0.607365614842991,
        0.714646615472334,
        -0.346968622357029,
        -0.211385288173546
      ],
      [
        0.666707455330743,
        -0.696030376347578,
        -0.266538710524108,
        0.028152792288607
      ],
      [
        -0.431981688168378,
        -0.0694401194943352,
        -0.899205143942033,
        0.115358947551612
      ],
      [
        0.0,
        0.0,
        0.0,
        1.0
      ]
    ],
    "2": [
      [
        -0.440095434038286,
        0.116780553312667,
        -0.890324834712949,
        -0.275811083860542
      ],
      [
        0.504142861735265,
        0.852625589498691,
        -0.137366586524479,
        0.0335231603818415
      ],
      [
        0.743071991061452,
        -0.509305317565011,
        -0.434110711224652,
        0.162480874471472
      ],
      [
        0.0,
        0.0,
        0.0,
        1.0
      ]
    ],
    "3": [
      [
        0.540724528999287,
        -0.780445716842804,
        -0.313881294122828,
        -0.214432623382845
      ],
      [
        -0.762652480751043,
        -0.612267935018515,
        0.208540570039603,
        -0.0356988919048612
      ],
      [
        -0.354934046468888,
        0.126619346112215,
        -0.926277152825944,
        0.118469602431178
      ],
      [
        0.0,
        0.0,
        0.0,
        1.0
      ]
    ]
  },
  "T_WP": {
    "0": [
      [
        0.874200616596685,
        -0.0427807191293574,
        -0.483676639928736,
        -0.312715783864853
      ],
      [
        -0.171917937872188,
        0.904316675877269,
        -0.390711623026575,
        -0.057678337423487
      ],
      [
        0.454111775425117,
        0.424713032294821,
        0.783199422637164,
        0.220415488935639
      ],
      [
        0.0,
        0.0,
        0.0,
        1.0
      ]
    ],
    "1": [
      [
        0.346968622357029,
        0.714646615472334,
        0.607365614842991,
        -0.168869695134537
      ],
      [
        0.266538710524108,
        -0.696030376347578,
        0.666707455330743,
        0.074822314161759
      ],
      [
        0.899205143942033,
        -0.0694401194943352,
        -0.431981688168378,
        0.0851202293798258
      ],
      [
        0.0,
        0.0,
        0.0,
        1.0
      ]
    ],
    "2": [
      [
        0.890324834712949,
        0.116780553312667,
        -0.440095434038286,
        -0.306617764243222
      ],
      [
        0.137366586524479,
        0.852625589498691,
        0.504142861735265,
        0.0688131607033101
      ],
      [
        0.434110711224652,
        -0.509305317565011,
        0.743071991061452,
        0.214495913845774
      ],
      [
        0.0,
        0.0,
        0.0,
        1.0
      ]
    ],
    "3": [
      [
        0.313881294122828,
        -0.780445716842804,
        0.540724528999287,
        -0.176581906352895
      ],
      [
        -0.208540570039603,
        -0.612267935018515,
        -0.762652480751043,
        -0.0890845655574343
      ],
      [
        0.926277152825944,
        0.126619346112215,
        -0.354934046468888,
        0.0936242191783554
      ],
      [
        0.0,
        0.0,
        0.0,
        1.0
      ]
    ]
  },
  "simTime": 1.0514999999999,
  "state": [
    -0.245121853621694,
    -0.00108786576150985,
    0.140475238451325,
    -0.310526812607713,
    0.0301972781549596,
    0.949954936517078,
    -0.0157111944345877,
    -0.400790691418258,
    -0.00929638121396192,
    -1.01547126427578,
    0.465205873324964,
    12.5959945478024,
    -0.290568804747284,
    0.955120738450075,
    -0.196739693171113,
    0.144221893007196,
    0.168041404692241,
    0.983184224819672,
    -0.182307740487651,
    0.00982122613283677,
    -0.00402633099426514,
    0.953708522594956,
    0.200269145900628,
    0.144864559908564,
    -0.171308442326925,
    0.982418171773318,
    0.186117845427348,
    0.0136217081841772,
    0.0053974483970712,
    1.64984078105168,
    -1.64175868402736,
    1.90669373043195,
    -0.563072564626409,
    -0.501906815166712,
    1.67966586062797,
    -1.6401311152375,
    -1.65868645676801,
    -1.97320086166954,
    0.553268100971251,
    -0.505788047713138,
    -1.73571669841867
  ]
}