{
  "T_WB": [
    [
      -2.22044604925031e-16,
      3.17182191778193e-20,
      1.0,
      -2.60200165174347e-37
    ],
    [
      -3.49632506214334e-19,
      1.0,
      -3.17182191778193e-20,
      4.98421682609643e-21
    ],
    [
      -1.0,
      -3.49632506214334e-19,
      -2.22044604925031e-16,
      0.435153857500001
    ],
    [
      0.0,
      0.0,
      0.0,
      1.0
    ]
  ],
  "T_WH": {
    "0": [
      [
        -1.57080329563657e-16,
        -1.5460423162319e-16,
        1.0,
        -8.88279918001494e-18
      ],
      [
        -0.707106779455507,
        0.707106782917588,
        -1.75086510504785e-18,
        -0.032
      ],
      [
        -0.707106782917588,
        -0.707106779455507,
        -2.20394266810659e-16,
        0.395153857500001
      ],
      [
        0.0,
        0.0,
        0.0,
        1.0
      ]
    ],
    "1": [
      [
        1.57080329563657e-16,
        1.54611119471027e-16,
        1.0,
        8.88279918001494e-18
      ],
      [
        0.707106779455507,
        -0.707106782917588,
        -1.74599466112238e-18,
        0.032
      ],
      [
        0.707106782917588,
        0.707106779455507,
        -2.20399137254561e-16,
        0.475153857500001
      ],
      [
        0.0,
        0.0,
        0.0,
        1.0
      ]
    ],
    "2": [
      [
        -1.57049981239965e-16,
        1.55676936644379e-16,
        1.0,
        -8.88076921398756e-18
      ],
      [
        0.707106779455507,
        0.707106782917588,
        9.7088860306697e-19,
        0.032
      ],
      [
        -0.707106782917588,
        0.707106779455507,
        -2.21131324297965e-16,
        0.395153857500001
      ],
      [
        0.0,
        0.0,
        0.0,
        1.0
      ]
    ],
    "3": [
      [
        1.57049981239965e-16,
        -1.54644867329095e-16,
        1.0,
        8.88076921398756e-18
      ],
      [
        -0.707106779455507,
        -0.707106782917588,
        1.70067181634554e-18,
        -0.032
      ],
      [
        0.707106782917588,
        -0.707106779455507,
        -2.20401541088259e-16,
        0.475153857500001
      ],
      [
        0.0,
        0.0,
        0.0,
        1.0
      ]
    ]
  },
  "T_WP": {
    "0": [
      [
        -1.0,
        -1.5460423162319e-16,
        -9.58479896062895e-17,
        -1.98784222494709e-17
      ],
      [
        -4.15469376007312e-17,
        0.707106782917588,
        -0.707106779455507,
        -0.0814974745618855
      ],
      [
        1.77096463892889e-16,
        -0.707106779455507,
        -0.707106782917588,
        0.34565638269577
      ],
      [
        0.0,
        0.0,
        0.0,
        1.0
      ]
    ],
    "1": [
      [
        -1.0,
        1.54611119471027e-16,
        2.18312669521025e-16,
        1.98784222494709e-17
      ],
      [
        4.50437973669014e-17,
        -0.707106782917588,
        0.707106779455507,
        0.0814974745618855
      ],
      [
        2.63696940172331e-16,
        0.707106779455507,
        0.707106782917588,
        0.524651332304232
      ],
      [
        0.0,
        0.0,
        0.0,
        1.0
      ]
    ],
    "2": [
      [
        -1.0,
        1.55676936644379e-16,
        -9.58176412825968e-17,
        -1.98742679007851e-17
      ],
      [
        4.23269141027121e-17,
        0.707106782917588,
        0.707106779455507,
        0.0814974745618855
      ],
      [
        1.77833521380195e-16,
        0.707106779455507,
        -0.707106782917588,
        0.34565638269577
      ],
      [
        0.0,
        0.0,
        0.0,
        1.0
      ]
    ],
    "3": [
      [
        -1.0,
        -1.54644867329095e-16,
        2.18282321197332e-16,
        1.98742679007851e-17
      ],
      [
        -4.49984745221246e-17,
        -0.707106782917588,
        -0.707106779455507,
        -0.0814974745618855
      ],
      [
        2.6369934400603e-16,
        -0.707106779455507,
        0.707106782917588,
        0.524651332304232
      ],
      [
        0.0,
        0.0,
        0.0,
        1.0
      ]
    ]
  },
  "simTime": 0.115000000000002,
  "state": [
    -2.60200165174347e-37,
    4.98421682609643e-21,
    0.435153857500001,
    0.707106781186548,
    -1.12399674099803e-19,
    0.707106781186548,
    -1.348278419676e-19,
    -4.46671516845881e-35,
    2.46458352679491e-20,
    -1.12775899999998,
    6.40769015838562e-19,
    -5.19636994713889e-18,
    -9.15733494941832e-18,
    1.0,
    1.19129284644833e-18,
    2.43275715493068e-20,
    -2.31426633120353e-19,
    1.0,
    -1.18784892252967e-18,
    -2.43275715493065e-20,
    2.29429568337065e-19,
    1.0,
    -6.7736850377637e-19,
    3.15815775158909e-20,
    1.32793984598526e-19,
    1.0,
    1.19340316141847e-18,
    -3.15815775158905e-20,
    -2.24264726790888e-19,
    2.3767815992796e-17,
    6.09790910451365e-19,
    -1.03637184064068e-17,
    -2.36094593082803e-17,
    -6.09790910451359e-19,
    1.03253012245614e-17,
    -1.84477584007591e-17,
    7.27182603005358e-19,
    5.88312192079908e-18,
    2.39019644199556e-17,
    -7.27182603005352e-19,
    -1.02241831424719e-17
  ]
}