{
  "T_WB": [
    [
      -2.22044604925031e-16,
      2.40777687903222e-21,
      1.0,
      8.04394243609719e-37
    ],
    [
      -2.16607692774022e-20,
      1.0,
      -2.40777687903222e-21,
      1.5053218438681e-21
    ],
    [
      -1.0,
      -2.16607692774021e-20,
      -2.22044604925031e-16,
      0.48774175
    ],
    [
      0.0,
      0.0,
      0.0,
      1.0
    ]
  ],
  "T_WH": {
    "0": [
      [
        -1.57022037416729e-16,
        -1.56239523386857e-16,
        1.0,
        -8.88186124586138e-18
      ],
      [
        -0.707106779455507,
        0.707106782917588,
        -5.53320434627831e-19,
        -0.032
      ],
      [
        -0.707106782917588,
        -0.707106779455507,
        -2.21509373930653e-16,
        0.44774175
      ],
      [
        0.0,
        0.0,
        0.0,
        1.0
      ]
    ],
    "1": [
      [
        1.57022037416729e-16,
        1.5625481398387e-16,
        1.0,
        8.88186124586138e-18
      ],
      [
        0.707106779455507,
        -0.707106782917588,
        -5.42508349765371e-19,
        0.032
      ],
      [
        0.707106782917588,
        0.707106779455507,
        -2.21520186015462e-16,
        0.52774175
      ],
      [
        0.0,
        0.0,
        0.0,
        1.0
      ]
    ],
    "2": [
      [
        -1.57020834016576e-16,
        1.56563489736485e-16,
        1.0,
        -8.88170714814112e-18
      ],
      [
        0.707106779455507,
        0.707106782917588,
        3.23390698961992e-19,
        0.032
      ],
      [
        -0.707106782917588,
        0.707106779455507,
        -2.21737601800378e-16,
        0.44774175
      ],
      [
        0.0,
        0.0,
        0.0,
        1.0
      ]
    ],
    "3": [
      [
        1.57020834016576e-16,
        -1.56244731423511e-16,
        1.0,
        8.88170714814112e-18
      ],
      [
        -0.707106779455507,
        -0.707106782917588,
        5.48786864177283e-19,
        -0.032
      ],
      [
        0.707106782917588,
        -0.707106779455507,
        -2.21512205636267e-16,
        0.52774175
      ],
      [
        0.0,
        0.0,
        0.0,
        1.0
      ]
    ]
  },
  "T_WP": {
    "0": [
      [
        -1.0,
        -1.56239523386857e-16,
        -9.57896974593616e-17,
        -1.98734038650324e-17
      ],
      [
        -4.27444822711512e-17,
        0.707106782917588,
        -0.707106779455507,
        -0.0814974745618855
      ],
      [
        1.78211571012882e-16,
        -0.707106779455507,
        -0.707106782917588,
        0.398244275195769
      ],
      [
        0.0,
        0.0,
        0.0,
        1.0
      ]
    ],
    "1": [
      [
        -1.0,
        1.5625481398387e-16,
        2.18254377374097e-16,
        1.98734038650324e-17
      ],
      [
        4.38403110555444e-17,
        -0.707106782917588,
        0.707106779455507,
        0.0814974745618855
      ],
      [
        2.64817988933232e-16,
        0.707106779455507,
        0.707106782917588,
        0.577239224804231
      ],
      [
        0.0,
        0.0,
        0.0,
        1.0
      ]
    ],
    "2": [
      [
        -1.0,
        1.56563489736485e-16,
        -9.57884940592079e-17,
        -1.98731655293014e-17
      ],
      [
        4.2974412006817e-17,
        0.707106782917588,
        0.707106779455507,
        0.0814974745618855
      ],
      [
        1.78439798882608e-16,
        0.707106779455507,
        -0.707106782917588,
        0.398244275195769
      ],
      [
        0.0,
        0.0,
        0.0,
        1.0
      ]
    ],
    "3": [
      [
        -1.0,
        -1.56244731423511e-16,
        2.18253173973943e-16,
        1.98731655293014e-17
      ],
      [
        -4.38465895699563e-17,
        -0.707106782917588,
        -0.707106779455507,
        -0.0814974745618855
      ],
      [
        2.64810008554037e-16,
        -0.707106779455507,
        0.707106782917588,
        0.577239224804231
      ],
      [
        0.0,
        0.0,
        0.0,
        1.0
      ]
    ]
  }
}