{
  "T_WB": [
    [
      -0.929611600660387,
      0.0725078537643409,
      0.361337630285198,
      -0.211037765161994
    ],
    [
      0.0614558851408993,
      0.997225690998533,
      -0.0420011356280676,
      -0.000598789931549767
    ],
    [
      -0.363380580244985,
      -0.01683841901687,
      -0.931488605161561,
      0.190970060733079
    ],
    [
      0.0,
      0.0,
      0.0,
      1.0
    ]
  ],
  "T_WH": {
    "0": [
      [
        -0.814383077368342,
        -0.524405480257997,
        -0.248554009365067,
        -0.250542480508868
      ],
      [
        -0.567357269025087,
        0.809504516071162,
        0.151023732389282,
        -0.0300517766378668
      ],
      [
        0.122007920154659,
        0.264010095897437,
        -0.956772040082569,
        0.176973666931819
      ],
      [
        0.0,
        0.0,
        0.0,
        1.0
      ]
    ],
    "1": [
      [
        0.612256417870661,
        0.55142018012544,
        0.56663732997978,
        -0.171533049815119
      ],
      [
        0.757617320923887,
        -0.614168352943171,
        -0.220937161381205,
        0.0288541967747673
      ],
      [
        0.22618150634457,
        0.564564450876514,
        -0.793793995312513,
        0.204966454534338
      ],
      [
        0.0,
        0.0,
        0.0,
        1.0
      ]
    ],
    "2": [
      [
        -0.723977228701777,
        0.632967281264266,
        -0.274243310164933,
        -0.24590197786795
      ],
      [
        0.682352085675921,
        0.715465082786185,
        -0.150017820566353,
        0.0337706675860393
      ],
      [
        0.101255140585636,
        -0.295739980663219,
        -0.949886972403719,
        0.175896008114739
      ],
      [
        0.0,
        0.0,
        0.0,
        1.0
      ]
    ],
    "3": [
      [
        0.487953336264504,
        -0.634233357679966,
        0.599707920269807,
        -0.176173552456037
      ],
      [
        -0.834834046826208,
        -0.539706141011655,
        0.10848684535041,
        -0.0349682474491388
      ],
      [
        0.254860071192245,
        -0.553593108122116,
        -0.792831012733218,
        0.206044113351418
      ],
      [
        0.0,
        0.0,
        0.0,
        1.0
      ]
    ]
  },
  "T_WP": {
    "0": [
      [
        0.248554009365067,
        -0.524405480257997,
        -0.814383077368342,
        -0.307549295924652
      ],
      [
        -0.151023732389282,
        0.809504516071162,
        -0.567357269025087,
        -0.0697667854696229
      ],
      [
        0.956772040082569,
        0.264010095897437,
        0.122007920154659,
        0.185514221342645
      ],
      [
        0.0,
        0.0,
        0.0,
        1.0
      ]
    ],
    "1": [
      [
        -0.56663732997978,
        0.55142018012544,
        0.612256417870661,
        -0.128675100564173
      ],
      [
        0.220937161381205,
        -0.614168352943171,
        0.757617320923887,
        0.0818874092394394
      ],
      [
        0.793793995312513,
        0.564564450876514,
        0.22618150634457,
        0.220799159978458
      ],
      [
        0.0,
        0.0,
        0.0,
        1.0
      ]
    ],
    "2": [
      [
        0.274243310164933,
        0.632967281264266,
        -0.723977228701777,
        -0.296580383877075
      ],
      [
        0.150017820566353,
        0.715465082786185,
        0.682352085675921,
        0.0815353135833537
      ],
      [
        0.949886972403719,
        -0.295739980663219,
        0.101255140585636,
        0.182983867955734
      ],
      [
        0.0,
        0.0,
        0.0,
        1.0
      ]
    ],
    "3": [
      [
        -0.599707920269807,
        -0.634233357679966,
        0.487953336264504,
        -0.142016818917522
      ],
      [
        -0.10848684535041,
        -0.539706141011655,
        -0.834834046826208,
        -0.0934066307269734
      ],
      [
        0.792831012733218,
        -0.553593108122116,
        0.254860071192245,
        0.223884318334875
      ],
      [
        0.0,
        0.0,
        0.0,
        1.0
      ]
    ]
  },
  "simTime": 0.972999999999909,
  "state": [
    -0.211037765161994,
    -0.000598789931549767,
    0.190970060733079,
    0.184475936897326,
    0.0341002694367699,
    0.982131088096248,
    -0.0149775206584163,
    -0.461643150265195,
    -0.00351140460525595,
    -0.28263199654987,
    0.467403703282416,
    12.9098019469741,
    -0.25411278369397,
    0.944788206397753,
    -0.262053284096249,
    0.183832783425108,
    0.0700630365047454,
    0.986124432806113,
    -0.151156652232719,
    0.0208118928240638,
    -0.0653998060065858,
    0.943907966248602,
    0.264989009526176,
    0.18377468223823,
    -0.0710312765688585,
    0.985146579090563,
    0.155211750142752,
    0.0241361035320827,
    0.0693756357093281,
    0.459711733775675,
    -1.96014383700074,
    2.75852754548126,
    -1.01715569682717,
    -0.641813296546447,
    1.25231714551162,
    -0.41552706284209,
    -1.95046662563219,
    -2.79129101161369,
    1.02644350488987,
    -0.653833611813875,
    -1.31871896176002
  ]
}