{
  "T_WB": [
    [
      0.981533070425092,
      -0.00221027609238069,
      -0.191279759361743,
      -0.00306130362354528
    ],
    [
      0.00208713105220013,
      0.999997464701194,
      -0.000845266321770301,
      -5.2450222397704e-06
    ],
    [
      0.19128114268234,
      0.000430430922712865,
      0.981535195081337,
      0.0764978573426101
    ],
    [
      0.0,
      0.0,
      0.0,
      1.0
    ]
  ],
  "T_WH": {
    "0": [
      [
        0.721452164576692,
        0.584611135418531,
        -0.371128811293682,
        0.0393320516519599
      ],
      [
        -0.681971681954143,
        0.692801535476969,
        -0.234394235111256,
        -0.0319164336283502
      ],
      [
        0.120089130400055,
        0.422203567944908,
        0.898511406702412,
        0.0076374719177668
      ],
      [
        0.0,
        0.0,
        0.0,
        1.0
      ]
    ],
    "1": [
      [
        -0.590322220218693,
        -0.736510445864577,
        -0.330260562962694,
        -0.0393320516519599
      ],
      [
        0.77431440769828,
        -0.632267938073287,
        0.0259702236304582,
        0.0319164336283502
      ],
      [
        -0.227940506156617,
        -0.240394712123451,
        0.943532462629743,
        -0.0076374719177668
      ],
      [
        0.0,
        0.0,
        0.0,
        1.0
      ]
    ],
    "2": [
      [
        0.716989590880401,
        -0.589259249862761,
        -0.372423768065804,
        0.0391905939820475
      ],
      [
        0.686528450817503,
        0.689530064349113,
        0.230709723628691,
        0.0320834041125262
      ],
      [
        0.120849546078065,
        -0.4210959828945,
        0.898929118675572,
        0.00766501949682042
      ],
      [
        0.0,
        0.0,
        0.0,
        1.0
      ]
    ],
    "3": [
      [
        -0.589086185083222,
        0.737334269740924,
        -0.33062915964826,
        -0.0391905939820475
      ],
      [
        -0.77469791856959,
        -0.63169150208833,
        -0.0284425939979953,
        -0.0320834041125262
      ],
      [
        -0.229827329767461,
        0.23938258260577,
        0.943332061173026,
        -0.00766501949682042
      ],
      [
        0.0,
        0.0,
        0.0,
        1.0
      ]
    ]
  },
  "T_WP": {
    "0": [
      [
        0.371128811293682,
        0.584611135418531,
        0.721452164576692,
        0.0898337031723284
      ],
      [
        0.234394235111256,
        0.692801535476969,
        -0.681971681954143,
        -0.0796544513651402
      ],
      [
        -0.898511406702412,
        0.422203567944908,
        0.120089130400055,
        0.0160437110457707
      ],
      [
        0.0,
        0.0,
        0.0,
        1.0
      ]
    ],
    "1": [
      [
        0.330260562962694,
        -0.736510445864577,
        -0.590322220218693,
        -0.0806546070672684
      ],
      [
        -0.0259702236304582,
        -0.632267938073287,
        0.77431440769828,
        0.0861184421672298
      ],
      [
        -0.943532462629743,
        -0.240394712123451,
        -0.227940506156617,
        -0.02359330734873
      ],
      [
        0.0,
        0.0,
        0.0,
        1.0
      ]
    ],
    "2": [
      [
        0.372423768065804,
        -0.589259249862761,
        0.716989590880401,
        0.0893798653436756
      ],
      [
        -0.230709723628691,
        0.689530064349113,
        0.686528450817503,
        0.0801403956697515
      ],
      [
        -0.898929118675572,
        -0.4210959828945,
        0.120849546078065,
        0.016124487722285
      ],
      [
        0.0,
        0.0,
        0.0,
        1.0
      ]
    ],
    "3": [
      [
        0.33062915964826,
        0.737334269740924,
        -0.589086185083222,
        -0.0804266269378731
      ],
      [
        0.0284425939979952,
        -0.63169150208833,
        -0.77469791856959,
        -0.0863122584123975
      ],
      [
        -0.943332061173026,
        0.23938258260577,
        -0.229827329767461,
        -0.0237529325805427
      ],
      [
        0.0,
        0.0,
        0.0,
        1.0
      ]
    ]
  }
}