{
  "T_WB": [
    [
      0.786210164692161,
      -0.007218355714013,
      0.61791704319877,
      -0.0203479548526281
    ],
    [
      -0.00150408482980149,
      0.999906460725369,
      0.0135943932740864,
      -0.000122048223610533
    ],
    [
      -0.617957372853136,
      -0.0116174498256605,
      0.786125766144323,
      0.125318300828423
    ],
    [
      0.0,
      0.0,
      0.0,
      1.0
    ]
  ],
  "T_WH": {
    "0": [
      [
        0.413950522055624,
        0.44312002758936,
        0.795166401729274,
        0.0316793939705349
      ],
      [
        -0.838285318415682,
        0.526082901515488,
        0.143228857643156,
        -0.0320571701364039
      ],
      [
        -0.354855872458939,
        -0.725865980661892,
        0.589233305150986,
        -0.0243465365197043
      ],
      [
        0.0,
        0.0,
        0.0,
        1.0
      ]
    ],
    "1": [
      [
        -0.663251702775001,
        -0.422556012016316,
        0.61769215267391,
        -0.0316793939705349
      ],
      [
        0.581699001922886,
        -0.810365542361084,
        0.0702421448686256,
        0.0320571701364039
      ],
      [
        0.47087519570262,
        0.405899130896697,
        0.783276736287582,
        0.0243465365197043
      ],
      [
        0.0,
        0.0,
        0.0,
        1.0
      ]
    ],
    "2": [
      [
        0.403693916354529,
        -0.449916283059483,
        0.796621968148181,
        0.031217419204838
      ],
      [
        0.834369236308482,
        0.538244076666706,
        -0.118833040166464,
        0.0319368433500198
      ],
      [
        -0.375312135961978,
        0.712649038567473,
        0.592682164763302,
        -0.0250900533085466
      ],
      [
        0.0,
        0.0,
        0.0,
        1.0
      ]
    ],
    "3": [
      [
        -0.652477447089447,
        0.435278780466987,
        0.620326981772364,
        -0.031217419204838
      ],
      [
        -0.583574764189663,
        -0.810818546803846,
        -0.044875146349381,
        -0.0319368433500198
      ],
      [
        0.483439422927648,
        -0.391287193036102,
        0.783058527139135,
        0.0250900533085466
      ],
      [
        0.0,
        0.0,
        0.0,
        1.0
      ]
    ]
  },
  "T_WP": {
    "0": [
      [
        -0.795166401729274,
        0.44312002758936,
        0.413950522055624,
        0.0606559305144286
      ],
      [
        -0.143228857643156,
        0.526082901515488,
        -0.838285318415682,
        -0.0907371424255016
      ],
      [
        -0.589233305150986,
        -0.725865980661892,
        -0.354855872458939,
        -0.04918644759183
      ],
      [
        0.0,
        0.0,
        0.0,
        1.0
      ]
    ],
    "1": [
      [
        -0.61769215267391,
        -0.422556012016316,
        -0.663251702775001,
        -0.0781070131647849
      ],
      [
        -0.0702421448686256,
        -0.810365542361084,
        0.581699001922886,
        0.0727761002710059
      ],
      [
        -0.783276736287582,
        0.405899130896697,
        0.47087519570262,
        0.0573078002188877
      ],
      [
        0.0,
        0.0,
        0.0,
        1.0
      ]
    ],
    "2": [
      [
        -0.796621968148181,
        -0.449916283059483,
        0.403693916354529,
        0.059475993349655
      ],
      [
        0.118833040166464,
        0.538244076666706,
        0.834369236308482,
        0.0903426898916135
      ],
      [
        -0.592682164763302,
        0.712649038567473,
        -0.375312135961978,
        -0.051361902825885
      ],
      [
        0.0,
        0.0,
        0.0,
        1.0
      ]
    ],
    "3": [
      [
        -0.620326981772364,
        0.435278780466987,
        -0.652477447089447,
        -0.0768908405010993
      ],
      [
        0.044875146349381,
        -0.810818546803846,
        -0.583574764189663,
        -0.0727870768432962
      ],
      [
        -0.783058527139135,
        -0.391287193036102,
        0.483439422927648,
        0.0589308129134819
      ],
      [
        0.0,
        0.0,
        0.0,
        1.0
      ]
    ]
  }
}