{
  "T_WB": [
    [
      -0.936232070561914,
      0.0579451926867508,
      -0.34657158668282,
      -0.236083194140408
    ],
    [
      0.0691015794411549,
      0.997410947159718,
      -0.0199091487686245,
      -0.000903247594842025
    ],
    [
      0.34452065507033,
      -0.0425882276039844,
      -0.937812220596139,
      0.160466231087491
    ],
    [
      0.0,
      0.0,
      0.0,
      1.0
    ]
  ],
  "T_WH": {
    "0": [
      [
        -0.645354223845628,
        -0.164311015560249,
        -0.746002557589562,
        -0.275386723128861
      ],
      [
        -0.432763629653038,
        0.883394648078781,
        0.179804161785244,
        -0.0300563347263068
      ],
      [
        0.629470862402809,
        0.438880149826038,
        -0.641210298946094,
        0.175609880573632
      ],
      [
        0.0,
        0.0,
        0.0,
        1.0
      ]
    ],
    "1": [
      [
        0.677112733726918,
        0.730541739829118,
        -0.0884709680760119,
        -0.196779665151956
      ],
      [
        0.692843347980281,
        -0.673400906409885,
        -0.257874609851029,
        0.0282498395366228
      ],
      [
        -0.247964596231672,
        0.113313660314152,
        -0.962119313495927,
        0.145322581601351
      ],
      [
        0.0,
        0.0,
        0.0,
        1.0
      ]
    ],
    "2": [
      [
        -0.588010837792679,
        0.25454808499039,
        -0.767755512559876,
        -0.271678230796909
      ],
      [
        0.553041029796872,
        0.819177275421264,
        -0.151967795254817,
        0.0337779658919152
      ],
      [
        0.590244757706129,
        -0.513959009903631,
        -0.622460651077089,
        0.172884234006977
      ],
      [
        0.0,
        0.0,
        0.0,
        1.0
      ]
    ],
    "3": [
      [
        0.589386054983531,
        -0.806199122618404,
        -0.0516435173111498,
        -0.200488157483908
      ],
      [
        -0.788121814410022,
        -0.587857607115827,
        0.182448456850444,
        -0.0355844610815992
      ],
      [
        -0.177448820345487,
        -0.0668311936551374,
        -0.98185819124384,
        0.148048228168006
      ],
      [
        0.0,
        0.0,
        0.0,
        1.0
      ]
    ]
  },
  "T_WP": {
    "0": [
      [
        0.746002557589562,
        -0.164311015560249,
        -0.645354223845628,
        -0.320561518798055
      ],
      [
        -0.179804161785244,
        0.883394648078781,
        -0.432763629653038,
        -0.0603497888020194
      ],
      [
        0.641210298946094,
        0.438880149826038,
        0.629470862402809,
        0.219672840941829
      ],
      [
        0.0,
        0.0,
        0.0,
        1.0
      ]
    ],
    "1": [
      [
        0.088470968076012,
        0.730541739829118,
        0.677112733726918,
        -0.149381773791071
      ],
      [
        0.257874609851029,
        -0.673400906409885,
        0.692843347980281,
        0.0767488738952424
      ],
      [
        0.962119313495927,
        0.113313660314152,
        -0.247964596231672,
        0.127965059865134
      ],
      [
        0.0,
        0.0,
        0.0,
        1.0
      ]
    ],
    "2": [
      [
        0.767755512559876,
        0.25454808499039,
        -0.588010837792679,
        -0.312838989442396
      ],
      [
        0.151967795254817,
        0.819177275421264,
        0.553041029796872,
        0.0724908379776962
      ],
      [
        0.622460651077089,
        -0.513959009903631,
        0.590244757706129,
        0.214201367046406
      ],
      [
        0.0,
        0.0,
        0.0,
        1.0
      ]
    ],
    "3": [
      [
        0.0516435173111498,
        -0.806199122618404,
        0.589386054983531,
        -0.15923113363506
      ],
      [
        -0.182448456850444,
        -0.587857607115827,
        -0.788121814410022,
        -0.0907529880903008
      ],
      [
        0.98185819124384,
        -0.0668311936551374,
        -0.177448820345487,
        0.135626810743822
      ],
      [
        0.0,
        0.0,
        0.0,
        1.0
      ]
    ]
  },
  "simTime": 1.0294999999999,
  "state": [
    -0.236083194140408,
    -0.000903247594842025,
    0.160466231087491,
    -0.175617948969963,
    0.0322846824148353,
    0.983800696065744,
    -0.015881615204822,
    -0.420830362292045,
    -0.0074950360334168,
    -0.802871250196545,
    0.464367531987721,
    12.6922025963434,
    -0.280702238246278,
    0.95240447108352,
    -0.218979553945412,
    0.154592227063541,
    0.145172041886599,
    0.984136074107665,
    -0.175530850534689,
    0.0121450277983563,
    -0.0227509659201075,
    0.951114225721945,
    0.222518519613345,
    0.155099993265188,
    -0.147686255784243,
    0.98331962641194,
    0.179494743186558,
    0.0157936922460182,
    0.0247933210101665,
    1.38339016344582,
    -1.73215627505575,
    2.18874228687017,
    -0.709082070789825,
    -0.538886728411572,
    1.575503920651,
    -1.3619997325943,
    -1.74192828781398,
    -2.24967218176096,
    0.703710657033806,
    -0.544376653529622,
    -1.6356608881487
  ]
}