{
  "T_WB": [
    [
      -2.22044604925031e-16,
      7.70643751471663e-22,
      1.0,
      1.87607122436744e-37
    ],
    [
      8.85533428524719e-22,
      1.0,
      -7.70643751471663e-22,
      7.05015555942461e-22
    ],
    [
      -1.0,
      8.85533428524719e-22,
      -2.22044604925031e-16,
      0.4939934575
    ],
    [
      0.0,
      0.0,
      0.0,
      1.0
    ]
  ],
  "T_WH": {
    "0": [
      [
        -1.5701466437524e-16,
        -1.56573696426519e-16,
        1.0,
        -8.8818088576013e-18
      ],
      [
        -0.707106779455507,
        0.707106782917588,
        -3.1181088399273e-19,
        -0.032
      ],
      [
        -0.707106782917588,
        -0.707106779455507,
        -2.21740456424861e-16,
        0.4539934575
      ],
      [
        0.0,
        0.0,
        0.0,
        1.0
      ]
    ],
    "1": [
      [
        1.5701466437524e-16,
        1.56600315616392e-16,
        1.0,
        8.8818088576013e-18
      ],
      [
        0.707106779455507,
        -0.707106782917588,
        -2.92988274277814e-19,
        0.032
      ],
      [
        0.707106782917588,
        0.707106779455507,
        -2.21759279034484e-16,
        0.5339934575
      ],
      [
        0.0,
        0.0,
        0.0,
        1.0
      ]
    ],
    "2": [
      [
        -1.57014363077769e-16,
        1.56746612828816e-16,
        1.0,
        -8.88175953640121e-18
      ],
      [
        0.707106779455507,
        0.707106782917588,
        1.89327473566288e-19,
        0.032
      ],
      [
        -0.707106782917588,
        0.707106779455507,
        -2.21862513735719e-16,
        0.4539934575
      ],
      [
        0.0,
        0.0,
        0.0,
        1.0
      ]
    ],
    "3": [
      [
        1.57014363077769e-16,
        -1.56573396435686e-16,
        1.0,
        8.88175953640121e-18
      ],
      [
        -0.707106779455507,
        -0.707106782917588,
        3.11809960061074e-19,
        -0.032
      ],
      [
        0.707106782917588,
        -0.707106779455507,
        -2.21740031249824e-16,
        0.5339934575
      ],
      [
        0.0,
        0.0,
        0.0,
        1.0
      ]
    ]
  },
  "T_WP": {
    "0": [
      [
        -1.0,
        -1.56573696426519e-16,
        -9.57823244178725e-17,
        -1.98728353638681e-17
      ],
      [
        -4.29859918217863e-17,
        0.707106782917588,
        -0.707106779455507,
        -0.0814974745618855
      ],
      [
        1.78442653507091e-16,
        -0.707106779455507,
        -0.707106782917588,
        0.404495982695768
      ],
      [
        0.0,
        0.0,
        0.0,
        1.0
      ]
    ],
    "1": [
      [
        -1.0,
        1.56600315616392e-16,
        2.18247004332608e-16,
        1.98728353638681e-17
      ],
      [
        4.35907909800568e-17,
        -0.707106782917588,
        0.707106779455507,
        0.0814974745618855
      ],
      [
        2.65057081952254e-16,
        0.707106779455507,
        0.707106782917588,
        0.583490932304231
      ],
      [
        0.0,
        0.0,
        0.0,
        1.0
      ]
    ],
    "2": [
      [
        -1.0,
        1.56746612828816e-16,
        -9.57820231204014e-17,
        -1.9872764951845e-17
      ],
      [
        4.31084752322127e-17,
        0.707106782917588,
        0.707106779455507,
        0.0814974745618855
      ],
      [
        1.78564710817948e-16,
        0.707106779455507,
        -0.707106782917588,
        0.404495982695768
      ],
      [
        0.0,
        0.0,
        0.0,
        1.0
      ]
    ],
    "3": [
      [
        -1.0,
        -1.56573396435686e-16,
        2.18246703035137e-16,
        1.9872764951845e-17
      ],
      [
        -4.36096126658401e-17,
        -0.707106782917588,
        -0.707106779455507,
        -0.0814974745618855
      ],
      [
        2.65037834167594e-16,
        -0.707106779455507,
        0.707106782917588,
        0.583490932304231
      ],
      [
        0.0,
        0.0,
        0.0,
        1.0
      ]
    ]
  },
  "simTime": 0.035,
  "state": [
    1.87607122436744e-37,
    7.05015555942461e-22,
    0.4939934575,
    0.707106781186548,
    5.85547057410928e-22,
    0.707106781186548,
    4.06196348662742e-23,
    2.99778700438543e-35,
    4.80371418889223e-20,
    -0.343231000000001,
    7.38730988200127e-20,
    -8.42599315470101e-19,
    1.87930840223224e-19,
    1.0,
    2.17502065033332e-19,
    2.43659753666119e-21,
    -7.5487156185253e-21,
    1.0,
    -2.0419247009687e-19,
    -2.43659753666112e-21,
    7.61911980538712e-21,
    1.0,
    -1.3158879130866e-19,
    2.83087622231693e-21,
    5.93723470167249e-21,
    1.0,
    2.18196987873691e-19,
    -2.83087622231686e-21,
    -7.19003616140621e-21,
    2.01338891324519e-17,
    3.29790198993131e-19,
    -1.32213256992515e-18,
    -1.88769393262366e-17,
    -3.29790198993123e-19,
    1.29223663562929e-18,
    -9.05386652952655e-18,
    3.99527085807946e-19,
    9.51384369672901e-19,
    2.01577707385928e-17,
    -3.99527085807939e-19,
    -1.25884928489431e-18
  ]
}