{
  "T_WB": [
    [
      -0.123580664718717,
      0.0547704666022035,
      0.990821888785193,
      -0.172687456074133
    ],
    [
      0.0270768049485179,
      0.998290024105986,
      -0.0518061232312372,
      -0.000432063831943594
    ],
    [
      -0.991965052782335,
      0.0204260558759428,
      -0.124852354002209,
      0.184243005699532
    ],
    [
      0.0,
      0.0,
      0.0,
      1.0
    ]
  ],
  "T_WH": {
    "0": [
      [
        -0.489106265769938,
        -0.57475899569498,
        0.656069476238824,
        -0.179383337594152
      ],
      [
        -0.771839914600684,
        0.635543706007186,
        -0.0186371667337279,
        -0.0312942724053944
      ],
      [
        -0.406248947092538,
        -0.515496163537955,
        -0.75447034293195,
        0.143910769800208
      ],
      [
        0.0,
        0.0,
        0.0,
        1.0
      ]
    ],
    "1": [
      [
        0.0538366821000456,
        -0.136108440959204,
        0.989230056134625,
        -0.165991574554114
      ],
      [
        0.834877132278795,
        -0.537337210743612,
        -0.119368739409492,
        0.0304301447415072
      ],
      [
        0.547797212167418,
        0.832311969305939,
        0.0847053722716292,
        0.224575241598855
      ],
      [
        0.0,
        0.0,
        0.0,
        1.0
      ]
    ],
    "2": [
      [
        -0.398976075272719,
        0.641139184865277,
        0.65555978902787,
        -0.175878027731611
      ],
      [
        0.836590727908964,
        0.547210083771101,
        -0.0260207262768407,
        0.0325962891373887
      ],
      [
        -0.375411834305642,
        0.538053593844993,
        -0.754694828930052,
        0.145218037376269
      ],
      [
        0.0,
        0.0,
        0.0,
        1.0
      ]
    ],
    "3": [
      [
        -0.0450522426147621,
        0.085574127916262,
        0.99531269662692,
        -0.169496884416655
      ],
      [
        -0.864406217549502,
        -0.502777363083662,
        0.00410051611418659,
        -0.0334604168012759
      ],
      [
        0.50077159114425,
        -0.860169745923449,
        0.0966220559750488,
        0.223267974022795
      ],
      [
        0.0,
        0.0,
        0.0,
        1.0
      ]
    ]
  },
  "T_WP": {
    "0": [
      [
        -0.656069476238824,
        -0.57475899569498,
        -0.489106265769938,
        -0.213620776198048
      ],
      [
        0.0186371667337278,
        0.635543706007186,
        -0.771839914600684,
        -0.0853230664274423
      ],
      [
        0.75447034293195,
        -0.515496163537955,
        -0.406248947092538,
        0.115473343503731
      ],
      [
        0.0,
        0.0,
        0.0,
        1.0
      ]
    ],
    "1": [
      [
        -0.989230056134625,
        -0.136108440959204,
        0.0538366821000456,
        -0.162223006807111
      ],
      [
        0.119368739409493,
        -0.537337210743612,
        0.834877132278795,
        0.0888715440010229
      ],
      [
        -0.0847053722716292,
        0.832311969305939,
        0.547797212167418,
        0.262921046450575
      ],
      [
        0.0,
        0.0,
        0.0,
        1.0
      ]
    ],
    "2": [
      [
        -0.65555978902787,
        0.641139184865277,
        -0.398976075272719,
        -0.203806353000702
      ],
      [
        0.0260207262768407,
        0.547210083771101,
        0.836590727908964,
        0.0911576400910162
      ],
      [
        0.754694828930052,
        0.538053593844993,
        -0.375411834305642,
        0.118939208974874
      ],
      [
        0.0,
        0.0,
        0.0,
        1.0
      ]
    ],
    "3": [
      [
        -0.99531269662692,
        0.085574127916262,
        -0.0450522426147621,
        -0.172650541399688
      ],
      [
        -0.00410051611418664,
        -0.502777363083662,
        -0.864406217549502,
        -0.093968852029741
      ],
      [
        -0.0966220559750488,
        -0.860169745923449,
        0.50077159114425,
        0.258321985402893
      ],
      [
        0.0,
        0.0,
        0.0,
        1.0
      ]
    ]
  },
  "simTime": 0.890499999999918,
  "state": [
    -0.172687456074133,
    -0.000432063831943594,
    0.184243005699532,
    0.661410803771956,
    0.0273023129858355,
    0.749453641466054,
    -0.010467647903448,
    -0.451302117725775,
    -0.00140521916603777,
    0.446308124463126,
    0.480365373282655,
    13.0739669046575,
    -0.218719462593484,
    0.931487503097266,
    -0.271318927098242,
    0.231906408146539,
    -0.0702601539455365,
    0.987776075586015,
    -0.102201484713269,
    0.0409301471006162,
    -0.110353994402636,
    0.931507423742901,
    0.272457827905263,
    0.23066969540102,
    0.0696573265967822,
    0.986499184863265,
    0.105356594567185,
    0.0441491389428161,
    0.117346494519129,
    -1.32766531546365,
    -2.25050543700955,
    2.90093208948472,
    -1.27243471804086,
    -0.827859558190991,
    0.684568846719899,
    1.36796571715946,
    -2.21706247754121,
    -2.87391715950456,
    1.30927171541721,
    -0.855791438207354,
    -0.745899169687027
  ]
}