{
  "T_WB": [
    [
      0.972877786648579,
      -0.00373724601678635,
      0.231289526866159,
      -0.0112452942104983
    ],
    [
      0.00183852014306747,
      0.999962824840536,
      0.00842429704005115,
      -2.17546147430722e-05
    ],
    [
      -0.231312412311672,
      -0.00777058100437116,
      0.972848490763803,
      0.426195319646994
    ],
    [
      0.0,
      0.0,
      0.0,
      1.0
    ]
  ],
  "T_WH": {
    "0": [
      [
        0.403984465149385,
        0.881194417864153,
        0.245546227507207,
        0.0390347033384803
      ],
      [
        -0.901944624633935,
        0.428487859545126,
        -0.0537963596945674,
        -0.0319252695891745
      ],
      [
        -0.152618629308209,
        -0.199736206401073,
        0.967891007211345,
        -0.00900383790032701
      ],
      [
        0.0,
        0.0,
        0.0,
        1.0
      ]
    ],
    "1": [
      [
        -0.778369073450059,
        -0.614558914014173,
        0.128292348572377,
        -0.0390347033384803
      ],
      [
        0.61528062769586,
        -0.787358470820745,
        -0.0386831695832513,
        0.0319252695891745
      ],
      [
        0.124785154079658,
        0.0488260138915615,
        0.990981677776525,
        0.00900383790032701
      ],
      [
        0.0,
        0.0,
        0.0,
        1.0
      ]
    ],
    "2": [
      [
        0.39837410595442,
        -0.883536277628378,
        0.246295996353182,
        0.038795519593406
      ],
      [
        0.902043326414803,
        0.4260427430194,
        0.0693211251425004,
        0.0320723512006199
      ],
      [
        -0.166180350750421,
        0.194553918580674,
        0.966712399728777,
        -0.00950115508460676
      ],
      [
        0.0,
        0.0,
        0.0,
        1.0
      ]
    ],
    "3": [
      [
        -0.773714839188984,
        0.619745653675613,
        0.131455971218323,
        -0.038795519593406
      ],
      [
        -0.618966687329114,
        -0.78371257535404,
        0.0517188477129929,
        -0.0320723512006199
      ],
      [
        0.135076228832417,
        -0.0413512270933391,
        0.989971963452646,
        0.00950115508460676
      ],
      [
        0.0,
        0.0,
        0.0,
        1.0
      ]
    ]
  },
  "T_WP": {
    "0": [
      [
        -0.245546227507207,
        0.881194417864153,
        0.403984465149385,
        0.0673136158989373
      ],
      [
        0.0537963596945674,
        0.428487859545126,
        -0.901944624633935,
        -0.0950613933135499
      ],
      [
        -0.967891007211345,
        -0.199736206401073,
        -0.152618629308209,
        -0.0196871419519016
      ],
      [
        0.0,
        0.0,
        0.0,
        1.0
      ]
    ],
    "1": [
      [
        -0.128292348572377,
        -0.614558914014173,
        -0.778369073450059,
        -0.0935205384799845
      ],
      [
        0.0386831695832514,
        -0.787358470820745,
        0.61528062769586,
        0.0749949135278847
      ],
      [
        -0.990981677776525,
        0.0488260138915615,
        0.124785154079658,
        0.0177387986859031
      ],
      [
        0.0,
        0.0,
        0.0,
        1.0
      ]
    ],
    "2": [
      [
        -0.246295996353181,
        -0.883536277628378,
        0.39837410595442,
        0.0666817070102154
      ],
      [
        -0.0693211251425003,
        0.4260427430194,
        0.902043326414803,
        0.0952153840496561
      ],
      [
        -0.966712399728777,
        0.194553918580674,
        -0.166180350750421,
        -0.0211337796371363
      ],
      [
        0.0,
        0.0,
        0.0,
        1.0
      ]
    ],
    "3": [
      [
        -0.131455971218323,
        0.619745653675613,
        -0.773714839188984,
        -0.0929555583366349
      ],
      [
        -0.0517188477129929,
        -0.78371257535404,
        -0.618966687329114,
        -0.0754000193136579
      ],
      [
        -0.989971963452646,
        -0.0413512270933391,
        0.135076228832417,
        0.0189564911028759
      ],
      [
        0.0,
        0.0,
        0.0,
        1.0
      ]
    ]
  }
}