{
  "T_WB": [
    [
      -0.369218444259992,
      -0.628720173743565,
      0.684389277784284,
      -0.0958298722128314
    ],
    [
      -0.502743717105925,
      0.754488988827132,
      0.421894679569593,
      0.00213768912509042
    ],
    [
      -0.781617870400076,
      -0.188301112228457,
      -0.594656367833371,
      0.881472235664362
    ],
    [
      0.0,
      0.0,
      0.0,
      1.0
    ]
  ],
  "T_WH": {
    "0": [
      [
        -0.151019484289922,
        -0.317255053873885,
        0.936238402414836,
        -0.090479564423437
      ],
      [
        -0.796484697490608,
        0.600008844724416,
        0.0748432556465014,
        -0.0421157072016148
      ],
      [
        -0.585495723321786,
        -0.734396770856157,
        -0.34330182191178,
        0.85623315643967
      ],
      [
        0.0,
        0.0,
        0.0,
        1.0
      ]
    ],
    "1": [
      [
        -0.353654900039024,
        0.659978485151687,
        0.662839807808246,
        -0.101180180002226
      ],
      [
        0.896726724324002,
        0.0376239594001658,
        0.44098256151712,
        0.0463910854517956
      ],
      [
        0.266100344910588,
        0.750341813319729,
        -0.605126242715127,
        0.906711314889054
      ],
      [
        0.0,
        0.0,
        0.0,
        1.0
      ]
    ],
    "2": [
      [
        -0.701808379344375,
        -0.660616613636074,
        0.266553350138445,
        -0.130717655543025
      ],
      [
        -0.202248445030989,
        0.543559844184861,
        0.814639958676394,
        0.00617158808332165
      ],
      [
        -0.683052388301636,
        0.517811148564548,
        -0.515083536193592,
        0.844181885257048
      ],
      [
        0.0,
        0.0,
        0.0,
        1.0
      ]
    ],
    "3": [
      [
        0.698651953039287,
        -0.0454933257972144,
        0.714013869488751,
        -0.0609420888826376
      ],
      [
        -0.43510971740806,
        -0.819230768281741,
        0.373551177374113,
        -0.0018962098331408
      ],
      [
        0.567948045450875,
        -0.571656632611235,
        -0.592151764381493,
        0.918762586071676
      ],
      [
        0.0,
        0.0,
        0.0,
        1.0
      ]
    ]
  },
  "T_WP": {
    "0": [
      [
        -0.936238402414836,
        -0.317255053873885,
        -0.151019484289922,
        -0.101050928323732
      ],
      [
        -0.0748432556465015,
        0.600008844724416,
        -0.796484697490608,
        -0.0978696360259573
      ],
      [
        0.34330182191178,
        -0.734396770856157,
        -0.585495723321786,
        0.815248455807145
      ],
      [
        0.0,
        0.0,
        0.0,
        1.0
      ]
    ],
    "1": [
      [
        -0.662839807808246,
        0.659978485151687,
        -0.353654900039024,
        -0.125936023004957
      ],
      [
        -0.44098256151712,
        0.0376239594001658,
        0.896726724324002,
        0.109161956154476
      ],
      [
        0.605126242715127,
        0.750341813319729,
        0.266100344910588,
        0.925338339032796
      ],
      [
        0.0,
        0.0,
        0.0,
        1.0
      ]
    ],
    "2": [
      [
        -0.266553350138445,
        -0.660616613636074,
        -0.701808379344375,
        -0.179844242097131
      ],
      [
        -0.814639958676394,
        0.543559844184861,
        -0.202248445030989,
        -0.00798580306884757
      ],
      [
        0.515083536193592,
        0.517811148564548,
        -0.683052388301636,
        0.796368218075934
      ],
      [
        0.0,
        0.0,
        0.0,
        1.0
      ]
    ],
    "3": [
      [
        -0.714013869488751,
        -0.0454933257972144,
        0.698651953039287,
        -0.0120364521698876
      ],
      [
        -0.373551177374113,
        -0.819230768281741,
        -0.43510971740806,
        -0.032353890051705
      ],
      [
        0.592151764381493,
        -0.571656632611235,
        0.567948045450875,
        0.958518949253237
      ],
      [
        0.0,
        0.0,
        0.0,
        1.0
      ]
    ]
  }
}