{
  "arms": {
    "0": [
      [
        -1.0,
        -3.45442998424108e-17,
        -5.74295882125602e-17,
        -8.88179640618709e-18
      ],
      [
        1.61823394641668e-17,
        0.70710676908493,
        -0.70710676908493,
        -0.0320000015199184
      ],
      [
        6.50353617437526e-17,
        -0.70710676908493,
        -0.70710676908493,
        0.178746715188026
      ],
      [
        0.0,
        0.0,
        0.0,
        1.0
      ]
    ],
    "1": [
      [
        -1.0,
        -1.59211409730132e-16,
        3.79072549005599e-16,
        8.88177241794933e-18
      ],
      [
        -1.55465300641781e-16,
        -0.70710676908493,
        -0.70710676908493,
        -0.0320000015199184
      ],
      [
        3.8062423395563e-16,
        -0.70710676908493,
        0.70710676908493,
        0.258746713399887
      ],
      [
        0.0,
        0.0,
        0.0,
        1.0
      ]
    ],
    "2": [
      [
        -1.0,
        1.54847787153453e-16,
        3.79035041327903e-16,
        8.88179640618709e-18
      ],
      [
        1.5852433366101e-16,
        -0.70710676908493,
        0.70710676908493,
        0.0320000015199184
      ],
      [
        3.77512181967858e-16,
        0.70710676908493,
        0.70710676908493,
        0.258746713399887
      ],
      [
        0.0,
        0.0,
        0.0,
        1.0
      ]
    ],
    "3": [
      [
        -1.0,
        2.79474179902702e-16,
        1.87500298465176e-16,
        -8.88177241794933e-18
      ],
      [
        3.30200839061614e-16,
        0.70710676908493,
        0.70710676908493,
        0.0320000015199184
      ],
      [
        6.50353617437526e-17,
        0.70710676908493,
        -0.70710676908493,
        0.178746715188026
      ],
      [
        0.0,
        0.0,
        0.0,
        1.0
      ]
    ]
  },
  "arms_in_parent_frame": {
    "0": [
      [
        2.22044591690142e-16,
        1.26880514983441e-08,
        0.999999940395355,
        0.0
      ],
      [
        -3.80013151820596e-24,
        0.999999940395355,
        1.26880514983441e-08,
        0.0
      ],
      [
        -1.0,
        0.0,
        2.22044604925031e-16,
        0.0
      ],
      [
        0.0,
        0.0,
        0.0,
        1.0
      ]
    ],
    "1": [
      [
        2.22044591690142e-16,
        -1.26880514983441e-08,
        0.999999940395355,
        0.0
      ],
      [
        -6.17481662422652e-24,
        0.999999940395355,
        -1.26880514983441e-08,
        0.0
      ],
      [
        -1.0,
        -1.2618421824689e-23,
        2.22044631394811e-16,
        3.30872245021211e-24
      ],
      [
        0.0,
        0.0,
        0.0,
        1.0
      ]
    ],
    "2": [
      [
        2.22044604925031e-16,
        1.26880514983441e-08,
        0.999999940395355,
        0.0
      ],
      [
        -8.19407334965161e-24,
        0.999999940395355,
        1.26880514983441e-08,
        0.0
      ],
      [
        -1.0,
        -8.8409479694028e-24,
        2.22044578455252e-16,
        0.0
      ],
      [
        0.0,
        0.0,
        0.0,
        1.0
      ]
    ],
    "3": [
      [
        2.22044604925031e-16,
        -1.26880514983441e-08,
        0.999999940395355,
        0.0
      ],
      [
        1.37262996577032e-23,
        0.999999940395355,
        -1.26880514983441e-08,
        0.0
      ],
      [
        -1.0,
        0.0,
        2.22044604925031e-16,
        0.0
      ],
      [
        0.0,
        0.0,
        0.0,
        1.0
      ]
    ]
  },
  "arms_link_world": {
    "0": [
      [
        -1.0,
        -3.45442998424108e-17,
        -5.74295882125602e-17,
        -8.88179640618709e-18
      ],
      [
        1.61823394641668e-17,
        0.70710676908493,
        -0.70710676908493,
        -0.0320000015199184
      ],
      [
        6.50353617437526e-17,
        -0.70710676908493,
        -0.70710676908493,
        0.178746715188026
      ],
      [
        0.0,
        0.0,
        0.0,
        1.0
      ]
    ],
    "1": [
      [
        -1.0,
        -1.59211409730132e-16,
        3.79072549005599e-16,
        8.88177241794933e-18
      ],
      [
        -1.55465300641781e-16,
        -0.70710676908493,
        -0.70710676908493,
        -0.0320000015199184
      ],
      [
        3.8062423395563e-16,
        -0.70710676908493,
        0.70710676908493,
        0.258746713399887
      ],
      [
        0.0,
        0.0,
        0.0,
        1.0
      ]
    ],
    "2": [
      [
        -1.0,
        1.54847787153453e-16,
        3.79035041327903e-16,
        8.88179640618709e-18
      ],
      [
        1.5852433366101e-16,
        -0.70710676908493,
        0.70710676908493,
        0.0320000015199184
      ],
      [
        3.77512181967858e-16,
        0.70710676908493,
        0.70710676908493,
        0.258746713399887
      ],
      [
        0.0,
        0.0,
        0.0,
        1.0
      ]
    ],
    "3": [
      [
        -1.0,
        2.79474179902702e-16,
        1.87500298465176e-16,
        -8.88177241794933e-18
      ],
      [
        3.30200839061614e-16,
        0.70710676908493,
        0.70710676908493,
        0.0320000015199184
      ],
      [
        6.50353617437526e-17,
        0.70710676908493,
        -0.70710676908493,
        0.178746715188026
      ],
      [
        0.0,
        0.0,
        0.0,
        1.0
      ]
    ]
  },
  "arms_relative_to_base": {
    "0": [
      [
        1.57009243181279e-16,
        0.70710676908493,
        0.70710676908493,
        0.0399999916553497
      ],
      [
        1.61819639241687e-17,
        0.70710676908493,
        -0.70710676908493,
        -0.0320000015199184
      ],
      [
        -1.0,
        1.22464685258517e-16,
        9.95799196665145e-17,
        -3.30872245021211e-24
      ],
      [
        0.0,
        0.0,
        0.0,
        1.0
      ]
    ],
    "1": [
      [
        -1.58579629030598e-16,
        0.70710676908493,
        -0.70710676908493,
        -0.0400000065565109
      ],
      [
        -1.55465671218696e-16,
        -0.70710676908493,
        -0.70710676908493,
        -0.0320000015199184
      ],
      [
        -1.0,
        -2.20190185105696e-18,
        2.22063557287226e-16,
        -3.30872245021211e-24
      ],
      [
        0.0,
        0.0,
        0.0,
        1.0
      ]
    ],
    "2": [
      [
        -1.55467577042827e-16,
        -0.70710676908493,
        -0.70710676908493,
        -0.0400000065565109
      ],
      [
        1.58523963084096e-16,
        -0.70710676908493,
        0.70710676908493,
        0.0320000015199184
      ],
      [
        -1.0,
        -2.16119133002955e-18,
        2.22025533448828e-16,
        0.0
      ],
      [
        0.0,
        0.0,
        0.0,
        1.0
      ]
    ],
    "3": [
      [
        1.57009243181279e-16,
        -0.70710676908493,
        0.70710676908493,
        0.0399999916553497
      ],
      [
        3.302004684847e-16,
        0.70710676908493,
        0.70710676908493,
        0.0320000015199184
      ],
      [
        -1.0,
        1.22464672023627e-16,
        3.44509263713768e-16,
        -3.30872245021211e-24
      ],
      [
        0.0,
        0.0,
        0.0,
        1.0
      ]
    ]
  },
  "arms_view_frame": {
    "0": [
      [
        -0.999999940395355,
        -3.45442965336884e-17,
        -5.74295815951153e-17,
        -8.88179557900648e-18
      ],
      [
        6.50353617437526e-17,
        -0.707106828689575,
        -0.707106709480286,
        0.178746715188026
      ],
      [
        -1.61823427728892e-17,
        -0.707106709480286,
        0.707106828689575,
        0.0319999940693378
      ],
      [
        0.0,
        0.0,
        0.0,
        1.0
      ]
    ],
    "1": [
      [
        -0.999999940395355,
        -1.59211396495242e-16,
        3.79072522535819e-16,
        8.88177159076872e-18
      ],
      [
        3.8062423395563e-16,
        -0.707106709480286,
        0.707106828689575,
        0.258746713399887
      ],
      [
        1.55465287406891e-16,
        0.707106828689575,
        0.707106709480286,
        0.0319999903440475
      ],
      [
        0.0,
        0.0,
        0.0,
        1.0
      ]
    ],
    "2": [
      [
        -0.999999940395355,
        1.54847773918563e-16,
        3.79035014858123e-16,
        8.88179557900648e-18
      ],
      [
        3.77512181967858e-16,
        0.707106828689575,
        0.707106709480286,
        0.258746713399887
      ],
      [
        -1.585243468959e-16,
        0.707106709480286,
        -0.707106828689575,
        -0.0320000126957893
      ],
      [
        0.0,
        0.0,
        0.0,
        1.0
      ]
    ],
    "3": [
      [
        -0.999999940395355,
        2.79474153432922e-16,
        1.87500285230286e-16,
        -8.88177159076872e-18
      ],
      [
        6.50353485088628e-17,
        0.707106709480286,
        -0.707106828689575,
        0.178746715188026
      ],
      [
        -3.30200839061614e-16,
        -0.707106828689575,
        -0.707106709480286,
        -0.032000008970499
      ],
      [
        0.0,
        0.0,
        0.0,
        1.0
      ]
    ]
  },
  "arms_visual_world": {
    "0": [
      [
        -1.0,
        -3.45442998424108e-17,
        -5.74295882125602e-17,
        -8.88179640618709e-18
      ],
      [
        1.61823394641668e-17,
        0.70710676908493,
        -0.70710676908493,
        -0.0320000015199184
      ],
      [
        6.50353617437526e-17,
        -0.70710676908493,
        -0.70710676908493,
        0.178746715188026
      ],
      [
        0.0,
        0.0,
        0.0,
        1.0
      ]
    ],
    "1": [
      [
        -1.0,
        -1.59211409730132e-16,
        3.79072549005599e-16,
        8.88177241794933e-18
      ],
      [
        -1.55465300641781e-16,
        -0.70710676908493,
        -0.70710676908493,
        -0.0320000015199184
      ],
      [
        3.8062423395563e-16,
        -0.70710676908493,
        0.70710676908493,
        0.258746713399887
      ],
      [
        0.0,
        0.0,
        0.0,
        1.0
      ]
    ],
    "2": [
      [
        -1.0,
        1.54847787153453e-16,
        3.79035041327903e-16,
        8.88179640618709e-18
      ],
      [
        1.5852433366101e-16,
        -0.70710676908493,
        0.70710676908493,
        0.0320000015199184
      ],
      [
        3.77512181967858e-16,
        0.70710676908493,
        0.70710676908493,
        0.258746713399887
      ],
      [
        0.0,
        0.0,
        0.0,
        1.0
      ]
    ],
    "3": [
      [
        -1.0,
        2.79474179902702e-16,
        1.87500298465176e-16,
        -8.88177241794933e-18
      ],
      [
        3.30200839061614e-16,
        0.70710676908493,
        0.70710676908493,
        0.0320000015199184
      ],
      [
        6.50353617437526e-17,
        0.70710676908493,
        -0.70710676908493,
        0.178746715188026
      ],
      [
        0.0,
        0.0,
        0.0,
        1.0
      ]
    ]
  },
  "base": [
    [
      -2.22044604925031e-16,
      3.747194565399e-22,
      1.0,
      1.27337649693747e-35
    ],
    [
      1.13984402735253e-18,
      1.0,
      -3.747194565399e-22,
      2.00761351711726e-22
    ],
    [
      -1.0,
      1.13984402735253e-18,
      -2.22044604925031e-16,
      0.218746706843376
    ],
    [
      0.0,
      0.0,
      0.0,
      1.0
    ]
  ],
  "base_link_world": [
    [
      -2.22044604925031e-16,
      3.747194565399e-22,
      1.0,
      1.27337649693747e-35
    ],
    [
      1.13984402735253e-18,
      1.0,
      -3.747194565399e-22,
      2.00761351711726e-22
    ],
    [
      -1.0,
      1.13984402735253e-18,
      -2.22044604925031e-16,
      0.218746706843376
    ],
    [
      0.0,
      0.0,
      0.0,
      1.0
    ]
  ],
  "base_view_frame": [
    [
      -2.22044591690142e-16,
      3.74719431296351e-22,
      0.999999940395355,
      1.27337635344451e-35
    ],
    [
      -1.0,
      -4.37113882867379e-08,
      -2.22044604925031e-16,
      0.218746706843376
    ],
    [
      4.37113882867379e-08,
      -1.0,
      3.84425323438701e-22,
      -9.56172208077533e-09
    ],
    [
      0.0,
      0.0,
      0.0,
      1.0
    ]
  ],
  "base_visual_world": [
    [
      -1.01494394730564e-21,
      2.22044591690142e-16,
      1.0,
      1.27337649693747e-35
    ],
    [
      0.999999940395355,
      6.25848770141602e-06,
      -3.747194565399e-22,
      2.00761351711726e-22
    ],
    [
      -6.25848770141602e-06,
      0.999999940395355,
      -2.22044604925031e-16,
      0.218746706843376
    ],
    [
      0.0,
      0.0,
      0.0,
      1.0
    ]
  ],
  "view_adjust": [
    [
      0.999999940395355,
      0.0,
      0.0,
      0.0
    ],
    [
      0.0,
      -4.37113882867379e-08,
      1.0,
      0.0
    ],
    [
      0.0,
      -1.0,
      -4.37113882867379e-08,
      0.0
    ],
    [
      0.0,
      0.0,
      0.0,
      1.0
    ]
  ]
}