{
  "T_WB": [
    [
      0.982471302893323,
      -0.00226226013954624,
      0.186400164082966,
      -0.0584068205608262
    ],
    [
      0.00201731559324712,
      0.999996834589501,
      0.00150374491727897,
      4.07083954979776e-05
    ],
    [
      -0.186402975912116,
      -0.00110135827050989,
      0.982472756661001,
      0.33968911390291
    ],
    [
      0.0,
      0.0,
      0.0,
      1.0
    ]
  ],
  "T_WH": {
    "0": [
      [
        0.0325231006228951,
        0.89852021257861,
        -0.43772557100718,
        -0.0190355761206277
      ],
      [
        -0.803811757917319,
        -0.236767296002645,
        -0.545736113316195,
        -0.0318784976876362
      ],
      [
        -0.593994028387275,
        0.369597991243574,
        0.714540705004951,
        0.332268238331082
      ],
      [
        0.0,
        0.0,
        0.0,
        1.0
      ]
    ],
    "1": [
      [
        -0.662034227718236,
        -0.7057662112378,
        0.252199794616409,
        -0.0977780650010246
      ],
      [
        0.738703582331599,
        -0.671309149604481,
        0.0605065542546525,
        0.0319599144786321
      ],
      [
        0.126600548103006,
        0.226358301664305,
        0.965781662948552,
        0.347109989474738
      ],
      [
        0.0,
        0.0,
        0.0,
        1.0
      ]
    ],
    "2": [
      [
        0.0291106209703007,
        -0.897143133110987,
        -0.440779730090353,
        -0.0191803607695587
      ],
      [
        0.802182329739719,
        -0.242122474743035,
        0.545784038863051,
        0.0321212997260919
      ],
      [
        -0.59636908169361,
        -0.369473823072906,
        0.712624033038327,
        0.332197751401769
      ],
      [
        0.0,
        0.0,
        0.0,
        1.0
      ]
    ],
    "3": [
      [
        -0.658922295017205,
        0.708500782277674,
        0.252681718058871,
        -0.0976332803520936
      ],
      [
        -0.741212080861205,
        -0.668792926682509,
        -0.0576252757463789,
        -0.0320398829350959
      ],
      [
        0.128164192794481,
        -0.225261320983803,
        0.965831909264739,
        0.347180476404051
      ],
      [
        0.0,
        0.0,
        0.0,
        1.0
      ]
    ]
  },
  "T_WP": {
    "0": [
      [
        0.43772557100718,
        0.89852021257861,
        0.0325231006228951,
        -0.0167589590770251
      ],
      [
        0.545736113316195,
        -0.236767296002645,
        -0.803811757917319,
        -0.0881453207418485
      ],
      [
        -0.714540705004951,
        0.369597991243574,
        -0.593994028387275,
        0.290688656343972
      ],
      [
        0.0,
        0.0,
        0.0,
        1.0
      ]
    ],
    "1": [
      [
        -0.252199794616409,
        -0.7057662112378,
        -0.662034227718236,
        -0.144120460941301
      ],
      [
        -0.0605065542546524,
        -0.671309149604481,
        0.738703582331599,
        0.083669165241844
      ],
      [
        -0.965781662948552,
        0.226358301664305,
        0.126600548103006,
        0.355972027841949
      ],
      [
        0.0,
        0.0,
        0.0,
        1.0
      ]
    ],
    "2": [
      [
        0.440779730090353,
        -0.897143133110987,
        0.0291106209703007,
        -0.0171426173016377
      ],
      [
        -0.545784038863051,
        -0.242122474743035,
        0.802182329739719,
        0.0882740628078722
      ],
      [
        -0.712624033038327,
        -0.369473823072906,
        -0.59636908169361,
        0.290451915683216
      ],
      [
        0.0,
        0.0,
        0.0,
        1.0
      ]
    ],
    "3": [
      [
        -0.252681718058871,
        0.708500782277674,
        -0.658922295017205,
        -0.143757841003298
      ],
      [
        0.0576252757463788,
        -0.668792926682509,
        -0.741212080861205,
        -0.0839247285953803
      ],
      [
        -0.965831909264739,
        -0.225261320983803,
        0.128164192794481,
        0.356151969899665
      ],
      [
        0.0,
        0.0,
        0.0,
        1.0
      ]
    ]
  },
  "simTime": 0.558499999999955,
  "state": [
    -0.0584068205608262,
    4.07083954979776e-05,
    0.33968911390291,
    0.99560796679012,
    -0.000654148840378363,
    0.0936119317116893,
    0.00107461367213415,
    -0.297789276984815,
    -9.17024065169262e-05,
    -0.578728892006471,
    -0.0116425769597297,
    -3.69144261067068,
    0.000805594941395762,
    0.820568043421954,
    0.400652342501017,
    0.172266350268719,
    -0.369418585250133,
    0.998704557267487,
    0.0449210203956793,
    -0.00211679024714446,
    -0.0238081586607203,
    0.820339915604874,
    -0.401062820294706,
    0.17248800565747,
    0.369376400094747,
    0.998698404630879,
    -0.0451370605042243,
    -0.00206072561987741,
    0.0236621166993622,
    -3.5487868755608,
    -2.04202284694143,
    -4.38375811004297,
    -0.197319615831368,
    0.209211468236915,
    -0.604955525592128,
    3.54978697785085,
    -2.04371565380131,
    4.3878863314855,
    0.19488178989471,
    0.208718233198057,
    0.606848823695413
  ]
}