{
  "T_WB": [
    [
      0.986102735884784,
      -0.00230969302769487,
      -0.166120617620634,
      -0.0950271689391388
    ],
    [
      0.00268218943135865,
      0.999994366716667,
      0.00201801753861734,
      1.67485047078506e-05
    ],
    [
      0.166115020815089,
      -0.00243553958080688,
      0.986103375922906,
      0.207877035718426
    ],
    [
      0.0,
      0.0,
      0.0,
      1.0
    ]
  ],
  "T_WH": {
    "0": [
      [
        -0.166727711173617,
        0.962898701497756,
        -0.21219792878523,
        -0.0555091493268612
      ],
      [
        -0.849271548575959,
        -0.249579695123803,
        -0.465239521710379,
        -0.0318757836529712
      ],
      [
        -0.500938825712481,
        0.102645342981763,
        0.859374322666181,
        0.214599573817615
      ],
      [
        0.0,
        0.0,
        0.0,
        1.0
      ]
    ],
    "1": [
      [
        -0.617245661085607,
        -0.774225616469965,
        -0.139937445570134,
        -0.134545188551416
      ],
      [
        0.776825611975304,
        -0.627916471165865,
        0.0475696732992956,
        0.0319092806623869
      ],
      [
        -0.124698686641786,
        -0.0793448173500301,
        0.989017005672554,
        0.201154497619236
      ],
      [
        0.0,
        0.0,
        0.0,
        1.0
      ]
    ],
    "2": [
      [
        -0.170585225603084,
        -0.961679384655857,
        -0.214647250003064,
        -0.0556569696806337
      ],
      [
        0.845657606115046,
        -0.254693885871457,
        0.469035433330433,
        0.0321238558168955
      ],
      [
        -0.505731049101906,
        -0.101507564386257,
        0.856698500259371,
        0.214443699284444
      ],
      [
        0.0,
        0.0,
        0.0,
        1.0
      ]
    ],
    "3": [
      [
        -0.613636049669361,
        0.777197973179155,
        -0.139334522041006,
        -0.134397368197644
      ],
      [
        -0.780259151370611,
        -0.623916488198647,
        -0.0438619705015804,
        -0.0320903588074798
      ],
      [
        -0.121022540250133,
        0.081801749615041,
        0.989273480141524,
        0.201310372152408
      ],
      [
        0.0,
        0.0,
        0.0,
        1.0
      ]
    ]
  },
  "T_WP": {
    "0": [
      [
        0.21219792878523,
        0.962898701497756,
        -0.166727711173617,
        -0.0671800891090144
      ],
      [
        0.465239521710379,
        -0.249579695123803,
        -0.849271548575959,
        -0.0913247920532883
      ],
      [
        -0.859374322666181,
        0.102645342981763,
        -0.500938825712481,
        0.179533856017741
      ],
      [
        0.0,
        0.0,
        0.0,
        1.0
      ]
    ],
    "1": [
      [
        0.139937445570134,
        -0.774225616469965,
        -0.617245661085607,
        -0.177752384827409
      ],
      [
        -0.0475696732992955,
        -0.627916471165865,
        0.776825611975304,
        0.0862870735006582
      ],
      [
        -0.989017005672554,
        -0.0793448173500301,
        -0.124698686641786,
        0.192425589554311
      ],
      [
        0.0,
        0.0,
        0.0,
        1.0
      ]
    ],
    "2": [
      [
        0.214647250003064,
        -0.961679384655857,
        -0.170585225603084,
        -0.0675979354728496
      ],
      [
        -0.469035433330433,
        -0.254693885871457,
        0.845657606115046,
        0.0913198882449488
      ],
      [
        -0.856698500259371,
        -0.101507564386257,
        -0.505731049101906,
        0.17904252584731
      ],
      [
        0.0,
        0.0,
        0.0,
        1.0
      ]
    ],
    "3": [
      [
        0.139334522041006,
        0.777197973179155,
        -0.613636049669361,
        -0.177351891674499
      ],
      [
        0.0438619705015803,
        -0.623916488198647,
        -0.780259151370611,
        -0.0867084994034226
      ],
      [
        -0.989273480141524,
        0.081801749615041,
        -0.121022540250133,
        0.192838794334899
      ],
      [
        0.0,
        0.0,
        0.0,
        1.0
      ]
    ]
  },
  "simTime": 0.672499999999942,
  "state": [
    -0.0950271689391388,
    1.67485047078506e-05,
    0.207877035718426,
    0.99651900113901,
    -0.00111727852512944,
    -0.0833490475485119,
    0.00125232997397638,
    -0.33834307768422,
    -0.000312580142909046,
    -1.73529729983232,
    -0.0118498533996932,
    -2.55286074009447,
    0.000285796821059328,
    0.838031757826581,
    0.0950931314837952,
    0.223797992007834,
    -0.488440915558841,
    0.998206394871911,
    0.0250331629717951,
    0.00809882840282565,
    -0.0537749287954186,
    0.837911795835312,
    -0.0953377580572924,
    0.224080660758117,
    0.488469437900529,
    0.998198499064451,
    -0.0253347730511286,
    0.00814117432434991,
    0.0537738507133906,
    -5.0884550871963,
    -2.54875570520074,
    -1.32024933277426,
    -0.497868260344131,
    0.0826991820521209,
    -0.42536356102958,
    5.0901910565686,
    -2.55126315034233,
    1.32104399026906,
    0.497317373597124,
    0.0824063088436259,
    0.428461517728663
  ]
}