{
  "T_WB": [
    [
      0.992543905722401,
      -0.00233405780709688,
      -0.121865283766443,
      -0.0893036353603653
    ],
    [
      0.00258910061511498,
      0.999994777088031,
      0.00193451664846477,
      2.18403882007853e-05
    ],
    [
      0.121860132001107,
      -0.00223561419111308,
      0.99254476486346,
      0.235906946948274
    ],
    [
      0.0,
      0.0,
      0.0,
      1.0
    ]
  ],
  "T_WH": {
    "0": [
      [
        -0.153976602263452,
        0.952314577817979,
        -0.263416307070704,
        -0.0495271892816422
      ],
      [
        -0.835824787214996,
        -0.267717916467192,
        -0.479295360168939,
        -0.0318744284540116
      ],
      [
        -0.52696122346185,
        0.146369607766881,
        0.837190424509119,
        0.240852891882433
      ],
      [
        0.0,
        0.0,
        0.0,
        1.0
      ]
    ],
    "1": [
      [
        -0.628158836829726,
        -0.773058699782323,
        -0.0882990509778596,
        -0.129080081439088
      ],
      [
        0.772182404499141,
        -0.633318199369149,
        0.0514042073155854,
        0.0319181092304132
      ],
      [
        -0.0956598656420301,
        -0.0358929664235637,
        0.994766749075715,
        0.230961002014114
      ],
      [
        0.0,
        0.0,
        0.0,
        1.0
      ]
    ],
    "2": [
      [
        -0.157804522179709,
        -0.95096905329789,
        -0.265999233926243,
        -0.0496765689812964
      ],
      [
        0.832311951536496,
        -0.273046342144231,
        0.482392485815404,
        0.0321252372796224
      ],
      [
        -0.531370443390619,
        -0.145270625769182,
        0.834590856156169,
        0.240709812574202
      ],
      [
        0.0,
        0.0,
        0.0,
        1.0
      ]
    ],
    "3": [
      [
        -0.624577895647328,
        0.776024124714135,
        -0.0876870009204069,
        -0.128930701739434
      ],
      [
        -0.775486677954044,
        -0.629549720995244,
        -0.0478284550305752,
        -0.0320815565032208
      ],
      [
        -0.0923193619158833,
        0.0381275052484601,
        0.994999210431331,
        0.231104081322345
      ],
      [
        0.0,
        0.0,
        0.0,
        1.0
      ]
    ]
  },
  "T_WP": {
    "0": [
      [
        0.263416307070704,
        0.952314577817979,
        -0.153976602263452,
        -0.0603055514400839
      ],
      [
        0.479295360168939,
        -0.267717916467192,
        -0.835824787214996,
        -0.0903821635590613
      ],
      [
        -0.837190424509119,
        0.146369607766881,
        -0.52696122346185,
        0.203965606240104
      ],
      [
        0.0,
        0.0,
        0.0,
        1.0
      ]
    ],
    "1": [
      [
        0.0882990509778596,
        -0.773058699782323,
        -0.628158836829726,
        -0.173051200017169
      ],
      [
        -0.0514042073155853,
        -0.633318199369149,
        0.772182404499141,
        0.0859708775453531
      ],
      [
        -0.994766749075715,
        -0.0358929664235637,
        -0.0956598656420301,
        0.224264811419172
      ],
      [
        0.0,
        0.0,
        0.0,
        1.0
      ]
    ],
    "2": [
      [
        0.265999233926243,
        -0.95096905329789,
        -0.157804522179709,
        -0.0607228855338761
      ],
      [
        -0.482392485815404,
        -0.273046342144231,
        0.832311951536496,
        0.0903870738871771
      ],
      [
        -0.834590856156169,
        -0.145270625769182,
        -0.531370443390619,
        0.203513881536859
      ],
      [
        0.0,
        0.0,
        0.0,
        1.0
      ]
    ],
    "3": [
      [
        0.0876870009204069,
        0.776024124714135,
        -0.624577895647328,
        -0.172651154434747
      ],
      [
        0.0478284550305751,
        -0.629549720995244,
        -0.775486677954044,
        -0.0863656239600039
      ],
      [
        -0.994999210431331,
        0.0381275052484601,
        -0.0923193619158833,
        0.224641725988233
      ],
      [
        0.0,
        0.0,
        0.0,
        1.0
      ]
    ]
  },
  "simTime": 0.655499999999944,
  "state": [
    -0.0893036353603653,
    2.18403882007853e-05,
    0.235906946948274,
    0.998133689401612,
    -0.00104448203779142,
    -0.0610452834012808,
    0.00123309093623604,
    -0.33484478504328,
    -0.000286061824252461,
    -1.56235141984472,
    -0.011839662696808,
    -2.70997257739874,
    0.000275883302211905,
    0.834629989514085,
    0.144411097724487,
    0.219280412385115,
    -0.484204828767683,
    0.998299052059527,
    0.029079390057124,
    0.00700777760384855,
    -0.0500428095135695,
    0.83449093752879,
    -0.144679749183871,
    0.21956489570567,
    0.484235378645728,
    0.998291413871457,
    -0.0293753773611382,
    0.00705126746126344,
    0.0500161956031086,
    -5.00033333859496,
    -2.51024827122234,
    -1.82271425206929,
    -0.458175668285576,
    0.100549500238383,
    -0.465823701346366,
    5.00219957999417,
    -2.51275667052802,
    1.82395999727909,
    0.457291792551326,
    0.1002273511606,
    0.468815082593035
  ]
}