{
  "T_WB": [
    [
      0.998268171294151,
      -0.0028689351399923,
      0.0587573603235717,
      -0.00716724791469553
    ],
    [
      0.00255890573666208,
      0.999982409255703,
      0.00535099809291385,
      1.19428171907102e-06
    ],
    [
      -0.0587716784043334,
      -0.00519137653440849,
      0.998257952348598,
      0.424326169023408
    ],
    [
      0.0,
      0.0,
      0.0,
      1.0
    ]
  ],
  "T_WH": {
    "0": [
      [
        0.488214792041188,
        0.870404695185392,
        -0.063576594996937,
        0.0400225327762458
      ],
      [
        -0.865821592994643,
        0.473923145755519,
        -0.160467507681184,
        -0.031897080866716
      ],
      [
        -0.109541252213028,
        0.13338859964936,
        0.98499146978397,
        -0.00218474308707227
      ],
      [
        0.0,
        0.0,
        0.0,
        1.0
      ]
    ],
    "1": [
      [
        -0.741766505880401,
        -0.66447882102368,
        -0.0908314216830353,
        -0.0400225327762458
      ],
      [
        0.669932325585147,
        -0.740436141412155,
        -0.0542678507659574,
        0.031897080866716
      ],
      [
        -0.0311950298935146,
        -0.101104979608624,
        0.994386571313331,
        0.00218474308707227
      ],
      [
        0.0,
        0.0,
        0.0,
        1.0
      ]
    ],
    "2": [
      [
        0.483160747859769,
        -0.873246407093305,
        -0.0632171197241927,
        0.0398389209272863
      ],
      [
        0.867555638462084,
        0.467785592171256,
        0.168890064626765,
        0.032101793325649
      ],
      [
        -0.117910584343536,
        -0.136445418595209,
        0.983605480792042,
        -0.00251699118527441
      ],
      [
        0.0,
        0.0,
        0.0,
        1.0
      ]
    ],
    "3": [
      [
        -0.7396475205663,
        0.667199923717839,
        -0.0881238169340985,
        -0.0398389209272863
      ],
      [
        -0.672570578972027,
        -0.73746395064475,
        0.0616095593286471,
        -0.032101793325649
      ],
      [
        -0.023882244897752,
        0.104838844377208,
        0.994202421586417,
        0.00251699118527441
      ],
      [
        0.0,
        0.0,
        0.0,
        1.0
      ]
    ]
  },
  "T_WP": {
    "0": [
      [
        0.063576594996937,
        0.870404695185392,
        0.488214792041188,
        0.0741975682191289
      ],
      [
        0.160467507681184,
        0.473923145755519,
        -0.865821592994643,
        -0.0925045923763411
      ],
      [
        -0.98499146978397,
        0.13338859964936,
        -0.109541252213028,
        -0.0098526307419842
      ],
      [
        0.0,
        0.0,
        0.0,
        1.0
      ]
    ],
    "1": [
      [
        0.0908314216830352,
        -0.66447882102368,
        -0.741766505880401,
        -0.0919461881878739
      ],
      [
        0.0542678507659574,
        -0.740436141412155,
        0.669932325585147,
        0.0787923436576763
      ],
      [
        -0.994386571313331,
        -0.101104979608624,
        -0.0311950298935145,
        1.09099452624307e-06
      ],
      [
        0.0,
        0.0,
        0.0,
        1.0
      ]
    ],
    "2": [
      [
        0.0632171197241927,
        -0.873246407093305,
        0.483160747859769,
        0.0736601732774701
      ],
      [
        -0.168890064626765,
        0.467785592171256,
        0.867555638462084,
        0.0928306880179949
      ],
      [
        -0.983605480792042,
        -0.136445418595209,
        -0.117910584343536,
        -0.010770732089322
      ],
      [
        0.0,
        0.0,
        0.0,
        1.0
      ]
    ],
    "3": [
      [
        0.0881238169340985,
        0.667199923717839,
        -0.7396475205663,
        -0.0916142473669273
      ],
      [
        -0.0616095593286471,
        -0.73746395064475,
        -0.672570578972027,
        -0.0791817338536909
      ],
      [
        -0.994202421586417,
        0.104838844377208,
        -0.0238822448977519,
        0.000845234042431768
      ],
      [
        0.0,
        0.0,
        0.0,
        1.0
      ]
    ]
  }
}