{
  "T_WB": [
    [
      -0.339022150434628,
      0.0617783401123196,
      0.938747792651278,
      -0.180453568642923
    ],
    [
      0.0349912974057334,
      0.997979170759397,
      -0.0530394554671315,
      -0.000455677955352589
    ],
    [
      -0.940127433181558,
      0.014866452951288,
      -0.34049874883192,
      0.190539929416025
    ],
    [
      0.0,
      0.0,
      0.0,
      1.0
    ]
  ],
  "T_WH": {
    "0": [
      [
        -0.58453141499859,
        -0.652200684377744,
        0.48265649501167,
        -0.195991361543902
      ],
      [
        -0.734467194631283,
        0.678113833234426,
        0.0268247867944388,
        -0.030991359523424
      ],
      [
        -0.344791190273476,
        -0.3388154312798,
        -0.87539884546216,
        0.152459105594321
      ],
      [
        0.0,
        0.0,
        0.0,
        1.0
      ]
    ],
    "1": [
      [
        0.190355663586423,
        0.025268014550729,
        0.981389957550635,
        -0.164915775741944
      ],
      [
        0.821743689152999,
        -0.551047837625732,
        -0.145201893876163,
        0.0300800036127188
      ],
      [
        0.53712385040863,
        0.834091007078166,
        -0.125658908293597,
        0.228620753237728
      ],
      [
        0.0,
        0.0,
        0.0,
        1.0
      ]
    ],
    "2": [
      [
        -0.487578870275485,
        0.731869230923184,
        0.476061208342782,
        -0.192037547776714
      ],
      [
        0.810934600501799,
        0.581663343500267,
        -0.0636618295140664,
        0.0328793074051775
      ],
      [
        -0.323499488361062,
        0.355014342887718,
        -0.877104838302773,
        0.153410558583204
      ],
      [
        0.0,
        0.0,
        0.0,
        1.0
      ]
    ],
    "3": [
      [
        0.0784209240179455,
        -0.0852692385339257,
        0.993266991113677,
        -0.168869589509132
      ],
      [
        -0.861055074625396,
        -0.507927018164565,
        0.0243783239847879,
        -0.0337906633158826
      ],
      [
        0.502428419914743,
        -0.857169353849225,
        -0.113253616647225,
        0.227669300248846
      ],
      [
        0.0,
        0.0,
        0.0,
        1.0
      ]
    ]
  },
  "T_WP": {
    "0": [
      [
        -0.48265649501167,
        -0.652200684377744,
        -0.58453141499859,
        -0.236908560593803
      ],
      [
        -0.0268247867944388,
        0.678113833234426,
        -0.734467194631283,
        -0.0824040631476138
      ],
      [
        0.87539884546216,
        -0.3388154312798,
        -0.344791190273476,
        0.128323722275178
      ],
      [
        0.0,
        0.0,
        0.0,
        1.0
      ]
    ],
    "1": [
      [
        -0.981389957550635,
        0.025268014550729,
        0.190355663586423,
        -0.151590879290894
      ],
      [
        0.145201893876163,
        -0.551047837625732,
        0.821743689152999,
        0.0876020618534287
      ],
      [
        0.125658908293597,
        0.834091007078166,
        0.53712385040863,
        0.266219422766333
      ],
      [
        0.0,
        0.0,
        0.0,
        1.0
      ]
    ],
    "2": [
      [
        -0.476061208342782,
        0.731869230923184,
        -0.487578870275485,
        -0.226168068695998
      ],
      [
        0.0636618295140664,
        0.581663343500267,
        0.810934600501799,
        0.0896447294403034
      ],
      [
        0.877104838302773,
        0.355014342887718,
        -0.323499488361062,
        0.130765594397929
      ],
      [
        0.0,
        0.0,
        0.0,
        1.0
      ]
    ],
    "3": [
      [
        -0.993266991113677,
        -0.0852692385339257,
        0.0784209240179455,
        -0.163380124827876
      ],
      [
        -0.024378323984788,
        -0.507927018164565,
        -0.861055074625396,
        -0.0940645185396604
      ],
      [
        0.113253616647225,
        -0.857169353849225,
        0.502428419914743,
        0.262839289642878
      ],
      [
        0.0,
        0.0,
        0.0,
        1.0
      ]
    ]
  },
  "simTime": 0.907499999999916,
  "state": [
    -0.180453568642923,
    -0.000455677955352589,
    0.190539929416025,
    0.574120691033874,
    0.0295695267035816,
    0.818153419296458,
    -0.0116643778585772,
    -0.461682613179154,
    -0.0014084026531924,
    0.294860344426866,
    0.477288608322174,
    13.0601772446528,
    -0.225152434829793,
    0.934505036794494,
    -0.275697391159874,
    0.221630027512179,
    -0.0396410849789987,
    0.987565193979237,
    -0.113232287697175,
    0.0359938274388517,
    -0.102946010364261,
    0.934307257257656,
    0.27721901068031,
    0.22064467241267,
    0.0391854269979459,
    0.986354886698194,
    0.116687555926786,
    0.0391862949423016,
    0.10932742596037,
    -0.939769690409858,
    -2.19705005019867,
    2.95594107572043,
    -1.23805924493942,
    -0.783317740673962,
    0.806729897686378,
    0.984895541349035,
    -2.16731448042345,
    -2.94092643216998,
    1.26911233401441,
    -0.807695487622438,
    -0.870589506547721
  ]
}