{
  "T_WB": [
    [
      -2.22044604925031e-16,
      9.69555300816504e-20,
      1.0,
      -6.93460537262181e-36
    ],
    [
      -1.7844621155522e-18,
      1.0,
      -9.69555300816504e-20,
      4.4778282307113e-21
    ],
    [
      -1.0,
      -1.7844621155522e-18,
      -2.22044604925031e-16,
      0.276496553575003
    ],
    [
      0.0,
      0.0,
      0.0,
      1.0
    ]
  ],
  "T_WH": {
    "0": [
      [
        -1.57177158447498e-16,
        -1.52566011200812e-16,
        1.0,
        -8.88488677396387e-18
      ],
      [
        -0.707106779455507,
        0.707106782917588,
        -3.26057295100399e-18,
        -0.032
      ],
      [
        -0.707106782917588,
        -0.707106779455507,
        -2.19021495692517e-16,
        0.236496553575003
      ],
      [
        0.0,
        0.0,
        0.0,
        1.0
      ]
    ],
    "1": [
      [
        1.57177158447498e-16,
        1.52566998922571e-16,
        1.0,
        8.88488677396387e-18
      ],
      [
        0.707106779455507,
        -0.707106782917588,
        -3.25987452624857e-18,
        0.032
      ],
      [
        0.707106782917588,
        0.707106779455507,
        -2.19022194117269e-16,
        0.316496553575003
      ],
      [
        0.0,
        0.0,
        0.0,
        1.0
      ]
    ],
    "2": [
      [
        -1.57050868757187e-16,
        1.53629871549495e-16,
        1.0,
        -8.87868162003864e-18
      ],
      [
        0.707106779455507,
        0.707106782917588,
        2.41900978617878e-18,
        0.032
      ],
      [
        -0.707106782917588,
        0.707106779455507,
        -2.19684458260833e-16,
        0.236496553575003
      ],
      [
        0.0,
        0.0,
        0.0,
        1.0
      ]
    ],
    "3": [
      [
        1.57050868757187e-16,
        -1.52690811226341e-16,
        1.0,
        8.87868162003864e-18
      ],
      [
        -0.707106779455507,
        -0.707106782917588,
        3.08302571024907e-18,
        -0.032
      ],
      [
        0.707106782917588,
        -0.707106779455507,
        -2.19020442340014e-16,
        0.316496553575003
      ],
      [
        0.0,
        0.0,
        0.0,
        1.0
      ]
    ]
  },
  "T_WP": {
    "0": [
      [
        -1.0,
        -1.52566011200812e-16,
        -9.59448184901307e-17,
        -1.98872878652888e-17
      ],
      [
        -4.0037229754775e-17,
        0.707106782917588,
        -0.707106779455507,
        -0.0814974745618855
      ],
      [
        1.75723692774747e-16,
        -0.707106779455507,
        -0.707106782917588,
        0.186999078770772
      ],
      [
        0.0,
        0.0,
        0.0,
        1.0
      ]
    ],
    "1": [
      [
        -1.0,
        1.52566998922571e-16,
        2.18409498404866e-16,
        1.98872878652888e-17
      ],
      [
        4.65576772320276e-17,
        -0.707106782917588,
        0.707106779455507,
        0.0814974745618855
      ],
      [
        2.6231999703504e-16,
        0.707106779455507,
        0.707106782917588,
        0.365994028379234
      ],
      [
        0.0,
        0.0,
        0.0,
        1.0
      ]
    ],
    "2": [
      [
        -1.0,
        1.53629871549495e-16,
        -9.58185287998193e-17,
        -1.98722424330417e-17
      ],
      [
        4.08787929196002e-17,
        0.707106782917588,
        0.707106779455507,
        0.0814974745618855
      ],
      [
        1.76386655343063e-16,
        0.707106779455507,
        -0.707106782917588,
        0.186999078770772
      ],
      [
        0.0,
        0.0,
        0.0,
        1.0
      ]
    ],
    "3": [
      [
        -1.0,
        -1.52690811226341e-16,
        2.18283208714555e-16,
        1.98722424330417e-17
      ],
      [
        -4.63808284160281e-17,
        -0.707106782917588,
        -0.707106779455507,
        -0.0814974745618855
      ],
      [
        2.62318245257784e-16,
        -0.707106779455507,
        0.707106782917588,
        0.365994028379234
      ],
      [
        0.0,
        0.0,
        0.0,
        1.0
      ]
    ]
  },
  "simTime": 0.213499999999993,
  "state": [
    -6.93460537262181e-36,
    4.4778282307113e-21,
    0.276496553575003,
    0.707106781186548,
    -5.96623674941592e-19,
    0.707106781186548,
    -6.65181587735863e-19,
    -7.8424819592925e-35,
    -1.6944306723148e-20,
    -2.09370909999997,
    5.95893184822664e-19,
    -1.03802662396261e-17,
    -1.88187886253923e-17,
    1.0,
    2.18733818511784e-18,
    4.96771410631237e-20,
    -1.01176487424783e-18,
    1.0,
    -2.18684432423834e-18,
    -4.96771410631231e-20,
    1.00835170599776e-18,
    1.0,
    -1.72396592373848e-18,
    5.5090208533914e-20,
    6.60965276924672e-19,
    1.0,
    2.193496085315e-18,
    -5.50902085339133e-20,
    -1.0048618681663e-18,
    1.59005735020939e-17,
    3.33757202919109e-19,
    -2.075130681989e-17,
    -1.60171566512034e-17,
    -3.33757202919106e-19,
    2.07389581823061e-17,
    -1.93686140624984e-17,
    2.18585294676225e-19,
    1.58818533354602e-17,
    1.60056185933639e-17,
    -2.18585294676223e-19,
    -2.08522837514997e-17
  ]
}