{
  "T_WB": [
    [
      0.992171051659825,
      -0.00315674927410217,
      0.124846462433889,
      -0.00870513711869205
    ],
    [
      0.00234901334043289,
      0.999975351632324,
      0.00661651450062163,
      -5.63940765285301e-06
    ],
    [
      -0.124864271849726,
      -0.00627144814464119,
      0.992154011509104,
      0.439416176398442
    ],
    [
      0.0,
      0.0,
      0.0,
      1.0
    ]
  ],
  "T_WH": {
    "0": [
      [
        0.444267998764444,
        0.894364502117152,
        0.0523266913398277,
        0.0310827209244722
      ],
      [
        -0.886517746677769,
        0.447295961572502,
        -0.118374860448923,
        -0.0319108901262699
      ],
      [
        -0.129275790847344,
        0.00620162185797622,
        0.991589284828716,
        0.434622291865082
      ],
      [
        0.0,
        0.0,
        0.0,
        1.0
      ]
    ],
    "1": [
      [
        -0.762714134431517,
        -0.646689155665794,
        -0.00776434689108803,
        -0.0484929951618563
      ],
      [
        0.646105501361634,
        -0.761386044458484,
        -0.0532820083526841,
        0.0318996113109642
      ],
      [
        0.028545231626566,
        -0.0456555281223023,
        0.998549319013968,
        0.444210060931803
      ],
      [
        0.0,
        0.0,
        0.0,
        1.0
      ]
    ],
    "2": [
      [
        0.439081751948938,
        -0.896886984675663,
        0.0529240193565145,
        0.0308806889709297
      ],
      [
        0.887511090869243,
        0.442146919392774,
        0.12973112677984,
        0.0320875323781988
      ],
      [
        -0.139754351236513,
        -0.00999191627651662,
        0.990135790141728,
        0.434220919183825
      ],
      [
        0.0,
        0.0,
        0.0,
        1.0
      ]
    ],
    "3": [
      [
        -0.759656151983019,
        0.650307438352848,
        -0.00477141250673803,
        -0.0482909632083138
      ],
      [
        -0.649257941685589,
        -0.757969238879384,
        0.0628232287517964,
        -0.0320988111935045
      ],
      [
        0.0372378290525239,
        0.0508219296717962,
        0.998013264216408,
        0.44461143361306
      ],
      [
        0.0,
        0.0,
        0.0,
        1.0
      ]
    ]
  },
  "T_WP": {
    "0": [
      [
        -0.0523266913398277,
        0.894364502117152,
        0.444267998764444,
        0.0621814808379834
      ],
      [
        0.118374860448923,
        0.447295961572502,
        -0.886517746677769,
        -0.0939671323937138
      ],
      [
        -0.991589284828716,
        0.00620162185797622,
        -0.129275790847344,
        0.425572986505768
      ],
      [
        0.0,
        0.0,
        0.0,
        1.0
      ]
    ],
    "1": [
      [
        0.00776434689108799,
        -0.646689155665794,
        -0.762714134431517,
        -0.101882984572063
      ],
      [
        0.0532820083526841,
        -0.761386044458484,
        0.646105501361634,
        0.0771269964062785
      ],
      [
        -0.998549319013968,
        -0.0456555281223023,
        0.0285452316265661,
        0.446208227145662
      ],
      [
        0.0,
        0.0,
        0.0,
        1.0
      ]
    ],
    "2": [
      [
        -0.0529240193565145,
        -0.896886984675663,
        0.439081751948938,
        0.0616164116073553
      ],
      [
        -0.12973112677984,
        0.442146919392774,
        0.887511090869243,
        0.0942133087390458
      ],
      [
        -0.990135790141728,
        -0.00999191627651662,
        -0.139754351236513,
        0.424438114597269
      ],
      [
        0.0,
        0.0,
        0.0,
        1.0
      ]
    ],
    "3": [
      [
        0.00477141250673798,
        0.650307438352848,
        -0.759656151983019,
        -0.101466893847125
      ],
      [
        -0.0628232287517964,
        -0.757969238879384,
        -0.649257941685589,
        -0.0775468671114958
      ],
      [
        -0.998013264216408,
        0.0508219296717962,
        0.037237829052524,
        0.447218081646737
      ],
      [
        0.0,
        0.0,
        0.0,
        1.0
      ]
    ]
  }
}