{
  "T_WB": [
    [
      0.425084112084449,
      -0.137085705632008,
      0.894712806974814,
      -0.041775687125564
    ],
    [
      -0.156304833854185,
      0.962498423397893,
      0.221733136608822,
      0.00293631088640058
    ],
    [
      -0.89155610960118,
      -0.234103170136471,
      0.387715629250181,
      0.589461520589443
    ],
    [
      0.0,
      0.0,
      0.0,
      1.0
    ]
  ],
  "T_WH": {
    "0": [
      [
        0.13463211057929,
        -0.357806211946733,
        0.924039452346758,
        0.0213901070636022
      ],
      [
        -0.585372259106606,
        0.723696108583457,
        0.365517798047633,
        -0.0370521429029
      ],
      [
        -0.799508294559471,
        -0.5901174943293,
        -0.112017096093027,
        -0.0281709429396801
      ],
      [
        0.0,
        0.0,
        0.0,
        1.0
      ]
    ],
    "1": [
      [
        -0.466227856992394,
        -0.023481477758662,
        0.884352986972142,
        -0.0213901070636022
      ],
      [
        0.75417375603704,
        -0.533098000710193,
        0.38344291275727,
        0.0370521429029
      ],
      [
        0.462443003049309,
        0.845727581341099,
        0.266254252716593,
        0.0281709429396801
      ],
      [
        0.0,
        0.0,
        0.0,
        1.0
      ]
    ],
    "2": [
      [
        -0.0226033874902447,
        0.133768872570399,
        0.990754750483292,
        0.0126166219031537
      ],
      [
        0.0725838566612388,
        0.988612214648606,
        -0.13182364279506,
        0.0245477561945652
      ],
      [
        -0.997106148123733,
        0.0689331399170484,
        -0.0320554456376767,
        -0.0431535458284143
      ],
      [
        0.0,
        0.0,
        0.0,
        1.0
      ]
    ],
    "3": [
      [
        -0.308088570839609,
        0.164078520288093,
        0.937101740313226,
        -0.0126166219031537
      ],
      [
        -0.535961290729628,
        -0.843762344569969,
        -0.0284710506518453,
        -0.0245477561945652
      ],
      [
        0.786019673645284,
        -0.511021863588886,
        0.347893270381453,
        0.0431535458284143
      ],
      [
        0.0,
        0.0,
        0.0,
        1.0
      ]
    ]
  },
  "T_WP": {
    "0": [
      [
        -0.924039452346758,
        -0.357806211946733,
        0.13463211057929,
        0.0308143548041525
      ],
      [
        -0.365517798047633,
        0.723696108583457,
        -0.585372259106606,
        -0.0780282010403624
      ],
      [
        0.112017096093027,
        -0.5901174943293,
        -0.799508294559471,
        -0.0841365235588432
      ],
      [
        0.0,
        0.0,
        0.0,
        1.0
      ]
    ],
    "1": [
      [
        -0.884352986972142,
        -0.023481477758662,
        -0.466227856992394,
        -0.0540260570530698
      ],
      [
        -0.38344291275727,
        -0.533098000710193,
        0.75417375603704,
        0.0898443058254927
      ],
      [
        -0.266254252716593,
        0.845727581341099,
        0.462443003049309,
        0.0605419531531318
      ],
      [
        0.0,
        0.0,
        0.0,
        1.0
      ]
    ],
    "2": [
      [
        -0.990754750483292,
        0.133768872570399,
        -0.0226033874902446,
        0.0110343847788366
      ],
      [
        0.13182364279506,
        0.988612214648606,
        0.0725838566612388,
        0.0296286261608519
      ],
      [
        0.0320554456376766,
        0.0689331399170484,
        -0.997106148123733,
        -0.112950976197076
      ],
      [
        0.0,
        0.0,
        0.0,
        1.0
      ]
    ],
    "3": [
      [
        -0.937101740313226,
        0.164078520288093,
        -0.308088570839609,
        -0.0341828218619263
      ],
      [
        0.0284710506518453,
        -0.843762344569969,
        -0.535961290729628,
        -0.0620650465456391
      ],
      [
        -0.347893270381453,
        -0.511021863588886,
        0.786019673645284,
        0.0981749229835842
      ],
      [
        0.0,
        0.0,
        0.0,
        1.0
      ]
    ]
  }
}