{
  "T_WB": [
    [
      -2.22044604925031e-16,
      2.0607370117612e-23,
      1.0,
      -1.50231403917822e-37
    ],
    [
      -5.1053155731648e-21,
      1.0,
      -2.06073701176122e-23,
      7.61731357770773e-23
    ],
    [
      -1.0,
      -5.1053155731648e-21,
      -2.22044604925031e-16,
      0.499459411175
    ],
    [
      0.0,
      0.0,
      0.0,
      1.0
    ]
  ],
  "T_WH": {
    "0": [
      [
        -1.57009405752172e-16,
        -1.56951100373868e-16,
        1.0,
        -8.8817848564371e-18
      ],
      [
        -0.707106779455507,
        0.707106782917588,
        -4.12275848998963e-20,
        -0.032
      ],
      [
        -0.707106782917588,
        -0.707106779455507,
        -2.22003602906584e-16,
        0.459459411175
      ],
      [
        0.0,
        0.0,
        0.0,
        1.0
      ]
    ],
    "1": [
      [
        1.57009405752172e-16,
        1.56943632829499e-16,
        1.0,
        8.8817848564371e-18
      ],
      [
        0.707106779455507,
        -0.707106782917588,
        -4.65079361750984e-20,
        0.032
      ],
      [
        0.707106782917588,
        0.707106779455507,
        -2.21998322555335e-16,
        0.539459411175
      ],
      [
        0.0,
        0.0,
        0.0,
        1.0
      ]
    ],
    "2": [
      [
        -1.57009403784595e-16,
        1.56959349458761e-16,
        1.0,
        -8.88178353756541e-18
      ],
      [
        0.707106779455507,
        0.707106782917588,
        3.53932097321674e-20,
        0.032
      ],
      [
        -0.707106782917588,
        0.707106779455507,
        -2.2200943449915e-16,
        0.459459411175
      ],
      [
        0.0,
        0.0,
        0.0,
        1.0
      ]
    ],
    "3": [
      [
        1.57009403784595e-16,
        -1.56950980739053e-16,
        1.0,
        8.88178353756541e-18
      ],
      [
        -0.707106779455507,
        -0.707106782917588,
        4.13107882024344e-20,
        -0.032
      ],
      [
        0.707106782917588,
        -0.707106779455507,
        -2.22003516920708e-16,
        0.539459411175
      ],
      [
        0.0,
        0.0,
        0.0,
        1.0
      ]
    ]
  },
  "T_WP": {
    "0": [
      [
        -1.0,
        -1.56951100373868e-16,
        -9.57770657948039e-17,
        -1.98724432590891e-17
      ],
      [
        -4.32565751208791e-17,
        0.707106782917588,
        -0.707106779455507,
        -0.0814974745618855
      ],
      [
        1.78705799988814e-16,
        -0.707106779455507,
        -0.707106782917588,
        0.409961936370769
      ],
      [
        0.0,
        0.0,
        0.0,
        1.0
      ]
    ],
    "1": [
      [
        -1.0,
        1.56943632829499e-16,
        2.18241745709539e-16,
        1.98724432590891e-17
      ],
      [
        4.33443106419541e-17,
        -0.707106782917588,
        0.707106779455507,
        0.0814974745618855
      ],
      [
        2.65296125473105e-16,
        0.707106779455507,
        0.707106782917588,
        0.588956885979231
      ],
      [
        0.0,
        0.0,
        0.0,
        1.0
      ]
    ],
    "2": [
      [
        -1.0,
        1.56959349458761e-16,
        -9.57770638272272e-17,
        -1.9872441802487e-17
      ],
      [
        4.32624094960469e-17,
        0.707106782917588,
        0.707106779455507,
        0.0814974745618855
      ],
      [
        1.78711631581379e-16,
        0.707106779455507,
        -0.707106782917588,
        0.409961936370769
      ],
      [
        0.0,
        0.0,
        0.0,
        1.0
      ]
    ],
    "3": [
      [
        -1.0,
        -1.56950980739053e-16,
        2.18241743741963e-16,
        1.9872441802487e-17
      ],
      [
        -4.33391134939815e-17,
        -0.707106782917588,
        -0.707106779455507,
        -0.0814974745618855
      ],
      [
        2.65301319838479e-16,
        -0.707106779455507,
        0.707106782917588,
        0.588956885979231
      ],
      [
        0.0,
        0.0,
        0.0,
        1.0
      ]
    ]
  },
  "simTime": 0.0105,
  "state": [
    -1.50231403917822e-37,
    7.61731357770773e-23,
    0.499459411175,
    0.707106781186548,
    -1.79771582536477e-21,
    0.707106781186548,
    -1.81228743651735e-21,
    -1.27662680206435e-35,
    7.31924909741372e-21,
    -0.1029693,
    6.3160046631346e-21,
    -8.03572929905063e-20,
    -9.13278550615007e-19,
    1.0,
    2.90652692651278e-20,
    7.24639074042768e-23,
    -1.4647159763756e-22,
    1.0,
    -3.27990414497297e-20,
    -7.24639074042748e-23,
    1.54957683906477e-22,
    1.0,
    -2.49552984296671e-20,
    8.60517301773825e-23,
    1.20213946015618e-22,
    1.0,
    2.91396582839528e-20,
    -8.60517301773772e-23,
    -1.33371464853422e-22,
    9.36233980515108e-18,
    4.80141523280798e-20,
    -1.00173109231088e-19,
    -1.03746232437019e-17,
    -4.80141523280779e-20,
    1.06545304281859e-19,
    -8.80893557868851e-18,
    5.59955885879859e-20,
    8.40837121326861e-20,
    9.43495943036313e-18,
    -5.59955885879836e-20,
    -9.25395010618314e-20
  ]
}