{
  "T_WB": [
    [
      0.963551654104734,
      -0.00221091658317624,
      -0.26751321784146,
      -0.110032126871528
    ],
    [
      0.00291894147443231,
      0.999993210765177,
      0.00224904518002679,
      1.67045634257958e-06
    ],
    [
      0.267506429180121,
      -0.00294792662988737,
      0.963551565862401,
      0.121672740256381
    ],
    [
      0.0,
      0.0,
      0.0,
      1.0
    ]
  ],
  "T_WH": {
    "0": [
      [
        -0.162999862764127,
        0.984448980652724,
        -0.0655076272710958,
        -0.0714193113766766
      ],
      [
        -0.892900742667696,
        -0.175434910128248,
        -0.414669574543119,
        -0.0318813546291658
      ],
      [
        -0.419713364669692,
        -0.0090992747022272,
        0.907611092218214,
        0.132467331075742
      ],
      [
        0.0,
        0.0,
        0.0,
        1.0
      ]
    ],
    "1": [
      [
        -0.588151078790081,
        -0.765253936236059,
        -0.261657641954678,
        -0.148644942366379
      ],
      [
        0.786570980478022,
        -0.616506436219046,
        0.0350129514656259,
        0.0318846955418509
      ],
      [
        -0.18810741927927,
        -0.185219402805725,
        0.964525464483123,
        0.11087814943702
      ],
      [
        0.0,
        0.0,
        0.0,
        1.0
      ]
    ],
    "2": [
      [
        -0.166871228489405,
        -0.983662629146994,
        -0.0675412845751411,
        -0.0715608100379999
      ],
      [
        0.889405565565745,
        -0.179740211938129,
        0.420298936654751,
        0.0321182108598055
      ],
      [
        -0.425572241861608,
        0.0100642054857788,
        0.904868486977431,
        0.13227866377143
      ],
      [
        0.0,
        0.0,
        0.0,
        1.0
      ]
    ],
    "3": [
      [
        -0.584533125217998,
        0.76820398242508,
        -0.261120023952833,
        -0.148503443705055
      ],
      [
        -0.790336316382871,
        -0.611891397066556,
        -0.0309422882523713,
        -0.0321148699471204
      ],
      [
        -0.183547085319368,
        0.188285845411134,
        0.96481029632181,
        0.111066816741333
      ],
      [
        0.0,
        0.0,
        0.0,
        1.0
      ]
    ]
  },
  "T_WP": {
    "0": [
      [
        0.0655076272710957,
        0.984448980652724,
        -0.162999862764127,
        -0.0828293017701655
      ],
      [
        0.414669574543119,
        -0.175434910128248,
        -0.892900742667696,
        -0.0943844066159045
      ],
      [
        -0.907611092218214,
        -0.0090992747022272,
        -0.419713364669692,
        0.103087395548864
      ],
      [
        0.0,
        0.0,
        0.0,
        1.0
      ]
    ],
    "1": [
      [
        0.261657641954678,
        -0.765253936236059,
        -0.588151078790081,
        -0.189815517881684
      ],
      [
        -0.0350129514656258,
        -0.616506436219046,
        0.786570980478022,
        0.0869446641753125
      ],
      [
        -0.964525464483123,
        -0.185219402805725,
        -0.18810741927927,
        0.097710630087471
      ],
      [
        0.0,
        0.0,
        0.0,
        1.0
      ]
    ],
    "2": [
      [
        0.0675412845751411,
        -0.983662629146994,
        -0.166871228489405,
        -0.0832417960322582
      ],
      [
        -0.420298936654751,
        -0.179740211938129,
        0.889405565565745,
        0.0943766004494077
      ],
      [
        -0.904868486977431,
        0.0100642054857788,
        -0.425572241861608,
        0.102488606841117
      ],
      [
        0.0,
        0.0,
        0.0,
        1.0
      ]
    ],
    "3": [
      [
        0.261120023952833,
        0.76820398242508,
        -0.584533125217998,
        -0.189420762470315
      ],
      [
        0.0309422882523713,
        -0.611891397066556,
        -0.790336316382871,
        -0.0874384120939213
      ],
      [
        -0.96481029632181,
        0.188285845411134,
        -0.183547085319368,
        0.0982185207689769
      ],
      [
        0.0,
        0.0,
        0.0,
        1.0
      ]
    ]
  },
  "simTime": 0.716499999999937,
  "state": [
    -0.110032126871528,
    1.67045634257958e-06,
    0.121672740256381,
    0.990845148185668,
    -0.00131124722652937,
    -0.134990731902269,
    0.00129431376512309,
    -0.342490420315324,
    -0.000370197302957957,
    -2.18309393361855,
    -0.0118639504575659,
    -2.17892330481915,
    0.000455657767736242,
    0.847371984701391,
    -0.0305955942389895,
    0.23130735458353,
    -0.47699217695048,
    0.997957938499701,
    0.0130912909118307,
    0.0102856965202667,
    -0.06166664848021,
    0.847302014654664,
    0.0304001899828827,
    0.231571535059761,
    0.47700078465472,
    0.997949298422416,
    -0.0133938504163605,
    0.0103264348831565,
    0.0617346522776012,
    -5.08136200202671,
    -2.60370047064051,
    -0.0269201233915226,
    -0.586324638303445,
    0.0397250789792401,
    -0.301736942083977,
    5.08247695612133,
    -2.60606483973666,
    0.0268107866991645,
    0.586693225779224,
    0.0394939525328879,
    0.304974110249886
  ]
}