{
  "T_WB": [
    [
      0.6959877019394,
      -0.00133796905076664,
      0.718052455317807,
      -0.0223666576152575
    ],
    [
      0.00102175949998373,
      0.999999096968029,
      0.000872966580041768,
      3.04222767466904e-05
    ],
    [
      -0.71805297489575,
      0.000126102913794446,
      0.695988440522842,
      0.322544452225577
    ],
    [
      0.0,
      0.0,
      0.0,
      1.0
    ]
  ],
  "T_WH": {
    "0": [
      [
        0.422344298926115,
        0.886564461774603,
        -0.188755790064615,
        0.00551566547194303
      ],
      [
        -0.726751630584818,
        0.206747945700662,
        -0.65504759704228,
        -0.0319286784462309
      ],
      [
        -0.541717048473571,
        0.413834196347843,
        0.731630984394604,
        0.293818297936506
      ],
      [
        0.0,
        0.0,
        0.0,
        1.0
      ]
    ],
    "1": [
      [
        -0.471315032585012,
        -0.408106393206901,
        0.781863998329021,
        -0.050248980702458
      ],
      [
        0.683228723608159,
        -0.729543553778135,
        0.0310598515375524,
        0.0319895229997243
      ],
      [
        0.557728115927604,
        0.548830916553016,
        0.622674853948208,
        0.351270606514649
      ],
      [
        0.0,
        0.0,
        0.0,
        1.0
      ]
    ],
    "2": [
      [
        0.420908182319538,
        -0.886709692309198,
        -0.191264799744727,
        0.00543003545269396
      ],
      [
        0.727840843464691,
        0.204295479399797,
        0.654607564638092,
        0.032071263759723
      ],
      [
        -0.541372338267361,
        -0.414740013335746,
        0.731373169248911,
        0.293826368522989
      ],
      [
        0.0,
        0.0,
        0.0,
        1.0
      ]
    ],
    "3": [
      [
        -0.469803838742278,
        0.4098551308661,
        0.781858762696788,
        -0.050163350683209
      ],
      [
        -0.68434425440944,
        -0.728570620581324,
        -0.0292880911384029,
        -0.0320104192062296
      ],
      [
        0.557635449518597,
        -0.548820209657476,
        0.622767278292394,
        0.351262535928166
      ],
      [
        0.0,
        0.0,
        0.0,
        1.0
      ]
    ]
  },
  "T_WP": {
    "0": [
      [
        0.188755790064615,
        0.886564461774603,
        0.422344298926115,
        0.0350797663967711
      ],
      [
        0.65504759704228,
        0.206747945700662,
        -0.726751630584818,
        -0.0828012925871681
      ],
      [
        -0.731630984394604,
        0.413834196347843,
        -0.541717048473571,
        0.255898104543356
      ],
      [
        0.0,
        0.0,
        0.0,
        1.0
      ]
    ],
    "1": [
      [
        -0.781863998329021,
        -0.408106393206901,
        -0.471315032585012,
        -0.0832410329834089
      ],
      [
        -0.0310598515375524,
        -0.729543553778135,
        0.683228723608159,
        0.0798155336522954
      ],
      [
        -0.622674853948208,
        0.548830916553016,
        0.557728115927604,
        0.390311574629581
      ],
      [
        0.0,
        0.0,
        0.0,
        1.0
      ]
    ],
    "2": [
      [
        0.191264799744727,
        -0.886709692309198,
        0.420908182319538,
        0.0348936082150616
      ],
      [
        -0.654607564638092,
        0.204295479399797,
        0.727840843464691,
        0.0830201228022514
      ],
      [
        -0.731373169248911,
        -0.414740013335746,
        -0.541372338267361,
        0.255930304844273
      ],
      [
        0.0,
        0.0,
        0.0,
        1.0
      ]
    ],
    "3": [
      [
        -0.781858762696788,
        0.4098551308661,
        -0.469803838742278,
        -0.0830496193951684
      ],
      [
        0.0292880911384029,
        -0.728570620581324,
        -0.68434425440944,
        -0.0799145170148904
      ],
      [
        -0.622767278292394,
        -0.548820209657476,
        0.557635449518597,
        0.390297017394468
      ],
      [
        0.0,
        0.0,
        0.0,
        1.0
      ]
    ]
  },
  "simTime": 0.41849999999997,
  "state": [
    -0.0223666576152575,
    3.04222767466904e-05,
    0.322544452225577,
    0.920865793619009,
    -0.000202761268640499,
    0.389879133356027,
    0.000640627702511518,
    -0.214651700776141,
    0.000227574327221253,
    0.817316457277493,
    -0.0104194323681563,
    -5.00515312458575,
    0.00341943655031454,
    0.827880790758441,
    0.55943862179609,
    0.0218922610834839,
    -0.0340962408591175,
    0.998565944964743,
    0.0446214528271138,
    -0.0244629659472082,
    0.01662957610201,
    0.827637879826673,
    -0.55981800382126,
    0.0217605403765554,
    0.0338499831035288,
    0.998564645833413,
    -0.0446295683851245,
    -0.0243673929947576,
    -0.0168249777410869,
    0.244725488114224,
    -0.255561310573303,
    -5.69361340818427,
    0.180307261037914,
    0.369817873692646,
    -0.53042088140028,
    -0.247479135080406,
    -0.252724415390522,
    5.69818920463548,
    -0.183684799084166,
    0.368933652349782,
    0.529996457187307
  ]
}