{
  "arms": {
    "0": [
      [
        -1.0,
        -3.45443759430272e-17,
        -5.74295154206663e-17,
        -8.88179309746464e-18
      ],
      [
        1.61822352394096e-17,
        0.70710676908493,
        -0.70710676908493,
        -0.0320000015199184
      ],
      [
        6.50353617437526e-17,
        -0.70710676908493,
        -0.70710676908493,
        0.234399169683456
      ],
      [
        0.0,
        0.0,
        0.0,
        1.0
      ]
    ],
    "1": [
      [
        -1.0,
        -1.58975669872999e-16,
        3.79070378483671e-16,
        8.88177572667178e-18
      ],
      [
        -1.55630458831606e-16,
        -0.70710676908493,
        -0.70710676908493,
        -0.0320000015199184
      ],
      [
        3.80456018506261e-16,
        -0.70710676908493,
        0.70710676908493,
        0.314399152994156
      ],
      [
        0.0,
        0.0,
        0.0,
        1.0
      ]
    ],
    "2": [
      [
        -1.0,
        1.55069524497177e-16,
        3.7903726478939e-16,
        8.88179309746464e-18
      ],
      [
        1.58369101638536e-16,
        -0.70710676908493,
        0.70710676908493,
        0.0320000015199184
      ],
      [
        3.77670524189436e-16,
        0.70710676908493,
        0.70710676908493,
        0.314399152994156
      ],
      [
        0.0,
        0.0,
        0.0,
        1.0
      ]
    ],
    "3": [
      [
        -1.0,
        2.79474126963143e-16,
        1.87500232290727e-16,
        -8.88177572667178e-18
      ],
      [
        3.30200733182496e-16,
        0.70710676908493,
        0.70710676908493,
        0.0320000015199184
      ],
      [
        6.50353617437526e-17,
        0.70710676908493,
        -0.70710676908493,
        0.234399169683456
      ],
      [
        0.0,
        0.0,
        0.0,
        1.0
      ]
    ]
  },
  "arms_in_parent_frame": {
    "0": [
      [
        2.22044604925031e-16,
        1.26880514983441e-08,
        0.999999940395355,
        1.49011611938477e-08
      ],
      [
        -4.91409067993851e-25,
        0.999999940395355,
        1.26880514983441e-08,
        0.0
      ],
      [
        -1.0,
        0.0,
        2.22044591690142e-16,
        0.0
      ],
      [
        0.0,
        0.0,
        0.0,
        1.0
      ]
    ],
    "1": [
      [
        2.22044604925031e-16,
        -1.26880514983441e-08,
        0.999999940395355,
        -1.49011611938477e-08
      ],
      [
        -1.50814333196844e-23,
        0.999999940395355,
        -1.26880514983441e-08,
        1.49011611938477e-08
      ],
      [
        -1.0,
        -3.71180512923108e-24,
        2.22044631394811e-16,
        0.0
      ],
      [
        0.0,
        0.0,
        0.0,
        1.0
      ]
    ],
    "2": [
      [
        2.22044591690142e-16,
        1.26880514983441e-08,
        0.999999940395355,
        -1.49011611938477e-08
      ],
      [
        -1.050507923682e-23,
        0.999999940395355,
        1.26880514983441e-08,
        -1.49011611938477e-08
      ],
      [
        -1.0,
        -2.65353244765899e-24,
        2.22044604925031e-16,
        6.61744490042422e-24
      ],
      [
        0.0,
        0.0,
        0.0,
        1.0
      ]
    ],
    "3": [
      [
        2.22044604925031e-16,
        -1.26880514983441e-08,
        0.999999940395355,
        1.49011611938477e-08
      ],
      [
        -9.43475828264248e-24,
        0.999999940395355,
        -1.26880514983441e-08,
        0.0
      ],
      [
        -1.0,
        1.32348898008484e-23,
        2.22044604925031e-16,
        -6.61744490042422e-24
      ],
      [
        0.0,
        0.0,
        0.0,
        1.0
      ]
    ]
  },
  "arms_link_world": {
    "0": [
      [
        -1.0,
        -3.45443759430272e-17,
        -5.74295154206663e-17,
        -8.88179309746464e-18
      ],
      [
        1.61822352394096e-17,
        0.70710676908493,
        -0.70710676908493,
        -0.0320000015199184
      ],
      [
        6.50353617437526e-17,
        -0.70710676908493,
        -0.70710676908493,
        0.234399169683456
      ],
      [
        0.0,
        0.0,
        0.0,
        1.0
      ]
    ],
    "1": [
      [
        -1.0,
        -1.58975669872999e-16,
        3.79070378483671e-16,
        8.88177572667178e-18
      ],
      [
        -1.55630458831606e-16,
        -0.70710676908493,
        -0.70710676908493,
        -0.0320000015199184
      ],
      [
        3.80456018506261e-16,
        -0.70710676908493,
        0.70710676908493,
        0.314399152994156
      ],
      [
        0.0,
        0.0,
        0.0,
        1.0
      ]
    ],
    "2": [
      [
        -1.0,
        1.55069524497177e-16,
        3.7903726478939e-16,
        8.88179309746464e-18
      ],
      [
        1.58369101638536e-16,
        -0.70710676908493,
        0.70710676908493,
        0.0320000015199184
      ],
      [
        3.77670524189436e-16,
        0.70710676908493,
        0.70710676908493,
        0.314399152994156
      ],
      [
        0.0,
        0.0,
        0.0,
        1.0
      ]
    ],
    "3": [
      [
        -1.0,
        2.79474126963143e-16,
        1.87500232290727e-16,
        -8.88177572667178e-18
      ],
      [
        3.30200733182496e-16,
        0.70710676908493,
        0.70710676908493,
        0.0320000015199184
      ],
      [
        6.50353617437526e-17,
        0.70710676908493,
        -0.70710676908493,
        0.234399169683456
      ],
      [
        0.0,
        0.0,
        0.0,
        1.0
      ]
    ]
  },
  "arms_relative_to_base": {
    "0": [
      [
        1.57009243181279e-16,
        0.70710676908493,
        0.70710676908493,
        0.0399999916553497
      ],
      [
        1.61819639241687e-17,
        0.70710676908493,
        -0.70710676908493,
        -0.0320000015199184
      ],
      [
        -1.0,
        1.22464672023627e-16,
        9.95799196665145e-17,
        0.0
      ],
      [
        0.0,
        0.0,
        0.0,
        1.0
      ]
    ],
    "1": [
      [
        -1.5841141358123e-16,
        0.70710676908493,
        -0.70710676908493,
        -0.0399999916553497
      ],
      [
        -1.55630723529402e-16,
        -0.70710676908493,
        -0.70710676908493,
        -0.0320000015199184
      ],
      [
        -1.0,
        -1.96624140326305e-18,
        2.2206133382574e-16,
        0.0
      ],
      [
        0.0,
        0.0,
        0.0,
        1.0
      ]
    ],
    "2": [
      [
        -1.55625919264404e-16,
        -0.70710676908493,
        -0.70710676908493,
        -0.0399999916553497
      ],
      [
        1.5836883694074e-16,
        -0.70710676908493,
        0.70710676908493,
        0.0320000015199184
      ],
      [
        -1.0,
        -1.93953339564494e-18,
        2.22027836319654e-16,
        0.0
      ],
      [
        0.0,
        0.0,
        0.0,
        1.0
      ]
    ],
    "3": [
      [
        1.57009243181279e-16,
        -0.70710676908493,
        0.70710676908493,
        0.0399999916553497
      ],
      [
        3.302004684847e-16,
        0.70710676908493,
        0.70710676908493,
        0.0320000015199184
      ],
      [
        -1.0,
        1.22464698493407e-16,
        3.44509290183548e-16,
        0.0
      ],
      [
        0.0,
        0.0,
        0.0,
        1.0
      ]
    ]
  },
  "arms_view_frame": {
    "0": [
      [
        -0.999999940395355,
        -3.45443726343047e-17,
        -5.74295088032214e-17,
        -8.88179227028403e-18
      ],
      [
        6.50353617437526e-17,
        -0.707106828689575,
        -0.707106709480286,
        0.234399169683456
      ],
      [
        -1.61822385481321e-17,
        -0.707106709480286,
        0.707106828689575,
        0.0319999903440475
      ],
      [
        0.0,
        0.0,
        0.0,
        1.0
      ]
    ],
    "1": [
      [
        -0.999999940395355,
        -1.58975656638109e-16,
        3.79070352013892e-16,
        8.88177489949117e-18
      ],
      [
        3.80456018506261e-16,
        -0.707106709480286,
        0.707106828689575,
        0.314399152994156
      ],
      [
        1.55630445596716e-16,
        0.707106828689575,
        0.707106709480286,
        0.0319999866187572
      ],
      [
        0.0,
        0.0,
        0.0,
        1.0
      ]
    ],
    "2": [
      [
        -0.999999940395355,
        1.55069511262287e-16,
        3.7903723831961e-16,
        8.88179227028403e-18
      ],
      [
        3.77670524189436e-16,
        0.707106828689575,
        0.707106709480286,
        0.314399152994156
      ],
      [
        -1.58369114873426e-16,
        0.707106709480286,
        -0.707106828689575,
        -0.0320000164210796
      ],
      [
        0.0,
        0.0,
        0.0,
        1.0
      ]
    ],
    "3": [
      [
        -0.999999940395355,
        2.79474100493363e-16,
        1.87500219055837e-16,
        -8.88177489949117e-18
      ],
      [
        6.50353485088628e-17,
        0.707106709480286,
        -0.707106828689575,
        0.234399169683456
      ],
      [
        -3.30200733182496e-16,
        -0.707106828689575,
        -0.707106709480286,
        -0.0320000126957893
      ],
      [
        0.0,
        0.0,
        0.0,
        1.0
      ]
    ]
  },
  "arms_visual_world": {
    "0": [
      [
        -1.0,
        -3.45443759430272e-17,
        -5.74295154206663e-17,
        -8.88179309746464e-18
      ],
      [
        1.61822352394096e-17,
        0.70710676908493,
        -0.70710676908493,
        -0.0320000015199184
      ],
      [
        6.50353617437526e-17,
        -0.70710676908493,
        -0.70710676908493,
        0.234399169683456
      ],
      [
        0.0,
        0.0,
        0.0,
        1.0
      ]
    ],
    "1": [
      [
        -1.0,
        -1.58975669872999e-16,
        3.79070378483671e-16,
        8.88177572667178e-18
      ],
      [
        -1.55630458831606e-16,
        -0.70710676908493,
        -0.70710676908493,
        -0.0320000015199184
      ],
      [
        3.80456018506261e-16,
        -0.70710676908493,
        0.70710676908493,
        0.314399152994156
      ],
      [
        0.0,
        0.0,
        0.0,
        1.0
      ]
    ],
    "2": [
      [
        -1.0,
        1.55069524497177e-16,
        3.7903726478939e-16,
        8.88179309746464e-18
      ],
      [
        1.58369101638536e-16,
        -0.70710676908493,
        0.70710676908493,
        0.0320000015199184
      ],
      [
        3.77670524189436e-16,
        0.70710676908493,
        0.70710676908493,
        0.314399152994156
      ],
      [
        0.0,
        0.0,
        0.0,
        1.0
      ]
    ],
    "3": [
      [
        -1.0,
        2.79474126963143e-16,
        1.87500232290727e-16,
        -8.88177572667178e-18
      ],
      [
        3.30200733182496e-16,
        0.70710676908493,
        0.70710676908493,
        0.0320000015199184
      ],
      [
        6.50353617437526e-17,
        0.70710676908493,
        -0.70710676908493,
        0.234399169683456
      ],
      [
        0.0,
        0.0,
        0.0,
        1.0
      ]
    ]
  },
  "base": [
    [
      -2.22044604925031e-16,
      2.7052741499768e-22,
      1.0,
      1.16141668672608e-35
    ],
    [
      9.70974174721643e-19,
      1.0,
      -2.7052741499768e-22,
      1.31702271879918e-22
    ],
    [
      -1.0,
      9.70974174721643e-19,
      -2.22044604925031e-16,
      0.274399161338806
    ],
    [
      0.0,
      0.0,
      0.0,
      1.0
    ]
  ],
  "base_link_world": [
    [
      -2.22044604925031e-16,
      2.7052741499768e-22,
      1.0,
      1.16141668672608e-35
    ],
    [
      9.70974174721643e-19,
      1.0,
      -2.7052741499768e-22,
      1.31702271879918e-22
    ],
    [
      -1.0,
      9.70974174721643e-19,
      -2.22044604925031e-16,
      0.274399161338806
    ],
    [
      0.0,
      0.0,
      0.0,
      1.0
    ]
  ],
  "base_view_frame": [
    [
      -2.22044591690142e-16,
      2.70527389754131e-22,
      0.999999940395355,
      1.1614166149796e-35
    ],
    [
      -1.0,
      -4.37113882867379e-08,
      -2.22044604925031e-16,
      0.274399161338806
    ],
    [
      4.37113882867379e-08,
      -1.0,
      2.8023328189648e-22,
      -1.19943681653467e-08
    ],
    [
      0.0,
      0.0,
      0.0,
      1.0
    ]
  ],
  "base_visual_world": [
    [
      -1.11913598884786e-21,
      2.22044591690142e-16,
      1.0,
      1.16141668672608e-35
    ],
    [
      0.999999940395355,
      6.25848770141602e-06,
      -2.7052741499768e-22,
      1.31702271879918e-22
    ],
    [
      -6.25848770141602e-06,
      0.999999940395355,
      -2.22044604925031e-16,
      0.274399161338806
    ],
    [
      0.0,
      0.0,
      0.0,
      1.0
    ]
  ],
  "view_adjust": [
    [
      0.999999940395355,
      0.0,
      0.0,
      0.0
    ],
    [
      0.0,
      -4.37113882867379e-08,
      1.0,
      0.0
    ],
    [
      0.0,
      -1.0,
      -4.37113882867379e-08,
      0.0
    ],
    [
      0.0,
      0.0,
      0.0,
      1.0
    ]
  ]
}