{
  "arms": {
    "0": [
      [
        0.750684678554535,
        -0.135409295558929,
        -0.646634876728058,
        -0.0369695089757442
      ],
      [
        0.566889584064484,
        0.634661495685577,
        0.525205612182617,
        0.146534457802773
      ],
      [
        0.33927658200264,
        -0.760834455490112,
        0.553192853927612,
        0.032182764261961
      ],
      [
        0.0,
        0.0,
        0.0,
        1.0
      ]
    ],
    "1": [
      [
        0.767209470272064,
        -0.530074596405029,
        0.361123859882355,
        0.0149647407233715
      ],
      [
        0.633702754974365,
        0.539500176906586,
        -0.554400861263275,
        0.0856837332248688
      ],
      [
        0.0990474447607994,
        0.654186904430389,
        0.749819397926331,
        0.0320359580218792
      ],
      [
        0.0,
        0.0,
        0.0,
        1.0
      ]
    ],
    "2": [
      [
        0.936129450798035,
        0.260260164737701,
        0.236487105488777,
        0.0147027699276805
      ],
      [
        0.348159730434418,
        -0.780529141426086,
        -0.519190847873688,
        0.0856145545840263
      ],
      [
        0.049460381269455,
        0.568365156650543,
        -0.821288526058197,
        -0.0319634713232517
      ],
      [
        0.0,
        0.0,
        0.0,
        1.0
      ]
    ],
    "3": [
      [
        0.689929306507111,
        0.462371498346329,
        -0.556964933872223,
        -0.0372314788401127
      ],
      [
        0.72360497713089,
        -0.46160289645195,
        0.513145864009857,
        0.146465286612511
      ],
      [
        -0.0198326427489519,
        -0.757057011127472,
        -0.653047680854797,
        -0.0318166613578796
      ],
      [
        0.0,
        0.0,
        0.0,
        1.0
      ]
    ]
  },
  "base": [
    [
      -0.649178087711334,
      -0.00409329682588577,
      -0.760625302791595,
      -0.0111333699896932
    ],
    [
      0.760634183883667,
      -0.00108091731090099,
      -0.649179875850677,
      0.11607450991869
    ],
    [
      0.00183511280920357,
      -0.999991059303284,
      0.00381520949304104,
      0.000109647822682746
    ],
    [
      0.0,
      0.0,
      0.0,
      1.0
    ]
  ]
}