{
  "T_WB": [
    [
      0.94999194528216,
      -0.00427772267229672,
      0.312245104025277,
      -0.0131651858593722
    ],
    [
      0.00132904831495054,
      0.999952499748817,
      0.00965566552184398,
      -3.74249928960463e-05
    ],
    [
      -0.312271576563723,
      -0.0087578156427341,
      0.949952505726247,
      0.392783193732033
    ],
    [
      0.0,
      0.0,
      0.0,
      1.0
    ]
  ],
  "T_WH": {
    "0": [
      [
        0.39402055301449,
        0.833619191400365,
        0.387074731196907,
        0.0381365649367999
      ],
      [
        -0.902650597555244,
        0.430302221141803,
        -0.00786747822317757,
        -0.0319453180593641
      ],
      [
        -0.173117597416661,
        -0.346293289293098,
        0.922014780388715,
        -0.0122106129619814
      ],
      [
        0.0,
        0.0,
        0.0,
        1.0
      ]
    ],
    "1": [
      [
        -0.776371171045363,
        -0.585801760944908,
        0.232559888294385,
        -0.0381365649367999
      ],
      [
        0.598217781545144,
        -0.801064810524045,
        -0.0207522332119145,
        0.0319453180593641
      ],
      [
        0.198452237611113,
        0.123010024851313,
        0.972360654887486,
        0.0122106129619814
      ],
      [
        0.0,
        0.0,
        0.0,
        1.0
      ]
    ],
    "2": [
      [
        0.387844253679231,
        -0.836156775212595,
        0.387838474308667,
        0.0378627906857729
      ],
      [
        0.902191754452737,
        0.430548879623426,
        0.0260326804710105,
        0.0320516419245601
      ],
      [
        -0.188750822741235,
        0.33980804805226,
        0.92135965691657,
        -0.0127711131631164
      ],
      [
        0.0,
        0.0,
        0.0,
        1.0
      ]
    ],
    "3": [
      [
        -0.770474885675447,
        0.592299824227341,
        0.235689135862617,
        -0.0378627906857729
      ],
      [
        -0.602037646298766,
        -0.797636430404355,
        0.036425229317612,
        -0.0320516419245601
      ],
      [
        0.209568897936807,
        -0.113829008218731,
        0.971145629607368,
        0.0127711131631164
      ],
      [
        0.0,
        0.0,
        0.0,
        1.0
      ]
    ]
  },
  "T_WP": {
    "0": [
      [
        -0.387074731196907,
        0.833619191400365,
        0.39402055301449,
        0.0657180036478142
      ],
      [
        0.00786747822317751,
        0.430302221141803,
        -0.902650597555244,
        -0.0951308598882312
      ],
      [
        -0.922014780388715,
        -0.346293289293098,
        -0.173117597416661,
        -0.0243288447811477
      ],
      [
        0.0,
        0.0,
        0.0,
        1.0
      ]
    ],
    "1": [
      [
        -0.232559888294385,
        -0.585801760944908,
        -0.776371171045363,
        -0.0924825469099753
      ],
      [
        0.0207522332119146,
        -0.801064810524045,
        0.598217781545144,
        0.0738205627675242
      ],
      [
        -0.972360654887486,
        0.123010024851313,
        0.198452237611113,
        0.0261022695947594
      ],
      [
        0.0,
        0.0,
        0.0,
        1.0
      ]
    ],
    "2": [
      [
        -0.387838474308667,
        -0.836156775212595,
        0.387844253679231,
        0.0650118884433191
      ],
      [
        -0.0260326804710104,
        0.430548879623426,
        0.902191754452737,
        0.0952050647362517
      ],
      [
        -0.92135965691657,
        0.33980804805226,
        -0.188750822741235,
        -0.0259836707550029
      ],
      [
        0.0,
        0.0,
        0.0,
        1.0
      ]
    ],
    "3": [
      [
        -0.235689135862618,
        0.592299824227341,
        -0.770474885675447,
        -0.0917960326830543
      ],
      [
        -0.036425229317612,
        -0.797636430404355,
        -0.602037646298766,
        -0.0741942771654738
      ],
      [
        -0.971145629607368,
        -0.113829008218731,
        0.209568897936807,
        0.0274409360186929
      ],
      [
        0.0,
        0.0,
        0.0,
        1.0
      ]
    ]
  }
}