{
  "T_WB": [
    [
      0.382157454874821,
      -0.000569604828968869,
      0.924097048601465,
      -0.00858309111381754
    ],
    [
      0.00045295916369475,
      0.999999805363133,
      0.000429070731849027,
      1.04789274877498e-05
    ],
    [
      -0.924097113138871,
      0.000254605647462605,
      0.382157638500619,
      0.238351267801557
    ],
    [
      0.0,
      0.0,
      0.0,
      1.0
    ]
  ],
  "T_WH": {
    "0": [
      [
        0.527554138536257,
        0.831579602489172,
        0.173672092280882,
        0.00672143443570232
      ],
      [
        -0.614598537594561,
        0.514740129356683,
        -0.5977551646088,
        -0.0319713964775847
      ],
      [
        -0.586476997417542,
        0.208609596983976,
        0.782640893096117,
        0.201379235895283
      ],
      [
        0.0,
        0.0,
        0.0,
        1.0
      ]
    ],
    "1": [
      [
        -0.212988906737643,
        -0.189150266105352,
        0.958570760267065,
        -0.0238876166633374
      ],
      [
        0.660259328285208,
        -0.751036211831705,
        -0.00149262515323079,
        0.0319923543325602
      ],
      [
        0.720203683008543,
        0.632587373688217,
        0.284850609322104,
        0.275323299707831
      ],
      [
        0.0,
        0.0,
        0.0,
        1.0
      ]
    ],
    "2": [
      [
        0.527564315251149,
        -0.831878066070431,
        0.172205622627449,
        0.00668497972664831
      ],
      [
        0.615415486268177,
        0.513987397444248,
        0.597562326899707,
        0.0320285910656558
      ],
      [
        -0.585610512657423,
        -0.209274552823342,
        0.783112053926959,
        0.201395530656721
      ],
      [
        0.0,
        0.0,
        0.0,
        1.0
      ]
    ],
    "3": [
      [
        -0.212533622943986,
        0.190104627146299,
        0.958483014902127,
        -0.0238511619542834
      ],
      [
        -0.660639687028315,
        -0.750699293573235,
        0.0024030297075807,
        -0.0320076332106803
      ],
      [
        0.719989349255552,
        -0.632701194377102,
        0.285139501985176,
        0.275307004946393
      ],
      [
        0.0,
        0.0,
        0.0,
        1.0
      ]
    ]
  },
  "T_WP": {
    "0": [
      [
        -0.173672092280882,
        0.831579602489172,
        0.527554138536257,
        0.0436502241332403
      ],
      [
        0.5977551646088,
        0.514740129356683,
        -0.614598537594561,
        -0.074993294109204
      ],
      [
        -0.782640893096117,
        0.208609596983976,
        -0.586476997417542,
        0.160325846076055
      ],
      [
        0.0,
        0.0,
        0.0,
        1.0
      ]
    ],
    "1": [
      [
        -0.958570760267065,
        -0.189150266105352,
        -0.212988906737643,
        -0.0387968401349724
      ],
      [
        0.00149262515323083,
        -0.751036211831705,
        0.660259328285208,
        0.0782105073125248
      ],
      [
        -0.284850609322104,
        0.632587373688217,
        0.720203683008543,
        0.325737557518429
      ],
      [
        0.0,
        0.0,
        0.0,
        1.0
      ]
    ],
    "2": [
      [
        -0.172205622627449,
        -0.831878066070431,
        0.527564315251149,
        0.0436144817942287
      ],
      [
        -0.597562326899707,
        0.513987397444248,
        0.615415486268177,
        0.0751076751044282
      ],
      [
        -0.783112053926959,
        -0.209274552823342,
        -0.585610512657423,
        0.160402794770701
      ],
      [
        0.0,
        0.0,
        0.0,
        1.0
      ]
    ],
    "3": [
      [
        -0.958483014902127,
        0.190104627146299,
        -0.212533622943986,
        -0.0387285155603624
      ],
      [
        -0.00240302970758074,
        -0.750699293573235,
        -0.660639687028315,
        -0.0782524113026623
      ],
      [
        -0.285139501985176,
        -0.632701194377102,
        0.719989349255552,
        0.325706259394282
      ],
      [
        0.0,
        0.0,
        0.0,
        1.0
      ]
    ]
  },
  "simTime": 0.346499999999978,
  "state": [
    -0.00858309111381754,
    1.04789274877498e-05,
    0.238351267801557,
    0.83131144866689,
    -5.24668235551784e-05,
    0.555806781172129,
    0.00030751531038801,
    -0.163432627254421,
    0.000302270892457636,
    1.51950023404186,
    -0.00964293654304586,
    -5.4450775810528,
    0.00545644408371671,
    0.847358030058381,
    0.512084158915719,
    -0.0900390032715701,
    0.107922013384776,
    0.998159618794328,
    0.0345990084294241,
    -0.0383158651912903,
    0.0318147528468401,
    0.847135121278061,
    -0.512341687678815,
    -0.090411926191237,
    -0.10813771296832,
    0.998162479888774,
    -0.0345038481052542,
    -0.0381993058481279,
    -0.0319681285180037,
    3.2146267333212,
    0.60100332082224,
    -3.48991768682428,
    0.395267284662319,
    0.269392528770194,
    -0.316101438895271,
    -3.21810115507668,
    0.602860985962082,
    3.49161212065,
    -0.39745432509183,
    0.26972538877784,
    0.313827664592647
  ]
}