{
  "T_WB": [
    [
      -0.996306968369362,
      0.066447625331509,
      -0.0543795721430051,
      -0.225955127815884
    ],
    [
      0.068127843570281,
      0.997235955499241,
      -0.029648709752366,
      -0.000748805738576574
    ],
    [
      0.0522591782284817,
      -0.0332439791138204,
      -0.998080064996574,
      0.176728570457349
    ],
    [
      0.0,
      0.0,
      0.0,
      1.0
    ]
  ],
  "T_WH": {
    "0": [
      [
        -0.762454748638871,
        -0.315046181620843,
        -0.565162507358868,
        -0.267933730561266
      ],
      [
        -0.484934588290934,
        0.856499113980274,
        0.176770226084903,
        -0.029935242571741
      ],
      [
        0.428370402055439,
        0.408846146119946,
        -0.80581860703618,
        0.17988274491813
      ],
      [
        0.0,
        0.0,
        0.0,
        1.0
      ]
    ],
    "1": [
      [
        0.692302119769605,
        0.694326149285145,
        0.196542548526712,
        -0.183976525070501
      ],
      [
        0.720335855763854,
        -0.648790004298745,
        -0.245331989807669,
        0.0284376310945879
      ],
      [
        -0.0428255748760896,
        0.311420501478142,
        -0.949306716185889,
        0.173574395996567
      ],
      [
        0.0,
        0.0,
        0.0,
        1.0
      ]
    ],
    "2": [
      [
        -0.690155392931205,
        0.417704882104588,
        -0.590938376714499,
        -0.26368108254005
      ],
      [
        0.607091152481126,
        0.778635460733451,
        -0.158641583034035,
        0.0338878585802104
      ],
      [
        0.393860211480055,
        -0.468240804239014,
        -0.790964400626532,
        0.177755130254846
      ],
      [
        0.0,
        0.0,
        0.0,
        1.0
      ]
    ],
    "3": [
      [
        0.585262661056421,
        -0.77630298628153,
        0.234139469256118,
        -0.188229173091717
      ],
      [
        -0.810721857043781,
        -0.565254212452361,
        0.152373704477984,
        -0.0353854700573635
      ],
      [
        0.0140601594813423,
        -0.279000625080375,
        -0.960187983220015,
        0.175702010659852
      ],
      [
        0.0,
        0.0,
        0.0,
        1.0
      ]
    ]
  },
  "T_WP": {
    "0": [
      [
        0.565162507358868,
        -0.315046181620843,
        -0.762454748638871,
        -0.321305562965987
      ],
      [
        -0.176770226084903,
        0.856499113980274,
        -0.484934588290934,
        -0.0638806637521064
      ],
      [
        0.80581860703618,
        0.408846146119946,
        0.428370402055439,
        0.209868673062011
      ],
      [
        0.0,
        0.0,
        0.0,
        1.0
      ]
    ],
    "1": [
      [
        -0.196542548526712,
        0.694326149285145,
        0.692302119769605,
        -0.135515376686628
      ],
      [
        0.245331989807669,
        -0.648790004298745,
        0.720335855763854,
        0.0788611409980577
      ],
      [
        0.949306716185889,
        0.311420501478142,
        -0.0428255748760897,
        0.170576605755241
      ],
      [
        0.0,
        0.0,
        0.0,
        1.0
      ]
    ],
    "2": [
      [
        0.590938376714499,
        0.417704882104588,
        -0.690155392931205,
        -0.311991960045234
      ],
      [
        0.158641583034035,
        0.778635460733451,
        0.607091152481126,
        0.0763842392538892
      ],
      [
        0.790964400626532,
        -0.468240804239014,
        0.393860211480055,
        0.20532534505845
      ],
      [
        0.0,
        0.0,
        0.0,
        1.0
      ]
    ],
    "3": [
      [
        -0.234139469256118,
        -0.77630298628153,
        0.585262661056421,
        -0.147260786817768
      ],
      [
        -0.152373704477984,
        -0.565254212452361,
        -0.810721857043781,
        -0.0921360000504282
      ],
      [
        0.960187983220015,
        -0.279000625080375,
        0.0140601594813422,
        0.176686221823546
      ],
      [
        0.0,
        0.0,
        0.0,
        1.0
      ]
    ]
  },
  "simTime": 1.00599999999991,
  "state": [
    -0.225955127815884,
    -0.000748805738576574,
    0.176728570457349,
    -0.026687647579481,
    0.0336791520379132,
    0.998952324796481,
    -0.0157396622704191,
    -0.440685738027741,
    -0.00567595134240864,
    -0.58225563638039,
    0.464797297048209,
    12.7893671948644,
    -0.269750020387854,
    0.949353878323738,
    -0.239703519372751,
    0.16631396769232,
    0.11665805013985,
    0.985043871115996,
    -0.166528560550993,
    0.0152723735407065,
    -0.0415158416036746,
    0.948216149937925,
    0.243094136898628,
    0.166622607237238,
    -0.118441041703774,
    0.984165594922285,
    0.170588544476046,
    0.0187709907014274,
    0.0443314806079815,
    1.03947501796403,
    -1.82831910431721,
    2.45854154526091,
    -0.849529843746985,
    -0.580239126662464,
    1.45001167281021,
    -1.00688645972589,
    -1.83006824174352,
    -2.5100381476451,
    0.849693286319881,
    -0.587977165044322,
    -1.51359580235896
  ]
}