{
  "T_WB": [
    [
      0.775532226153266,
      0.0156534584505989,
      0.631113884680328,
      -0.140770063874541
    ],
    [
      0.00123991496206719,
      0.999652854022484,
      -0.0263179417050052,
      -0.000262490426743879
    ],
    [
      -0.631306762840892,
      0.0211929394666381,
      0.775243594303183,
      0.121818973376678
    ],
    [
      0.0,
      0.0,
      0.0,
      1.0
    ]
  ],
  "T_WH": {
    "0": [
      [
        -0.135179521539803,
        0.292005962311745,
        0.946815195764549,
        -0.11024968549883
      ],
      [
        -0.875080345104209,
        0.413004896812255,
        -0.252311998964373,
        -0.0322017851569807
      ],
      [
        -0.464715920287404,
        -0.862646783558306,
        0.199698873927572,
        0.0958885288001094
      ],
      [
        0.0,
        0.0,
        0.0,
        1.0
      ]
    ],
    "1": [
      [
        -0.441798245603493,
        -0.743755216532315,
        0.501639799121486,
        -0.171290442250253
      ],
      [
        0.867547314146242,
        -0.496576677249841,
        0.0278075768298458,
        0.0316768043034929
      ],
      [
        0.228420594297705,
        0.447481599054616,
        0.864629545301459,
        0.147749417953246
      ],
      [
        0.0,
        0.0,
        0.0,
        1.0
      ]
    ],
    "2": [
      [
        -0.101671010192053,
        -0.280378757518905,
        0.954489789373717,
        -0.109247864157991
      ],
      [
        0.897341958029883,
        0.38835465142898,
        0.209661811192622,
        0.0317759975004583
      ],
      [
        -0.429465267566101,
        0.877820264658791,
        0.212111213538433,
        0.0972448769259742
      ],
      [
        0.0,
        0.0,
        0.0,
        1.0
      ]
    ],
    "3": [
      [
        -0.459232516782096,
        0.737881809482225,
        0.494606844640487,
        -0.172292263591091
      ],
      [
        -0.870622277079999,
        -0.484440513416212,
        -0.0856401752279508,
        -0.0323009783539461
      ],
      [
        0.176415266295235,
        -0.469944490547846,
        0.864887177394663,
        0.146393069827381
      ],
      [
        0.0,
        0.0,
        0.0,
        1.0
      ]
    ]
  },
  "T_WP": {
    "0": [
      [
        -0.946815195764549,
        0.292005962311745,
        -0.135179521539803,
        -0.119712252006616
      ],
      [
        0.252311998964373,
        0.413004896812255,
        -0.875080345104209,
        -0.0934574093142753
      ],
      [
        -0.199698873927572,
        -0.862646783558306,
        -0.464715920287404,
        0.0633584143799911
      ],
      [
        0.0,
        0.0,
        0.0,
        1.0
      ]
    ],
    "1": [
      [
        -0.501639799121486,
        -0.743755216532315,
        -0.441798245603493,
        -0.202216319442497
      ],
      [
        -0.0278075768298458,
        -0.496576677249841,
        0.867547314146242,
        0.0924051162937299
      ],
      [
        -0.864629545301459,
        0.447481599054616,
        0.228420594297705,
        0.163738859554085
      ],
      [
        0.0,
        0.0,
        0.0,
        1.0
      ]
    ],
    "2": [
      [
        -0.954489789373717,
        -0.280378757518905,
        -0.101671010192053,
        -0.116364834871435
      ],
      [
        -0.209661811192622,
        0.38835465142898,
        0.897341958029883,
        0.0945899345625501
      ],
      [
        -0.212111213538433,
        0.877820264658791,
        -0.429465267566101,
        0.0671823081963472
      ],
      [
        0.0,
        0.0,
        0.0,
        1.0
      ]
    ],
    "3": [
      [
        -0.494606844640487,
        0.737881809482225,
        -0.459232516782096,
        -0.204438539765838
      ],
      [
        0.0856401752279507,
        -0.484440513416212,
        -0.870622277079999,
        -0.093244537749546
      ],
      [
        -0.864887177394663,
        -0.469944490547846,
        0.176415266295235,
        0.158742138468047
      ],
      [
        0.0,
        0.0,
        0.0,
        1.0
      ]
    ]
  },
  "simTime": 0.812999999999927,
  "state": [
    -0.140770063874541,
    -0.000262490426743879,
    0.121818973376678,
    0.942129061551406,
    0.0126073175933579,
    0.334991430325477,
    -0.00382472637687157,
    -0.362123469260834,
    -0.00335231675197652,
    1.17793192174307,
    0.493926202153291,
    13.0012786876488,
    -0.197910695512102,
    0.914658267311707,
    -0.207814272799189,
    0.278049127391575,
    -0.207128377621404,
    0.987674225871075,
    -0.0460953015512677,
    0.069252890776165,
    -0.132585383221584,
    0.915782691828574,
    0.207563339359884,
    0.276155001038711,
    0.204933981814376,
    0.986079884672005,
    0.0473954031416346,
    0.0728079226530954,
    0.141771447073193,
    -2.82386095258619,
    -2.31009673316004,
    2.30031481891643,
    -1.57907175843297,
    -1.03607843792754,
    0.285575556536218,
    2.84734642703157,
    -2.31025386526099,
    -2.26255102177684,
    1.61217407277323,
    -1.06612347779419,
    -0.292378399796413
  ]
}