{
  "T_WB": [
    [
      0.545565180537366,
      -0.000948053520998977,
      0.838067858218983,
      -0.014748561177529
    ],
    [
      0.000725821724177835,
      0.999999519621172,
      0.000658741413563271,
      2.07438723533191e-05
    ],
    [
      -0.838068080151044,
      0.000248901479612441,
      0.545565606577245,
      0.285003789671815
    ],
    [
      0.0,
      0.0,
      0.0,
      1.0
    ]
  ],
  "T_WH": {
    "0": [
      [
        0.498324498314169,
        0.866738789289664,
        -0.0208941503923806,
        0.00710438375663766
      ],
      [
        -0.669890079018349,
        0.369625334962464,
        -0.643913343383002,
        -0.0319502078865571
      ],
      [
        -0.550381664313703,
        0.334874577856507,
        0.764813075654898,
        0.251473101618426
      ],
      [
        0.0,
        0.0,
        0.0,
        1.0
      ]
    ],
    "1": [
      [
        -0.348390882291979,
        -0.296658503846364,
        0.889166758955514,
        -0.0366015061116956
      ],
      [
        0.67011312990232,
        -0.742108055389919,
        0.0149675401422276,
        0.0319916956312637
      ],
      [
        0.655417566340979,
        0.601056874364673,
        0.457338438697905,
        0.318534477725205
      ],
      [
        0.0,
        0.0,
        0.0,
        1.0
      ]
    ],
    "2": [
      [
        0.497656509871088,
        -0.867071796529502,
        -0.0229019179552808,
        0.00704370833129372
      ],
      [
        0.670996521868689,
        0.368118949243537,
        0.643624196909933,
        0.0320497613691979
      ],
      [
        -0.549637758731194,
        -0.335670878794895,
        0.764998951179682,
        0.251489031313121
      ],
      [
        0.0,
        0.0,
        0.0,
        1.0
      ]
    ],
    "3": [
      [
        -0.347437193482533,
        0.298016258437466,
        0.889085882405021,
        -0.0365408306863516
      ],
      [
        -0.670831765416694,
        -0.741484729452412,
        -0.0136065608000217,
        -0.0320082736244913
      ],
      [
        0.655188628635221,
        -0.601154477398128,
        0.457538146181585,
        0.318518548030509
      ],
      [
        0.0,
        0.0,
        0.0,
        1.0
      ]
    ]
  },
  "T_WP": {
    "0": [
      [
        0.0208941503923806,
        0.866738789289664,
        0.498324498314169,
        0.0419870986386295
      ],
      [
        0.643913343383002,
        0.369625334962464,
        -0.669890079018349,
        -0.0788425134178415
      ],
      [
        -0.764813075654898,
        0.334874577856507,
        -0.550381664313703,
        0.212946385116467
      ],
      [
        0.0,
        0.0,
        0.0,
        1.0
      ]
    ],
    "1": [
      [
        -0.889166758955514,
        -0.296658503846364,
        -0.348390882291979,
        -0.0609888678721341
      ],
      [
        -0.0149675401422275,
        -0.742108055389919,
        0.67011312990232,
        0.0788996147244261
      ],
      [
        -0.457338438697905,
        0.601056874364673,
        0.655417566340979,
        0.364413707369073
      ],
      [
        0.0,
        0.0,
        0.0,
        1.0
      ]
    ],
    "2": [
      [
        0.0229019179552808,
        -0.867071796529502,
        0.497656509871088,
        0.0418796640222699
      ],
      [
        -0.643624196909933,
        0.368118949243537,
        0.670996521868689,
        0.0790195179000061
      ],
      [
        -0.764998951179682,
        -0.335670878794895,
        -0.549637758731194,
        0.213014388201938
      ],
      [
        0.0,
        0.0,
        0.0,
        1.0
      ]
    ],
    "3": [
      [
        -0.889085882405021,
        0.298016258437466,
        -0.347437193482533,
        -0.060861434230129
      ],
      [
        0.0136065608000216,
        -0.741484729452412,
        -0.670831765416694,
        -0.0789664972036599
      ],
      [
        -0.457538146181585,
        -0.601154477398128,
        0.655188628635221,
        0.364381752034975
      ],
      [
        0.0,
        0.0,
        0.0,
        1.0
      ]
    ]
  },
  "simTime": 0.380999999999974,
  "state": [
    -0.014748561177529,
    2.07438723533191e-05,
    0.285003789671815,
    0.879080529123439,
    -0.000116553580807749,
    0.476673035871173,
    0.000476030121735801,
    -0.19144986793369,
    0.000284383359885591,
    1.18439812237405,
    -0.00998665932063492,
    -5.26484001674009,
    0.00448758157177224,
    0.834930866893612,
    0.546785986901622,
    -0.0369414927476229,
    0.0505060209269994,
    0.998349362292989,
    0.0402862117495654,
    -0.0320466733882991,
    0.0254672864042471,
    0.83469648995924,
    -0.54710292397767,
    -0.0372091637602925,
    -0.050750747354774,
    0.998350325502113,
    -0.0402353817479453,
    -0.0319359814519223,
    -0.0256482887172615,
    1.33846479816509,
    0.413668116396877,
    -5.18449870972925,
    0.27209273332133,
    0.377813840553827,
    -0.452221542934404,
    -1.34157014038607,
    0.417536686560064,
    5.18792336382174,
    -0.275187014085814,
    0.377020858689207,
    0.451125559476473
  ]
}