{
  "T_WB": [
    [
      0.895047321159531,
      -0.00193818536850706,
      0.445966967748312,
      -0.0394273283481294
    ],
    [
      0.00155956892661859,
      0.999998044548589,
      0.00121599496770841,
      4.14311019653905e-05
    ],
    [
      -0.445968452505231,
      -0.000392856813192297,
      0.895048593671659,
      0.35578319890696
    ],
    [
      0.0,
      0.0,
      0.0,
      1.0
    ]
  ],
  "T_WH": {
    "0": [
      [
        0.22561530359674,
        0.889719369682288,
        -0.396859141251784,
        -0.00356341356995594
      ],
      [
        -0.790579979091797,
        -0.0708334915740956,
        -0.608248233150444,
        -0.0318961235665247
      ],
      [
        -0.56928115324694,
        0.450979001377642,
        0.687413200974683,
        0.337957032224773
      ],
      [
        0.0,
        0.0,
        0.0,
        1.0
      ]
    ],
    "1": [
      [
        -0.618898114906065,
        -0.589310778905522,
        0.519305237053783,
        -0.0752912431263029
      ],
      [
        0.71143817543818,
        -0.700774772554508,
        0.0526349758275823,
        0.0319789857704555
      ],
      [
        0.332897650780104,
        0.402029257662852,
        0.852966371018309,
        0.373609365589147
      ],
      [
        0.0,
        0.0,
        0.0,
        1.0
      ]
    ],
    "2": [
      [
        0.222914163999208,
        -0.889036042534199,
        -0.399905226977173,
        -0.0036874574335404
      ],
      [
        0.790672422112081,
        -0.0750681339053291,
        0.60761986157744,
        0.032103751284585
      ],
      [
        -0.570216096230148,
        -0.451641107902172,
        0.686202530782967,
        0.337931889388728
      ],
      [
        0.0,
        0.0,
        0.0,
        1.0
      ]
    ],
    "3": [
      [
        -0.616439435253389,
        0.591664752316274,
        0.519552926592667,
        -0.0751671992627184
      ],
      [
        -0.713302942406292,
        -0.699052705394094,
        -0.0502416902156384,
        -0.0320208890806542
      ],
      [
        0.333468641732637,
        -0.401569590417053,
        0.852959863670777,
        0.373634508425191
      ],
      [
        0.0,
        0.0,
        0.0,
        1.0
      ]
    ]
  },
  "T_WP": {
    "0": [
      [
        0.396859141251784,
        0.889719369682288,
        0.22561530359674,
        0.0122296576818159
      ],
      [
        0.608248233150444,
        -0.0708334915740956,
        -0.790579979091797,
        -0.0872367221029505
      ],
      [
        -0.687413200974683,
        0.450979001377642,
        -0.56928115324694,
        0.298107351497487
      ],
      [
        0.0,
        0.0,
        0.0,
        1.0
      ]
    ],
    "1": [
      [
        -0.519305237053783,
        -0.589310778905522,
        -0.618898114906065,
        -0.118614111169727
      ],
      [
        -0.0526349758275823,
        -0.700774772554508,
        0.71143817543818,
        0.0817796580511281
      ],
      [
        -0.852966371018309,
        0.402029257662852,
        0.332897650780104,
        0.396912201143754
      ],
      [
        0.0,
        0.0,
        0.0,
        1.0
      ]
    ],
    "2": [
      [
        0.399905226977173,
        -0.889036042534199,
        0.222914163999208,
        0.0119165340464041
      ],
      [
        -0.60761986157744,
        -0.0750681339053291,
        0.790672422112081,
        0.0874508208324306
      ],
      [
        -0.686202530782967,
        -0.451641107902172,
        -0.570216096230148,
        0.298016762652618
      ],
      [
        0.0,
        0.0,
        0.0,
        1.0
      ]
    ],
    "3": [
      [
        -0.519552926592667,
        0.591664752316274,
        -0.616439435253389,
        -0.118317959730456
      ],
      [
        0.0502416902156383,
        -0.699052705394094,
        -0.713302942406292,
        -0.0819520950490946
      ],
      [
        -0.852959863670777,
        -0.401569590417053,
        0.333468641732637,
        0.396977313346476
      ],
      [
        0.0,
        0.0,
        0.0,
        1.0
      ]
    ]
  },
  "simTime": 0.490499999999962,
  "state": [
    -0.0394273283481294,
    4.14311019653905e-05,
    0.35578319890696,
    0.973408182544684,
    -0.000413200702888803,
    0.229075385908983,
    0.000898326713769196,
    -0.25925977717319,
    7.13767252708997e-05,
    0.104103629711974,
    -0.0112001234203378,
    -4.38027898182453,
    0.0017810187252725,
    0.81968447340528,
    0.518097090148788,
    0.113155393580863,
    -0.216537816884782,
    0.998769262040689,
    0.0481049128687848,
    -0.0115865895800101,
    -0.00341020563731185,
    0.819432283076152,
    -0.518542283616656,
    0.113244975208109,
    0.216379779887918,
    0.998764772731747,
    -0.0482281994496993,
    -0.0115153268290429,
    0.00321974781024696,
    -1.78760806427689,
    -1.36954152962915,
    -5.48584478155476,
    -0.00597782785222119,
    0.287851198284355,
    -0.60615205363279,
    1.78664701349124,
    -1.36952138198256,
    5.49108188261959,
    0.00285029298169693,
    0.287208058111586,
    0.606937803126511
  ]
}