{
  "T_WB": [
    [
      -2.22044604925031e-16,
      1.25919700228963e-19,
      1.0,
      -1.08754232353977e-35
    ],
    [
      -2.92046137222297e-18,
      1.0,
      -1.25919700228963e-19,
      3.38337624735673e-21
    ],
    [
      -1.0,
      -2.92046137222297e-18,
      -2.22044604925031e-16,
      0.147825380800002
    ],
    [
      0.0,
      0.0,
      0.0,
      1.0
    ]
  ],
  "T_WH": {
    "0": [
      [
        -1.57208373492476e-16,
        -1.51844521353027e-16,
        1.0,
        -8.88581362740858e-18
      ],
      [
        -0.707106779455507,
        0.707106782917588,
        -3.7928156861036e-18,
        -0.032
      ],
      [
        -0.707106782917588,
        -0.707106779455507,
        -2.18533397699873e-16,
        0.107825380800002
      ],
      [
        0.0,
        0.0,
        0.0,
        1.0
      ]
    ],
    "1": [
      [
        1.57208373492476e-16,
        1.51840455040912e-16,
        1.0,
        8.88581362740858e-18
      ],
      [
        0.707106779455507,
        -0.707106782917588,
        -3.79569100298129e-18,
        0.032
      ],
      [
        0.707106782917588,
        0.707106779455507,
        -2.18530522383009e-16,
        0.187825380800002
      ],
      [
        0.0,
        0.0,
        0.0,
        1.0
      ]
    ],
    "2": [
      [
        -1.5703478249018e-16,
        1.52724123694991e-16,
        1.0,
        -8.87775476659393e-18
      ],
      [
        0.707106779455507,
        0.707106782917588,
        3.04809552925431e-18,
        0.032
      ],
      [
        -0.707106782917588,
        0.707106779455507,
        -2.19032623103924e-16,
        0.107825380800002
      ],
      [
        0.0,
        0.0,
        0.0,
        1.0
      ]
    ],
    "3": [
      [
        1.5703478249018e-16,
        -1.52007188980335e-16,
        1.0,
        8.87775476659393e-18
      ],
      [
        -0.707106779455507,
        -0.707106782917588,
        3.55504492889674e-18,
        -0.032
      ],
      [
        0.707106782917588,
        -0.707106779455507,
        -2.18525673706763e-16,
        0.187825380800002
      ],
      [
        0.0,
        0.0,
        0.0,
        1.0
      ]
    ]
  },
  "T_WP": {
    "0": [
      [
        -1.0,
        -1.51844521353027e-16,
        -9.59760335351084e-17,
        -1.98903997718819e-17
      ],
      [
        -3.95049870196754e-17,
        0.707106782917588,
        -0.707106779455507,
        -0.0814974745618855
      ],
      [
        1.75235594782103e-16,
        -0.707106779455507,
        -0.707106782917588,
        0.0583279059957706
      ],
      [
        0.0,
        0.0,
        0.0,
        1.0
      ]
    ],
    "1": [
      [
        -1.0,
        1.51840455040912e-16,
        2.18440713449844e-16,
        1.98903997718819e-17
      ],
      [
        4.70934937087603e-17,
        -0.707106782917588,
        0.707106779455507,
        0.0814974745618855
      ],
      [
        2.6182832530078e-16,
        0.707106779455507,
        0.707106782917588,
        0.237322855604233
      ],
      [
        0.0,
        0.0,
        0.0,
        1.0
      ]
    ],
    "2": [
      [
        -1.0,
        1.52724123694991e-16,
        -9.5802442532812e-17,
        -1.98701895409065e-17
      ],
      [
        4.02497071765247e-17,
        0.707106782917588,
        0.707106779455507,
        0.0814974745618855
      ],
      [
        1.75734820186153e-16,
        0.707106779455507,
        -0.707106782917588,
        0.0583279059957706
      ],
      [
        0.0,
        0.0,
        0.0,
        1.0
      ]
    ],
    "3": [
      [
        -1.0,
        -1.52007188980335e-16,
        2.18267122447547e-16,
        1.98701895409065e-17
      ],
      [
        -4.68528476346758e-17,
        -0.707106782917588,
        -0.707106779455507,
        -0.0814974745618855
      ],
      [
        2.61823476624534e-16,
        -0.707106779455507,
        0.707106782917588,
        0.237322855604233
      ],
      [
        0.0,
        0.0,
        0.0,
        1.0
      ]
    ]
  },
  "simTime": 0.267999999999987,
  "state": [
    -1.08754232353977e-35,
    3.38337624735673e-21,
    0.147825380800002,
    0.707106781186548,
    -9.88019683287676e-19,
    0.707106781186548,
    -1.07705835720455e-18,
    -6.46694893900903e-35,
    -2.3298132708589e-20,
    -2.62816880000007,
    4.59929549957584e-19,
    -1.23919923063114e-17,
    -2.29180385651873e-17,
    1.0,
    2.53784272842388e-18,
    5.50442830157632e-20,
    -1.63383098237532e-18,
    1.0,
    -2.53987588448118e-18,
    -5.50442830157626e-20,
    1.63041826969072e-18,
    1.0,
    -2.18708023157669e-18,
    5.72874555664519e-20,
    1.16322702155815e-18,
    1.0,
    2.54554758890475e-18,
    -5.72874555664512e-20,
    -1.63032512445362e-18,
    9.52709114645754e-18,
    6.13940262720288e-20,
    -2.46350459697522e-17,
    -9.88054647233492e-18,
    -6.13940262720265e-20,
    2.46468100566965e-17,
    -1.45220260425885e-17,
    -5.33277320227893e-20,
    2.07737304612026e-17,
    9.63824355632921e-18,
    5.33277320227901e-20,
    -2.47801703726088e-17
  ]
}