{
  "T_WB": [
    [
      0.606981170171681,
      -0.000355279924719669,
      0.794716133492452,
      -0.00241782965355144
    ],
    [
      0.000954916605739423,
      0.999999504224531,
      -0.000282285259771459,
      -1.4476094881323e-05
    ],
    [
      -0.794715639201402,
      0.000930229470019267,
      0.606981208508006,
      0.512474022825438
    ],
    [
      0.0,
      0.0,
      0.0,
      1.0
    ]
  ],
  "T_WH": {
    "0": [
      [
        0.522867367896628,
        0.272977110388234,
        0.807522886853953,
        0.0218727861109068
      ],
      [
        -0.531843526569644,
        0.844799641125524,
        0.0587880055806437,
        -0.0319762635658368
      ],
      [
        -0.666147265125976,
        -0.460214149671949,
        0.586899273816988,
        0.480655629914342
      ],
      [
        0.0,
        0.0,
        0.0,
        1.0
      ]
    ],
    "1": [
      [
        -0.402660655495619,
        -0.381532648845426,
        0.832044009882189,
        -0.0267084454180097
      ],
      [
        0.730913543080924,
        -0.681216328113067,
        0.0413486015850625,
        0.0319473113760741
      ],
      [
        0.551026123751614,
        0.624801690280318,
        0.553166393380986,
        0.544292415736535
      ],
      [
        0.0,
        0.0,
        0.0,
        1.0
      ]
    ],
    "2": [
      [
        0.522782577597512,
        -0.274173670181611,
        0.807172332986981,
        0.0218500481957248
      ],
      [
        0.533391815724373,
        0.843819229572615,
        -0.0588411312071417,
        0.0320237047045333
      ],
      [
        -0.664974847252705,
        0.461300234535627,
        0.587375983624303,
        0.480715164600423
      ],
      [
        0.0,
        0.0,
        0.0,
        1.0
      ]
    ],
    "3": [
      [
        -0.402216765839688,
        0.382055054404089,
        0.832018995385172,
        -0.0266857075028276
      ],
      [
        -0.732104430042617,
        -0.679914510424466,
        -0.0417056594029281,
        -0.0320526568942959
      ],
      [
        0.549767929939021,
        -0.625899507843349,
        0.55317721327981,
        0.544232881050454
      ],
      [
        0.0,
        0.0,
        0.0,
        1.0
      ]
    ]
  },
  "T_WP": {
    "0": [
      [
        -0.807522886853953,
        0.272977110388234,
        0.522867367896628,
        0.0584735018636708
      ],
      [
        -0.0587880055806437,
        0.844799641125524,
        -0.531843526569644,
        -0.0692053104257118
      ],
      [
        -0.586899273816988,
        -0.460214149671949,
        -0.666147265125976,
        0.434025321355523
      ],
      [
        0.0,
        0.0,
        0.0,
        1.0
      ]
    ],
    "1": [
      [
        -0.832044009882189,
        -0.381532648845426,
        -0.402660655495618,
        -0.054894691302703
      ],
      [
        -0.0413486015850624,
        -0.681216328113067,
        0.730913543080924,
        0.0831112593917388
      ],
      [
        -0.553166393380986,
        0.624801690280318,
        0.551026123751614,
        0.582864244399148
      ],
      [
        0.0,
        0.0,
        0.0,
        1.0
      ]
    ],
    "2": [
      [
        -0.807172332986981,
        -0.274173670181611,
        0.522782577597512,
        0.0584448286275506
      ],
      [
        0.0588411312071418,
        0.843819229572615,
        0.533391815724373,
        0.0693611318052393
      ],
      [
        -0.587375983624303,
        0.461300234535627,
        -0.664974847252705,
        0.434166925292734
      ],
      [
        0.0,
        0.0,
        0.0,
        1.0
      ]
    ],
    "3": [
      [
        -0.832018995385172,
        0.382055054404089,
        -0.402216765839688,
        -0.0548408811116058
      ],
      [
        0.0417056594029281,
        -0.679914510424466,
        -0.732104430042617,
        -0.0832999669972791
      ],
      [
        -0.55317721327981,
        -0.625899507843349,
        0.549767929939021,
        0.582716636146185
      ],
      [
        0.0,
        0.0,
        0.0,
        1.0
      ]
    ]
  }
}