{
  "T_WB": [
    [
      -2.22044604925031e-16,
      5.9299932981883e-21,
      1.0,
      1.1147678847958e-36
    ],
    [
      -5.85974480635172e-20,
      1.0,
      -5.9299932981883e-21,
      2.48667684476924e-21
    ],
    [
      -1.0,
      -5.85974480635172e-20,
      -2.22044604925031e-16,
      0.4792835575
    ],
    [
      0.0,
      0.0,
      0.0,
      1.0
    ]
  ],
  "T_WH": {
    "0": [
      [
        -1.57032421544261e-16,
        -1.55856464192003e-16,
        1.0,
        -8.88197395678679e-18
      ],
      [
        -0.707106779455507,
        0.707106782917588,
        -8.3152687654469e-19,
        -0.032
      ],
      [
        -0.707106782917588,
        -0.707106779455507,
        -2.2124585286405e-16,
        -0.04
      ],
      [
        0.0,
        0.0,
        0.0,
        1.0
      ]
    ],
    "1": [
      [
        1.57032421544261e-16,
        1.55864792934092e-16,
        1.0,
        8.88197395678679e-18
      ],
      [
        0.707106779455507,
        -0.707106782917588,
        -8.25637566520325e-19,
        0.032
      ],
      [
        0.707106782917588,
        0.707106779455507,
        -2.21251742174046e-16,
        0.04
      ],
      [
        0.0,
        0.0,
        0.0,
        1.0
      ]
    ],
    "2": [
      [
        -1.57028821669417e-16,
        1.56377661519923e-16,
        1.0,
        -8.88159443721571e-18
      ],
      [
        0.707106779455507,
        0.707106782917588,
        4.60439214826154e-19,
        0.032
      ],
      [
        -0.707106782917588,
        0.707106779455507,
        -2.21611849532137e-16,
        -0.04
      ],
      [
        0.0,
        0.0,
        0.0,
        1.0
      ]
    ],
    "3": [
      [
        1.57028821669417e-16,
        -1.5586763026749e-16,
        1.0,
        8.88159443721571e-18
      ],
      [
        -0.707106779455507,
        -0.707106782917588,
        8.21085772921824e-19,
        -0.032
      ],
      [
        0.707106782917588,
        -0.707106779455507,
        -2.21251202975807e-16,
        0.04
      ],
      [
        0.0,
        0.0,
        0.0,
        1.0
      ]
    ]
  },
  "T_WP": {
    "0": [
      [
        -1.0,
        -1.55856464192003e-16,
        -9.58000815868931e-17,
        -1.98742434648851e-17
      ],
      [
        -4.24662758292343e-17,
        0.707106782917588,
        -0.707106779455507,
        -0.0814974745618855
      ],
      [
        1.7794804994628e-16,
        -0.707106779455507,
        -0.707106782917588,
        -0.0894974748042311
      ],
      [
        0.0,
        0.0,
        0.0,
        1.0
      ]
    ],
    "1": [
      [
        -1.0,
        1.55864792934092e-16,
        2.18264761501628e-16,
        1.98742434648851e-17
      ],
      [
        4.41234402722993e-17,
        -0.707106782917588,
        0.707106779455507,
        0.0814974745618855
      ],
      [
        2.64549545091816e-16,
        0.707106779455507,
        0.707106782917588,
        0.0894974748042311
      ],
      [
        0.0,
        0.0,
        0.0,
        1.0
      ]
    ],
    "2": [
      [
        -1.0,
        1.56377661519923e-16,
        -9.57964817120491e-17,
        -1.98736119540749e-17
      ],
      [
        4.28373634909529e-17,
        0.707106782917588,
        0.707106779455507,
        0.0814974745618855
      ],
      [
        1.78314046614367e-16,
        0.707106779455507,
        -0.707106782917588,
        -0.0894974748042311
      ],
      [
        0.0,
        0.0,
        0.0,
        1.0
      ]
    ],
    "3": [
      [
        -1.0,
        -1.5586763026749e-16,
        2.18261161626784e-16,
        1.98736119540749e-17
      ],
      [
        -4.41188884787008e-17,
        -0.707106782917588,
        -0.707106779455507,
        -0.0814974745618855
      ],
      [
        2.64549005893578e-16,
        -0.707106779455507,
        0.707106782917588,
        0.0894974748042311
      ],
      [
        0.0,
        0.0,
        0.0,
        1.0
      ]
    ]
  }
}