{
  "T_WB": [
    [
      0.351948284149468,
      0.0362906174903648,
      0.935315666695696,
      -0.156590075974798
    ],
    [
      0.0116538416608953,
      0.999000770364441,
      -0.0431468282240451,
      -0.000370634045760867
    ],
    [
      -0.935946896601933,
      0.0260854728425708,
      0.351173681883753,
      0.161499177704718
    ],
    [
      0.0,
      0.0,
      0.0,
      1.0
    ]
  ],
  "T_WH": {
    "0": [
      [
        -0.294534458873503,
        -0.238446363628401,
        0.925414925429931,
        -0.143673444368511
      ],
      [
        -0.835929916855183,
        0.533563505811192,
        -0.128573556274054,
        -0.0318725050309872
      ],
      [
        -0.463109734990077,
        -0.811451364493808,
        -0.356477287381058,
        0.123226566709679
      ],
      [
        0.0,
        0.0,
        0.0,
        1.0
      ]
    ],
    "1": [
      [
        -0.227014346808657,
        -0.469811757292325,
        0.85307760435551,
        -0.169506707581085
      ],
      [
        0.856399346962973,
        -0.513393289778664,
        -0.0548405737719329,
        0.0311312369394655
      ],
      [
        0.463729064071288,
        0.718125506245349,
        0.518894124475725,
        0.199771788699758
      ],
      [
        0.0,
        0.0,
        0.0,
        1.0
      ]
    ],
    "2": [
      [
        -0.228736828411644,
        0.27525753394292,
        0.933762685769701,
        -0.141350844849127
      ],
      [
        0.877727850799159,
        0.473169463990564,
        0.0755279966527022,
        0.0320635442723371
      ],
      [
        -0.421038339417767,
        0.836865549747715,
        -0.349832486178435,
        0.124896036971603
      ],
      [
        0.0,
        0.0,
        0.0,
        1.0
      ]
    ],
    "3": [
      [
        -0.288614702998825,
        0.441468936580227,
        0.849592096978087,
        -0.171829307100468
      ],
      [
        -0.868612523318985,
        -0.494003310051175,
        -0.0383798644071022,
        -0.0328048123638588
      ],
      [
        0.402757790174598,
        -0.749043328314995,
        0.526042065580757,
        0.198102318437833
      ],
      [
        0.0,
        0.0,
        0.0,
        1.0
      ]
    ]
  },
  "T_WP": {
    "0": [
      [
        -0.925414925429931,
        -0.238446363628401,
        -0.294534458873503,
        -0.164290856489656
      ],
      [
        0.128573556274053,
        0.533563505811192,
        -0.835929916855183,
        -0.09038759921085
      ],
      [
        0.356477287381058,
        -0.811451364493808,
        -0.463109734990077,
        0.0908088852603732
      ],
      [
        0.0,
        0.0,
        0.0,
        1.0
      ]
    ],
    "1": [
      [
        -0.85307760435551,
        -0.469811757292325,
        -0.227014346808657,
        -0.185397711857691
      ],
      [
        0.0548405737719329,
        -0.513393289778664,
        0.856399346962973,
        0.0910791912268736
      ],
      [
        -0.518894124475725,
        0.718125506245349,
        0.463729064071288,
        0.232232823184748
      ],
      [
        0.0,
        0.0,
        0.0,
        1.0
      ]
    ],
    "2": [
      [
        -0.933762685769701,
        0.27525753394292,
        -0.228736828411644,
        -0.157362422837943
      ],
      [
        -0.0755279966527022,
        0.473169463990564,
        0.877727850799159,
        0.0935044938282782
      ],
      [
        0.349832486178435,
        0.836865549747715,
        -0.421038339417767,
        0.0954233532123595
      ],
      [
        0.0,
        0.0,
        0.0,
        1.0
      ]
    ],
    "3": [
      [
        -0.849592096978087,
        0.441468936580227,
        -0.288614702998825,
        -0.192032336310386
      ],
      [
        0.0383798644071021,
        -0.494003310051175,
        -0.868612523318985,
        -0.0936076889961878
      ],
      [
        -0.526042065580757,
        -0.749043328314995,
        0.402757790174598,
        0.226295363750055
      ],
      [
        0.0,
        0.0,
        0.0,
        1.0
      ]
    ]
  },
  "simTime": 0.853499999999922,
  "state": [
    -0.156590075974798,
    -0.000370634045760867,
    0.161499177704718,
    0.821906736862167,
    0.0210584419014885,
    0.56918336332223,
    -0.00749378692390529,
    -0.416288162746834,
    -0.00204420801181654,
    0.785694091058975,
    0.487070194898587,
    13.06338953719,
    -0.207005728792914,
    0.924220298429272,
    -0.249539516737477,
    0.254502339473567,
    -0.137023460619764,
    0.987978036146897,
    -0.0769054883393093,
    0.05332019528008,
    -0.123052438943352,
    0.924769725789176,
    0.249950777834341,
    0.252781629133995,
    0.135746126634183,
    0.986546970259068,
    0.0792159449028842,
    0.0566779107292627,
    0.131291751382797,
    -2.13819184737893,
    -2.34501147063071,
    2.63304033724599,
    -1.34151439164236,
    -0.943150832279563,
    0.424813967034677,
    2.16513992881807,
    -2.30985091496456,
    -2.58629118871189,
    1.38730576385529,
    -0.97682230322563,
    -0.476588878615629
  ]
}