{
  "T_WB": [
    [
      0.954468646633785,
      -0.00214985415316868,
      0.298303504371287,
      -0.0497106560749565
    ],
    [
      0.00182169423731901,
      0.999997391102039,
      0.00137812162820736,
      4.2399316772181e-05
    ],
    [
      -0.298305688888388,
      -0.000771956110486586,
      0.954470072899401,
      0.352514973253696
    ],
    [
      0.0,
      0.0,
      0.0,
      1.0
    ]
  ],
  "T_WH": {
    "0": [
      [
        0.115155660253846,
        0.891431149976606,
        -0.438280365477267,
        -0.0114631148767037
      ],
      [
        -0.800950743962317,
        -0.177647890070744,
        -0.571768425938005,
        -0.0318846494290003
      ],
      [
        -0.587551767640701,
        0.416883355394287,
        0.693535282691147,
        0.340607448293696
      ],
      [
        0.0,
        0.0,
        0.0,
        1.0
      ]
    ],
    "1": [
      [
        -0.652654745673271,
        -0.661579736028071,
        0.369261473521388,
        -0.0879581972732093
      ],
      [
        0.726812711248044,
        -0.684336955713245,
        0.0585338689426489,
        0.0319694480625447
      ],
      [
        0.213974451088034,
        0.306586340077565,
        0.927480323435176,
        0.364422498213696
      ],
      [
        0.0,
        0.0,
        0.0,
        1.0
      ]
    ],
    "2": [
      [
        0.11199830982881,
        -0.890305250228466,
        -0.44137618876772,
        -0.0116007055425065
      ],
      [
        0.800120540871661,
        -0.182607262146618,
        0.571368276934026,
        0.0321151836015302
      ],
      [
        -0.589290674175938,
        -0.417146436191111,
        0.691899813630792,
        0.340558043102624
      ],
      [
        0.0,
        0.0,
        0.0,
        1.0
      ]
    ],
    "3": [
      [
        -0.649798572923122,
        0.6641697424851,
        0.369648979160432,
        -0.0878206066074065
      ],
      [
        -0.72904644732595,
        -0.682180818290365,
        -0.0558624095264319,
        -0.0320303849679858
      ],
      [
        0.215065320934094,
        -0.305790589004899,
        0.927490713380761,
        0.364471903404767
      ],
      [
        0.0,
        0.0,
        0.0,
        1.0
      ]
    ]
  },
  "T_WP": {
    "0": [
      [
        0.438280365477267,
        0.891431149976606,
        0.115155660253846,
        -0.00340221865893444
      ],
      [
        0.571768425938005,
        -0.177647890070744,
        -0.800950743962317,
        -0.0879512015063625
      ],
      [
        -0.693535282691147,
        0.416883355394287,
        -0.587551767640701,
        0.299478824558847
      ],
      [
        0.0,
        0.0,
        0.0,
        1.0
      ]
    ],
    "1": [
      [
        -0.369261473521388,
        -0.661579736028071,
        -0.652654745673271,
        -0.133644029470338
      ],
      [
        -0.0585338689426488,
        -0.684336955713245,
        0.726812711248044,
        0.0828463378499077
      ],
      [
        -0.927480323435176,
        0.306586340077565,
        0.213974451088034,
        0.379400709789858
      ],
      [
        0.0,
        0.0,
        0.0,
        1.0
      ]
    ],
    "2": [
      [
        0.44137618876772,
        -0.890305250228466,
        0.11199830982881,
        -0.00376082385448975
      ],
      [
        -0.571368276934026,
        -0.182607262146618,
        0.800120540871661,
        0.0881236214625464
      ],
      [
        -0.691899813630792,
        -0.417146436191111,
        -0.589290674175938,
        0.299307695910309
      ],
      [
        0.0,
        0.0,
        0.0,
        1.0
      ]
    ],
    "3": [
      [
        -0.369648979160432,
        0.6641697424851,
        -0.649798572923122,
        -0.133306506712025
      ],
      [
        0.0558624095264318,
        -0.682180818290365,
        -0.72904644732595,
        -0.0830636362808023
      ],
      [
        -0.927490713380761,
        -0.305790589004899,
        0.215065320934094,
        0.379526475870153
      ],
      [
        0.0,
        0.0,
        0.0,
        1.0
      ]
    ]
  },
  "simTime": 0.528499999999958,
  "state": [
    -0.0497106560749565,
    4.2399316772181e-05,
    0.352514973253696,
    0.988551479518799,
    -0.000543744504772919,
    0.150879647044302,
    0.00100438582936038,
    -0.281673284953853,
    -2.05375211217975e-05,
    -0.27654722493688,
    -0.0114880793183137,
    -4.0020495074536,
    0.00117143878118933,
    0.819075435134214,
    0.46101202598223,
    0.149173870574076,
    -0.307132707143681,
    0.998760936568646,
    0.047136359734868,
    -0.00597732751530753,
    -0.0147995517243514,
    0.818831963521261,
    -0.46144882162058,
    0.149346833528588,
    0.307041892672448,
    0.99875540016388,
    -0.0473143171807982,
    -0.00591528905990862,
    0.014629264798396,
    -2.82188962900538,
    -1.78733219042016,
    -4.96439862250958,
    -0.112097988683744,
    0.243628723668965,
    -0.614888675101299,
    2.82209651688077,
    -1.78840335556928,
    4.96919366607266,
    0.109313053788864,
    0.24307866111472,
    0.616312337249239
  ]
}