{
  "T_WB": [
    [
      0.511910703929962,
      -0.000866518791276015,
      0.859038229851917,
      -0.0133312968440783
    ],
    [
      0.000666149073755926,
      0.999999591008605,
      0.000611741803038482,
      1.85809058377857e-05
    ],
    [
      -0.859038408598441,
      0.000259090344119971,
      0.51191107179358,
      0.275846592439142
    ],
    [
      0.0,
      0.0,
      0.0,
      1.0
    ]
  ],
  "T_WH": {
    "0": [
      [
        0.509273400754733,
        0.860431861972125,
        0.0172514981057152,
        0.00717285991444106
      ],
      [
        -0.657498540561079,
        0.40193857777405,
        -0.637291965159632,
        -0.0319547600434874
      ],
      [
        -0.55528035481526,
        0.313213011543513,
        0.770429319896435,
        0.241476765204193
      ],
      [
        0.0,
        0.0,
        0.0,
        1.0
      ]
    ],
    "1": [
      [
        -0.320447688780386,
        -0.273503717383692,
        0.906922816634696,
        -0.0338354536025976
      ],
      [
        0.667729694170695,
        -0.744315505096916,
        0.0114666645120865,
        0.0319919218551629
      ],
      [
        0.671900538977325,
        0.609253761128829,
        0.421140736894873,
        0.310216419674092
      ],
      [
        0.0,
        0.0,
        0.0,
        1.0
      ]
    ],
    "2": [
      [
        0.508757938025799,
        -0.860772656545057,
        0.0153555931211965,
        0.0071174027117994
      ],
      [
        0.658566735261951,
        0.400608649720235,
        0.637026345589997,
        0.0320452137810634
      ],
      [
        -0.554486443208627,
        -0.313979527220639,
        0.770689068810601,
        0.241493346986216
      ],
      [
        0.0,
        0.0,
        0.0,
        1.0
      ]
    ],
    "3": [
      [
        -0.319605968301947,
        0.274777417677898,
        0.90683482275442,
        -0.0337799963999559
      ],
      [
        -0.668371133811408,
        -0.74375805044939,
        -0.0101975428106585,
        -0.0320080519693878
      ],
      [
        0.671663645371274,
        -0.60936141420834,
        0.421362806095393,
        0.310199837892068
      ],
      [
        0.0,
        0.0,
        0.0,
        1.0
      ]
    ]
  },
  "T_WP": {
    "0": [
      [
        -0.0172514981057152,
        0.860431861972125,
        0.509273400754733,
        0.0428219979672724
      ],
      [
        0.637291965159632,
        0.40193857777405,
        -0.657498540561079,
        -0.0779796578827629
      ],
      [
        -0.770429319896435,
        0.313213011543513,
        -0.55528035481526,
        0.202607140367124
      ],
      [
        0.0,
        0.0,
        0.0,
        1.0
      ]
    ],
    "1": [
      [
        -0.906922816634696,
        -0.273503717383692,
        -0.320447688780386,
        -0.0562667918172246
      ],
      [
        -0.0114666645120864,
        -0.744315505096916,
        0.667729694170695,
        0.0787330004471115
      ],
      [
        -0.421140736894873,
        0.609253761128829,
        0.671900538977325,
        0.357249457402504
      ],
      [
        0.0,
        0.0,
        0.0,
        1.0
      ]
    ],
    "2": [
      [
        -0.0153555931211965,
        -0.860772656545057,
        0.508757938025799,
        0.0427304583736053
      ],
      [
        -0.637026345589997,
        0.400608649720235,
        0.658566735261951,
        0.0781448852493999
      ],
      [
        -0.770689068810601,
        -0.313979527220639,
        -0.554486443208627,
        0.202679295961612
      ],
      [
        0.0,
        0.0,
        0.0,
        1.0
      ]
    ],
    "3": [
      [
        -0.90683482275442,
        0.274777417677898,
        -0.319605968301947,
        -0.0561524141810922
      ],
      [
        0.0101975428106584,
        -0.74375805044939,
        -0.668371133811408,
        -0.0787940313361864
      ],
      [
        -0.421362806095393,
        -0.60936141420834,
        0.671663645371274,
        0.357216293068057
      ],
      [
        0.0,
        0.0,
        0.0,
        1.0
      ]
    ]
  },
  "simTime": 0.373499999999975,
  "state": [
    -0.0133312968440783,
    1.85809058377857e-05,
    0.275846592439142,
    0.869456923420037,
    -0.000101399922589421,
    0.494008556425155,
    0.000440696894736068,
    -0.186438202620263,
    0.000292146485307152,
    1.25750471400142,
    -0.00990660642354577,
    -5.30958078068756,
    0.00470625571062102,
    0.836752469958728,
    0.541458983383502,
    -0.0491080516719386,
    0.0652370492301598,
    0.998301993417966,
    0.0392122931649425,
    -0.0335395324765667,
    0.0270300899686784,
    0.836519727218426,
    -0.541762805207252,
    -0.049402031208818,
    -0.0654770813401374,
    0.998303417973398,
    -0.0391506060056192,
    -0.0334262753887872,
    -0.0272066136381699,
    1.60959424939134,
    0.523625439500742,
    -4.97024425528529,
    0.292553509855409,
    0.368783662298281,
    -0.430510758878858,
    -1.61273897456814,
    0.527459501995697,
    4.97335749686363,
    -0.295524737852515,
    0.368095272047787,
    0.429242900609993
  ]
}