{
  "T_WB": [
    [
      -0.991610121405328,
      0.0650623048616075,
      -0.111697196082109,
      -0.227930216608108
    ],
    [
      0.0685647298577715,
      0.997259183973861,
      -0.0278028379724075,
      -0.00077509820174014
    ],
    [
      0.109582137896834,
      -0.035228063612472,
      -0.993353279849659,
      0.174014592919014
    ],
    [
      0.0,
      0.0,
      0.0,
      1.0
    ]
  ],
  "T_WH": {
    "0": [
      [
        -0.744991953000134,
        -0.2852880601759,
        -0.602990640628955,
        -0.269676615219892
      ],
      [
        -0.474435353464872,
        0.862041778935373,
        0.178311712325915,
        -0.0299448028945928
      ],
      [
        0.468932922013061,
        0.418920868531289,
        -0.777564930125634,
        0.179525176470487
      ],
      [
        0.0,
        0.0,
        0.0,
        1.0
      ]
    ],
    "1": [
      [
        0.694182325712815,
        0.705583056470402,
        0.142349742148813,
        -0.186183817996323
      ],
      [
        0.715116440835785,
        -0.653523639026277,
        -0.248022840238982,
        0.0283946064911125
      ],
      [
        -0.0819717921867462,
        0.273969713026345,
        -0.958238603704711,
        0.168504009367542
      ],
      [
        0.0,
        0.0,
        0.0,
        1.0
      ]
    ],
    "2": [
      [
        -0.675505230107338,
        0.386046984771537,
        -0.628220032828019,
        -0.265512627708749
      ],
      [
        0.596687493697931,
        0.786736987928009,
        -0.158142172397009,
        0.0338797848797343
      ],
      [
        0.433193627564065,
        -0.481676901433699,
        -0.761794357857235,
        0.177270580399289
      ],
      [
        0.0,
        0.0,
        0.0,
        1.0
      ]
    ],
    "3": [
      [
        0.590474839692938,
        -0.786711944961291,
        0.180066041620351,
        -0.190347805507466
      ],
      [
        -0.806756428093773,
        -0.569297531676415,
        0.158254182113831,
        -0.0354299812832145
      ],
      [
        -0.0219893023758221,
        -0.23871454937302,
        -0.970840787409893,
        0.17075860543874
      ],
      [
        0.0,
        0.0,
        0.0,
        1.0
      ]
    ]
  },
  "T_WP": {
    "0": [
      [
        0.602990640628955,
        -0.2852880601759,
        -0.744991953000134,
        -0.321826051929902
      ],
      [
        -0.178311712325915,
        0.862041778935373,
        -0.474435353464872,
        -0.0631552776371338
      ],
      [
        0.777564930125634,
        0.418920868531289,
        0.468932922013061,
        0.212350481011401
      ],
      [
        0.0,
        0.0,
        0.0,
        1.0
      ]
    ],
    "1": [
      [
        -0.142349742148813,
        0.705583056470402,
        0.694182325712815,
        -0.137591055196426
      ],
      [
        0.248022840238982,
        -0.653523639026277,
        0.715116440835785,
        0.0784527573496175
      ],
      [
        0.958238603704711,
        0.273969713026345,
        -0.0819717921867462,
        0.16276598391447
      ],
      [
        0.0,
        0.0,
        0.0,
        1.0
      ]
    ],
    "2": [
      [
        0.628220032828019,
        0.386046984771537,
        -0.675505230107338,
        -0.312797993816263
      ],
      [
        0.158142172397009,
        0.786736987928009,
        0.596687493697931,
        0.0756479094385895
      ],
      [
        0.761794357857235,
        -0.481676901433699,
        0.433193627564065,
        0.207594134328773
      ],
      [
        0.0,
        0.0,
        0.0,
        1.0
      ]
    ],
    "3": [
      [
        -0.180066041620351,
        -0.786711944961291,
        0.590474839692938,
        -0.14901456672896
      ],
      [
        -0.158254182113831,
        -0.569297531676415,
        -0.806756428093773,
        -0.0919029312497787
      ],
      [
        0.970840787409893,
        -0.23871454937302,
        -0.0219893023758221,
        0.169219354272433
      ],
      [
        0.0,
        0.0,
        0.0,
        1.0
      ]
    ]
  },
  "simTime": 1.01049999999991,
  "state": [
    -0.227930216608108,
    -0.00077509820174014,
    0.174014592919014,
    -0.0554431752312074,
    0.0334812427728935,
    0.997775348616717,
    -0.0157928590018443,
    -0.437109475118296,
    -0.00601085339739844,
    -0.623995342598604,
    0.464615587591251,
    12.7713563979479,
    -0.271869954531774,
    0.949950358775103,
    -0.236012717309074,
    0.164019097553876,
    0.122433854668763,
    0.984878846652738,
    -0.168385414823479,
    0.0146214312095354,
    -0.0380292419078079,
    0.948781536763951,
    0.239443926185239,
    0.164370117558343,
    -0.124348969286803,
    0.984013027904486,
    0.172432951630795,
    0.0181474700813344,
    0.0406928425621107,
    1.10996836945287,
    -1.80999483763591,
    2.40996031972091,
    -0.823939307653357,
    -0.572169903055772,
    1.47510387279195,
    -1.07937600713168,
    -1.81329913114206,
    -2.46353355291086,
    0.822979447152572,
    -0.579429537964603,
    -1.53811641649479
  ]
}