{
  "T_WB": [
    [
      -2.22044604925031e-16,
      1.21358746708e-21,
      1.0,
      3.37158336662521e-37
    ],
    [
      1.83311656283457e-22,
      1.0,
      -1.21358746708e-21,
      9.69796142627846e-22
    ],
    [
      -1.0,
      1.83311656283457e-22,
      -2.22044604925031e-16,
      0.49215472
    ],
    [
      0.0,
      0.0,
      0.0,
      1.0
    ]
  ],
  "T_WH": {
    "0": [
      [
        -1.57016744882459e-16,
        -1.5646950969398e-16,
        1.0,
        -8.8818230318002e-18
      ],
      [
        -0.707106779455507,
        0.707106782917588,
        -3.86953170020146e-19,
        -0.032
      ],
      [
        -0.707106782917588,
        -0.707106779455507,
        -2.21668256420719e-16,
        0.45215472
      ],
      [
        0.0,
        0.0,
        0.0,
        1.0
      ]
    ],
    "1": [
      [
        1.57016744882459e-16,
        1.56498988185226e-16,
        1.0,
        8.8818230318002e-18
      ],
      [
        0.707106779455507,
        -0.707106782917588,
        -3.66108728909798e-19,
        0.032
      ],
      [
        0.707106782917588,
        0.707106779455507,
        -2.21689100861728e-16,
        0.53215472
      ],
      [
        0.0,
        0.0,
        0.0,
        1.0
      ]
    ],
    "2": [
      [
        -1.5701622558431e-16,
        1.56700014848772e-16,
        1.0,
        -8.88174536220231e-18
      ],
      [
        0.707106779455507,
        0.707106782917588,
        2.23594212327628e-19,
        0.032
      ],
      [
        -0.707106782917588,
        0.707106779455507,
        -2.21830880979129e-16,
        0.45215472
      ],
      [
        0.0,
        0.0,
        0.0,
        1.0
      ]
    ],
    "3": [
      [
        1.5701622558431e-16,
        -1.56469746199453e-16,
        1.0,
        8.88174536220231e-18
      ],
      [
        -0.707106779455507,
        -0.707106782917588,
        3.86418736154275e-19,
        -0.032
      ],
      [
        0.707106782917588,
        -0.707106779455507,
        -2.216680564561e-16,
        0.53215472
      ],
      [
        0.0,
        0.0,
        0.0,
        1.0
      ]
    ]
  },
  "T_WP": {
    "0": [
      [
        -1.0,
        -1.5646950969398e-16,
        -9.57844049250912e-17,
        -1.98729951735723e-17
      ],
      [
        -4.29108495357589e-17,
        0.707106782917588,
        -0.707106779455507,
        -0.0814974745618855
      ],
      [
        1.78370453502949e-16,
        -0.707106779455507,
        -0.707106782917588,
        0.402657245195768
      ],
      [
        0.0,
        0.0,
        0.0,
        1.0
      ]
    ],
    "1": [
      [
        -1.0,
        1.56498988185226e-16,
        2.18249084839827e-16,
        1.98729951735723e-17
      ],
      [
        4.36639114346888e-17,
        -0.707106782917588,
        0.707106779455507,
        0.0814974745618855
      ],
      [
        2.64986903779498e-16,
        0.707106779455507,
        0.707106782917588,
        0.581652194804231
      ],
      [
        0.0,
        0.0,
        0.0,
        1.0
      ]
    ],
    "2": [
      [
        -1.0,
        1.56700014848772e-16,
        -9.57838856269424e-17,
        -1.9872881153104e-17
      ],
      [
        4.30742084934514e-17,
        0.707106782917588,
        0.707106779455507,
        0.0814974745618855
      ],
      [
        1.78533078061359e-16,
        0.707106779455507,
        -0.707106782917588,
        0.402657245195768
      ],
      [
        0.0,
        0.0,
        0.0,
        1.0
      ]
    ],
    "3": [
      [
        -1.0,
        -1.56469746199453e-16,
        2.18248565541678e-16,
        1.9872881153104e-17
      ],
      [
        -4.36842214419333e-17,
        -0.707106782917588,
        -0.707106779455507,
        -0.0814974745618855
      ],
      [
        2.6496585937387e-16,
        -0.707106779455507,
        0.707106782917588,
        0.581652194804231
      ],
      [
        0.0,
        0.0,
        0.0,
        1.0
      ]
    ]
  },
  "simTime": 0.0400000000000001,
  "state": [
    3.37158336662521e-37,
    9.69796142627846e-22,
    0.49215472,
    0.707106781186548,
    4.93878421381923e-22,
    0.707106781186548,
    -3.64257506153353e-22,
    3.05763029717778e-35,
    5.78849567432316e-20,
    -0.392264000000002,
    1.04385251342958e-19,
    -1.05703927094366e-18,
    -5.15166194167246e-19,
    1.0,
    2.69438827049959e-19,
    3.32024689390748e-21,
    -1.13461311708818e-20,
    1.0,
    -2.54699581426871e-19,
    -3.32024689390739e-21,
    1.13097956784835e-20,
    1.0,
    -1.5504438558357e-19,
    3.91873374493148e-21,
    8.59152469079004e-21,
    1.0,
    2.70178710243007e-19,
    -3.9187337449314e-21,
    -1.08015005726097e-20,
    2.13671732014969e-17,
    3.76423627225832e-19,
    -1.72363290920994e-18,
    -2.15770970075538e-17,
    -3.76423627225823e-19,
    1.66858507782049e-18,
    -9.75695581782743e-18,
    4.70602405527734e-19,
    1.1739368539208e-18,
    2.13792480516491e-17,
    -4.70602405527727e-19,
    -1.63759369284509e-18
  ]
}