{
  "T_WB": [
    [
      -0.988021480842178,
      0.0701311988240779,
      0.137459697169485,
      -0.219261379385845
    ],
    [
      0.0658310766339874,
      0.997195921401632,
      -0.0355888141016232,
      -0.000671703070784924
    ],
    [
      -0.139570135572188,
      -0.0261133929516537,
      -0.989867803277243,
      0.184428018727819
    ],
    [
      0.0,
      0.0,
      0.0,
      1.0
    ]
  ],
  "T_WH": {
    "0": [
      [
        -0.802742293763514,
        -0.413974194317998,
        -0.429220428500387,
        -0.261026436981902
      ],
      [
        -0.521380165113595,
        0.836574403242669,
        0.168243844657963,
        -0.0299487294902777
      ],
      [
        0.289426213791031,
        0.358843467653986,
        -0.887391589149148,
        0.179680841879384
      ],
      [
        0.0,
        0.0,
        0.0,
        1.0
      ]
    ],
    "1": [
      [
        0.669999101164079,
        0.642237586180459,
        0.372333301406715,
        -0.177496321789787
      ],
      [
        0.737528823488792,
        -0.632999217084117,
        -0.235293913423473,
        0.0286053233487078
      ],
      [
        0.08457209328475,
        0.432253252235298,
        -0.89777763781988,
        0.189175195576253
      ],
      [
        0.0,
        0.0,
        0.0,
        1.0
      ]
    ],
    "2": [
      [
        -0.72152076593615,
        0.521123970103566,
        -0.45589208383828,
        -0.256538040257161
      ],
      [
        0.641659454127212,
        0.750651057899858,
        -0.157467883084119,
        0.0338718094794268
      ],
      [
        0.260155586624775,
        -0.406143813269785,
        -0.875994448435946,
        0.178009584730478
      ],
      [
        0.0,
        0.0,
        0.0,
        1.0
      ]
    ],
    "3": [
      [
        0.553423496886065,
        -0.725765911448744,
        0.408639541495159,
        -0.181984718514528
      ],
      [
        -0.822739916428639,
        -0.552754086098796,
        0.132521508503644,
        -0.0352152156209967
      ],
      [
        0.129697582897278,
        -0.409544578867867,
        -0.903023684578951,
        0.190846452725159
      ],
      [
        0.0,
        0.0,
        0.0,
        1.0
      ]
    ]
  },
  "T_WP": {
    "0": [
      [
        0.429220428500387,
        -0.413974194317998,
        -0.802742293763514,
        -0.317218397545348
      ],
      [
        -0.168243844657963,
        0.836574403242669,
        -0.521380165113595,
        -0.0664453410482293
      ],
      [
        0.887391589149148,
        0.358843467653986,
        0.289426213791031,
        0.199940676844756
      ],
      [
        0.0,
        0.0,
        0.0,
        1.0
      ]
    ],
    "1": [
      [
        -0.372333301406715,
        0.642237586180459,
        0.669999101164079,
        -0.130596384708302
      ],
      [
        0.235293913423474,
        -0.632999217084117,
        0.737528823488792,
        0.0802323409929232
      ],
      [
        0.89777763781988,
        0.432253252235298,
        0.0845720932847499,
        0.195095242106186
      ],
      [
        0.0,
        0.0,
        0.0,
        1.0
      ]
    ],
    "2": [
      [
        0.45589208383828,
        0.521123970103566,
        -0.72152076593615,
        -0.307044493872692
      ],
      [
        0.157467883084119,
        0.750651057899858,
        0.641659454127212,
        0.0787879712683316
      ],
      [
        0.875994448435946,
        -0.406143813269785,
        0.260155586624775,
        0.196220475794212
      ],
      [
        0.0,
        0.0,
        0.0,
        1.0
      ]
    ],
    "3": [
      [
        -0.408639541495159,
        -0.725765911448744,
        0.553423496886065,
        -0.143245073732504
      ],
      [
        -0.132521508503644,
        -0.552754086098796,
        -0.822739916428639,
        -0.0928070097710014
      ],
      [
        0.903023684578951,
        -0.409544578867867,
        0.129697582897278,
        0.199925283527969
      ],
      [
        0.0,
        0.0,
        0.0,
        1.0
      ]
    ]
  },
  "simTime": 0.990999999999907,
  "state": [
    -0.219261379385845,
    -0.000671703070784924,
    0.184428018727819,
    0.0694741629712287,
    0.0340969244706611,
    0.996880785941962,
    -0.0154738179136871,
    -0.451506255217062,
    -0.00462151694767667,
    -0.444739416679223,
    0.4657176607932,
    12.8468804042033,
    -0.262643135217684,
    0.947321552736397,
    -0.250943489041812,
    0.174129946662213,
    0.0963742844541012,
    0.985563487211706,
    -0.159911042844445,
    0.0176222071695765,
    -0.0527496811931166,
    0.946294278362378,
    0.25415985265019,
    0.174283577559156,
    -0.097750409884773,
    0.984641680153176,
    0.163990536564377,
    0.0210351203748468,
    0.0560837706763304,
    0.789238207779999,
    -1.88889235367381,
    2.60805959639938,
    -0.930179096459623,
    -0.607679652677299,
    1.36300357379651,
    -0.750649628782107,
    -1.88543283459223,
    -2.65176536882326,
    0.934299850548677,
    -0.617190745434827,
    -1.42817876953035
  ]
}