{
  "T_WB": [
    [
      -2.22044604925031e-16,
      6.58805084523961e-20,
      1.0,
      -3.3375303325511e-36
    ],
    [
      -9.63980585481387e-19,
      1.0,
      -6.58805084523961e-20,
      5.16315958091295e-21
    ],
    [
      -1.0,
      -9.63980585481388e-19,
      -2.22044604925031e-16,
      0.366507657500001
    ],
    [
      0.0,
      0.0,
      0.0,
      1.0
    ]
  ],
  "T_WH": {
    "0": [
      [
        -1.57133557590275e-16,
        -1.53471808572867e-16,
        1.0,
        -8.88389237327173e-18
      ],
      [
        -0.707106779455507,
        0.707106782917588,
        -2.58924702354234e-18,
        -0.032
      ],
      [
        -0.707106782917588,
        -0.707106779455507,
        -2.19631160693227e-16,
        0.326507657500001
      ],
      [
        0.0,
        0.0,
        0.0,
        1.0
      ]
    ],
    "1": [
      [
        1.57133557590275e-16,
        1.53476961803766e-16,
        1.0,
        8.88389237327173e-18
      ],
      [
        0.707106779455507,
        -0.707106782917588,
        -2.58560313901959e-18,
        0.032
      ],
      [
        0.707106782917588,
        0.707106779455507,
        -2.19634804577732e-16,
        0.406507657500002
      ],
      [
        0.0,
        0.0,
        0.0,
        1.0
      ]
    ],
    "2": [
      [
        -1.57056057569227e-16,
        1.54631669821203e-16,
        1.0,
        -8.87967602073078e-18
      ],
      [
        0.707106779455507,
        0.707106782917588,
        1.71430047730927e-18,
        0.032
      ],
      [
        -0.707106782917588,
        0.707106779455507,
        -2.20396505654594e-16,
        0.326507657500001
      ],
      [
        0.0,
        0.0,
        0.0,
        1.0
      ]
    ],
    "3": [
      [
        1.57056057569227e-16,
        -1.53556681865572e-16,
        1.0,
        8.87967602073078e-18
      ],
      [
        -0.707106779455507,
        -0.707106782917588,
        2.47443175229092e-18,
        -0.032
      ],
      [
        0.707106782917588,
        -0.707106779455507,
        -2.19636374383334e-16,
        0.406507657500002
      ],
      [
        0.0,
        0.0,
        0.0,
        1.0
      ]
    ]
  },
  "T_WP": {
    "0": [
      [
        -1.0,
        -1.53471808572867e-16,
        -9.59012176329073e-17,
        -1.9883241404591e-17
      ],
      [
        -4.07085556822367e-17,
        0.707106782917588,
        -0.707106779455507,
        -0.0814974745618855
      ],
      [
        1.76333357775456e-16,
        -0.707106779455507,
        -0.707106782917588,
        0.27701018269577
      ],
      [
        0.0,
        0.0,
        0.0,
        1.0
      ]
    ],
    "1": [
      [
        -1.0,
        1.53476961803766e-16,
        2.18365897547643e-16,
        1.9883241404591e-17
      ],
      [
        4.58834058447986e-17,
        -0.707106782917588,
        0.707106779455507,
        0.0814974745618855
      ],
      [
        2.62932607495502e-16,
        0.707106779455507,
        0.707106782917588,
        0.456005132304233
      ],
      [
        0.0,
        0.0,
        0.0,
        1.0
      ]
    ],
    "2": [
      [
        -1.0,
        1.54631669821203e-16,
        -9.58237176118591e-17,
        -1.98736000505767e-17
      ],
      [
        4.15835022284698e-17,
        0.707106782917588,
        0.707106779455507,
        0.0814974745618855
      ],
      [
        1.77098702736823e-16,
        0.707106779455507,
        -0.707106782917588,
        0.27701018269577
      ],
      [
        0.0,
        0.0,
        0.0,
        1.0
      ]
    ],
    "3": [
      [
        -1.0,
        -1.53556681865572e-16,
        2.18288397526594e-16,
        1.98736000505767e-17
      ],
      [
        -4.57722344580699e-17,
        -0.707106782917588,
        -0.707106779455507,
        -0.0814974745618855
      ],
      [
        2.62934177301104e-16,
        -0.707106779455507,
        0.707106782917588,
        0.456005132304233
      ],
      [
        0.0,
        0.0,
        0.0,
        1.0
      ]
    ]
  },
  "simTime": 0.164999999999998,
  "state": [
    -3.3375303325511e-36,
    5.16315958091295e-21,
    0.366507657500001,
    0.707106781186548,
    -3.1752632732568e-19,
    0.707106781186548,
    -3.64110881600387e-19,
    -7.0410930838596e-35,
    -1.1075901607725e-20,
    -1.61808899999997,
    6.79810110897978e-19,
    -7.99485380711889e-18,
    -1.50325768869269e-17,
    1.0,
    1.74542617837704e-18,
    3.88633916843608e-20,
    -5.63274209295917e-19,
    1.0,
    -1.74284956292745e-18,
    -3.88633916843603e-20,
    5.60408245696021e-19,
    1.0,
    -1.21208010859761e-18,
    4.66979353208925e-20,
    3.37450520914283e-19,
    1.0,
    1.74957408641329e-18,
    -4.6697935320892e-20,
    -5.54671387575592e-19,
    2.02792951399387e-17,
    5.41310700840814e-19,
    -1.60692112129153e-17,
    -2.0536433001543e-17,
    -5.4131070084081e-19,
    1.60382668520529e-17,
    -2.26988437420787e-17,
    4.74752154430398e-19,
    1.07288231599245e-17,
    2.03762793838943e-17,
    -4.74752154430393e-19,
    -1.60958768755873e-17
  ]
}