{
  "T_WB": [
    [
      -0.805722797462333,
      0.072389686841796,
      0.587852453331974,
      -0.201729559539729
    ],
    [
      0.054781005771646,
      0.997356801301629,
      -0.0477331363313768,
      -0.000538913051456399
    ],
    [
      -0.589754029283497,
      -0.00625652749771271,
      -0.80755869186552,
      0.194845645285742
    ],
    [
      0.0,
      0.0,
      0.0,
      1.0
    ]
  ],
  "T_WH": {
    "0": [
      [
        -0.782953046669577,
        -0.621320650630691,
        -0.0307437117258631,
        -0.23627494141716
      ],
      [
        -0.619855386162194,
        0.775022264812181,
        0.122962552393464,
        -0.0302630904622427
      ],
      [
        -0.0525721119658062,
        0.115330560326624,
        -0.991934995298685,
        0.171455692994329
      ],
      [
        0.0,
        0.0,
        0.0,
        1.0
      ]
    ],
    "1": [
      [
        0.51289341387681,
        0.41808340953484,
        0.749764368767625,
        -0.167184177662298
      ],
      [
        0.778971393671145,
        -0.593694661835695,
        -0.201817284566595,
        0.0291852643593299
      ],
      [
        0.360754644937284,
        0.687555751324591,
        -0.630177098105486,
        0.218235597577155
      ],
      [
        0.0,
        0.0,
        0.0,
        1.0
      ]
    ],
    "2": [
      [
        -0.685377432666217,
        0.726277978814294,
        -0.0527074215010499,
        -0.231642001459285
      ],
      [
        0.725588095837295,
        0.675028044666334,
        -0.133637771955213,
        0.0335677448210616
      ],
      [
        -0.06147918323362,
        -0.129836190653338,
        -0.989627643927532,
        0.171055275234475
      ],
      [
        0.0,
        0.0,
        0.0,
        1.0
      ]
    ],
    "3": [
      [
        0.38546479286796,
        -0.496971915925153,
        0.777454698513646,
        -0.171817117620173
      ],
      [
        -0.845540548968625,
        -0.527580251656417,
        0.0819771804344819,
        -0.0346455709239744
      ],
      [
        0.369429389070627,
        -0.688968789455542,
        -0.62357351903931,
        0.218636015337009
      ],
      [
        0.0,
        0.0,
        0.0,
        1.0
      ]
    ]
  },
  "T_WP": {
    "0": [
      [
        0.030743711725863,
        -0.621320650630691,
        -0.782953046669577,
        -0.29108165468403
      ],
      [
        -0.122962552393464,
        0.775022264812181,
        -0.619855386162194,
        -0.0736529674935963
      ],
      [
        0.991934995298685,
        0.115330560326624,
        -0.0525721119658063,
        0.167775645156722
      ],
      [
        0.0,
        0.0,
        0.0,
        1.0
      ]
    ],
    "1": [
      [
        -0.749764368767625,
        0.41808340953484,
        0.51289341387681,
        -0.131281638690921
      ],
      [
        0.201817284566595,
        -0.593694661835695,
        0.778971393671145,
        0.08371326191631
      ],
      [
        0.630177098105486,
        0.687555751324591,
        0.360754644937284,
        0.243488422722765
      ],
      [
        0.0,
        0.0,
        0.0,
        1.0
      ]
    ],
    "2": [
      [
        0.0527074215010499,
        0.726277978814294,
        -0.685377432666217,
        -0.27961842174592
      ],
      [
        0.133637771955214,
        0.675028044666334,
        0.725588095837295,
        0.0843589115296723
      ],
      [
        0.989627643927532,
        -0.129836190653338,
        -0.0614791832336201,
        0.166751732408122
      ],
      [
        0.0,
        0.0,
        0.0,
        1.0
      ]
    ],
    "3": [
      [
        -0.777454698513646,
        -0.496971915925153,
        0.38546479286796,
        -0.144834582119416
      ],
      [
        -0.0819771804344819,
        -0.527580251656417,
        -0.845540548968625,
        -0.0938334093517781
      ],
      [
        0.62357351903931,
        -0.688968789455542,
        0.369429389070626,
        0.244496072571953
      ],
      [
        0.0,
        0.0,
        0.0,
        1.0
      ]
    ]
  },
  "simTime": 0.952999999999911,
  "state": [
    -0.201729559539729,
    -0.000538913051456399,
    0.194845645285742,
    0.309869049750768,
    0.0334630135431598,
    0.950083981897059,
    -0.01420655038339,
    -0.468290249718481,
    -0.00252293999270126,
    -0.105316252577978,
    0.469906663419199,
    12.970179972912,
    -0.244785715590764,
    0.941840416900898,
    -0.270970103370479,
    0.194995940444125,
    0.0385799868020509,
    0.986666083852407,
    -0.140493517993414,
    0.0248390242843823,
    -0.0783238996079084,
    0.941143212083958,
    0.273519942499908,
    0.194674746174298,
    -0.0392178352935266,
    0.985621603890637,
    0.144454739291564,
    0.0280875179490186,
    0.0830299558937454,
    0.060390052979522,
    -2.03675588367708,
    2.88205500273727,
    -1.10069299940519,
    -0.681587664732319,
    1.12237973129151,
    -0.0124783911594198,
    -2.02036977393025,
    -2.9010418153083,
    1.11621548518751,
    -0.696894855789359,
    -1.18920231093177
  ]
}