{
  "T_WB": [
    [
      0.997797281456073,
      -0.00206570805924653,
      -0.0663047356459822,
      -0.123849784829716
    ],
    [
      0.00203128789214831,
      0.99999776492186,
      -0.000586532850308301,
      -2.87876205821829e-05
    ],
    [
      0.0663057990553528,
      0.000450556876812527,
      0.99779924734895,
      0.04353593280086
    ],
    [
      0.0,
      0.0,
      0.0,
      1.0
    ]
  ],
  "T_WH": {
    "0": [
      [
        -0.00907962202777552,
        0.911088475728734,
        0.412110846566945,
        -0.083871790913577
      ],
      [
        -0.915318409598347,
        0.158368834632488,
        -0.370285729224742,
        -0.0319474645823958
      ],
      [
        -0.402628575133689,
        -0.380574699121525,
        0.832498125447965,
        0.0461737469430161
      ],
      [
        0.0,
        0.0,
        0.0,
        1.0
      ]
    ],
    "1": [
      [
        -0.461994359673575,
        -0.877000341836248,
        -0.132028830370146,
        -0.163827778745855
      ],
      [
        0.872007475746485,
        -0.476335080596767,
        0.112729114407567,
        0.0318898893412314
      ],
      [
        -0.161753435425794,
        -0.0630499120695392,
        0.984814974863795,
        0.0408981186587039
      ],
      [
        0.0,
        0.0,
        0.0,
        1.0
      ]
    ],
    "2": [
      [
        -0.016300869770442,
        -0.911752649111762,
        0.410416116255699,
        -0.0840039962293688
      ],
      [
        0.913453674049622,
        0.15334647628482,
        0.376944616059543,
        0.0320523923726033
      ],
      [
        -0.406616117499017,
        0.38104063438,
        0.83034412621594,
        0.0462025825831321
      ],
      [
        0.0,
        0.0,
        0.0,
        1.0
      ]
    ],
    "3": [
      [
        -0.450866965760192,
        0.882541769509532,
        -0.133562735286387,
        -0.163695573430063
      ],
      [
        -0.87692636075984,
        -0.465877914539371,
        -0.11814366910228,
        -0.0321099676137676
      ],
      [
        -0.166490651361271,
        0.0638576057759004,
        0.983973103897596,
        0.0408692830185879
      ],
      [
        0.0,
        0.0,
        0.0,
        1.0
      ]
    ]
  },
  "T_WP": {
    "0": [
      [
        -0.412110846566945,
        0.911088475728734,
        -0.00907962202777549,
        -0.0845073644555213
      ],
      [
        0.370285729224742,
        0.158368834632488,
        -0.915318409598347,
        -0.0960197532542801
      ],
      [
        -0.832498125447965,
        -0.380574699121525,
        -0.402628575133689,
        0.0179897466836579
      ],
      [
        0.0,
        0.0,
        0.0,
        1.0
      ]
    ],
    "1": [
      [
        0.132028830370146,
        -0.877000341836248,
        -0.461994359673575,
        -0.196167383923005
      ],
      [
        -0.112729114407567,
        -0.476335080596767,
        0.872007475746485,
        0.0929304126434854
      ],
      [
        -0.984814974863795,
        -0.0630499120695392,
        -0.161753435425794,
        0.0295753781788983
      ],
      [
        0.0,
        0.0,
        0.0,
        1.0
      ]
    ],
    "2": [
      [
        -0.410416116255699,
        -0.911752649111762,
        -0.0163008697704419,
        -0.0851450571132998
      ],
      [
        -0.376944616059543,
        0.15334647628482,
        0.913453674049622,
        0.0959941495560768
      ],
      [
        -0.83034412621594,
        0.38104063438,
        -0.406616117499017,
        0.0177394543582009
      ],
      [
        0.0,
        0.0,
        0.0,
        1.0
      ]
    ],
    "3": [
      [
        0.133562735286387,
        0.882541769509532,
        -0.450866965760192,
        -0.195256261033276
      ],
      [
        0.11814366910228,
        -0.465877914539371,
        -0.87692636075984,
        -0.0934948128669564
      ],
      [
        -0.983973103897596,
        0.0638576057759004,
        -0.166490651361271,
        0.0292149374232989
      ],
      [
        0.0,
        0.0,
        0.0,
        1.0
      ]
    ]
  },
  "simTime": 0.758499999999933,
  "state": [
    -0.123849784829716,
    -2.87876205821829e-05,
    0.04353593280086,
    0.999449134989731,
    0.000259415334611172,
    -0.0331709063670103,
    0.0010248135217599,
    -0.248964921583272,
    -0.0017711241367121,
    0.644496861048097,
    0.205520115131222,
    22.2856046416932,
    -0.0850814329103166,
    0.888824333575671,
    -0.142698714202431,
    0.279030345063782,
    -0.334320875121976,
    0.987271033778389,
    0.00732267512583354,
    0.06541062144017,
    -0.144788586891246,
    0.88779474848233,
    0.141756354151041,
    0.28171541529527,
    0.335204482980187,
    0.986543932762929,
    -0.00742158452876166,
    0.0676649122042962,
    0.148652105495082,
    -8.86212685200381,
    3.42809845683466,
    13.1344461087548,
    -1.14679221871923,
    5.20703263614363,
    -6.97118993338038,
    8.90610473409622,
    3.58923091218579,
    -13.0569555911249,
    1.42079516371327,
    5.83662149306374,
    7.46453780634025
  ]
}