{
  "T_WB": [
    [
      0.234020211292551,
      -5.32409896380165e-05,
      0.972231730541637,
      -0.00217476705033509
    ],
    [
      0.000355558343674989,
      0.999999936314109,
      -3.08227468050636e-05,
      -7.14192833476624e-06
    ],
    [
      -0.97223166698316,
      0.000352898249499591,
      0.234020215319043,
      0.320449449262996
    ],
    [
      0.0,
      0.0,
      0.0,
      1.0
    ]
  ],
  "T_WH": {
    "0": [
      [
        0.243178229783304,
        -0.0177795830576833,
        0.969818660877256,
        0.00936251216337045
      ],
      [
        -0.608883959941624,
        0.775504489748981,
        0.166892509433406,
        -0.0319857756283045
      ],
      [
        -0.755066004985833,
        -0.631091651668335,
        0.177760106067889,
        -0.0389005594233104
      ],
      [
        0.0,
        0.0,
        0.0,
        1.0
      ]
    ],
    "1": [
      [
        -0.1313162254636,
        -0.0873709285439576,
        0.987482845306874,
        -0.00936251216337045
      ],
      [
        0.692308857339497,
        -0.721047463347575,
        0.0282666172243467,
        0.0319857756283045
      ],
      [
        0.709552320114079,
        0.687354985757283,
        0.155172898971865,
        0.0389005594233104
      ],
      [
        0.0,
        0.0,
        0.0,
        1.0
      ]
    ],
    "2": [
      [
        0.243652509306162,
        0.0172635413282675,
        0.969708938212708,
        0.00935910474003362
      ],
      [
        0.60900706688247,
        0.775422135967065,
        -0.166825967821217,
        0.0320142202957985
      ],
      [
        -0.754813783125363,
        0.631207161867704,
        0.178419930531587,
        -0.0388779739353424
      ],
      [
        0.0,
        0.0,
        0.0,
        1.0
      ]
    ],
    "3": [
      [
        -0.13125447068117,
        0.0876252341377447,
        0.987468522165902,
        -0.00935910474003362
      ],
      [
        -0.692788446932695,
        -0.720591550076156,
        -0.0281422414783653,
        -0.0320142202957985
      ],
      [
        0.709095502540236,
        -0.687800578875264,
        0.155286612352972,
        0.0388779739353424
      ],
      [
        0.0,
        0.0,
        0.0,
        1.0
      ]
    ]
  },
  "T_WP": {
    "0": [
      [
        -0.969818660877256,
        -0.0177795830576833,
        0.243178229783305,
        0.0263849882482018
      ],
      [
        -0.166892509433406,
        0.775504489748981,
        -0.608883959941624,
        -0.0746076528242182
      ],
      [
        -0.177760106067889,
        -0.631091651668335,
        -0.755066004985833,
        -0.0917551797723187
      ],
      [
        0.0,
        0.0,
        0.0,
        1.0
      ]
    ],
    "1": [
      [
        -0.987482845306874,
        -0.0873709285439576,
        -0.1313162254636,
        -0.0185546479458225
      ],
      [
        -0.0282666172243467,
        -0.721047463347575,
        0.692308857339497,
        0.0804473956420693
      ],
      [
        -0.155172898971865,
        0.687354985757283,
        0.709552320114079,
        0.0885692218312959
      ],
      [
        0.0,
        0.0,
        0.0,
        1.0
      ]
    ],
    "2": [
      [
        -0.969708938212708,
        0.0172635413282675,
        0.243652509306162,
        0.0264147803914649
      ],
      [
        0.166825967821217,
        0.775422135967065,
        0.60900706688247,
        0.0746447149775714
      ],
      [
        -0.178419930531587,
        0.631207161867704,
        -0.754813783125363,
        -0.0917149387541178
      ],
      [
        0.0,
        0.0,
        0.0,
        1.0
      ]
    ],
    "3": [
      [
        -0.987468522165902,
        0.0876252341377447,
        -0.13125447068117,
        -0.0185469176877155
      ],
      [
        0.0281422414783652,
        -0.720591550076156,
        -0.692788446932695,
        -0.0805094115810871
      ],
      [
        -0.155286612352972,
        -0.687800578875264,
        0.709095502540236,
        0.0885146591131589
      ],
      [
        0.0,
        0.0,
        0.0,
        1.0
      ]
    ]
  }
}