{
  "T_WB": [
    [
      -0.956716992818412,
      0.0719167215567163,
      0.281993937546586,
      -0.214028148450843
    ],
    [
      0.0632290730610907,
      0.997205111520957,
      -0.039800124074052,
      -0.000622831158049056
    ],
    [
      -0.284068090380333,
      -0.020247239738009,
      -0.958590303159104,
      0.188943947398066
    ],
    [
      0.0,
      0.0,
      0.0,
      1.0
    ]
  ],
  "T_WH": {
    "0": [
      [
        -0.814743235453887,
        -0.486300056864884,
        -0.315762117701511,
        -0.254598163253394
      ],
      [
        -0.550539788085864,
        0.819696365382875,
        0.158125931815363,
        -0.0300042318042761
      ],
      [
        0.181932410571904,
        0.302671642661343,
        -0.935569599074372,
        0.178229135454469
      ],
      [
        0.0,
        0.0,
        0.0,
        1.0
      ]
    ],
    "1": [
      [
        0.63682278391686,
        0.587624901540516,
        0.49915299956414,
        -0.173458133648291
      ],
      [
        0.750443931818001,
        -0.620939722992671,
        -0.226423862716199,
        0.028758569488178
      ],
      [
        0.176891625245289,
        0.518778214171801,
        -0.836408104586988,
        0.199658759341663
      ],
      [
        0.0,
        0.0,
        0.0,
        1.0
      ]
    ],
    "2": [
      [
        -0.727407867825036,
        0.594864709899161,
        -0.342072756504842,
        -0.249995493073764
      ],
      [
        0.667805838351316,
        0.728338031633592,
        -0.153489654179039,
        0.0338168953330652
      ],
      [
        0.157839019542477,
        -0.340087766014439,
        -0.927052940946297,
        0.176933312111237
      ],
      [
        0.0,
        0.0,
        0.0,
        1.0
      ]
    ],
    "3": [
      [
        0.514801767614442,
        -0.671015562034783,
        0.533589032466176,
        -0.178060803827921
      ],
      [
        -0.830748499447265,
        -0.544176978334944,
        0.117168028558848,
        -0.0350625576491633
      ],
      [
        0.211745296824187,
        -0.503596596252788,
        -0.837588441608075,
        0.200954582684896
      ],
      [
        0.0,
        0.0,
        0.0,
        1.0
      ]
    ]
  },
  "T_WP": {
    "0": [
      [
        0.315762117701511,
        -0.486300056864884,
        -0.814743235453887,
        -0.311630189735166
      ],
      [
        -0.158125931815363,
        0.819696365382875,
        -0.550539788085864,
        -0.0685420169702865
      ],
      [
        0.935569599074372,
        0.302671642661343,
        0.181932410571904,
        0.190964404194502
      ],
      [
        0.0,
        0.0,
        0.0,
        1.0
      ]
    ],
    "1": [
      [
        -0.49915299956414,
        0.587624901540516,
        0.63682278391686,
        -0.128880538774111
      ],
      [
        0.226423862716199,
        -0.620939722992671,
        0.750443931818001,
        0.081289644715438
      ],
      [
        0.836408104586988,
        0.518778214171801,
        0.176891625245289,
        0.212041173108833
      ],
      [
        0.0,
        0.0,
        0.0,
        1.0
      ]
    ],
    "2": [
      [
        0.342072756504842,
        0.594864709899161,
        -0.727407867825036,
        -0.300914043821517
      ],
      [
        0.153489654179039,
        0.728338031633592,
        0.667805838351316,
        0.0805633040176573
      ],
      [
        0.927052940946297,
        -0.340087766014439,
        0.157839019542477,
        0.18798204347921
      ],
      [
        0.0,
        0.0,
        0.0,
        1.0
      ]
    ],
    "3": [
      [
        -0.533589032466176,
        -0.671015562034783,
        0.514801767614442,
        -0.14202468009491
      ],
      [
        -0.117168028558848,
        -0.544176978334944,
        -0.830748499447265,
        -0.0932149526104719
      ],
      [
        0.837588441608075,
        -0.503596596252788,
        0.211745296824187,
        0.215776753462589
      ],
      [
        0.0,
        0.0,
        0.0,
        1.0
      ]
    ]
  },
  "simTime": 0.979499999999908,
  "state": [
    -0.214028148450843,
    -0.000622831158049056,
    0.188943947398066,
    0.143088971922578,
    0.0341621091991327,
    0.989003590425545,
    -0.0151787527349178,
    -0.458392546051849,
    -0.00389027896253364,
    -0.340844159815946,
    0.466727078044324,
    12.8879333945041,
    -0.257186065865377,
    0.945715448248646,
    -0.258359972434821,
    0.180289681191253,
    0.0798000403715287,
    0.985929815623424,
    -0.15441524764724,
    0.0196130878828319,
    -0.0609397796394348,
    0.944780231847785,
    0.261405265567289,
    0.180311051817335,
    -0.0809044203728555,
    0.984972655216626,
    0.158485450846635,
    0.0229673175792954,
    0.0646817800362773,
    0.582204105226409,
    -1.93463086893074,
    2.7081656965693,
    -0.987010849482336,
    -0.629323706558591,
    1.29302541518541,
    -0.539815147599065,
    -1.92718723474149,
    -2.74506288965391,
    0.994381772542695,
    -0.640388745814987,
    -1.35907388836142
  ]
}