{
  "T_WB": [
    [
      -0.030241048977292,
      0.0890724831369553,
      -0.995565955476868,
      -0.278244256421684
    ],
    [
      -0.125650661010701,
      0.987781558891936,
      0.0921927508028208,
      -0.00344653501039044
    ],
    [
      0.991613528721914,
      0.127881525877798,
      -0.0186795341172938,
      0.151382410088071
    ],
    [
      0.0,
      0.0,
      0.0,
      1.0
    ]
  ],
  "T_WH": {
    "0": [
      [
        0.248798142548036,
        0.246927853050529,
        -0.936550115932139,
        -0.282304217841158
      ],
      [
        -0.457486184364281,
        0.882251613807007,
        0.111078715561277,
        -0.0400815713353604
      ],
      [
        0.853701279945426,
        0.400822560895452,
        0.332468644080541,
        0.186954742408858
      ],
      [
        0.0,
        0.0,
        0.0,
        1.0
      ]
    ],
    "1": [
      [
        0.387985710176247,
        0.272684797348816,
        -0.880403367777446,
        -0.27418429500221
      ],
      [
        0.721250486153447,
        -0.684542441288762,
        0.105827134033943,
        0.0331885013145796
      ],
      [
        -0.573816020099168,
        -0.676050772774691,
        -0.46226672788369,
        0.115810077767284
      ],
      [
        0.0,
        0.0,
        0.0,
        1.0
      ]
    ],
    "2": [
      [
        0.286875289407655,
        0.0036375861479709,
        -0.957961030676243,
        -0.276603578920393
      ],
      [
        0.243095472288847,
        0.966983393992563,
        0.0764703020478259,
        0.0231364484337234
      ],
      [
        0.926610576067388,
        -0.254813429217613,
        0.276519360281381,
        0.195139160065037
      ],
      [
        0.0,
        0.0,
        0.0,
        1.0
      ]
    ],
    "3": [
      [
        0.0380862417864467,
        -0.421924960523956,
        -0.905830428873662,
        -0.279884933922975
      ],
      [
        -0.413553665924137,
        -0.831870659694857,
        0.370087247739707,
        -0.0300295184545043
      ],
      [
        -0.909682803831803,
        0.360514262166841,
        -0.206171441249768,
        0.107625660111105
      ],
      [
        0.0,
        0.0,
        0.0,
        1.0
      ]
    ]
  },
  "T_WP": {
    "0": [
      [
        0.936550115932139,
        0.246927853050529,
        0.248798142548036,
        -0.264888347862796
      ],
      [
        -0.111078715561277,
        0.882251613807007,
        -0.457486184364281,
        -0.0721056042408601
      ],
      [
        -0.332468644080541,
        0.400822560895452,
        0.853701279945426,
        0.246713832005038
      ],
      [
        0.0,
        0.0,
        0.0,
        1.0
      ]
    ],
    "1": [
      [
        0.880403367777446,
        0.272684797348816,
        0.387985710176247,
        -0.247025295289873
      ],
      [
        -0.105827134033943,
        -0.684542441288762,
        0.721250486153447,
        0.0836760353453209
      ],
      [
        0.46226672788369,
        -0.676050772774691,
        -0.573816020099168,
        0.0756429563603424
      ],
      [
        0.0,
        0.0,
        0.0,
        1.0
      ]
    ],
    "2": [
      [
        0.957961030676243,
        0.0036375861479709,
        0.286875289407655,
        -0.256522308661857
      ],
      [
        -0.0764703020478259,
        0.966983393992563,
        0.243095472288847,
        0.0401531314939427
      ],
      [
        -0.276519360281381,
        -0.254813429217613,
        0.926610576067388,
        0.260001900389755
      ],
      [
        0.0,
        0.0,
        0.0,
        1.0
      ]
    ],
    "3": [
      [
        0.905830428873662,
        -0.421924960523956,
        0.0380862417864467,
        -0.277218896997924
      ],
      [
        -0.370087247739707,
        -0.831870659694857,
        -0.413553665924137,
        -0.058978275069194
      ],
      [
        0.206171441249768,
        0.360514262166841,
        -0.909682803831803,
        0.0439478638428789
      ],
      [
        0.0,
        0.0,
        0.0,
        1.0
      ]
    ]
  },
  "simTime": 1.14099999999989,
  "state": [
    -0.278244256421684,
    -0.00344653501039044,
    0.151382410088071,
    -0.696214940912171,
    -0.0128152862635419,
    0.713565368762127,
    0.0771037547206074,
    -0.31173401402617,
    -0.0199391515711199,
    0.370274309395589,
    -1.87985568866345,
    8.8365817379475,
    -2.79442587988152,
    0.956872939220305,
    -0.121207584634139,
    0.130747349631185,
    0.22936440477867,
    0.973019042677025,
    -0.169575159938477,
    0.154268416252831,
    0.0260665200318344,
    0.970372399748198,
    0.0720821313014575,
    0.130403583545921,
    -0.190201150239281,
    0.97738721088945,
    0.173293565552056,
    0.00878054605011718,
    -0.12085728004162,
    2.07060144912489,
    -1.27984784030031,
    1.04842014450276,
    -0.137228752410422,
    -0.82674380521681,
    1.69887513793259,
    -2.15319483671932,
    -1.26750796463912,
    -0.464825322994156,
    -0.593885369366249,
    -0.254926830929906,
    -2.15693570158695
  ]
}