{
  "T_WB": [
    [
      -2.22044604925031e-16,
      1.00693113015167e-19,
      1.0,
      -3.71268998541695e-36
    ],
    [
      -2.45013384963668e-18,
      1.0,
      -1.00693113015167e-19,
      3.4751507930174e-21
    ],
    [
      -1.0,
      -2.45013384963668e-18,
      -2.22044604925031e-16,
      0.205679417499999
    ],
    [
      0.0,
      0.0,
      0.0,
      1.0
    ]
  ],
  "T_WH": {
    "0": [
      [
        -1.57188810573939e-16,
        -1.52129381650897e-16,
        1.0,
        -8.88500637661774e-18
      ],
      [
        -0.707106779455507,
        0.707106782917588,
        -3.57755596497278e-18,
        -0.032
      ],
      [
        -0.707106782917588,
        -0.707106779455507,
        -2.18720991275304e-16,
        -0.04
      ],
      [
        0.0,
        0.0,
        0.0,
        1.0
      ]
    ],
    "1": [
      [
        1.57188810573939e-16,
        1.52082233424693e-16,
        1.0,
        8.88500637661774e-18
      ],
      [
        0.707106779455507,
        -0.707106782917588,
        -3.61089479552405e-18,
        0.032
      ],
      [
        0.707106782917588,
        0.707106779455507,
        -2.18687652444916e-16,
        0.04
      ],
      [
        0.0,
        0.0,
        0.0,
        1.0
      ]
    ],
    "2": [
      [
        -1.57052763365093e-16,
        1.52945367703787e-16,
        1.0,
        -8.87856201738477e-18
      ],
      [
        0.707106779455507,
        0.707106782917588,
        2.90436678850655e-18,
        0.032
      ],
      [
        -0.707106782917588,
        0.707106779455507,
        -2.19201780641072e-16,
        -0.04
      ],
      [
        0.0,
        0.0,
        0.0,
        1.0
      ]
    ],
    "3": [
      [
        1.57052763365093e-16,
        -1.52259953362016e-16,
        1.0,
        8.87856201738477e-18
      ],
      [
        -0.707106779455507,
        -0.707106782917588,
        3.38902791868227e-18,
        -0.032
      ],
      [
        0.707106782917588,
        -0.707106779455507,
        -2.18717119513269e-16,
        0.04
      ],
      [
        0.0,
        0.0,
        0.0,
        1.0
      ]
    ]
  },
  "T_WP": {
    "0": [
      [
        -1.0,
        -1.52129381650897e-16,
        -9.59564706165718e-17,
        -1.98882231167935e-17
      ],
      [
        -3.97202467408062e-17,
        0.707106782917588,
        -0.707106779455507,
        -0.0814974745618855
      ],
      [
        1.75423188357533e-16,
        -0.707106779455507,
        -0.707106782917588,
        -0.0894974748042311
      ],
      [
        0.0,
        0.0,
        0.0,
        1.0
      ]
    ],
    "1": [
      [
        -1.0,
        1.52082233424693e-16,
        2.18421150531307e-16,
        1.98882231167935e-17
      ],
      [
        4.69086975013031e-17,
        -0.707106782917588,
        0.707106779455507,
        0.0814974745618855
      ],
      [
        2.61985455362686e-16,
        0.707106779455507,
        0.707106782917588,
        0.0894974748042311
      ],
      [
        0.0,
        0.0,
        0.0,
        1.0
      ]
    ],
    "2": [
      [
        -1.0,
        1.52945367703787e-16,
        -9.58204234077256e-17,
        -1.98722554529413e-17
      ],
      [
        4.03934359172725e-17,
        0.707106782917588,
        0.707106779455507,
        0.0814974745618855
      ],
      [
        1.75903977723301e-16,
        0.707106779455507,
        -0.707106782917588,
        -0.0894974748042311
      ],
      [
        0.0,
        0.0,
        0.0,
        1.0
      ]
    ],
    "3": [
      [
        -1.0,
        -1.52259953362016e-16,
        2.18285103322461e-16,
        1.98722554529413e-17
      ],
      [
        -4.66868306244613e-17,
        -0.707106782917588,
        -0.707106779455507,
        -0.0814974745618855
      ],
      [
        2.62014922431039e-16,
        -0.707106779455507,
        0.707106782917588,
        0.0894974748042311
      ],
      [
        0.0,
        0.0,
        0.0,
        1.0
      ]
    ]
  }
}