{
  "T_WB": [
    [
      0.511448941835139,
      -0.000244405729272871,
      0.859313633175662,
      -0.00237974998458644
    ],
    [
      0.000794476093855396,
      0.999999666649161,
      -0.000188439125674315,
      -1.3007161587069e-05
    ],
    [
      -0.859313300667139,
      0.000779081130108555,
      0.511448965517714,
      0.480245578565957
    ],
    [
      0.0,
      0.0,
      0.0,
      1.0
    ]
  ],
  "T_WH": {
    "0": [
      [
        0.4449476898613,
        0.194165771572357,
        0.874254657658056,
        0.0180860286721558
      ],
      [
        -0.548928108727314,
        0.830460902546795,
        0.0949348239068111,
        -0.031981217450606
      ],
      [
        -0.707601218721496,
        -0.522143986359007,
        0.47609470987712,
        0.445848115943108
      ],
      [
        0.0,
        0.0,
        0.0,
        1.0
      ]
    ],
    "1": [
      [
        -0.337665954257397,
        -0.297617459242129,
        0.892975672283238,
        -0.0228455286413287
      ],
      [
        0.720486766749466,
        -0.692211594319431,
        0.041736406513403,
        0.0319552031274319
      ],
      [
        0.60570663053523,
        0.657470118441904,
        0.448165729481457,
        0.514643041188806
      ],
      [
        0.0,
        0.0,
        0.0,
        1.0
      ]
    ],
    "2": [
      [
        0.445058948276125,
        -0.19513646839218,
        0.873981859801894,
        0.0180703867054824
      ],
      [
        0.550062066322591,
        0.829719383520751,
        -0.0948549830154824,
        0.0320187612149403
      ],
      [
        -0.706650023528105,
        0.522960326710711,
        0.476611205212755,
        0.445897977135435
      ],
      [
        0.0,
        0.0,
        0.0,
        1.0
      ]
    ],
    "3": [
      [
        -0.337366565521612,
        0.298045133187624,
        0.892946190456806,
        -0.0228298866746553
      ],
      [
        -0.721494812226287,
        -0.691150970201274,
        -0.0418995503602615,
        -0.0320447755381144
      ],
      [
        0.604672668804128,
        -0.658391551413753,
        0.448209246477898,
        0.514593179996479
      ],
      [
        0.0,
        0.0,
        0.0,
        1.0
      ]
    ]
  },
  "T_WP": {
    "0": [
      [
        -0.874254657658056,
        0.194165771572357,
        0.4449476898613,
        0.0492323669624468
      ],
      [
        -0.0949348239068112,
        0.830460902546795,
        -0.548928108727314,
        -0.070406185061518
      ],
      [
        -0.47609470987712,
        -0.522143986359007,
        -0.707601218721496,
        0.396316030632604
      ],
      [
        0.0,
        0.0,
        0.0,
        1.0
      ]
    ],
    "1": [
      [
        -0.892975672283238,
        -0.297617459242129,
        -0.337665954257397,
        -0.0464821454393465
      ],
      [
        -0.0417364065134029,
        -0.692211594319431,
        0.720486766749466,
        0.0823892767998945
      ],
      [
        -0.448165729481457,
        0.657470118441904,
        0.60570663053523,
        0.557042505326273
      ],
      [
        0.0,
        0.0,
        0.0,
        1.0
      ]
    ],
    "2": [
      [
        -0.873981859801894,
        -0.19513646839218,
        0.445058948276125,
        0.0492245130848111
      ],
      [
        0.0948549830154825,
        0.829719383520751,
        0.550062066322591,
        0.0705231058575216
      ],
      [
        -0.476611205212755,
        0.522960326710711,
        -0.706650023528105,
        0.396432475488468
      ],
      [
        0.0,
        0.0,
        0.0,
        1.0
      ]
    ],
    "3": [
      [
        -0.892946190456806,
        0.298045133187624,
        -0.337366565521612,
        -0.0464455462611681
      ],
      [
        0.0418995503602615,
        -0.691150970201274,
        -0.721494812226287,
        -0.0825494123939545
      ],
      [
        -0.448209246477897,
        -0.658391551413753,
        0.604672668804128,
        0.556920266812768
      ],
      [
        0.0,
        0.0,
        0.0,
        1.0
      ]
    ]
  }
}