{
  "T_WB": [
    [
      -2.22044604925031e-16,
      3.39822984724997e-20,
      1.0,
      -4.26991996622918e-37
    ],
    [
      -3.82638348106368e-19,
      1.0,
      -3.39822984724997e-20,
      5.06716762471999e-21
    ],
    [
      -1.0,
      -3.82638348106368e-19,
      -2.22044604925031e-16,
      0.431146635575001
    ],
    [
      0.0,
      0.0,
      0.0,
      1.0
    ]
  ],
  "T_WH": {
    "0": [
      [
        -1.57084059977209e-16,
        -1.54519945709679e-16,
        1.0,
        -8.88287163055237e-18
      ],
      [
        -0.707106779455507,
        0.707106782917588,
        -1.81310204690884e-18,
        -0.032
      ],
      [
        -0.707106782917588,
        -0.707106779455507,
        -2.20337305470529e-16,
        0.391146635575001
      ],
      [
        0.0,
        0.0,
        0.0,
        1.0
      ]
    ],
    "1": [
      [
        1.57084059977209e-16,
        1.54526814595629e-16,
        1.0,
        8.88287163055237e-18
      ],
      [
        0.707106779455507,
        -0.707106782917588,
        -1.80824501106206e-18,
        0.032
      ],
      [
        0.707106782917588,
        0.707106779455507,
        -2.20342162506352e-16,
        0.471146635575001
      ],
      [
        0.0,
        0.0,
        0.0,
        1.0
      ]
    ],
    "2": [
      [
        -1.57050898354306e-16,
        1.55613008770849e-16,
        1.0,
        -8.88069676345013e-18
      ],
      [
        0.707106779455507,
        0.707106782917588,
        1.01674093382601e-18,
        0.032
      ],
      [
        -0.707106782917588,
        0.707106779455507,
        -2.21086768962967e-16,
        0.391146635575001
      ],
      [
        0.0,
        0.0,
        0.0,
        1.0
      ]
    ],
    "3": [
      [
        1.57050898354306e-16,
        -1.54563529493818e-16,
        1.0,
        8.88069676345013e-18
      ],
      [
        -0.707106779455507,
        -0.707106782917588,
        1.75883484914642e-18,
        -0.032
      ],
      [
        0.707106782917588,
        -0.707106779455507,
        -2.2034467505128e-16,
        0.471146635575001
      ],
      [
        0.0,
        0.0,
        0.0,
        1.0
      ]
    ]
  },
  "T_WP": {
    "0": [
      [
        -1.0,
        -1.54519945709679e-16,
        -9.58517200198415e-17,
        -1.9878755828957e-17
      ],
      [
        -4.14847006588702e-17,
        0.707106782917588,
        -0.707106779455507,
        -0.0814974745618855
      ],
      [
        1.77039502552758e-16,
        -0.707106779455507,
        -0.707106782917588,
        0.34164916077077
      ],
      [
        0.0,
        0.0,
        0.0,
        1.0
      ]
    ],
    "1": [
      [
        -1.0,
        1.54526814595629e-16,
        2.18316399934577e-16,
        1.9878755828957e-17
      ],
      [
        4.51060477168411e-17,
        -0.707106782917588,
        0.707106779455507,
        0.0814974745618855
      ],
      [
        2.63639965424122e-16,
        0.707106779455507,
        0.707106782917588,
        0.520644110379232
      ],
      [
        0.0,
        0.0,
        0.0,
        1.0
      ]
    ],
    "2": [
      [
        -1.0,
        1.55613008770849e-16,
        -9.58185583969385e-17,
        -1.98742596482516e-17
      ],
      [
        4.2281061771953e-17,
        0.707106782917588,
        0.707106779455507,
        0.0814974745618855
      ],
      [
        1.77788966045197e-16,
        0.707106779455507,
        -0.707106782917588,
        0.34164916077077
      ],
      [
        0.0,
        0.0,
        0.0,
        1.0
      ]
    ],
    "3": [
      [
        -1.0,
        -1.54563529493818e-16,
        2.18283238311674e-16,
        1.98742596482516e-17
      ],
      [
        -4.50566375549254e-17,
        -0.707106782917588,
        -0.707106779455507,
        -0.0814974745618855
      ],
      [
        2.63642477969051e-16,
        -0.707106779455507,
        0.707106782917588,
        0.520644110379232
      ],
      [
        0.0,
        0.0,
        0.0,
        1.0
      ]
    ]
  },
  "simTime": 0.118500000000002,
  "state": [
    -4.26991996622918e-37,
    5.06716762471999e-21,
    0.431146635575001,
    0.707106781186548,
    -1.23268528498911e-19,
    0.707106781186548,
    -1.47297642189121e-19,
    -4.99735701145995e-35,
    2.18092134450407e-20,
    -1.16208209999998,
    6.5276121287063e-19,
    -5.39485084352571e-18,
    -9.70366111773568e-18,
    1.0,
    1.23263533029075e-18,
    2.53923054160827e-20,
    -2.49930458096829e-19,
    1.0,
    -1.22920088731544e-18,
    -2.53923054160823e-20,
    2.47866727024399e-19,
    1.0,
    -7.10132913454498e-19,
    3.28406075959707e-20,
    1.43342935774943e-19,
    1.0,
    1.23487255197024e-18,
    -3.28406075959702e-20,
    -2.42533376031865e-19,
    2.34100178517876e-17,
    6.06984929603737e-19,
    -1.07831533073131e-17,
    -2.35838018424279e-17,
    -6.06984929603732e-19,
    1.07453719886667e-17,
    -1.89973578525474e-17,
    7.11606059285586e-19,
    6.17404155755767e-18,
    2.35475574341288e-17,
    -7.1160605928558e-19,
    -1.06539762771116e-17
  ]
}