{
  "T_WB": [
    [
      0.897639593157542,
      -0.00096728783487492,
      0.440729197070272,
      -0.00224180918682396
    ],
    [
      0.0014936656720302,
      0.999998525411744,
      -0.000847429759847254,
      -1.48551879855412e-05
    ],
    [
      -0.440727727467676,
      0.00141898857718418,
      0.897639714313374,
      0.488337305939741
    ],
    [
      0.0,
      0.0,
      0.0,
      1.0
    ]
  ],
  "T_WH": {
    "0": [
      [
        0.761563585945142,
        0.521283454135115,
        0.385077219538289,
        0.0359365369370177
      ],
      [
        -0.527033843501776,
        0.843925861329254,
        -0.100122267170804,
        -0.0319402061862946
      ],
      [
        -0.37716870544376,
        -0.126699254238687,
        0.917437227612461,
        -0.0176745167331769
      ],
      [
        0.0,
        0.0,
        0.0,
        1.0
      ]
    ],
    "1": [
      [
        -0.581931737485327,
        -0.667544661577268,
        0.464477747267832,
        -0.0359365369370177
      ],
      [
        0.759611494473131,
        -0.650146709769063,
        0.0173099174104795,
        0.0319402061862946
      ],
      [
        0.290423536187419,
        0.362895826066039,
        0.885415602444548,
        0.0176745167331769
      ],
      [
        0.0,
        0.0,
        0.0,
        1.0
      ]
    ],
    "2": [
      [
        0.760373387769496,
        -0.523543316023429,
        0.384362728967223,
        0.0358746305155857
      ],
      [
        0.530014346295701,
        0.842226165293349,
        0.09869082640246,
        0.032059699440057
      ],
      [
        -0.375389269815588,
        0.128675882520584,
        0.917891830971857,
        -0.0175837014642372
      ],
      [
        0.0,
        0.0,
        0.0,
        1.0
      ]
    ],
    "3": [
      [
        -0.580614688685114,
        0.668666306197764,
        0.464512598579335,
        -0.0358746305155857
      ],
      [
        -0.761407428438668,
        -0.647997392030465,
        -0.0189237374778193,
        -0.032059699440057
      ],
      [
        0.288349286805954,
        -0.364670743106098,
        0.885364296728157,
        0.0175837014642372
      ],
      [
        0.0,
        0.0,
        0.0,
        1.0
      ]
    ]
  },
  "T_WP": {
    "0": [
      [
        -0.385077219538289,
        0.521283454135115,
        0.761563585945142,
        0.0892459879531776
      ],
      [
        0.100122267170804,
        0.843925861329254,
        -0.527033843501776,
        -0.0688325752314189
      ],
      [
        -0.917437227612461,
        -0.126699254238687,
        -0.37716870544376,
        -0.0440763261142401
      ],
      [
        0.0,
        0.0,
        0.0,
        1.0
      ]
    ],
    "1": [
      [
        -0.464477747267832,
        -0.667544661577268,
        -0.581931737485327,
        -0.0766717585609906
      ],
      [
        -0.0173099174104794,
        -0.650146709769063,
        0.759611494473131,
        0.0851130107994138
      ],
      [
        -0.885415602444548,
        0.362895826066039,
        0.290423536187419,
        0.0380041642662962
      ],
      [
        0.0,
        0.0,
        0.0,
        1.0
      ]
    ],
    "2": [
      [
        -0.384362728967223,
        -0.523543316023429,
        0.760373387769496,
        0.0891007676594504
      ],
      [
        -0.0986908264024599,
        0.842226165293349,
        0.530014346295701,
        0.0691607036807561
      ],
      [
        -0.917891830971857,
        0.128675882520584,
        -0.375389269815587,
        -0.0438609503513283
      ],
      [
        0.0,
        0.0,
        0.0,
        1.0
      ]
    ],
    "3": [
      [
        -0.464512598579335,
        0.668666306197764,
        -0.580614688685114,
        -0.0765176587235437
      ],
      [
        0.0189237374778192,
        -0.647997392030465,
        -0.761407428438668,
        -0.0853582194307638
      ],
      [
        -0.885364296728157,
        -0.364670743106098,
        0.288349286805954,
        0.037768151540654
      ],
      [
        0.0,
        0.0,
        0.0,
        1.0
      ]
    ]
  }
}