{
  "T_WB": [
    [
      -2.22044604925031e-16,
      9.1504096330759e-21,
      1.0,
      7.91401772969038e-37
    ],
    [
      -7.08203355521594e-20,
      1.0,
      -9.1504096330759e-21,
      3.1614515192014e-21
    ],
    [
      -1.0,
      -7.08203355521594e-20,
      -2.22044604925031e-16,
      0.474227029375
    ],
    [
      0.0,
      0.0,
      0.0,
      1.0
    ]
  ],
  "T_WH": {
    "0": [
      [
        -1.57038472161041e-16,
        -1.55666765858242e-16,
        1.0,
        -8.88207701010951e-18
      ],
      [
        -0.707106779455507,
        0.707106782917588,
        -9.69942287200497e-19,
        -0.032
      ],
      [
        -0.707106782917588,
        -0.707106779455507,
        -2.21115994318363e-16,
        0.434227029375
      ],
      [
        0.0,
        0.0,
        0.0,
        1.0
      ]
    ],
    "1": [
      [
        1.57038472161041e-16,
        1.55674365196989e-16,
        1.0,
        8.88207701010951e-18
      ],
      [
        0.707106779455507,
        -0.707106782917588,
        -9.64568743226187e-19,
        0.032
      ],
      [
        0.707106782917588,
        0.707106779455507,
        -2.21121367862311e-16,
        0.514227029375
      ],
      [
        0.0,
        0.0,
        0.0,
        1.0
      ]
    ],
    "2": [
      [
        -1.57032369755503e-16,
        1.56334103440815e-16,
        1.0,
        -8.88149138389299e-18
      ],
      [
        0.707106779455507,
        0.707106782917588,
        4.93748303740225e-19,
        0.032
      ],
      [
        -0.707106782917588,
        0.707106779455507,
        -2.21583558194837e-16,
        0.434227029375
      ],
      [
        0.0,
        0.0,
        0.0,
        1.0
      ]
    ],
    "3": [
      [
        1.57032369755503e-16,
        -1.5567781960367e-16,
        1.0,
        8.88149138389299e-18
      ],
      [
        -0.707106779455507,
        -0.707106782917588,
        9.57811056504435e-19,
        -0.032
      ],
      [
        0.707106782917588,
        -0.707106779455507,
        -2.21119495444345e-16,
        0.514227029375
      ],
      [
        0.0,
        0.0,
        0.0,
        1.0
      ]
    ]
  },
  "T_WP": {
    "0": [
      [
        -1.0,
        -1.55666765858242e-16,
        -9.58061322036733e-17,
        -1.98747700613824e-17
      ],
      [
        -4.23278604185785e-17,
        0.707106782917588,
        -0.707106779455507,
        -0.0814974745618855
      ],
      [
        1.77818191400592e-16,
        -0.707106779455507,
        -0.707106782917588,
        0.384729554570769
      ],
      [
        0.0,
        0.0,
        0.0,
        1.0
      ]
    ],
    "1": [
      [
        -1.0,
        1.55674365196989e-16,
        2.18270812118409e-16,
        1.98747700613824e-17
      ],
      [
        4.42623714490052e-17,
        -0.707106782917588,
        0.707106779455507,
        0.0814974745618855
      ],
      [
        2.64419170780081e-16,
        0.707106779455507,
        0.707106782917588,
        0.563724504179231
      ],
      [
        0.0,
        0.0,
        0.0,
        1.0
      ]
    ],
    "2": [
      [
        -1.0,
        1.56334103440815e-16,
        -9.5800029798135e-17,
        -1.98737572667782e-17
      ],
      [
        4.28040544020388e-17,
        0.707106782917588,
        0.707106779455507,
        0.0814974745618855
      ],
      [
        1.78285755277067e-16,
        0.707106779455507,
        -0.707106782917588,
        0.384729554570769
      ],
      [
        0.0,
        0.0,
        0.0,
        1.0
      ]
    ],
    "3": [
      [
        -1.0,
        -1.5567781960367e-16,
        2.1826470971287e-16,
        1.98737572667782e-17
      ],
      [
        -4.42556137622835e-17,
        -0.707106782917588,
        -0.707106779455507,
        -0.0814974745618855
      ],
      [
        2.64417298362115e-16,
        -0.707106779455507,
        0.707106782917588,
        0.563724504179231
      ],
      [
        0.0,
        0.0,
        0.0,
        1.0
      ]
    ]
  },
  "simTime": 0.072500000000001,
  "state": [
    7.91401772969038e-37,
    3.1614515192014e-21,
    0.474227029375,
    0.707106781186548,
    -2.1803611406328e-20,
    0.707106781186548,
    -2.82739281085106e-20,
    -4.11631936448047e-36,
    5.99975656465193e-20,
    -0.710978499999997,
    3.89140702735078e-19,
    -2.7871065544202e-18,
    -3.94641651765298e-18,
    1.0,
    6.68004654524921e-19,
    1.13777958044951e-20,
    -6.60533199731773e-20,
    1.0,
    -6.64204985150985e-19,
    -1.13777958044949e-20,
    6.49784560990121e-20,
    1.0,
    -3.40806179956445e-19,
    1.47969097217159e-20,
    4.11574551136439e-20,
    1.0,
    6.68948098528803e-19,
    -1.47969097217156e-20,
    -6.28580733562337e-20,
    2.53061775898956e-17,
    5.83448238373503e-19,
    -5.20077055757793e-18,
    -2.5454411047429e-17,
    -5.83448238373496e-19,
    5.15014488201399e-18,
    -1.32045402057785e-17,
    8.02519644966692e-19,
    2.90480147121589e-18,
    2.53170268404967e-17,
    -8.02519644966684e-19,
    -4.98988559529041e-18
  ]
}