{
  "T_WB": [
    [
      -2.22044604925031e-16,
      1.2545833514037e-19,
      1.0,
      -1.08109783921294e-35
    ],
    [
      -2.89762279945827e-18,
      1.0,
      -1.2545833514037e-19,
      3.40630417395114e-21
    ],
    [
      -1.0,
      -2.89762279945827e-18,
      -2.22044604925031e-16,
      0.150448646300002
    ],
    [
      0.0,
      0.0,
      0.0,
      1.0
    ]
  ],
  "T_WH": {
    "0": [
      [
        -1.57207983428494e-16,
        -1.5185449034242e-16,
        1.0,
        -8.88579886372574e-18
      ],
      [
        -0.707106779455507,
        0.707106782917588,
        -3.78549072919863e-18,
        -0.032
      ],
      [
        -0.707106782917588,
        -0.707106779455507,
        -2.1854017102297e-16,
        0.110448646300002
      ],
      [
        0.0,
        0.0,
        0.0,
        1.0
      ]
    ],
    "1": [
      [
        1.57207983428494e-16,
        1.51850668574684e-16,
        1.0,
        8.88579886372574e-18
      ],
      [
        0.707106779455507,
        -0.707106782917588,
        -3.78819312708812e-18,
        0.032
      ],
      [
        0.707106782917588,
        0.707106779455507,
        -2.18537468625094e-16,
        0.190448646300002
      ],
      [
        0.0,
        0.0,
        0.0,
        1.0
      ]
    ],
    "2": [
      [
        -1.57035159675407e-16,
        1.52738295901717e-16,
        1.0,
        -8.87776953027676e-18
      ],
      [
        0.707106779455507,
        0.707106782917588,
        3.03834097598074e-18,
        0.032
      ],
      [
        -0.707106782917588,
        0.707106779455507,
        -2.19042911077612e-16,
        0.110448646300002
      ],
      [
        0.0,
        0.0,
        0.0,
        1.0
      ]
    ],
    "3": [
      [
        1.57035159675407e-16,
        -1.52016571472145e-16,
        1.0,
        8.87776953027676e-18
      ],
      [
        -0.707106779455507,
        -0.707106782917588,
        3.54867721552791e-18,
        -0.032
      ],
      [
        0.707106782917588,
        -0.707106779455507,
        -2.18532574840563e-16,
        0.190448646300002
      ],
      [
        0.0,
        0.0,
        0.0,
        1.0
      ]
    ]
  },
  "T_WP": {
    "0": [
      [
        -1.0,
        -1.5185449034242e-16,
        -9.59756434711267e-17,
        -1.98903577037203e-17
      ],
      [
        -3.95123119765804e-17,
        0.707106782917588,
        -0.707106779455507,
        -0.0814974745618855
      ],
      [
        1.752423681052e-16,
        -0.707106779455507,
        -0.707106782917588,
        0.0609511714957707
      ],
      [
        0.0,
        0.0,
        0.0,
        1.0
      ]
    ],
    "1": [
      [
        -1.0,
        1.51850668574684e-16,
        2.18440323385862e-16,
        1.98903577037203e-17
      ],
      [
        4.70859958328671e-17,
        -0.707106782917588,
        0.707106779455507,
        0.0814974745618855
      ],
      [
        2.61835271542864e-16,
        0.707106779455507,
        0.707106782917588,
        0.239946121104233
      ],
      [
        0.0,
        0.0,
        0.0,
        1.0
      ]
    ],
    "2": [
      [
        -1.0,
        1.52738295901717e-16,
        -9.5802819718039e-17,
        -1.98702307075552e-17
      ],
      [
        4.02594617297983e-17,
        0.707106782917588,
        0.707106779455507,
        0.0814974745618855
      ],
      [
        1.75745108159841e-16,
        0.707106779455507,
        -0.707106782917588,
        0.0609511714957707
      ],
      [
        0.0,
        0.0,
        0.0,
        1.0
      ]
    ],
    "3": [
      [
        -1.0,
        -1.52016571472145e-16,
        2.18267499632774e-16,
        1.98702307075552e-17
      ],
      [
        -4.68464799213069e-17,
        -0.707106782917588,
        -0.707106779455507,
        -0.0814974745618855
      ],
      [
        2.61830377758333e-16,
        -0.707106779455507,
        0.707106782917588,
        0.239946121104233
      ],
      [
        0.0,
        0.0,
        0.0,
        1.0
      ]
    ]
  },
  "simTime": 0.266999999999987,
  "state": [
    -1.08109783921294e-35,
    3.40630417395114e-21,
    0.150448646300002,
    0.707106781186548,
    -9.8010814564178e-19,
    0.707106781186548,
    -1.06882058517591e-18,
    -6.4271678388424e-35,
    -2.24455330711017e-20,
    -2.61836220000007,
    4.62797655627917e-19,
    -1.23624313166488e-17,
    -2.27073522796714e-17,
    1.0,
    2.53302135091884e-18,
    5.50123682158706e-20,
    -1.62152749494576e-18,
    1.0,
    -2.53493223478729e-18,
    -5.501236821587e-20,
    1.61810900349277e-18,
    1.0,
    -2.179831011022e-18,
    5.73129309890068e-20,
    1.15285961664308e-18,
    1.0,
    2.54069322580764e-18,
    -5.73129309890061e-20,
    -1.61794924072815e-18,
    9.84566351511089e-18,
    6.6266505004603e-20,
    -2.45788004510286e-17,
    -9.8481657518141e-18,
    -6.62665050046006e-20,
    2.45901587857574e-17,
    -1.43979451073134e-17,
    -4.85734509874476e-20,
    2.06958125070519e-17,
    9.87459266035424e-18,
    4.85734509874486e-20,
    -2.47232626041354e-17
  ]
}