{
  "T_WB": [
    [
      0.994776758461077,
      -0.0021562817708931,
      -0.102051708827417,
      -0.123473439414141
    ],
    [
      0.00212945388698396,
      0.999997663582985,
      -0.000371826188600182,
      -2.61005094304601e-05
    ],
    [
      0.1020522721541,
      0.000152569642570729,
      0.994779025950331,
      0.0425459464254507
    ],
    [
      0.0,
      0.0,
      0.0,
      1.0
    ]
  ],
  "T_WH": {
    "0": [
      [
        -0.0136397985490729,
        0.929527655174112,
        0.368500059921376,
        -0.0836133680590297
      ],
      [
        -0.920534882599207,
        0.132224133720661,
        -0.36760346622398,
        -0.0319408475886066
      ],
      [
        -0.390422189192168,
        -0.34423119662276,
        0.853859120381142,
        0.0466231550830524
      ],
      [
        0.0,
        0.0,
        0.0,
        1.0
      ]
    ],
    "1": [
      [
        -0.468856005483244,
        -0.868342339517024,
        -0.161727015443921,
        -0.163333510769253
      ],
      [
        0.866690465053872,
        -0.487589859044878,
        0.105374414073334,
        0.0318886465697457
      ],
      [
        -0.170357517905725,
        -0.090761835364306,
        0.981193459687896,
        0.0384687377678489
      ],
      [
        0.0,
        0.0,
        0.0,
        1.0
      ]
    ],
    "2": [
      [
        -0.0206742250683362,
        -0.930077891893445,
        0.366780167714762,
        -0.0837513700923669
      ],
      [
        0.918471464006582,
        0.127251981061582,
        0.374455742540436,
        0.0320590028807044
      ],
      [
        -0.394946510585206,
        0.344618699908969,
        0.851619166910669,
        0.0466329195401769
      ],
      [
        0.0,
        0.0,
        0.0,
        1.0
      ]
    ],
    "3": [
      [
        -0.458344278115747,
        0.873797301517827,
        -0.162477070932236,
        -0.163195508735916
      ],
      [
        -0.871694913947197,
        -0.477627509065235,
        -0.109635485052635,
        -0.0321112038995653
      ],
      [
        -0.17340270965917,
        0.0913796391123486,
        0.980602499404603,
        0.0384589733107244
      ],
      [
        0.0,
        0.0,
        0.0,
        1.0
      ]
    ]
  },
  "T_WP": {
    "0": [
      [
        -0.368500059921376,
        0.929527655174112,
        -0.0136397985490729,
        -0.0845681539574648
      ],
      [
        0.36760346622398,
        0.132224133720661,
        -0.920534882599207,
        -0.0963782893705511
      ],
      [
        -0.853859120381142,
        -0.34423119662276,
        -0.390422189192168,
        0.0192936018396006
      ],
      [
        0.0,
        0.0,
        0.0,
        1.0
      ]
    ],
    "1": [
      [
        0.161727015443921,
        -0.868342339517024,
        -0.468856005483244,
        -0.19615343115308
      ],
      [
        -0.105374414073334,
        -0.487589859044878,
        0.866690465053872,
        0.0925569791235168
      ],
      [
        -0.981193459687896,
        -0.090761835364306,
        -0.170357517905724,
        0.0265437115144482
      ],
      [
        0.0,
        0.0,
        0.0,
        1.0
      ]
    ],
    "2": [
      [
        -0.366780167714762,
        -0.930077891893445,
        -0.0206742250683361,
        -0.0851985658471504
      ],
      [
        -0.374455742540436,
        0.127251981061582,
        0.918471464006582,
        0.0963520053611651
      ],
      [
        -0.851619166910669,
        0.344618699908969,
        -0.394946510585206,
        0.0189866637992125
      ],
      [
        0.0,
        0.0,
        0.0,
        1.0
      ]
    ],
    "3": [
      [
        0.162477070932236,
        0.873797301517827,
        -0.458344278115747,
        -0.195279608204018
      ],
      [
        0.109635485052635,
        -0.477627509065235,
        -0.871694913947197,
        -0.0931298478758692
      ],
      [
        -0.980602499404603,
        0.0913796391123486,
        -0.17340270965917,
        0.0263207836345825
      ],
      [
        0.0,
        0.0,
        0.0,
        1.0
      ]
    ]
  },
  "simTime": 0.756999999999933,
  "state": [
    -0.123473439414141,
    -2.61005094304601e-05,
    0.0425459464254507,
    0.99869332730253,
    0.000131270485351921,
    -0.0510927567556704,
    0.00107283575966529,
    -0.253349041017423,
    -0.00181661301305796,
    0.67585369557068,
    0.17894005485253,
    25.7580043882118,
    -0.0676917665564968,
    0.886701304571646,
    -0.140185143383735,
    0.272731079361726,
    -0.346015433753482,
    0.988485221134108,
    0.00773275038333397,
    0.0605986704598699,
    -0.138437615225991,
    0.885719117750034,
    0.139263195509691,
    0.275325638784039,
    0.346847516146063,
    0.987877334286016,
    -0.0079896354842408,
    0.0623205590838055,
    0.141953112133077,
    -10.6984973415682,
    3.2088211719292,
    17.2512564194122,
    -0.632004704904381,
    7.52965133719184,
    -10.6092082871014,
    10.7638911083116,
    3.32259657077798,
    -17.152453090008,
    0.930349070734061,
    8.24761650178307,
    11.1209023497985
  ]
}