{
  "T_WB": [
    [
      -0.465220454582444,
      -0.693183420380458,
      0.550514917461601,
      -0.106765572419821
    ],
    [
      -0.563431183313533,
      0.711548570492474,
      0.41981416543517,
      0.00034313243310946
    ],
    [
      -0.682726321675104,
      -0.114871134493243,
      -0.721588104220281,
      0.81895858508224
    ],
    [
      0.0,
      0.0,
      0.0,
      1.0
    ]
  ],
  "T_WH": {
    "0": [
      [
        -0.0864565925148871,
        -0.411478484573357,
        0.907309602254891,
        -0.103192521150944
      ],
      [
        -0.900982183007197,
        0.420945702695237,
        0.105051517295085,
        -0.0449636691551911
      ],
      [
        -0.425154517222034,
        -0.808387389879152,
        -0.407128314380211,
        0.795325408519019
      ],
      [
        0.0,
        0.0,
        0.0,
        1.0
      ]
    ],
    "1": [
      [
        -0.351167002118672,
        0.73364761916742,
        0.581758461488066,
        -0.110338623688698
      ],
      [
        0.896638993904097,
        0.0845490748194812,
        0.434614735780806,
        0.04564993402141
      ],
      [
        0.269666926473444,
        0.674249675444599,
        -0.687507908266676,
        0.84259176164546
      ],
      [
        0.0,
        0.0,
        0.0,
        1.0
      ]
    ],
    "2": [
      [
        -0.873799511820058,
        -0.463072254098001,
        0.148453698598669,
        -0.147556260055294
      ],
      [
        -0.128876232716668,
        0.514885004717585,
        0.847516577158071,
        0.000575439356327315
      ],
      [
        -0.468897995073329,
        0.721427417971877,
        -0.50958527334946,
        0.787973655911452
      ],
      [
        0.0,
        0.0,
        0.0,
        1.0
      ]
    ],
    "3": [
      [
        0.8142175797397,
        -0.0552075433263916,
        0.577928940270938,
        -0.0659748847843488
      ],
      [
        -0.372795132575864,
        -0.812839632161104,
        0.447566220257902,
        0.000110825509891605
      ],
      [
        0.445054515728769,
        -0.579865380539367,
        -0.682409421448273,
        0.849943514253028
      ],
      [
        0.0,
        0.0,
        0.0,
        1.0
      ]
    ]
  },
  "T_WP": {
    "0": [
      [
        -0.907309602254891,
        -0.411478484573357,
        -0.0864565925148871,
        -0.109244482626986
      ],
      [
        -0.105051517295085,
        0.420945702695237,
        -0.900982183007197,
        -0.108032421965695
      ],
      [
        0.407128314380211,
        -0.808387389879152,
        -0.425154517222034,
        0.765564592313477
      ],
      [
        0.0,
        0.0,
        0.0,
        1.0
      ]
    ],
    "1": [
      [
        -0.581758461488066,
        0.73364761916742,
        -0.351167002118672,
        -0.134920313837005
      ],
      [
        -0.434614735780805,
        0.0845490748194812,
        0.896638993904097,
        0.108414663594697
      ],
      [
        0.687507908266676,
        0.674249675444599,
        0.269666926473444,
        0.861468446498601
      ],
      [
        0.0,
        0.0,
        0.0,
        1.0
      ]
    ],
    "2": [
      [
        -0.148453698598669,
        -0.463072254098001,
        -0.873799511820058,
        -0.208722225882698
      ],
      [
        -0.847516577158071,
        0.514885004717585,
        -0.128876232716668,
        -0.00844589693383945
      ],
      [
        0.50958527334946,
        0.721427417971877,
        -0.468897995073329,
        0.755150796256319
      ],
      [
        0.0,
        0.0,
        0.0,
        1.0
      ]
    ],
    "3": [
      [
        -0.577928940270938,
        -0.0552075433263916,
        0.8142175797397,
        -0.00897965420256971
      ],
      [
        -0.447566220257902,
        -0.812839632161104,
        -0.372795132575864,
        -0.0259848337704189
      ],
      [
        0.682409421448273,
        -0.579865380539367,
        0.445054515728769,
        0.881097330354041
      ],
      [
        0.0,
        0.0,
        0.0,
        1.0
      ]
    ]
  }
}