{
  "T_WB": [
    [
      -0.824395532147083,
      0.0725645089349263,
      0.561343387436746,
      -0.20289963610268
    ],
    [
      0.0557066263206702,
      0.99733499561717,
      -0.0471134619962177,
      -0.000545354404662543
    ],
    [
      -0.563266170082934,
      -0.00756958125214531,
      -0.826240838424107,
      0.194554802037876
    ],
    [
      0.0,
      0.0,
      0.0,
      1.0
    ]
  ],
  "T_WH": {
    "0": [
      [
        -0.789228015921683,
        -0.611287974276849,
        -0.0587039299266212,
        -0.238197521674481
      ],
      [
        -0.613273599913432,
        0.779597757516908,
        0.126975698949949,
        -0.0302318092115852
      ],
      [
        -0.0318532656652777,
        0.136214349387702,
        -0.990167167950615,
        0.172266381834628
      ],
      [
        0.0,
        0.0,
        0.0,
        1.0
      ]
    ],
    "1": [
      [
        0.527119833462345,
        0.436422133238165,
        0.729164180956854,
        -0.167601750530879
      ],
      [
        0.776369521734123,
        -0.596215267607556,
        -0.204395989182712,
        0.0291411004022601
      ],
      [
        0.345535883654591,
        0.673842026213488,
        -0.653101735425302,
        0.216843222241125
      ],
      [
        0.0,
        0.0,
        0.0,
        1.0
      ]
    ],
    "2": [
      [
        -0.692334821827719,
        0.716984736871288,
        -0.0812734986228015,
        -0.233553393102646
      ],
      [
        0.720332599111166,
        0.680133037999838,
        -0.13616165862262,
        0.0335976305079137
      ],
      [
        -0.0423490394522955,
        -0.152813408164078,
        -0.987347264716294,
        0.17178192863449
      ],
      [
        0.0,
        0.0,
        0.0,
        1.0
      ]
    ],
    "3": [
      [
        0.399749866986773,
        -0.515970418374076,
        0.757611094960296,
        -0.172245879102715
      ],
      [
        -0.84434859355327,
        -0.528966388930826,
        0.0852643650424787,
        -0.0346883393172388
      ],
      [
        0.356756915011709,
        -0.673772281074521,
        -0.647113140684815,
        0.217327675441262
      ],
      [
        0.0,
        0.0,
        0.0,
        1.0
      ]
    ]
  },
  "T_WP": {
    "0": [
      [
        0.0587039299266211,
        -0.611287974276849,
        -0.789228015921683,
        -0.293443482788999
      ],
      [
        -0.126975698949949,
        0.779597757516908,
        -0.613273599913432,
        -0.0731609612055254
      ],
      [
        0.990167167950615,
        0.136214349387702,
        -0.0318532656652778,
        0.170036653238058
      ],
      [
        0.0,
        0.0,
        0.0,
        1.0
      ]
    ],
    "1": [
      [
        -0.729164180956854,
        0.436422133238165,
        0.527119833462345,
        -0.130703362188515
      ],
      [
        0.204395989182712,
        -0.596215267607556,
        0.776369521734123,
        0.0834869669236487
      ],
      [
        0.653101735425302,
        0.673842026213488,
        0.345535883654591,
        0.241030734096946
      ],
      [
        0.0,
        0.0,
        0.0,
        1.0
      ]
    ],
    "2": [
      [
        0.0812734986228014,
        0.716984736871288,
        -0.692334821827719,
        -0.282016830630586
      ],
      [
        0.13616165862262,
        0.680133037999838,
        0.720332599111166,
        0.0840209124456954
      ],
      [
        0.987347264716294,
        -0.152813408164078,
        -0.0423490394522956,
        0.16881749587283
      ],
      [
        0.0,
        0.0,
        0.0,
        1.0
      ]
    ],
    "3": [
      [
        -0.757611094960296,
        -0.515970418374076,
        0.399749866986773,
        -0.14426338841364
      ],
      [
        -0.0852643650424787,
        -0.528966388930826,
        -0.84434859355327,
        -0.0937927408659677
      ],
      [
        0.647113140684815,
        -0.673772281074521,
        0.356756915011709,
        0.242300659492082
      ],
      [
        0.0,
        0.0,
        0.0,
        1.0
      ]
    ]
  },
  "simTime": 0.955499999999911,
  "state": [
    -0.20289963610268,
    -0.000545354404662543,
    0.194554802037876,
    0.294405598216975,
    0.0335794232375031,
    0.954983162965238,
    -0.0143151851700116,
    -0.467756247804057,
    -0.00263091384943919,
    -0.127362739882411,
    0.469562267668034,
    12.9632470507484,
    -0.245936744915833,
    0.942217107857911,
    -0.270066992659043,
    0.193579977751369,
    0.0426325386266544,
    0.986603145114549,
    -0.141876152623634,
    0.0243073566538069,
    -0.0767759322919655,
    0.941495851207168,
    0.272668539399714,
    0.193293038319044,
    -0.0433039388359615,
    0.985567223731973,
    0.145853160580321,
    0.027563818677481,
    0.0813900421052644,
    0.112014236753195,
    -2.02735295411181,
    2.86937254649595,
    -1.09102279120738,
    -0.676492380243444,
    1.13897869429115,
    -0.0644110581780219,
    -2.01178759226357,
    -2.89015475592111,
    1.10573985215324,
    -0.691360634026863,
    -1.20580502620946
  ]
}