{
  "T_WB": [
    [
      0.98212534233077,
      -0.0022607729009883,
      0.188214507563997,
      -0.0582579894373452
    ],
    [
      0.00201413595649869,
      0.99999684415094,
      0.00150164726519382,
      4.07539570444996e-05
    ],
    [
      -0.188217308470864,
      -0.00109571622716921,
      0.982126796395421,
      0.339977216647999
    ],
    [
      0.0,
      0.0,
      0.0,
      1.0
    ]
  ],
  "T_WH": {
    "0": [
      [
        0.0338414870873985,
        0.89835437829936,
        -0.437965940162113,
        -0.0189006310112827
      ],
      [
        -0.803772841652095,
        -0.235974190566703,
        -0.546136796424582,
        -0.0318785796175256
      ],
      [
        -0.593973040443949,
        0.370507209615089,
        0.714087133933256,
        0.332483587228434
      ],
      [
        0.0,
        0.0,
        0.0,
        1.0
      ]
    ],
    "1": [
      [
        -0.661983423420205,
        -0.705124048188304,
        0.254122064731506,
        -0.0976153478634076
      ],
      [
        0.738508923026836,
        -0.671524520389197,
        0.0604928849188142,
        0.0319600875316146
      ],
      [
        0.127994209738593,
        0.227716699393341,
        0.96527850234572,
        0.347470846067564
      ],
      [
        0.0,
        0.0,
        0.0,
        1.0
      ]
    ],
    "2": [
      [
        0.0304326016295165,
        -0.896980549250469,
        -0.44102125915242,
        -0.019045320476946
      ],
      [
        0.802156677374405,
        -0.241324222611421,
        0.546175140888569,
        0.0321212184081345
      ],
      [
        -0.596337590381249,
        -0.370389678375789,
        0.712174813125939,
        0.332413461389895
      ],
      [
        0.0,
        0.0,
        0.0,
        1.0
      ]
    ],
    "3": [
      [
        -0.658875321666127,
        0.707856508280948,
        0.254602580866068,
        -0.0974706583977444
      ],
      [
        -0.741012964664901,
        -0.669014416434827,
        -0.0576150744241697,
        -0.0320397104940455
      ],
      [
        0.129549591654674,
        -0.226624963952943,
        0.965327938586383,
        0.347540971906103
      ],
      [
        0.0,
        0.0,
        0.0,
        1.0
      ]
    ]
  },
  "T_WP": {
    "0": [
      [
        0.437965940162113,
        0.89835437829936,
        0.0338414870873984,
        -0.0165317269151648
      ],
      [
        0.546136796424582,
        -0.235974190566703,
        -0.803772841652095,
        -0.0881426785331723
      ],
      [
        -0.714087133933256,
        0.370507209615089,
        -0.593973040443949,
        0.290905474397357
      ],
      [
        0.0,
        0.0,
        0.0,
        1.0
      ]
    ],
    "1": [
      [
        -0.254122064731506,
        -0.705124048188304,
        -0.661983423420205,
        -0.143954187502822
      ],
      [
        -0.0604928849188141,
        -0.671524520389197,
        0.738508923026836,
        0.0836557121434932
      ],
      [
        -0.96527850234572,
        0.227716699393341,
        0.127994209738594,
        0.356430440749265
      ],
      [
        0.0,
        0.0,
        0.0,
        1.0
      ]
    ],
    "2": [
      [
        0.44102125915242,
        -0.896980549250469,
        0.0304326016295165,
        -0.0169150383628798
      ],
      [
        -0.546175140888569,
        -0.241324222611421,
        0.802156677374405,
        0.0882721858243429
      ],
      [
        -0.712174813125939,
        -0.370389678375789,
        -0.596337590381249,
        0.290669830063207
      ],
      [
        0.0,
        0.0,
        0.0,
        1.0
      ]
    ],
    "3": [
      [
        -0.254602580866068,
        0.707856508280948,
        -0.658875321666127,
        -0.143591930914373
      ],
      [
        0.0576150744241697,
        -0.669014416434827,
        -0.741012964664901,
        -0.0839106180205886
      ],
      [
        -0.965327938586383,
        -0.226624963952943,
        0.129549591654674,
        0.35660944332193
      ],
      [
        0.0,
        0.0,
        0.0,
        1.0
      ]
    ]
  },
  "simTime": 0.557999999999955,
  "state": [
    -0.0582579894373452,
    4.07539570444996e-05,
    0.339977216647999,
    0.995521092553685,
    -0.000652262295543217,
    0.0945313511814319,
    0.00107353548042892,
    -0.297535132004891,
    -9.05435970215956e-05,
    -0.57368214056931,
    -0.0116404869040473,
    -3.69665827033872,
    0.000810892819051398,
    0.820529721475906,
    0.401756186541487,
    0.171917818358679,
    -0.368466018081867,
    0.998705826017014,
    0.0449685412829629,
    -0.00217706244797006,
    -0.0236593274133753,
    0.820301278996854,
    -0.402167221003028,
    0.172138783721903,
    0.368423095320545,
    0.998699682547013,
    -0.0451839897089547,
    -0.00212090662638871,
    0.0235128243636933,
    -3.53754204679348,
    -2.038272744795,
    -4.3945160934119,
    -0.195899119814176,
    0.20978366324677,
    -0.605248203328974,
    3.53853053350851,
    -2.03995684213643,
    4.3986572157737,
    0.19345497428726,
    0.209289542595666,
    0.607134043590353
  ]
}