{
  "T_WB": [
    [
      0.359612411750639,
      -0.171421027735553,
      0.917220662962286,
      -0.0457919722999559
    ],
    [
      -0.18366453450367,
      0.950746763411755,
      0.249695676029088,
      0.00324868990946411
    ],
    [
      -0.914847666051807,
      -0.258254570360642,
      0.310416373291424,
      0.649486614715408
    ],
    [
      0.0,
      0.0,
      0.0,
      1.0
    ]
  ],
  "T_WH": {
    "0": [
      [
        0.0911586057999891,
        -0.372243006813105,
        0.923647796764189,
        0.0198699693575632
      ],
      [
        -0.5583248251359,
        0.748916737278641,
        0.356927317896629,
        -0.0377704778093229
      ],
      [
        -0.82459899237482,
        -0.548232491286912,
        -0.139562306056391,
        -0.0283297603905318
      ],
      [
        0.0,
        0.0,
        0.0,
        1.0
      ]
    ],
    "1": [
      [
        -0.436245221817738,
        0.0455354409099878,
        0.898674930140106,
        -0.0198699693575632
      ],
      [
        0.779337806081503,
        -0.480116256808997,
        0.402642476596529,
        0.0377704778093229
      ],
      [
        0.449802946247868,
        0.876022204951935,
        0.1739609323322,
        0.0283297603905318
      ],
      [
        0.0,
        0.0,
        0.0,
        1.0
      ]
    ],
    "2": [
      [
        -0.0691431056476564,
        0.051951749859036,
        0.996253103698042,
        0.00889902358248786
      ],
      [
        -0.0289879212553906,
        0.998116792521388,
        -0.0540607890074548,
        0.0230773150490294
      ],
      [
        -0.997185504990264,
        -0.0326172373661754,
        -0.0675069216000128,
        -0.0448580528936128
      ],
      [
        0.0,
        0.0,
        0.0,
        1.0
      ]
    ],
    "3": [
      [
        -0.222796828564326,
        0.138821650273251,
        0.964930112804596,
        -0.00889902358248786
      ],
      [
        -0.534342616759468,
        -0.845266131190903,
        -0.00177069935541654,
        -0.0230773150490294
      ],
      [
        0.815376931913285,
        -0.515997787666744,
        0.262500937192047,
        0.0448580528936128
      ],
      [
        0.0,
        0.0,
        0.0,
        1.0
      ]
    ]
  },
  "T_WP": {
    "0": [
      [
        -0.923647796764189,
        -0.372243006813105,
        0.0911586057999891,
        0.0262510717635625
      ],
      [
        -0.356927317896629,
        0.748916737278641,
        -0.5583248251359,
        -0.076853215568836
      ],
      [
        0.139562306056391,
        -0.548232491286912,
        -0.82459899237482,
        -0.0860516898567692
      ],
      [
        0.0,
        0.0,
        0.0,
        1.0
      ]
    ],
    "1": [
      [
        -0.898674930140106,
        0.0455354409099878,
        -0.436245221817738,
        -0.0504071348848049
      ],
      [
        -0.402642476596529,
        -0.480116256808997,
        0.779337806081503,
        0.0923241242350281
      ],
      [
        -0.1739609323322,
        0.876022204951935,
        0.449802946247868,
        0.0598159666278825
      ],
      [
        0.0,
        0.0,
        0.0,
        1.0
      ]
    ],
    "2": [
      [
        -0.996253103698042,
        0.051951749859036,
        -0.0691431056476564,
        0.00405900618715191
      ],
      [
        0.0540607890074548,
        0.998116792521388,
        -0.0289879212553906,
        0.021048160561152
      ],
      [
        0.0675069216000128,
        -0.0326172373661754,
        -0.997185504990264,
        -0.114661038242931
      ],
      [
        0.0,
        0.0,
        0.0,
        1.0
      ]
    ],
    "3": [
      [
        -0.964930112804596,
        0.138821650273251,
        -0.222796828564326,
        -0.0244948015819907
      ],
      [
        0.0017706993554165,
        -0.845266131190903,
        -0.534342616759468,
        -0.0604812982221922
      ],
      [
        -0.262500937192047,
        -0.515997787666744,
        0.815376931913285,
        0.101934438127543
      ],
      [
        0.0,
        0.0,
        0.0,
        1.0
      ]
    ]
  }
}