{
  "arms": {
    "0": [
      [
        -0.991817116737366,
        0.00871708616614342,
        0.127368748188019,
        0.00449179904535413
      ],
      [
        -0.0805009230971336,
        0.731630861759186,
        -0.676931262016296,
        -0.0319772660732269
      ],
      [
        -0.0990877747535706,
        -0.681645274162292,
        -0.724942266941071,
        0.0832197070121765
      ],
      [
        0.0,
        0.0,
        0.0,
        1.0
      ]
    ],
    "1": [
      [
        -0.986864864826202,
        0.142522260546684,
        -0.0760597586631775,
        -0.00629996042698622
      ],
      [
        -0.0453255176544189,
        -0.696184039115906,
        -0.716430962085724,
        -0.0320355966687202
      ],
      [
        -0.155058950185776,
        -0.703573167324066,
        0.693499505519867,
        0.162488460540771
      ],
      [
        0.0,
        0.0,
        0.0,
        1.0
      ]
    ],
    "2": [
      [
        -0.997857928276062,
        -0.0166240725666285,
        -0.0632705762982368,
        -0.00630216393619776
      ],
      [
        -0.0352763533592224,
        -0.677763998508453,
        0.734432816505432,
        0.0319643877446651
      ],
      [
        -0.0550917834043503,
        0.73509156703949,
        0.675725758075714,
        0.16253525018692
      ],
      [
        0.0,
        0.0,
        0.0,
        1.0
      ]
    ],
    "3": [
      [
        -0.983547866344452,
        -0.139623120427132,
        0.114625260233879,
        0.00448959600180387
      ],
      [
        -0.0201528966426849,
        0.715369045734406,
        0.698456168174744,
        0.0320227183401585
      ],
      [
        -0.17951999604702,
        0.684655010700226,
        -0.706413507461548,
        0.0832665041089058
      ],
      [
        0.0,
        0.0,
        0.0,
        1.0
      ]
    ]
  },
  "arms_in_parent_frame": {
    "0": [
      [
        5.8759077603554e-09,
        -5.91047140119372e-08,
        1.0,
        0.0
      ],
      [
        -3.4727420938907e-09,
        0.999999940395355,
        -5.91047140119372e-08,
        -7.45058059692383e-09
      ],
      [
        -0.999999940395355,
        3.4727420938907e-09,
        -5.8759077603554e-09,
        0.0
      ],
      [
        0.0,
        0.0,
        0.0,
        1.0
      ]
    ],
    "1": [
      [
        6.03142424893122e-10,
        -5.779606127021e-08,
        1.0,
        0.0
      ],
      [
        4.04917877006028e-09,
        1.0,
        -5.779606127021e-08,
        -7.45058059692383e-09
      ],
      [
        -0.999999940395355,
        -4.04917877006028e-09,
        -6.03142424893122e-10,
        0.0
      ],
      [
        0.0,
        0.0,
        0.0,
        1.0
      ]
    ],
    "2": [
      [
        -6.84398937522701e-09,
        -7.63305507689438e-09,
        1.0,
        0.0
      ],
      [
        -1.21899468297215e-09,
        1.0,
        -7.63305507689438e-09,
        0.0
      ],
      [
        -1.0,
        1.21899468297215e-09,
        6.84398937522701e-09,
        2.3283064365387e-10
      ],
      [
        0.0,
        0.0,
        0.0,
        1.0
      ]
    ],
    "3": [
      [
        1.20345688969792e-09,
        3.41608910048308e-08,
        1.0,
        0.0
      ],
      [
        -9.48868272843129e-09,
        1.0,
        3.41608910048308e-08,
        0.0
      ],
      [
        -1.0,
        9.48868272843129e-09,
        -1.20345688969792e-09,
        0.0
      ],
      [
        0.0,
        0.0,
        0.0,
        1.0
      ]
    ]
  },
  "arms_link_world": {
    "0": [
      [
        -0.991817116737366,
        0.00871708616614342,
        0.127368748188019,
        0.00449179904535413
      ],
      [
        -0.0805009230971336,
        0.731630861759186,
        -0.676931262016296,
        -0.0319772660732269
      ],
      [
        -0.0990877747535706,
        -0.681645274162292,
        -0.724942266941071,
        0.0832197070121765
      ],
      [
        0.0,
        0.0,
        0.0,
        1.0
      ]
    ],
    "1": [
      [
        -0.986864864826202,
        0.142522260546684,
        -0.0760597586631775,
        -0.00629996042698622
      ],
      [
        -0.0453255176544189,
        -0.696184039115906,
        -0.716430962085724,
        -0.0320355966687202
      ],
      [
        -0.155058950185776,
        -0.703573167324066,
        0.693499505519867,
        0.162488460540771
      ],
      [
        0.0,
        0.0,
        0.0,
        1.0
      ]
    ],
    "2": [
      [
        -0.997857928276062,
        -0.0166240725666285,
        -0.0632705762982368,
        -0.00630216393619776
      ],
      [
        -0.0352763533592224,
        -0.677763998508453,
        0.734432816505432,
        0.0319643877446651
      ],
      [
        -0.0550917834043503,
        0.73509156703949,
        0.675725758075714,
        0.16253525018692
      ],
      [
        0.0,
        0.0,
        0.0,
        1.0
      ]
    ],
    "3": [
      [
        -0.983547866344452,
        -0.139623120427132,
        0.114625260233879,
        0.00448959600180387
      ],
      [
        -0.0201528966426849,
        0.715369045734406,
        0.698456168174744,
        0.0320227183401585
      ],
      [
        -0.17951999604702,
        0.684655010700226,
        -0.706413507461548,
        0.0832665041089058
      ],
      [
        0.0,
        0.0,
        0.0,
        1.0
      ]
    ]
  },
  "arms_relative_to_base": {
    "0": [
      [
        -0.0356697961688042,
        0.677123963832855,
        0.735003888607025,
        0.0399999991059303
      ],
      [
        -0.0805392116308212,
        0.731131970882416,
        -0.677465558052063,
        -0.0320000015199184
      ],
      [
        -0.996113002300262,
        -0.0833617001771927,
        0.0284556932747364,
        0.0
      ],
      [
        0.0,
        0.0,
        0.0,
        1.0
      ]
    ],
    "1": [
      [
        0.020483460277319,
        0.715860247612,
        -0.697943091392517,
        -0.0399999991059303
      ],
      [
        -0.0454049147665501,
        -0.696703255176544,
        -0.715921103954315,
        -0.0320000015199184
      ],
      [
        -0.998758614063263,
        0.0463545769453049,
        0.0182326845824718,
        1.86264514923096e-09
      ],
      [
        0.0,
        0.0,
        0.0,
        1.0
      ]
    ],
    "2": [
      [
        -0.0800455436110497,
        -0.731109082698822,
        -0.67754864692688,
        -0.0399999991059303
      ],
      [
        -0.035282276570797,
        -0.677225768566132,
        0.734928905963898,
        0.0320000015199184
      ],
      [
        -0.996166586875916,
        0.0827332511544228,
        0.0284137185662985,
        0.0
      ],
      [
        0.0,
        0.0,
        0.0,
        1.0
      ]
    ],
    "3": [
      [
        0.0451867245137691,
        -0.696709930896759,
        0.715928316116333,
        0.0399999991059303
      ],
      [
        -0.0202502980828285,
        0.715874314308167,
        0.697935521602631,
        0.0320000015199184
      ],
      [
        -0.998773276805878,
        -0.0460351705551147,
        0.0182394180446863,
        0.0
      ],
      [
        0.0,
        0.0,
        0.0,
        1.0
      ]
    ]
  },
  "arms_view_frame": {
    "0": [
      [
        -0.991817057132721,
        0.00871708523482084,
        0.127368733286858,
        0.00449179857969284
      ],
      [
        -0.0990877747535706,
        -0.681645333766937,
        -0.724942266941071,
        0.0832197070121765
      ],
      [
        0.0805009305477142,
        -0.731630861759186,
        0.676931321620941,
        0.0319772623479366
      ],
      [
        0.0,
        0.0,
        0.0,
        1.0
      ]
    ],
    "1": [
      [
        -0.986864805221558,
        0.142522245645523,
        -0.0760597512125969,
        -0.00629995996132493
      ],
      [
        -0.155058950185776,
        -0.703573107719421,
        0.693499565124512,
        0.162488460540771
      ],
      [
        0.0453255251049995,
        0.696184098720551,
        0.716430902481079,
        0.0320355892181396
      ],
      [
        0.0,
        0.0,
        0.0,
        1.0
      ]
    ],
    "2": [
      [
        -0.997857868671417,
        -0.0166240707039833,
        -0.0632705688476562,
        -0.00630216347053647
      ],
      [
        -0.0550917834043503,
        0.73509156703949,
        0.675725698471069,
        0.16253525018692
      ],
      [
        0.0352763570845127,
        0.677763938903809,
        -0.734432816505432,
        -0.0319643951952457
      ],
      [
        0.0,
        0.0,
        0.0,
        1.0
      ]
    ],
    "3": [
      [
        -0.983547806739807,
        -0.13962310552597,
        0.114625252783298,
        0.00448959553614259
      ],
      [
        -0.17951999604702,
        0.684654951095581,
        -0.706413567066193,
        0.0832665041089058
      ],
      [
        0.0201529040932655,
        -0.71536910533905,
        -0.698456108570099,
        -0.0320227220654488
      ],
      [
        0.0,
        0.0,
        0.0,
        1.0
      ]
    ]
  },
  "arms_visual_world": {
    "0": [
      [
        -0.991817116737366,
        0.00871708616614342,
        0.127368748188019,
        0.00449179904535413
      ],
      [
        -0.0805009230971336,
        0.731630861759186,
        -0.676931262016296,
        -0.0319772660732269
      ],
      [
        -0.0990877747535706,
        -0.681645274162292,
        -0.724942266941071,
        0.0832197070121765
      ],
      [
        0.0,
        0.0,
        0.0,
        1.0
      ]
    ],
    "1": [
      [
        -0.986864864826202,
        0.142522260546684,
        -0.0760597586631775,
        -0.00629996042698622
      ],
      [
        -0.0453255176544189,
        -0.696184039115906,
        -0.716430962085724,
        -0.0320355966687202
      ],
      [
        -0.155058950185776,
        -0.703573167324066,
        0.693499505519867,
        0.162488460540771
      ],
      [
        0.0,
        0.0,
        0.0,
        1.0
      ]
    ],
    "2": [
      [
        -0.997857928276062,
        -0.0166240725666285,
        -0.0632705762982368,
        -0.00630216393619776
      ],
      [
        -0.0352763533592224,
        -0.677763998508453,
        0.734432816505432,
        0.0319643877446651
      ],
      [
        -0.0550917834043503,
        0.73509156703949,
        0.675725758075714,
        0.16253525018692
      ],
      [
        0.0,
        0.0,
        0.0,
        1.0
      ]
    ],
    "3": [
      [
        -0.983547866344452,
        -0.139623120427132,
        0.114625260233879,
        0.00448959600180387
      ],
      [
        -0.0201528966426849,
        0.715369045734406,
        0.698456168174744,
        0.0320227183401585
      ],
      [
        -0.17951999604702,
        0.684655010700226,
        -0.706413507461548,
        0.0832665041089058
      ],
      [
        0.0,
        0.0,
        0.0,
        1.0
      ]
    ]
  },
  "base": [
    [
      0.134896993637085,
      -3.44245381711517e-05,
      0.990859627723694,
      -0.000905182270798832
    ],
    [
      0.000729158404283226,
      0.999999761581421,
      -6.45265463390388e-05,
      -6.43916564513347e-06
    ],
    [
      -0.99085932970047,
      0.000731198058929294,
      0.134896993637085,
      0.122877478599548
    ],
    [
      0.0,
      0.0,
      0.0,
      1.0
    ]
  ],
  "base_link_world": [
    [
      0.134896993637085,
      -3.44245381711517e-05,
      0.990859627723694,
      -0.000905182270798832
    ],
    [
      0.000729158404283226,
      0.999999761581421,
      -6.45265463390388e-05,
      -6.43916564513347e-06
    ],
    [
      -0.99085932970047,
      0.000731198058929294,
      0.134896993637085,
      0.122877478599548
    ],
    [
      0.0,
      0.0,
      0.0,
      1.0
    ]
  ],
  "base_view_frame": [
    [
      0.134896978735924,
      -3.44245345331728e-05,
      0.990859568119049,
      -0.000905182212591171
    ],
    [
      -0.99085932970047,
      0.000731154344975948,
      0.134896993637085,
      0.122877478599548
    ],
    [
      -0.000729115097783506,
      -0.999999761581421,
      6.45206528133713e-05,
      6.43379462417215e-06
    ],
    [
      0.0,
      0.0,
      0.0,
      1.0
    ]
  ],
  "base_visual_world": [
    [
      -3.35802833433263e-05,
      -0.134896978735924,
      0.990859627723694,
      -0.000905182270798832
    ],
    [
      0.999999701976776,
      -0.000722899858374149,
      -6.45265463390388e-05,
      -6.43916564513347e-06
    ],
    [
      0.000724996731150895,
      0.990859270095825,
      0.134896993637085,
      0.122877478599548
    ],
    [
      0.0,
      0.0,
      0.0,
      1.0
    ]
  ],
  "view_adjust": [
    [
      0.999999940395355,
      0.0,
      0.0,
      0.0
    ],
    [
      0.0,
      -4.37113882867379e-08,
      1.0,
      0.0
    ],
    [
      0.0,
      -1.0,
      -4.37113882867379e-08,
      0.0
    ],
    [
      0.0,
      0.0,
      0.0,
      1.0
    ]
  ]
}