{
  "T_WB": [
    [
      -2.22044604925031e-16,
      1.23108893594782e-19,
      1.0,
      -1.04962012977702e-35
    ],
    [
      -2.78484495943456e-18,
      1.0,
      -1.23108893594782e-19,
      3.5187442632127e-21
    ],
    [
      -1.0,
      -2.78484495943456e-18,
      -2.22044604925031e-16,
      0.163417874800002
    ],
    [
      0.0,
      0.0,
      0.0,
      1.0
    ]
  ],
  "T_WH": {
    "0": [
      [
        -1.57205929625665e-16,
        -1.51906777904403e-16,
        1.0,
        -8.88572368159629e-18
      ],
      [
        -0.707106779455507,
        0.707106782917588,
        -3.74706558155477e-18,
        -0.032
      ],
      [
        -0.707106782917588,
        -0.707106779455507,
        -2.18575691654618e-16,
        0.123417874800002
      ],
      [
        0.0,
        0.0,
        0.0,
        1.0
      ]
    ],
    "1": [
      [
        1.57205929625665e-16,
        1.51903192633803e-16,
        1.0,
        8.88572368159629e-18
      ],
      [
        0.707106779455507,
        -0.707106782917588,
        -3.74960075071464e-18,
        0.032
      ],
      [
        0.707106782917588,
        0.707106779455507,
        -2.18573156485471e-16,
        0.203417874800002
      ],
      [
        0.0,
        0.0,
        0.0,
        1.0
      ]
    ],
    "2": [
      [
        -1.57037004166418e-16,
        1.52810229631413e-16,
        1.0,
        -8.87784471240622e-18
      ],
      [
        0.707106779455507,
        0.707106782917588,
        2.98878039989048e-18,
        0.032
      ],
      [
        -0.707106782917588,
        0.707106779455507,
        -2.19095080157657e-16,
        0.123417874800002
      ],
      [
        0.0,
        0.0,
        0.0,
        1.0
      ]
    ],
    "3": [
      [
        1.57037004166418e-16,
        -1.52065741014613e-16,
        1.0,
        8.87784471240622e-18
      ],
      [
        -0.707106779455507,
        -0.707106782917588,
        3.51521335063512e-18,
        -0.032
      ],
      [
        0.707106782917588,
        -0.707106779455507,
        -2.1856864720949e-16,
        0.203417874800002
      ],
      [
        0.0,
        0.0,
        0.0,
        1.0
      ]
    ]
  },
  "T_WP": {
    "0": [
      [
        -1.0,
        -1.51906777904403e-16,
        -9.59735896682977e-17,
        -1.98901387553929e-17
      ],
      [
        -3.95507371242243e-17,
        0.707106782917588,
        -0.707106779455507,
        -0.0814974745618855
      ],
      [
        1.75277888736848e-16,
        -0.707106779455507,
        -0.707106782917588,
        0.073920399995771
      ],
      [
        0.0,
        0.0,
        0.0,
        1.0
      ]
    ],
    "1": [
      [
        -1.0,
        1.51903192633803e-16,
        2.18438269583033e-16,
        1.98901387553929e-17
      ],
      [
        4.70474034564937e-17,
        -0.707106782917588,
        0.707106779455507,
        0.0814974745618855
      ],
      [
        2.61870959403241e-16,
        0.707106779455507,
        0.707106782917588,
        0.252915349604233
      ],
      [
        0.0,
        0.0,
        0.0,
        1.0
      ]
    ],
    "2": [
      [
        -1.0,
        1.52810229631413e-16,
        -9.58046642090506e-17,
        -1.98704350040555e-17
      ],
      [
        4.03090223058885e-17,
        0.707106782917588,
        0.707106779455507,
        0.0814974745618855
      ],
      [
        1.75797277239887e-16,
        0.707106779455507,
        -0.707106782917588,
        0.073920399995771
      ],
      [
        0.0,
        0.0,
        0.0,
        1.0
      ]
    ],
    "3": [
      [
        -1.0,
        -1.52065741014613e-16,
        2.18269344123786e-16,
        1.98704350040555e-17
      ],
      [
        -4.68130160564141e-17,
        -0.707106782917588,
        -0.707106779455507,
        -0.0814974745618855
      ],
      [
        2.6186645012726e-16,
        -0.707106779455507,
        0.707106782917588,
        0.252915349604233
      ],
      [
        0.0,
        0.0,
        0.0,
        1.0
      ]
    ]
  },
  "simTime": 0.261999999999987,
  "state": [
    -1.04962012977702e-35,
    3.5187442632127e-21,
    0.163417874800002,
    0.707106781186548,
    -9.41065810942054e-19,
    0.707106781186548,
    -1.0281169444273e-18,
    -6.20405929102817e-35,
    -2.24707466908335e-20,
    -2.56932920000006,
    4.7692582800672e-19,
    -1.22102979545993e-17,
    -2.22927300101294e-17,
    1.0,
    2.50770822295419e-18,
    5.48161198238246e-20,
    -1.56044006365589e-18,
    1.0,
    -2.50950085825421e-18,
    -5.4816119823824e-20,
    1.55699567698428e-18,
    1.0,
    -2.14303349314711e-18,
    5.74045234723908e-20,
    1.10161360142864e-18,
    1.0,
    2.51527780154741e-18,
    -5.74045234723901e-20,
    -1.55650476564807e-18,
    1.05456411998535e-17,
    9.07704361349856e-20,
    -2.4288719655183e-17,
    -1.03332320986333e-17,
    -9.0770436134983e-20,
    2.42980498794974e-17,
    -1.48877302776748e-17,
    -2.46503870885804e-20,
    2.02989955277647e-17,
    1.0574994897541e-17,
    2.46503870885817e-20,
    -2.44298718698889e-17
  ]
}