{
  "arms": {
    "0": [
      [
        -1.0,
        -3.45441443324557e-17,
        -5.74297470312378e-17,
        -8.88180302363199e-18
      ],
      [
        1.61825644572934e-17,
        0.70710676908493,
        -0.70710676908493,
        -0.0320000015199184
      ],
      [
        6.50353617437526e-17,
        -0.70710676908493,
        -0.70710676908493,
        0.0905363485217094
      ],
      [
        0.0,
        0.0,
        0.0,
        1.0
      ]
    ],
    "1": [
      [
        -1.0,
        -1.59541329063087e-16,
        3.79075434211575e-16,
        8.88176497332382e-18
      ],
      [
        -1.55234060647181e-16,
        -0.70710676908493,
        -0.70710676908493,
        -0.0320000015199184
      ],
      [
        3.80859550296289e-16,
        -0.70710676908493,
        0.70710676908493,
        0.17053633928299
      ],
      [
        0.0,
        0.0,
        0.0,
        1.0
      ]
    ],
    "2": [
      [
        -1.0,
        1.54537481927182e-16,
        3.79032076712588e-16,
        8.88180302363199e-18
      ],
      [
        1.5874166378643e-16,
        -0.70710676908493,
        0.70710676908493,
        0.0320000015199184
      ],
      [
        3.77290656382372e-16,
        0.70710676908493,
        0.70710676908493,
        0.17053633928299
      ],
      [
        0.0,
        0.0,
        0.0,
        1.0
      ]
    ],
    "3": [
      [
        -1.0,
        2.79474338721379e-16,
        1.87500457283853e-16,
        -8.88176497332382e-18
      ],
      [
        3.30201050819851e-16,
        0.70710676908493,
        0.70710676908493,
        0.0320000015199184
      ],
      [
        6.50353617437526e-17,
        0.70710676908493,
        -0.70710676908493,
        0.0905363485217094
      ],
      [
        0.0,
        0.0,
        0.0,
        1.0
      ]
    ]
  },
  "arms_in_parent_frame": {
    "0": [
      [
        2.22044591690142e-16,
        1.26880514983441e-08,
        0.999999940395355,
        0.0
      ],
      [
        -4.91409067993851e-25,
        0.999999940395355,
        1.26880514983441e-08,
        0.0
      ],
      [
        -1.0,
        0.0,
        2.22044604925031e-16,
        -1.65436122510606e-24
      ],
      [
        0.0,
        0.0,
        0.0,
        1.0
      ]
    ],
    "1": [
      [
        2.22044591690142e-16,
        -1.26880514983441e-08,
        0.999999940395355,
        0.0
      ],
      [
        1.55521829094315e-23,
        0.999999940395355,
        -1.26880514983441e-08,
        7.45058059692383e-09
      ],
      [
        -1.0,
        -2.39357122495246e-24,
        2.22044604925031e-16,
        0.0
      ],
      [
        0.0,
        0.0,
        0.0,
        1.0
      ]
    ],
    "2": [
      [
        2.22044591690142e-16,
        1.26880514983441e-08,
        0.999999940395355,
        0.0
      ],
      [
        -2.27941358563611e-24,
        0.999999940395355,
        1.26880514983441e-08,
        -7.45058059692383e-09
      ],
      [
        -1.0,
        1.17141718682786e-23,
        2.22044604925031e-16,
        0.0
      ],
      [
        0.0,
        0.0,
        0.0,
        1.0
      ]
    ],
    "3": [
      [
        2.22044591690142e-16,
        -1.26880514983441e-08,
        0.999999940395355,
        0.0
      ],
      [
        3.80013151820596e-24,
        0.999999940395355,
        -1.26880514983441e-08,
        0.0
      ],
      [
        -1.0,
        0.0,
        2.22044604925031e-16,
        0.0
      ],
      [
        0.0,
        0.0,
        0.0,
        1.0
      ]
    ]
  },
  "arms_link_world": {
    "0": [
      [
        -1.0,
        -3.45441443324557e-17,
        -5.74297470312378e-17,
        -8.88180302363199e-18
      ],
      [
        1.61825644572934e-17,
        0.70710676908493,
        -0.70710676908493,
        -0.0320000015199184
      ],
      [
        6.50353617437526e-17,
        -0.70710676908493,
        -0.70710676908493,
        0.0905363485217094
      ],
      [
        0.0,
        0.0,
        0.0,
        1.0
      ]
    ],
    "1": [
      [
        -1.0,
        -1.59541329063087e-16,
        3.79075434211575e-16,
        8.88176497332382e-18
      ],
      [
        -1.55234060647181e-16,
        -0.70710676908493,
        -0.70710676908493,
        -0.0320000015199184
      ],
      [
        3.80859550296289e-16,
        -0.70710676908493,
        0.70710676908493,
        0.17053633928299
      ],
      [
        0.0,
        0.0,
        0.0,
        1.0
      ]
    ],
    "2": [
      [
        -1.0,
        1.54537481927182e-16,
        3.79032076712588e-16,
        8.88180302363199e-18
      ],
      [
        1.5874166378643e-16,
        -0.70710676908493,
        0.70710676908493,
        0.0320000015199184
      ],
      [
        3.77290656382372e-16,
        0.70710676908493,
        0.70710676908493,
        0.17053633928299
      ],
      [
        0.0,
        0.0,
        0.0,
        1.0
      ]
    ],
    "3": [
      [
        -1.0,
        2.79474338721379e-16,
        1.87500457283853e-16,
        -8.88176497332382e-18
      ],
      [
        3.30201050819851e-16,
        0.70710676908493,
        0.70710676908493,
        0.0320000015199184
      ],
      [
        6.50353617437526e-17,
        0.70710676908493,
        -0.70710676908493,
        0.0905363485217094
      ],
      [
        0.0,
        0.0,
        0.0,
        1.0
      ]
    ]
  },
  "arms_relative_to_base": {
    "0": [
      [
        1.57009243181279e-16,
        0.70710676908493,
        0.70710676908493,
        0.0399999991059303
      ],
      [
        1.61819655785299e-17,
        0.70710676908493,
        -0.70710676908493,
        -0.0320000015199184
      ],
      [
        -1.0,
        1.22464672023627e-16,
        9.95799196665145e-17,
        0.0
      ],
      [
        0.0,
        0.0,
        0.0,
        1.0
      ]
    ],
    "1": [
      [
        -1.58814945371257e-16,
        0.70710676908493,
        -0.70710676908493,
        -0.0399999916553497
      ],
      [
        -1.55234656217222e-16,
        -0.70710676908493,
        -0.70710676908493,
        -0.0320000015199184
      ],
      [
        -1.0,
        -2.5316623653349e-18,
        2.2206662778166e-16,
        0.0
      ],
      [
        0.0,
        0.0,
        0.0,
        1.0
      ]
    ],
    "2": [
      [
        -1.5524605145734e-16,
        -0.70710676908493,
        -0.70710676908493,
        -0.0399999916553497
      ],
      [
        1.58741068216389e-16,
        -0.70710676908493,
        0.70710676908493,
        0.0320000015199184
      ],
      [
        -1.0,
        -2.47133773762263e-18,
        2.22022410014835e-16,
        0.0
      ],
      [
        0.0,
        0.0,
        0.0,
        1.0
      ]
    ],
    "3": [
      [
        1.57009243181279e-16,
        -0.70710676908493,
        0.70710676908493,
        0.0399999991059303
      ],
      [
        3.3020044201492e-16,
        0.70710676908493,
        0.70710676908493,
        0.0320000015199184
      ],
      [
        -1.0,
        1.22464672023627e-16,
        3.44509263713768e-16,
        0.0
      ],
      [
        0.0,
        0.0,
        0.0,
        1.0
      ]
    ]
  },
  "arms_view_frame": {
    "0": [
      [
        -0.999999940395355,
        -3.45441410237332e-17,
        -5.74297404137929e-17,
        -8.88180219645138e-18
      ],
      [
        6.50353617437526e-17,
        -0.707106828689575,
        -0.707106709480286,
        0.0905363485217094
      ],
      [
        -1.61825677660159e-17,
        -0.707106709480286,
        0.707106828689575,
        0.0319999977946281
      ],
      [
        0.0,
        0.0,
        0.0,
        1.0
      ]
    ],
    "1": [
      [
        -0.999999940395355,
        -1.59541315828197e-16,
        3.79075407741796e-16,
        8.8817641461432e-18
      ],
      [
        3.80859550296289e-16,
        -0.707106709480286,
        0.707106828689575,
        0.17053633928299
      ],
      [
        1.55234047412291e-16,
        0.707106828689575,
        0.707106709480286,
        0.0319999940693378
      ],
      [
        0.0,
        0.0,
        0.0,
        1.0
      ]
    ],
    "2": [
      [
        -0.999999940395355,
        1.54537468692293e-16,
        3.79032050242808e-16,
        8.88180219645138e-18
      ],
      [
        3.77290656382372e-16,
        0.707106828689575,
        0.707106709480286,
        0.17053633928299
      ],
      [
        -1.5874167702132e-16,
        0.707106709480286,
        -0.707106828689575,
        -0.032000008970499
      ],
      [
        0.0,
        0.0,
        0.0,
        1.0
      ]
    ],
    "3": [
      [
        -0.999999940395355,
        2.794743122516e-16,
        1.87500444048963e-16,
        -8.8817641461432e-18
      ],
      [
        6.50353485088628e-17,
        0.707106709480286,
        -0.707106828689575,
        0.0905363485217094
      ],
      [
        -3.30201050819851e-16,
        -0.707106828689575,
        -0.707106709480286,
        -0.0320000052452087
      ],
      [
        0.0,
        0.0,
        0.0,
        1.0
      ]
    ]
  },
  "arms_visual_world": {
    "0": [
      [
        -1.0,
        -3.45441443324557e-17,
        -5.74297470312378e-17,
        -8.88180302363199e-18
      ],
      [
        1.61825644572934e-17,
        0.70710676908493,
        -0.70710676908493,
        -0.0320000015199184
      ],
      [
        6.50353617437526e-17,
        -0.70710676908493,
        -0.70710676908493,
        0.0905363485217094
      ],
      [
        0.0,
        0.0,
        0.0,
        1.0
      ]
    ],
    "1": [
      [
        -1.0,
        -1.59541329063087e-16,
        3.79075434211575e-16,
        8.88176497332382e-18
      ],
      [
        -1.55234060647181e-16,
        -0.70710676908493,
        -0.70710676908493,
        -0.0320000015199184
      ],
      [
        3.80859550296289e-16,
        -0.70710676908493,
        0.70710676908493,
        0.17053633928299
      ],
      [
        0.0,
        0.0,
        0.0,
        1.0
      ]
    ],
    "2": [
      [
        -1.0,
        1.54537481927182e-16,
        3.79032076712588e-16,
        8.88180302363199e-18
      ],
      [
        1.5874166378643e-16,
        -0.70710676908493,
        0.70710676908493,
        0.0320000015199184
      ],
      [
        3.77290656382372e-16,
        0.70710676908493,
        0.70710676908493,
        0.17053633928299
      ],
      [
        0.0,
        0.0,
        0.0,
        1.0
      ]
    ],
    "3": [
      [
        -1.0,
        2.79474338721379e-16,
        1.87500457283853e-16,
        -8.88176497332382e-18
      ],
      [
        3.30201050819851e-16,
        0.70710676908493,
        0.70710676908493,
        0.0320000015199184
      ],
      [
        6.50353617437526e-17,
        0.70710676908493,
        -0.70710676908493,
        0.0905363485217094
      ],
      [
        0.0,
        0.0,
        0.0,
        1.0
      ]
    ]
  },
  "base": [
    [
      -2.22044604925031e-16,
      5.98490669166572e-22,
      1.0,
      1.35051702227352e-35
    ],
    [
      1.3764344329501e-18,
      1.0,
      -5.98490669166572e-22,
      2.97407351782994e-22
    ],
    [
      -1.0,
      1.3764344329501e-18,
      -2.22044604925031e-16,
      0.13053634762764
    ],
    [
      0.0,
      0.0,
      0.0,
      1.0
    ]
  ],
  "base_link_world": [
    [
      -2.22044604925031e-16,
      5.98490669166572e-22,
      1.0,
      1.35051702227352e-35
    ],
    [
      1.3764344329501e-18,
      1.0,
      -5.98490669166572e-22,
      2.97407351782994e-22
    ],
    [
      -1.0,
      1.3764344329501e-18,
      -2.22044604925031e-16,
      0.13053634762764
    ],
    [
      0.0,
      0.0,
      0.0,
      1.0
    ]
  ],
  "base_view_frame": [
    [
      -2.22044591690142e-16,
      5.98490618679474e-22,
      0.999999940395355,
      1.35051687878055e-35
    ],
    [
      -1.0,
      -4.37113882867379e-08,
      -2.22044604925031e-16,
      0.13053634762764
    ],
    [
      4.37113882867379e-08,
      -1.0,
      6.08196561308922e-22,
      -5.70592506576872e-09
    ],
    [
      0.0,
      0.0,
      0.0,
      1.0
    ]
  ],
  "base_visual_world": [
    [
      -7.91172810409612e-22,
      2.22044591690142e-16,
      1.0,
      1.35051702227352e-35
    ],
    [
      0.999999940395355,
      6.25848770141602e-06,
      -5.98490669166572e-22,
      2.97407351782994e-22
    ],
    [
      -6.25848770141602e-06,
      0.999999940395355,
      -2.22044604925031e-16,
      0.13053634762764
    ],
    [
      0.0,
      0.0,
      0.0,
      1.0
    ]
  ],
  "view_adjust": [
    [
      0.999999940395355,
      0.0,
      0.0,
      0.0
    ],
    [
      0.0,
      -4.37113882867379e-08,
      1.0,
      0.0
    ],
    [
      0.0,
      -1.0,
      -4.37113882867379e-08,
      0.0
    ],
    [
      0.0,
      0.0,
      0.0,
      1.0
    ]
  ]
}