{
  "T_WB": [
    [
      0.994825663667333,
      -0.000505868338737391,
      0.101595487134388,
      -0.126494329388691
    ],
    [
      0.00094335701887179,
      0.999990488929423,
      -0.00425818367713715,
      -8.0617421896801e-05
    ],
    [
      -0.101592366772237,
      0.0043319912184993,
      0.994816679024683,
      0.0590299882615093
    ],
    [
      0.0,
      0.0,
      0.0,
      1.0
    ]
  ],
  "T_WH": {
    "0": [
      [
        -0.0042882709948223,
        0.810559837953481,
        0.585640128260267,
        -0.0866851150551577
      ],
      [
        -0.899579399420395,
        0.252648046288411,
        -0.356266569923548,
        -0.0320425787868835
      ],
      [
        -0.436736207418525,
        -0.528357562455082,
        0.728079508931687,
        0.0548276698716279
      ],
      [
        0.0,
        0.0,
        0.0,
        1.0
      ]
    ],
    "1": [
      [
        -0.4684583221402,
        -0.883466769758436,
        0.00576776821507541,
        -0.166303543722224
      ],
      [
        0.877367052655149,
        -0.464437120353917,
        0.120520604680603,
        0.0318813439430899
      ],
      [
        -0.103797183645827,
        0.0615193300512562,
        0.992694070042346,
        0.0632323066513908
      ],
      [
        0.0,
        0.0,
        0.0,
        1.0
      ]
    ],
    "2": [
      [
        -0.00330249841435135,
        -0.811724559703234,
        0.584031105917154,
        -0.0867174906288369
      ],
      [
        0.902761948946776,
        0.248790699184724,
        0.350890369678329,
        0.0319568125045996
      ],
      [
        -0.430127838018003,
        0.528399874312785,
        0.731972414636092,
        0.0551049173096119
      ],
      [
        0.0,
        0.0,
        0.0,
        1.0
      ]
    ],
    "3": [
      [
        -0.456217991821503,
        0.889866609550502,
        0.0016003579129644,
        -0.166271168148544
      ],
      [
        -0.881859540988607,
        -0.451870719514426,
        -0.134672205049441,
        -0.0321180473483932
      ],
      [
        -0.119117143626424,
        -0.0628511738363738,
        0.990888912059102,
        0.0629550592134068
      ],
      [
        0.0,
        0.0,
        0.0,
        1.0
      ]
    ]
  },
  "T_WP": {
    "0": [
      [
        -0.585640128260267,
        0.810559837953481,
        -0.00428827099482227,
        -0.0869852940247953
      ],
      [
        0.356266569923548,
        0.252648046288411,
        -0.899579399420395,
        -0.0950131367463111
      ],
      [
        -0.728079508931687,
        -0.528357562455082,
        -0.436736207418525,
        0.0242561353523311
      ],
      [
        0.0,
        0.0,
        0.0,
        1.0
      ]
    ],
    "1": [
      [
        -0.00576776821507544,
        -0.883466769758436,
        -0.4684583221402,
        -0.199095626272038
      ],
      [
        -0.120520604680603,
        -0.464437120353917,
        0.877367052655149,
        0.0932970376289503
      ],
      [
        -0.992694070042346,
        0.0615193300512562,
        -0.103797183645827,
        0.0559665037961829
      ],
      [
        0.0,
        0.0,
        0.0,
        1.0
      ]
    ],
    "2": [
      [
        -0.584031105917154,
        -0.811724559703234,
        -0.00330249841435132,
        -0.0869486655178415
      ],
      [
        -0.350890369678329,
        0.248790699184724,
        0.902761948946776,
        0.095150148930874
      ],
      [
        -0.731972414636092,
        0.528399874312785,
        -0.430127838018003,
        0.0249959686483516
      ],
      [
        0.0,
        0.0,
        0.0,
        1.0
      ]
    ],
    "3": [
      [
        -0.00160035791296443,
        0.889866609550502,
        -0.456217991821503,
        -0.19820642757605
      ],
      [
        0.134672205049441,
        -0.451870719514426,
        -0.881859540988607,
        -0.0938482152175957
      ],
      [
        -0.990888912059102,
        -0.0628511738363738,
        -0.119117143626424,
        0.0546168591595571
      ],
      [
        0.0,
        0.0,
        0.0,
        1.0
      ]
    ]
  },
  "simTime": 0.768499999999932,
  "state": [
    -0.126494329388691,
    -8.0617421896801e-05,
    0.0590299882615093,
    0.998703263189502,
    0.00215033213874822,
    0.0508629192963971,
    0.000362776765387967,
    -0.27333541143424,
    -0.00476255280078013,
    1.66098542078263,
    0.484091608428908,
    13.9279388208755,
    -0.174199073167656,
    0.899382664666695,
    -0.153960348667979,
    0.289198323236771,
    -0.289432830501498,
    0.985323903329023,
    -0.00139379482498136,
    0.0786597618705709,
    -0.151484338223162,
    0.899840423796176,
    0.152936371514756,
    0.289138199488745,
    0.288611814669162,
    0.984051253155529,
    0.00197128086202245,
    0.0821686168784847,
    0.157757927265393,
    -3.44035997759008,
    -1.23165592006969,
    4.76250814754827,
    -2.41052952501677,
    0.465730932255355,
    1.00767892260002,
    3.43297108358169,
    -1.5289198417644,
    -4.98516893712501,
    2.46633081944145,
    0.496910003116281,
    -0.565769412517859
  ]
}