{
  "T_WB": [
    [
      -0.00955597485044701,
      -0.392241668114262,
      0.91981256630881,
      -0.0681045430155449
    ],
    [
      -0.334960560965967,
      0.867967174240029,
      0.366652979040322,
      0.00418064682138073
    ],
    [
      -0.942183690127367,
      -0.304597206547794,
      -0.139679761673831,
      0.87097827343397
    ],
    [
      0.0,
      0.0,
      0.0,
      1.0
    ]
  ],
  "T_WH": {
    "0": [
      [
        -0.109769890594907,
        -0.304205032784323,
        0.946260994201637,
        0.0121694943856385
      ],
      [
        -0.536520661636492,
        0.819543951089058,
        0.201229450802999,
        -0.0411733720143196
      ],
      [
        -0.836717485628168,
        -0.485599639890749,
        -0.25317353531136,
        -0.0279402369955653
      ],
      [
        0.0,
        0.0,
        0.0,
        1.0
      ]
    ],
    "1": [
      [
        -0.348647478353253,
        0.392773075100737,
        0.85098428147283,
        -0.0121694943856385
      ],
      [
        0.873825406470278,
        -0.192116443131415,
        0.446677099575954,
        0.0411733720143196
      ],
      [
        0.338930811294829,
        0.899344530063114,
        -0.276234178552519,
        0.0279402369955653
      ],
      [
        0.0,
        0.0,
        0.0,
        1.0
      ]
    ],
    "2": [
      [
        -0.25956397448608,
        -0.543562649693666,
        0.798226903209225,
        -0.0129339723736743
      ],
      [
        -0.311227187267538,
        0.829539937776929,
        0.463682142785967,
        0.0143765271370423
      ],
      [
        -0.914201389768429,
        -0.128074734007337,
        -0.384490157812165,
        -0.0474344582146241
      ],
      [
        0.0,
        0.0,
        0.0,
        1.0
      ]
    ],
    "3": [
      [
        0.254774034904004,
        0.0261590844019187,
        0.966646726287317,
        0.0129339723736743
      ],
      [
        -0.517282447755729,
        -0.840897210579421,
        0.159093527472333,
        -0.0143765271370423
      ],
      [
        0.817012276763682,
        -0.540562284610203,
        -0.200707140068368,
        0.0474344582146241
      ],
      [
        0.0,
        0.0,
        0.0,
        1.0
      ]
    ]
  },
  "T_WP": {
    "0": [
      [
        -0.946260994201637,
        -0.304205032784323,
        -0.109769890594907,
        0.00448560204399499
      ],
      [
        -0.201229450802999,
        0.819543951089058,
        -0.536520661636492,
        -0.0787298183288741
      ],
      [
        0.25317353531136,
        -0.485599639890749,
        -0.836717485628168,
        -0.086510460989537
      ],
      [
        0.0,
        0.0,
        0.0,
        1.0
      ]
    ],
    "1": [
      [
        -0.85098428147283,
        0.392773075100737,
        -0.348647478353253,
        -0.0365748178703662
      ],
      [
        -0.446677099575954,
        -0.192116443131415,
        0.873825406470278,
        0.102341150467239
      ],
      [
        0.276234178552519,
        0.899344530063114,
        0.338930811294829,
        0.0516653937862033
      ],
      [
        0.0,
        0.0,
        0.0,
        1.0
      ]
    ],
    "2": [
      [
        -0.798226903209225,
        -0.543562649693666,
        -0.25956397448608,
        -0.0311034505876999
      ],
      [
        -0.463682142785967,
        0.829539937776929,
        -0.311227187267538,
        -0.0074093759716854
      ],
      [
        0.384490157812165,
        -0.128074734007337,
        -0.914201389768429,
        -0.111428555498414
      ],
      [
        0.0,
        0.0,
        0.0,
        1.0
      ]
    ],
    "3": [
      [
        -0.966646726287317,
        0.0261590844019187,
        0.254774034904004,
        0.0307681548169546
      ],
      [
        -0.159093527472333,
        -0.840897210579421,
        -0.517282447755729,
        -0.0505862984799433
      ],
      [
        0.200707140068368,
        -0.540562284610203,
        0.817012276763682,
        0.104625317588082
      ],
      [
        0.0,
        0.0,
        0.0,
        1.0
      ]
    ]
  }
}