{
  "T_WB": [
    [
      0.991168164122647,
      -0.00319400817539168,
      0.132572503715957,
      -0.00888832736894982
    ],
    [
      0.00231868064989056,
      0.999974486484204,
      0.00675648582449677,
      -6.61363794913128e-06
    ],
    [
      -0.13259070159625,
      -0.00638942035151341,
      0.991150281822987,
      0.439868547988606
    ],
    [
      0.0,
      0.0,
      0.0,
      1.0
    ]
  ],
  "T_WH": {
    "0": [
      [
        0.440118836798508,
        0.895490791810971,
        0.0662695350586436,
        0.0308606074575686
      ],
      [
        -0.888309060766545,
        0.444991059346582,
        -0.113534002226936,
        -0.031913049979448
      ],
      [
        -0.131158004159818,
        -0.00889937544818118,
        0.991321531624046,
        0.434769381376005
      ],
      [
        0.0,
        0.0,
        0.0,
        1.0
      ]
    ],
    "1": [
      [
        -0.764581737989792,
        -0.644523568277074,
        0.00203368333247719,
        -0.0486372621954682
      ],
      [
        0.643547683943912,
        -0.763590324498074,
        -0.0526896083051624,
        0.0318998227035498
      ],
      [
        0.0355125952717372,
        -0.0389767400934714,
        0.998608867028904,
        0.444967714601208
      ],
      [
        0.0,
        0.0,
        0.0,
        1.0
      ]
    ],
    "2": [
      [
        0.434911989404577,
        -0.897985397749049,
        0.0668863730638404,
        0.0306561909343435
      ],
      [
        0.889226356507432,
        0.439996636548103,
        0.125217597480839,
        0.032085317155541
      ],
      [
        -0.141873353258003,
        0.00501849139070264,
        0.989872095969722,
        0.434360458473508
      ],
      [
        0.0,
        0.0,
        0.0,
        1.0
      ]
    ],
    "3": [
      [
        -0.761410484715825,
        0.648250393840852,
        0.0050498168276172,
        -0.0484328456722432
      ],
      [
        -0.646751564854996,
        -0.760136777016835,
        0.0624859470926954,
        -0.0320985444314393
      ],
      [
        0.0443450913002287,
        0.0443114783282841,
        0.998033068473152,
        0.445376637503705
      ],
      [
        0.0,
        0.0,
        0.0,
        1.0
      ]
    ]
  },
  "T_WP": {
    "0": [
      [
        -0.0662695350586436,
        0.895490791810971,
        0.440118836798508,
        0.0616689260334642
      ],
      [
        0.113534002226936,
        0.444991059346582,
        -0.888309060766545,
        -0.0940946842331062
      ],
      [
        -0.991321531624046,
        -0.00889937544818118,
        -0.131158004159818,
        0.425588321084817
      ],
      [
        0.0,
        0.0,
        0.0,
        1.0
      ]
    ],
    "1": [
      [
        -0.00203368333247724,
        -0.644523568277074,
        -0.764581737989792,
        -0.102157983854754
      ],
      [
        0.0526896083051624,
        -0.763590324498074,
        0.643547683943912,
        0.0769481605796237
      ],
      [
        -0.998608867028904,
        -0.0389767400934714,
        0.0355125952717372,
        0.44745359627023
      ],
      [
        0.0,
        0.0,
        0.0,
        1.0
      ]
    ],
    "2": [
      [
        -0.0668863730638404,
        -0.897985397749049,
        0.434911989404577,
        0.0611000301926639
      ],
      [
        -0.125217597480839,
        0.439996636548103,
        0.889226356507432,
        0.0943311621110613
      ],
      [
        -0.989872095969722,
        0.00501849139070264,
        -0.141873353258003,
        0.424429323745448
      ],
      [
        0.0,
        0.0,
        0.0,
        1.0
      ]
    ],
    "3": [
      [
        -0.00504981682761724,
        0.648250393840852,
        -0.761410484715825,
        -0.101731579602351
      ],
      [
        -0.0624859470926954,
        -0.760136777016835,
        -0.646751564854996,
        -0.077371153971289
      ],
      [
        -0.998033068473152,
        0.0443114783282841,
        0.0443450913002288,
        0.448480793894721
      ],
      [
        0.0,
        0.0,
        0.0,
        1.0
      ]
    ]
  }
}