{
  "T_WB": [
    [
      0.946972217232336,
      -0.00212161323530894,
      0.321308447675054,
      -0.0480308264064102
    ],
    [
      0.00178137298062422,
      0.999997498186997,
      0.00135289691072638,
      4.24790389039532e-05
    ],
    [
      -0.321310514145394,
      -0.000708785600102683,
      0.946973627469422,
      0.353993413867776
    ],
    [
      0.0,
      0.0,
      0.0,
      1.0
    ]
  ],
  "T_WH": {
    "0": [
      [
        0.132345880323737,
        0.890688854836681,
        -0.434922903318572,
        -0.0100840460935869
      ],
      [
        -0.800015410804242,
        -0.163068402926505,
        -0.577394179432664,
        -0.031886185983855
      ],
      [
        -0.585200743708563,
        0.424360766137399,
        0.690983378762633,
        0.341163674441164
      ],
      [
        0.0,
        0.0,
        0.0,
        1.0
      ]
    ],
    "1": [
      [
        -0.649080114426624,
        -0.651364611999645,
        0.39296201761808,
        -0.0859776067192336
      ],
      [
        0.724396368802461,
        -0.686951644369917,
        0.0578561938194735,
        0.0319711440616629
      ],
      [
        0.232260426938663,
        0.322213563544459,
        0.91773281163215,
        0.366823153294389
      ],
      [
        0.0,
        0.0,
        0.0,
        1.0
      ]
    ],
    "2": [
      [
        0.129250102222581,
        -0.889625431286532,
        -0.43801940948285,
        -0.0102198293406467
      ],
      [
        0.799341361999092,
        -0.167928586208022,
        0.576934465023205,
        0.0321136539001128
      ],
      [
        -0.58681155243646,
        -0.424695869938039,
        0.689409616980126,
        0.341118312162757
      ],
      [
        0.0,
        0.0,
        0.0,
        1.0
      ]
    ],
    "3": [
      [
        -0.646281347528328,
        0.653921293969667,
        0.393328566379313,
        -0.0858418234721738
      ],
      [
        -0.726573365746067,
        -0.684865735063101,
        -0.0552274309099183,
        -0.0320286958223049
      ],
      [
        0.23326286465145,
        -0.321474518787283,
        0.917737745625124,
        0.366868515572795
      ],
      [
        0.0,
        0.0,
        0.0,
        1.0
      ]
    ]
  },
  "T_WP": {
    "0": [
      [
        0.434922903318572,
        0.890688854836681,
        0.132345880323737,
        -0.000819834470925311
      ],
      [
        0.577394179432664,
        -0.163068402926505,
        -0.800015410804242,
        -0.0878872647401519
      ],
      [
        -0.690983378762633,
        0.424360766137399,
        -0.585200743708563,
        0.300199622381565
      ],
      [
        0.0,
        0.0,
        0.0,
        1.0
      ]
    ],
    "1": [
      [
        -0.392962017618081,
        -0.651364611999645,
        -0.649080114426624,
        -0.131413214729097
      ],
      [
        -0.0578561938194734,
        -0.686951644369917,
        0.724396368802461,
        0.0826788898778351
      ],
      [
        -0.91773281163215,
        0.322213563544459,
        0.232260426938663,
        0.383081383180095
      ],
      [
        0.0,
        0.0,
        0.0,
        1.0
      ]
    ],
    "2": [
      [
        0.43801940948285,
        -0.889625431286532,
        0.129250102222581,
        -0.00117232218506605
      ],
      [
        -0.576934465023205,
        -0.167928586208022,
        0.799341361999092,
        0.0880675492400493
      ],
      [
        -0.689409616980126,
        -0.424695869938039,
        -0.58681155243646,
        0.300041503492205
      ],
      [
        0.0,
        0.0,
        0.0,
        1.0
      ]
    ],
    "3": [
      [
        -0.393328566379313,
        0.653921293969667,
        -0.646281347528328,
        -0.131081517799157
      ],
      [
        0.0552274309099182,
        -0.684865735063101,
        -0.726573365746067,
        -0.0828888314245296
      ],
      [
        -0.917737745625124,
        -0.321474518787283,
        0.23326286465145,
        0.383196916098397
      ],
      [
        0.0,
        0.0,
        0.0,
        1.0
      ]
    ]
  },
  "simTime": 0.522499999999959,
  "state": [
    -0.0480308264064102,
    4.24790389039532e-05,
    0.353993413867776,
    0.986653858109413,
    -0.000522392552840055,
    0.162827864234933,
    0.000988945156362108,
    -0.278260621060399,
    -6.02802478816156e-06,
    -0.216276157390351,
    -0.0114496368396523,
    -4.06322706321388,
    0.00125655719774597,
    0.818982124662449,
    0.471543895317707,
    0.144005608561825,
    -0.293559225667874,
    0.998767136766518,
    0.0474247272464583,
    -0.00680923895093281,
    -0.0129898431753746,
    0.818736477425535,
    -0.471984011076983,
    0.144167028873537,
    0.293457904317272,
    0.998761742964612,
    -0.0475944859849239,
    -0.00674587646278316,
    0.0128155704074988,
    -2.66537124260713,
    -1.72876496589315,
    -5.06352948201728,
    -0.0951381073559419,
    0.250545838613599,
    -0.615049580998159,
    2.66540068181683,
    -1.72968676823174,
    5.06842737748912,
    0.0922916746532746,
    0.249983056067005,
    0.616374826840795
  ]
}