{
  "T_WB": [
    [
      -2.22044604925031e-16,
      7.5255584241748e-20,
      1.0,
      -4.34193433355566e-36
    ],
    [
      -1.18154532387345e-18,
      1.0,
      -7.52555842417479e-20,
      4.99544023453824e-21
    ],
    [
      -1.0,
      -1.18154532387345e-18,
      -2.22044604925031e-16,
      0.342893364700002
    ],
    [
      0.0,
      0.0,
      0.0,
      1.0
    ]
  ],
  "T_WH": {
    "0": [
      [
        -1.57147450402734e-16,
        -1.5318812528463e-16,
        1.0,
        -8.88419237569699e-18
      ],
      [
        -0.707106779455507,
        0.707106782917588,
        -2.7996651027303e-18,
        -0.032
      ],
      [
        -0.707106782917588,
        -0.707106779455507,
        -2.1944039001882e-16,
        0.302893364700002
      ],
      [
        0.0,
        0.0,
        0.0,
        1.0
      ]
    ],
    "1": [
      [
        1.57147450402734e-16,
        1.53192187500799e-16,
        1.0,
        8.88419237569699e-18
      ],
      [
        0.707106779455507,
        -0.707106782917588,
        -2.79679268212326e-18,
        0.032
      ],
      [
        0.707106782917588,
        0.707106779455507,
        -2.19443262439413e-16,
        0.382893364700002
      ],
      [
        0.0,
        0.0,
        0.0,
        1.0
      ]
    ],
    "2": [
      [
        -1.57055552821944e-16,
        1.54327203896176e-16,
        1.0,
        -8.87937601830552e-18
      ],
      [
        0.707106779455507,
        0.707106782917588,
        1.92923348783755e-18,
        0.032
      ],
      [
        -0.707106782917588,
        0.707106779455507,
        -2.20180858824667e-16,
        0.302893364700002
      ],
      [
        0.0,
        0.0,
        0.0,
        1.0
      ]
    ],
    "3": [
      [
        1.57055552821944e-16,
        -1.53284993518306e-16,
        1.0,
        8.87937601830552e-18
      ],
      [
        -0.707106779455507,
        -0.707106782917588,
        2.66618751525663e-18,
        -0.032
      ],
      [
        0.707106782917588,
        -0.707106779455507,
        -2.19443904800856e-16,
        0.382893364700002
      ],
      [
        0.0,
        0.0,
        0.0,
        1.0
      ]
    ]
  },
  "T_WP": {
    "0": [
      [
        -1.0,
        -1.5318812528463e-16,
        -9.59151104453664e-17,
        -1.98845139038884e-17
      ],
      [
        -4.04981376030487e-17,
        0.707106782917588,
        -0.707106779455507,
        -0.0814974745618855
      ],
      [
        1.7614258710105e-16,
        -0.707106779455507,
        -0.707106782917588,
        0.253395889895771
      ],
      [
        0.0,
        0.0,
        0.0,
        1.0
      ]
    ],
    "1": [
      [
        -1.0,
        1.53192187500799e-16,
        2.18379790360102e-16,
        1.98845139038884e-17
      ],
      [
        4.60945953879023e-17,
        -0.707106782917588,
        0.707106779455507,
        0.0814974745618855
      ],
      [
        2.62741065357183e-16,
        0.707106779455507,
        0.707106782917588,
        0.432390839504233
      ],
      [
        0.0,
        0.0,
        0.0,
        1.0
      ]
    ],
    "2": [
      [
        -1.0,
        1.54327203896176e-16,
        -9.58232128645766e-17,
        -1.98732647158416e-17
      ],
      [
        4.13685692179415e-17,
        0.707106782917588,
        0.707106779455507,
        0.0814974745618855
      ],
      [
        1.76883055906897e-16,
        0.707106779455507,
        -0.707106782917588,
        0.253395889895771
      ],
      [
        0.0,
        0.0,
        0.0,
        1.0
      ]
    ],
    "3": [
      [
        -1.0,
        -1.53284993518306e-16,
        2.18287892779312e-16,
        1.98732647158416e-17
      ],
      [
        -4.59639902210357e-17,
        -0.707106782917588,
        -0.707106779455507,
        -0.0814974745618855
      ],
      [
        2.62741707718626e-16,
        -0.707106779455507,
        0.707106782917588,
        0.432390839504233
      ],
      [
        0.0,
        0.0,
        0.0,
        1.0
      ]
    ]
  },
  "simTime": 0.178999999999997,
  "state": [
    -4.34193433355566e-36,
    4.99544023453824e-21,
    0.342893364700002,
    0.707106781186548,
    -3.91132488425338e-19,
    0.707106781186548,
    -4.44346222364833e-19,
    -7.16550660931987e-35,
    -1.25142448592773e-20,
    -1.75538139999996,
    6.59027142399152e-19,
    -8.73244174148553e-18,
    -1.62137431743179e-17,
    1.0,
    1.88395323265481e-18,
    4.24952080896181e-20,
    -6.80888628259126e-19,
    1.0,
    -1.88192212457013e-18,
    -4.24952080896176e-20,
    6.77819637350183e-19,
    1.0,
    -1.36762766095147e-18,
    4.97601515039141e-20,
    4.17889789250446e-19,
    1.0,
    1.88873284988654e-18,
    -4.97601515039136e-20,
    -6.72586956636549e-19,
    1.90151908768892e-17,
    4.93465672081701e-19,
    -1.75223522433356e-17,
    -1.94413172425317e-17,
    -4.93465672081697e-19,
    1.74954737937943e-17,
    -2.1894681162668e-17,
    4.00153573067573e-19,
    1.22534111410131e-17,
    1.91146324141271e-17,
    -4.00153573067568e-19,
    -1.75795830940962e-17
  ]
}