{
  "T_WB": [
    [
      0.618441572094912,
      -0.000370557932352949,
      0.785830697155305,
      -0.00242043740492426
    ],
    [
      0.000974576171559761,
      0.999999481460045,
      -0.000295433456980266,
      -1.46232632685841e-05
    ],
    [
      -0.785830180195479,
      0.000948560203912065,
      0.618441612545178,
      0.51539196446703
    ],
    [
      0.0,
      0.0,
      0.0,
      1.0
    ]
  ],
  "T_WH": {
    "0": [
      [
        0.532441720649408,
        0.282574020011447,
        0.797908351458028,
        0.0223290833327075
      ],
      [
        -0.530067851098269,
        0.846232463305392,
        0.0540249135136046,
        -0.0319756236231276
      ],
      [
        -0.659949912753962,
        -0.451710683139838,
        0.600352872395376,
        0.483928403332686
      ],
      [
        0.0,
        0.0,
        0.0,
        1.0
      ]
    ],
    "1": [
      [
        -0.410228390398421,
        -0.391988320962512,
        0.823442665848759,
        -0.027169958142556
      ],
      [
        0.732159969463426,
        -0.679891605126287,
        0.0410996884917226,
        0.0319463770965905
      ],
      [
        0.543741157929429,
        0.619752016138545,
        0.565908995922287,
        0.546855525601375
      ],
      [
        0.0,
        0.0,
        0.0,
        1.0
      ]
    ],
    "2": [
      [
        0.532330089717293,
        -0.283800611490978,
        0.797547420846514,
        0.0223053676250369
      ],
      [
        0.531668011764796,
        0.845223176965291,
        -0.054100890813081,
        0.0320243431903152
      ],
      [
        -0.658751698933405,
        0.45282998358992,
        0.60082543647411,
        0.483989111185736
      ],
      [
        0.0,
        0.0,
        0.0,
        1.0
      ]
    ],
    "3": [
      [
        -0.409764200477708,
        0.392523930263832,
        0.823418644540612,
        -0.0271462424348854
      ],
      [
        -0.733372994099808,
        -0.67855956687579,
        -0.0414845239387308,
        -0.0320535897168524
      ],
      [
        0.542454930415373,
        -0.620871869528307,
        0.565915868390768,
        0.546794817748324
      ],
      [
        0.0,
        0.0,
        0.0,
        1.0
      ]
    ]
  },
  "T_WP": {
    "0": [
      [
        -0.797908351458028,
        0.282574020011447,
        0.532441720649408,
        0.0596000037781661
      ],
      [
        -0.0540249135136046,
        0.846232463305392,
        -0.530067851098269,
        -0.0690803732000064
      ],
      [
        -0.600352872395376,
        -0.451710683139838,
        -0.659949912753962,
        0.437731909439908
      ],
      [
        0.0,
        0.0,
        0.0,
        1.0
      ]
    ],
    "1": [
      [
        -0.823442665848759,
        -0.391988320962512,
        -0.410228390398421,
        -0.0558859454704455
      ],
      [
        -0.0410996884917225,
        -0.679891605126287,
        0.732159969463426,
        0.0831975749590303
      ],
      [
        -0.565908995922287,
        0.619752016138545,
        0.543741157929429,
        0.584917406656435
      ],
      [
        0.0,
        0.0,
        0.0,
        1.0
      ]
    ],
    "2": [
      [
        -0.797547420846514,
        -0.283800611490978,
        0.532330089717293,
        0.0595684739052474
      ],
      [
        0.0541008908130811,
        0.845223176965291,
        0.531668011764796,
        0.0692411040138509
      ],
      [
        -0.60082543647411,
        0.45282998358992,
        -0.658751698933405,
        0.437876492260398
      ],
      [
        0.0,
        0.0,
        0.0,
        1.0
      ]
    ],
    "3": [
      [
        -0.823418644540612,
        0.392523930263832,
        -0.409764200477708,
        -0.055829736468325
      ],
      [
        0.0414845239387308,
        -0.67855956687579,
        -0.733372994099808,
        -0.083389699303839
      ],
      [
        -0.565915868390768,
        -0.620871869528307,
        0.542454930415373,
        0.5847666628774
      ],
      [
        0.0,
        0.0,
        0.0,
        1.0
      ]
    ]
  }
}