{
  "T_WB": [
    [
      0.716163688828592,
      -0.000521922364253633,
      0.697932158881126,
      -0.00241747433679448
    ],
    [
      0.00114642096529855,
      0.999999251029033,
      -0.000428556114378237,
      -1.55546957712111e-05
    ],
    [
      -0.697931412477182,
      0.00110704038704057,
      0.716163750785522,
      0.530554184797196
    ],
    [
      0.0,
      0.0,
      0.0,
      1.0
    ]
  ],
  "T_WH": {
    "0": [
      [
        0.615154629746908,
        0.365404677644858,
        0.698615919555375,
        0.0262457747320053
      ],
      [
        -0.518387807550631,
        0.855096077457034,
        0.00920756756393935,
        -0.0319696738900883
      ],
      [
        -0.594019244203246,
        -0.367818052673943,
        0.715437640639177,
        0.502601503005724
      ],
      [
        0.0,
        0.0,
        0.0,
        1.0
      ]
    ],
    "1": [
      [
        -0.47284845723279,
        -0.484340456551695,
        0.736090115841713,
        -0.0310807234055943
      ],
      [
        0.742607821439577,
        -0.66870170815398,
        0.0370357806548414,
        0.0319385644985459
      ],
      [
        0.4742867909075,
        0.564138589053474,
        0.675869582324445,
        0.558506866588669
      ],
      [
        0.0,
        0.0,
        0.0,
        1.0
      ]
    ],
    "2": [
      [
        0.614776353735866,
        -0.366917503209793,
        0.69815584272104,
        0.0262123717006931
      ],
      [
        0.52044804536548,
        0.853839884549743,
        -0.00955424656022464,
        0.0320302781757698
      ],
      [
        -0.592607683853733,
        0.369227568567643,
        0.715882068253662,
        0.502672353590494
      ],
      [
        0.0,
        0.0,
        0.0,
        1.0
      ]
    ],
    "3": [
      [
        -0.472178425707276,
        0.485010544056591,
        0.736079008293627,
        -0.031047320374282
      ],
      [
        -0.744012692446602,
        -0.667100619540437,
        -0.0377077828455064,
        -0.0320613875673122
      ],
      [
        0.472750090190322,
        -0.565456926354869,
        0.675844521071487,
        0.558436016003898
      ],
      [
        0.0,
        0.0,
        0.0,
        1.0
      ]
    ]
  },
  "T_WP": {
    "0": [
      [
        -0.698615919555375,
        0.365404677644858,
        0.615154629746908,
        0.0693065988142889
      ],
      [
        -0.00920756756393938,
        0.855096077457034,
        -0.518387807550631,
        -0.0682568204186325
      ],
      [
        -0.715437640639177,
        -0.367818052673943,
        -0.594019244203246,
        0.461020155911496
      ],
      [
        0.0,
        0.0,
        0.0,
        1.0
      ]
    ],
    "1": [
      [
        -0.736090115841713,
        -0.484340456551695,
        -0.47284845723279,
        -0.0641801154118896
      ],
      [
        -0.0370357806548413,
        -0.66870170815398,
        0.742607821439577,
        0.0839211119993163
      ],
      [
        -0.675869582324445,
        0.564138589053474,
        0.474286790907501,
        0.591706941952194
      ],
      [
        0.0,
        0.0,
        0.0,
        1.0
      ]
    ],
    "2": [
      [
        -0.69815584272104,
        -0.366917503209793,
        0.614776353735866,
        0.0692467164622037
      ],
      [
        0.00955424656022467,
        0.853839884549743,
        0.52044804536548,
        0.0684616413513534
      ],
      [
        -0.715882068253662,
        0.369227568567643,
        -0.592607683853733,
        0.461189815720733
      ],
      [
        0.0,
        0.0,
        0.0,
        1.0
      ]
    ],
    "3": [
      [
        -0.736079008293627,
        0.485010544056591,
        -0.472178425707276,
        -0.0640998101737913
      ],
      [
        0.0377077828455064,
        -0.667100619540437,
        -0.744012692446602,
        -0.0841422760385743
      ],
      [
        -0.675844521071487,
        -0.565456926354869,
        0.472750090190322,
        0.591528522317221
      ],
      [
        0.0,
        0.0,
        0.0,
        1.0
      ]
    ]
  }
}