{
  "T_WB": [
    [
      -0.0174280616975007,
      0.0917773148272665,
      -0.995627032150376,
      -0.278710857525961
    ],
    [
      -0.131020009492705,
      0.98698213794885,
      0.0932738788860446,
      -0.00347641239508129
    ],
    [
      0.991226522939131,
      0.132072646119527,
      -0.00517652093462018,
      0.151926446756196
    ],
    [
      0.0,
      0.0,
      0.0,
      1.0
    ]
  ],
  "T_WH": {
    "0": [
      [
        0.258027258157273,
        0.249757770880691,
        -0.933296839131339,
        -0.282344854068334
      ],
      [
        -0.460794071020622,
        0.880870474272121,
        0.108332966671512,
        -0.0403006411891527
      ],
      [
        0.849170629591063,
        0.402104791615715,
        0.342375493281281,
        0.187349182997936
      ],
      [
        0.0,
        0.0,
        0.0,
        1.0
      ]
    ],
    "1": [
      [
        0.380752044374619,
        0.26231346512366,
        -0.886690208990359,
        -0.275076860983589
      ],
      [
        0.72238300572867,
        -0.682983900271073,
        0.108147052687189,
        0.0333478163989901
      ],
      [
        -0.577226709135121,
        -0.681707149724375,
        -0.449538305682294,
        0.116503710514455
      ],
      [
        0.0,
        0.0,
        0.0,
        1.0
      ]
    ],
    "2": [
      [
        0.297381483609518,
        0.00461202834613664,
        -0.954747601411356,
        -0.276471105919389
      ],
      [
        0.237235075650253,
        0.968269690649353,
        0.0785705100595982,
        0.0228662156395737
      ],
      [
        0.92481553408635,
        -0.2498650342972,
        0.286851342245837,
        0.195801832349586
      ],
      [
        0.0,
        0.0,
        0.0,
        1.0
      ]
    ],
    "3": [
      [
        0.0267738355748027,
        -0.417157358554533,
        -0.908439816351319,
        -0.280950609132534
      ],
      [
        -0.405804369790781,
        -0.835052276754439,
        0.371497656178251,
        -0.0298190404297363
      ],
      [
        -0.913567717899073,
        0.358702430004359,
        -0.191641831345997,
        0.108051061162805
      ],
      [
        0.0,
        0.0,
        0.0,
        1.0
      ]
    ]
  },
  "T_WP": {
    "0": [
      [
        0.933296839131339,
        0.249757770880691,
        0.258027258157273,
        -0.264282945997325
      ],
      [
        -0.108332966671512,
        0.880870474272121,
        -0.460794071020622,
        -0.0725562261605962
      ],
      [
        -0.342375493281281,
        0.402104791615715,
        0.849170629591063,
        0.24679112706931
      ],
      [
        0.0,
        0.0,
        0.0,
        1.0
      ]
    ],
    "1": [
      [
        0.886690208990359,
        0.26231346512366,
        0.380752044374618,
        -0.248424217877366
      ],
      [
        -0.108147052687189,
        -0.682983900271073,
        0.72238300572867,
        0.083914626799997
      ],
      [
        0.449538305682294,
        -0.681707149724375,
        -0.577226709135121,
        0.0760978408749967
      ],
      [
        0.0,
        0.0,
        0.0,
        1.0
      ]
    ],
    "2": [
      [
        0.954747601411356,
        0.00461202834613664,
        0.297381483609518,
        -0.255654402066723
      ],
      [
        -0.0785705100595982,
        0.968269690649353,
        0.237235075650253,
        0.0394726709350914
      ],
      [
        -0.286851342245837,
        -0.2498650342972,
        0.92481553408635,
        0.26053891973563
      ],
      [
        0.0,
        0.0,
        0.0,
        1.0
      ]
    ],
    "3": [
      [
        0.908439816351319,
        -0.417157358554533,
        0.0267738355748026,
        -0.279076440642298
      ],
      [
        -0.371497656178251,
        -0.835052276754439,
        -0.405804369790781,
        -0.058225346315091
      ],
      [
        0.191641831345997,
        0.358702430004359,
        -0.913567717899073,
        0.0441013209098703
      ],
      [
        0.0,
        0.0,
        0.0,
        1.0
      ]
    ]
  },
  "simTime": 1.14249999999989,
  "state": [
    -0.278710857525961,
    -0.00347641239508129,
    0.151926446756196,
    -0.70078127031848,
    -0.0138412543531057,
    0.708799463984873,
    0.0794817633391936,
    -0.310408939755086,
    -0.0198980974117285,
    0.355102430061922,
    -1.87630161087444,
    8.83052363499971,
    -2.79679868554516,
    0.957007968278614,
    -0.119391461274386,
    0.130275618950092,
    0.230021065846537,
    0.973067854047938,
    -0.169455312687717,
    0.153854985693417,
    0.0274315839449406,
    0.970544646190157,
    0.0702939630873027,
    0.129810077420881,
    -0.190397458767411,
    0.977271183393047,
    0.172815255275367,
    0.00892948784623811,
    -0.122458915153069,
    2.0894959054243,
    -1.29379803344892,
    1.02530455937754,
    -0.119995533537964,
    -0.890835481447372,
    1.70196309410118,
    -2.13798311468017,
    -1.27274297162961,
    -0.463382864646319,
    -0.609695413311422,
    -0.248533323583621,
    -2.1351504459273
  ]
}