{
  "T_WB": [
    [
      0.701352858329686,
      -0.001352722615056,
      0.712812975649508,
      -0.0226893245976393
    ],
    [
      0.00103343456796322,
      0.999999078011035,
      0.000880902987422209,
      3.07615821824859e-05
    ],
    [
      -0.712813510061203,
      0.000118821741389199,
      0.701353609640401,
      0.323759370642364
    ],
    [
      0.0,
      0.0,
      0.0,
      1.0
    ]
  ],
  "T_WH": {
    "0": [
      [
        0.418760821739061,
        0.886979611976172,
        -0.194696024908128,
        0.00540807685922993
      ],
      [
        -0.728748167238734,
        0.200319117849199,
        -0.654826969336408,
        -0.0319278715314521
      ],
      [
        -0.541816835215198,
        0.416100251096678,
        0.730270565006333,
        0.295243027944191
      ],
      [
        0.0,
        0.0,
        0.0,
        1.0
      ]
    ],
    "1": [
      [
        -0.475595215791854,
        -0.412371711215137,
        0.777019151955342,
        -0.0507867260545085
      ],
      [
        0.683784801436907,
        -0.728997318937783,
        0.0316426026965784,
        0.0319893946958171
      ],
      [
        0.553396364317466,
        0.546362956990153,
        0.628681145883338,
        0.352275713340536
      ],
      [
        0.0,
        0.0,
        0.0,
        1.0
      ]
    ],
    "2": [
      [
        0.417294547702382,
        -0.88711247908979,
        -0.197222488324816,
        0.00532150261186634
      ],
      [
        0.729829361582718,
        0.197827605758573,
        0.654380119939162,
        0.0320720694612541
      ],
      [
        -0.541492717799257,
        -0.417008018919299,
        0.729993115534233,
        0.29525063253564
      ],
      [
        0.0,
        0.0,
        0.0,
        1.0
      ]
    ],
    "3": [
      [
        -0.474062252010328,
        0.414135055306754,
        0.777018106085674,
        -0.0507001518071449
      ],
      [
        -0.684916324044167,
        -0.728009788594201,
        -0.029855933561911,
        -0.0320105462968892
      ],
      [
        0.553312398448401,
        -0.546345956036191,
        0.628769819605059,
        0.352268108749088
      ],
      [
        0.0,
        0.0,
        0.0,
        1.0
      ]
    ]
  },
  "T_WP": {
    "0": [
      [
        0.194696024908128,
        0.886979611976172,
        0.418760821739061,
        0.0347213343809642
      ],
      [
        0.654826969336408,
        0.200319117849199,
        -0.728748167238734,
        -0.0829402432381635
      ],
      [
        -0.730270565006333,
        0.416100251096678,
        -0.541816835215198,
        0.257315849479127
      ],
      [
        0.0,
        0.0,
        0.0,
        1.0
      ]
    ],
    "1": [
      [
        -0.777019151955342,
        -0.412371711215137,
        -0.475595215791854,
        -0.0840783911599383
      ],
      [
        -0.0316426026965783,
        -0.728997318937783,
        0.683784801436907,
        0.0798543307964006
      ],
      [
        -0.628681145883338,
        0.546362956990153,
        0.553396364317466,
        0.391013458842759
      ],
      [
        0.0,
        0.0,
        0.0,
        1.0
      ]
    ],
    "2": [
      [
        0.197222488324816,
        -0.88711247908979,
        0.417294547702382,
        0.0345321209510331
      ],
      [
        -0.654380119939162,
        0.197827605758573,
        0.729829361582718,
        0.0831601247720444
      ],
      [
        -0.729993115534233,
        -0.417008018919299,
        -0.541492717799257,
        0.257346142289692
      ],
      [
        0.0,
        0.0,
        0.0,
        1.0
      ]
    ],
    "3": [
      [
        -0.777018106085674,
        0.414135055306754,
        -0.474062252010328,
        -0.0838845094478679
      ],
      [
        0.029855933561911,
        -0.728009788594201,
        -0.684916324044167,
        -0.0799546889799808
      ],
      [
        -0.628769819605059,
        -0.546345956036191,
        0.553312398448401,
        0.390999976640476
      ],
      [
        0.0,
        0.0,
        0.0,
        1.0
      ]
    ]
  },
  "simTime": 0.41999999999997,
  "state": [
    -0.0226893245976393,
    3.07615821824859e-05,
    0.323759370642364,
    0.922321194863959,
    -0.000206566120966518,
    0.386423540315852,
    0.000646780426468235,
    -0.215571079283005,
    0.000224827965512713,
    0.802573955524061,
    -0.0104372613742163,
    -4.99370276308191,
    0.00337898937679755,
    0.827637915242076,
    0.559472171025823,
    0.0241099026273846,
    -0.0377502807499588,
    0.998573248504685,
    0.0447602707133039,
    -0.0241664793465082,
    0.0162470555014658,
    0.827394642672742,
    -0.55985381157013,
    0.0239834955069822,
    0.0375047582329239,
    0.998571865269598,
    -0.0447708281395447,
    -0.0240715094150615,
    -0.0164427879076298,
    0.203393199482291,
    -0.282634564718952,
    -5.7017460684046,
    0.176667268517948,
    0.368475802619832,
    -0.532823181689397,
    -0.206123867646234,
    -0.27985768698858,
    5.70635577504025,
    -0.18004773981194,
    0.367595157033441,
    0.532423469612038
  ]
}