{
  "T_WB": [
    [
      0.969527608863743,
      -0.00223853175916721,
      -0.244971844558752,
      -0.106437321475861
    ],
    [
      0.00286270316321194,
      0.99999350024249,
      0.00219189492747266,
      5.49341108642177e-06
    ],
    [
      0.244965345674757,
      -0.00282638432222934,
      0.969527715421333,
      0.144034193384531
    ],
    [
      0.0,
      0.0,
      0.0,
      1.0
    ]
  ],
  "T_WH": {
    "0": [
      [
        -0.16894303297786,
        0.980374039588724,
        -0.101611978175458,
        -0.0675845841050177
      ],
      [
        -0.881699559131264,
        -0.196402063426511,
        -0.428989646622788,
        -0.0318797904701448
      ],
      [
        -0.440527114983831,
        0.0171164243432032,
        0.897576118767498,
        0.153923251509833
      ],
      [
        0.0,
        0.0,
        0.0,
        1.0
      ]
    ],
    "1": [
      [
        -0.595022385289593,
        -0.768842708752849,
        -0.234156465214747,
        -0.145290058846704
      ],
      [
        0.784563579333945,
        -0.618862546329075,
        0.0383293455957967,
        0.0318907772923176
      ],
      [
        -0.17437990419481,
        -0.160903815830066,
        0.971443056007059,
        0.13414513525923
      ],
      [
        0.0,
        0.0,
        0.0,
        1.0
      ]
    ],
    "2": [
      [
        -0.172820307145432,
        -0.979473533500142,
        -0.103753258314642,
        -0.0677278501376044
      ],
      [
        0.878127840616287,
        -0.200931027189127,
        0.434186846700012,
        0.0321197935453746
      ],
      [
        -0.446121773703925,
        -0.0160723204755376,
        0.894827940747156,
        0.15374236291321
      ],
      [
        0.0,
        0.0,
        0.0,
        1.0
      ]
    ],
    "3": [
      [
        -0.591398220115618,
        0.771803113297809,
        -0.233598158271612,
        -0.145146792814117
      ],
      [
        -0.788249504263389,
        -0.614396384012925,
        -0.0343482509069096,
        -0.0321088067232017
      ],
      [
        -0.170031950740444,
        0.163820138004008,
        0.971726349396653,
        0.134326023855852
      ],
      [
        0.0,
        0.0,
        0.0,
        1.0
      ]
    ]
  },
  "T_WP": {
    "0": [
      [
        0.101611978175458,
        0.980374039588724,
        -0.16894303297786,
        -0.0794105964134678
      ],
      [
        0.428989646622788,
        -0.196402063426511,
        -0.881699559131264,
        -0.0935987596093332
      ],
      [
        -0.897576118767498,
        0.0171164243432032,
        -0.440527114983831,
        0.123086353460965
      ],
      [
        0.0,
        0.0,
        0.0,
        1.0
      ]
    ],
    "1": [
      [
        0.234156465214747,
        -0.768842708752849,
        -0.595022385289593,
        -0.186941625816975
      ],
      [
        -0.0383293455957966,
        -0.618862546329075,
        0.784563579333945,
        0.0868102278456938
      ],
      [
        -0.971443056007059,
        -0.160903815830066,
        -0.17437990419481,
        0.121938541965593
      ],
      [
        0.0,
        0.0,
        0.0,
        1.0
      ]
    ],
    "2": [
      [
        0.103753258314642,
        -0.979473533500142,
        -0.172820307145432,
        -0.0798252716377846
      ],
      [
        -0.434186846700012,
        -0.200931027189127,
        0.878127840616287,
        0.0935887423885146
      ],
      [
        -0.894827940747156,
        -0.0160723204755376,
        -0.446121773703925,
        0.122513838753935
      ],
      [
        0.0,
        0.0,
        0.0,
        1.0
      ]
    ],
    "3": [
      [
        0.233598158271612,
        0.771803113297809,
        -0.591398220115618,
        -0.18654466822221
      ],
      [
        0.0343482509069095,
        -0.614396384012925,
        -0.788249504263389,
        -0.087286272021639
      ],
      [
        -0.971726349396653,
        0.163820138004008,
        -0.170031950740444,
        0.122423787304021
      ],
      [
        0.0,
        0.0,
        0.0,
        1.0
      ]
    ]
  },
  "simTime": 0.705999999999939,
  "state": [
    -0.106437321475861,
    5.49341108642177e-06,
    0.144034193384531,
    0.992351856012721,
    -0.00126423889351744,
    -0.123428294930107,
    0.00128513764837302,
    -0.34216406245393,
    -0.000357844529519728,
    -2.07622957962277,
    -0.0118619981528796,
    -2.26355522529703,
    0.000396346747040312,
    0.84510034132153,
    -0.00117525825995374,
    0.230022325218782,
    -0.482590677248536,
    0.9980175649782,
    0.0161167141174014,
    0.00984330235428407,
    -0.0600358302999471,
    0.845018517182679,
    0.000970123236866172,
    0.230292541801584,
    0.482605542518792,
    0.998009115603423,
    -0.0164208891187376,
    0.00988426262947974,
    0.0600871111412015,
    -5.11319560383482,
    -2.59589170869654,
    -0.331450125394314,
    -0.567329034908303,
    0.0495005428737976,
    -0.333513097525122,
    5.11448891388253,
    -2.59830662057133,
    0.331517153730263,
    0.567472361375416,
    0.0492572908669398,
    0.336735414761624
  ]
}