{
  "T_WB": [
    [
      -0.278746640574969,
      0.0472255311028432,
      -0.959202825048083,
      -0.268717589166825
    ],
    [
      -0.0260972593069505,
      0.998048869919566,
      0.0567220090347867,
      -0.00283289022666736
    ],
    [
      0.960010022564783,
      0.0408436343183491,
      -0.276970312688624,
      0.136489309530607
    ],
    [
      0.0,
      0.0,
      0.0,
      1.0
    ]
  ],
  "T_WH": {
    "0": [
      [
        0.0519568546330792,
        0.184265614198559,
        -0.981502250980947,
        -0.281378671785115
      ],
      [
        -0.398126055906421,
        0.905171952828217,
        0.148860268109223,
        -0.0358143444363715
      ],
      [
        0.915858137958622,
        0.383027308735527,
        0.120390829791083,
        0.173582714135011
      ],
      [
        0.0,
        0.0,
        0.0,
        1.0
      ]
    ],
    "1": [
      [
        0.488072875348746,
        0.457956775875979,
        -0.743007711789109,
        -0.256056506548536
      ],
      [
        0.706626545369156,
        -0.707016478502131,
        0.028401135648024,
        0.0301485639830368
      ],
      [
        -0.512312203376477,
        -0.53889079650308,
        -0.668679980047119,
        0.0993959049262028
      ],
      [
        0.0,
        0.0,
        0.0,
        1.0
      ]
    ],
    "2": [
      [
        0.0751034978377435,
        -0.00918308816976417,
        -0.997133459224091,
        -0.278356237794533
      ],
      [
        0.353687642930463,
        0.935189863762018,
        0.0180269230616888,
        0.0280607832384807
      ],
      [
        0.932343561060422,
        -0.354027667857253,
        0.0734839747205168,
        0.176196706731385
      ],
      [
        0.0,
        0.0,
        0.0,
        1.0
      ]
    ],
    "3": [
      [
        0.240948734261374,
        -0.523612939403744,
        -0.817173908753096,
        -0.259078940539118
      ],
      [
        -0.561584372242387,
        -0.761928296558024,
        0.322627128055457,
        -0.0337265636918155
      ],
      [
        -0.791559663140414,
        0.381175498416621,
        -0.477638502526623,
        0.0967819123298285
      ],
      [
        0.0,
        0.0,
        0.0,
        1.0
      ]
    ]
  },
  "T_WP": {
    "0": [
      [
        0.981502250980947,
        0.184265614198559,
        0.0519568546330792,
        -0.2777416919608
      ],
      [
        -0.148860268109223,
        0.905171952828217,
        -0.398126055906421,
        -0.063683168349821
      ],
      [
        -0.120390829791083,
        0.383027308735527,
        0.915858137958622,
        0.237692783792115
      ],
      [
        0.0,
        0.0,
        0.0,
        1.0
      ]
    ],
    "1": [
      [
        0.743007711789109,
        0.457956775875979,
        0.488072875348746,
        -0.221891405274123
      ],
      [
        -0.0284011356480239,
        -0.707016478502131,
        0.706626545369156,
        0.0796124221588777
      ],
      [
        0.668679980047119,
        -0.53889079650308,
        -0.512312203376477,
        0.0635340506898494
      ],
      [
        0.0,
        0.0,
        0.0,
        1.0
      ]
    ],
    "2": [
      [
        0.997133459224091,
        -0.00918308816976417,
        0.0751034978377434,
        -0.273098992945891
      ],
      [
        -0.0180269230616888,
        0.935189863762018,
        0.353687642930463,
        0.0528189182436132
      ],
      [
        -0.0734839747205168,
        -0.354027667857253,
        0.932343561060422,
        0.241460756005615
      ],
      [
        0.0,
        0.0,
        0.0,
        1.0
      ]
    ],
    "3": [
      [
        0.817173908753096,
        -0.523612939403744,
        0.240948734261373,
        -0.242212529140821
      ],
      [
        -0.322627128055457,
        -0.761928296558024,
        -0.561584372242387,
        -0.0730374697487825
      ],
      [
        0.477638502526623,
        0.381175498416621,
        -0.791559663140414,
        0.0413727359099995
      ],
      [
        0.0,
        0.0,
        0.0,
        1.0
      ]
    ]
  },
  "simTime": 1.11199999999989,
  "state": [
    -0.268717589166825,
    -0.00283289022666736,
    0.136489309530607,
    -0.600485619448121,
    0.00661063904037812,
    0.799025316116949,
    0.0305264556032089,
    -0.349695878613936,
    -0.0239556024531719,
    0.652239715628707,
    -1.90800205687293,
    8.98480479021663,
    -2.73537090537999,
    0.955401211762929,
    -0.15168589934111,
    0.136791951973878,
    0.213278865287168,
    0.974548163001654,
    -0.169872211105456,
    0.146246871714514,
    0.00334101750428851,
    0.966044342519024,
    0.109842763210919,
    0.139187391429385,
    -0.18793553608687,
    0.979826478380386,
    0.180946136417787,
    0.00669795976561417,
    -0.0845795797763595,
    1.35089497431341,
    -0.647503446159528,
    1.4592684761568,
    -0.210505557389086,
    2.04743897263447,
    1.4772647830388,
    -2.82604347659606,
    -0.8774372807193,
    -0.222887691086531,
    -0.445839613950846,
    -0.516862752726698,
    -3.00110385994602
  ]
}