{
  "T_WB": [
    [
      0.954556345064073,
      -0.00216784284383054,
      -0.298022624234004,
      -0.115168554248791
    ],
    [
      0.0029993868162812,
      0.999992780605673,
      0.00233289846786476,
      -4.00626746105232e-06
    ],
    [
      0.298015415333912,
      -0.00312076816497155,
      0.954555955944656,
      0.0877814402895131
    ],
    [
      0.0,
      0.0,
      0.0,
      1.0
    ]
  ],
  "T_WH": {
    "0": [
      [
        -0.1488559710429,
        0.988763244181079,
        -0.0137530666173928,
        -0.0769169294752259
      ],
      [
        -0.909153285722546,
        -0.142314876800433,
        -0.391390826286433,
        -0.0318837997741913
      ],
      [
        -0.388950129122969,
        -0.0457572158001863,
        0.920121771428892,
        0.0998019214841487
      ],
      [
        0.0,
        0.0,
        0.0,
        1.0
      ]
    ],
    "1": [
      [
        -0.578599329575671,
        -0.758708352513424,
        -0.299306618104161,
        -0.153420179022357
      ],
      [
        0.789069395966783,
        -0.613572940708449,
        0.0299622225310852,
        0.0318757872392692
      ],
      [
        -0.206379030337871,
        -0.218837570487228,
        0.953686433572402,
        0.0757609590948775
      ],
      [
        0.0,
        0.0,
        0.0,
        1.0
      ]
    ],
    "2": [
      [
        -0.152707525051196,
        -0.988147893087455,
        -0.0156254017408228,
        -0.077055671417231
      ],
      [
        0.905815320640328,
        -0.14627144434249,
        0.397622018333016,
        0.0321157381845717
      ],
      [
        -0.395194909742013,
        0.0465661460374987,
        0.917416250868283,
        0.0996021923215905
      ],
      [
        0.0,
        0.0,
        0.0,
        1.0
      ]
    ],
    "3": [
      [
        -0.574998595738276,
        0.761638408994502,
        -0.298803528833471,
        -0.153281437080352
      ],
      [
        -0.792949235483493,
        -0.60874289788004,
        -0.025760322722286,
        -0.0321237507194938
      ],
      [
        -0.201514577252256,
        0.222123880357191,
        0.953966905573725,
        0.0759606882574357
      ],
      [
        0.0,
        0.0,
        0.0,
        1.0
      ]
    ]
  },
  "T_WP": {
    "0": [
      [
        0.0137530666173928,
        0.988763244181079,
        -0.1488559710429,
        -0.0873368474482289
      ],
      [
        0.391390826286433,
        -0.142314876800433,
        -0.909153285722546,
        -0.0955245297747696
      ],
      [
        -0.920121771428892,
        -0.0457572158001863,
        -0.388950129122969,
        0.0725754124455408
      ],
      [
        0.0,
        0.0,
        0.0,
        1.0
      ]
    ],
    "1": [
      [
        0.299306618104161,
        -0.758708352513424,
        -0.578599329575671,
        -0.193922132092654
      ],
      [
        -0.0299622225310851,
        -0.613572940708449,
        0.789069395966783,
        0.0871106449569441
      ],
      [
        -0.953686433572402,
        -0.218837570487228,
        -0.206379030337871,
        0.0613144269712266
      ],
      [
        0.0,
        0.0,
        0.0,
        1.0
      ]
    ],
    "2": [
      [
        0.0156254017408227,
        -0.988147893087455,
        -0.152707525051196,
        -0.0877451981708148
      ],
      [
        -0.397622018333016,
        -0.14627144434249,
        0.905815320640328,
        0.0955228106293947
      ],
      [
        -0.917416250868283,
        0.0465661460374987,
        -0.395194909742013,
        0.0719385486396496
      ],
      [
        0.0,
        0.0,
        0.0,
        1.0
      ]
    ],
    "3": [
      [
        0.298803528833471,
        0.761638408994502,
        -0.574998595738276,
        -0.193531338782031
      ],
      [
        0.025760322722286,
        -0.60874289788004,
        -0.792949235483493,
        -0.0876301972033383
      ],
      [
        -0.953966905573725,
        0.222123880357191,
        -0.201514577252256,
        0.0618546678497778
      ],
      [
        0.0,
        0.0,
        0.0,
        1.0
      ]
    ]
  },
  "simTime": 0.731499999999936,
  "state": [
    -0.115168554248791,
    -4.00626746105232e-06,
    0.0877814402895131,
    0.988572845269179,
    -0.00137917672403578,
    -0.150731947175228,
    0.00130673973214001,
    -0.342222463013631,
    -0.000386429865704423,
    -2.33574208428802,
    -0.0118650059970897,
    -2.06331242570012,
    0.000560366622867501,
    0.850632778022684,
    -0.0716243872018656,
    0.232644070694396,
    -0.46601562257301,
    0.997873282057993,
    0.00860266464199605,
    0.0108369841495951,
    -0.0636982487232389,
    0.850579492281668,
    0.0714404269724097,
    0.232898099404433,
    0.466014235831549,
    0.997864351482043,
    -0.00890086026455002,
    0.0108775527506825,
    0.0637901996707165,
    -5.00442925707997,
    -2.60974820242916,
    0.399890208873788,
    -0.610870704340163,
    0.0263402525209705,
    -0.254160178075837,
    5.00526626539909,
    -2.61202484359648,
    -0.40020466697486,
    0.611564896348068,
    0.0261226888019888,
    0.257398132688532
  ]
}