{
  "T_WB": [
    [
      -0.994103836261953,
      0.0656932459186666,
      -0.0862667964511196,
      -0.22705438772234
    ],
    [
      0.0683851327880084,
      0.997248234724323,
      -0.0286257218736562,
      -0.000763226518850192
    ],
    [
      0.0841488938895561,
      -0.0343563062608752,
      -0.995860737190333,
      0.175243996210549
    ],
    [
      0.0,
      0.0,
      0.0,
      1.0
    ]
  ],
  "T_WH": {
    "0": [
      [
        -0.753054303147818,
        -0.298490614068723,
        -0.586355327274709,
        -0.268920725042215
      ],
      [
        -0.479074469002934,
        0.859602292476679,
        0.17768385384833,
        -0.0299397647185082
      ],
      [
        0.450995420885968,
        0.414713457801546,
        -0.790326437782626,
        0.179709353766479
      ],
      [
        0.0,
        0.0,
        0.0,
        1.0
      ]
    ],
    "1": [
      [
        0.693624822217689,
        0.700831894338968,
        0.16649102642705,
        -0.185188050402464
      ],
      [
        0.717439252273177,
        -0.651420506395294,
        -0.246844572849807,
        0.0284133116808078
      ],
      [
        -0.0645408808522424,
        0.290664720468365,
        -0.954645743181136,
        0.170778638654619
      ],
      [
        0.0,
        0.0,
        0.0,
        1.0
      ]
    ],
    "2": [
      [
        -0.682312037492184,
        0.4001240021121,
        -0.611842354227836,
        -0.26471635730342
      ],
      [
        0.601310962105162,
        0.783154491902485,
        -0.158411390578849,
        0.0338841223038485
      ],
      [
        0.415782888471169,
        -0.475993513345252,
        -0.774954685712536,
        0.177510550165783
      ],
      [
        0.0,
        0.0,
        0.0,
        1.0
      ]
    ],
    "3": [
      [
        0.588411958211038,
        -0.782359287628512,
        0.204169812890296,
        -0.189392418141259
      ],
      [
        -0.80853970894774,
        -0.56748375328757,
        0.155646165418096,
        -0.0354105753415489
      ],
      [
        -0.00590817137160511,
        -0.256663466071936,
        -0.966482777236607,
        0.172977442255315
      ],
      [
        0.0,
        0.0,
        0.0,
        1.0
      ]
    ]
  },
  "T_WP": {
    "0": [
      [
        0.586355327274709,
        -0.298490614068723,
        -0.753054303147818,
        -0.321634526262562
      ],
      [
        -0.17768385384833,
        0.859602292476679,
        -0.479074469002934,
        -0.0634749775487136
      ],
      [
        0.790326437782626,
        0.414713457801546,
        0.450995420885968,
        0.211279033228497
      ],
      [
        0.0,
        0.0,
        0.0,
        1.0
      ]
    ],
    "1": [
      [
        -0.16649102642705,
        0.700831894338968,
        0.693624822217689,
        -0.136634312847226
      ],
      [
        0.246844572849807,
        -0.651420506395294,
        0.717439252273177,
        0.0786340593399302
      ],
      [
        0.954645743181136,
        0.290664720468365,
        -0.0645408808522425,
        0.166260776994962
      ],
      [
        0.0,
        0.0,
        0.0,
        1.0
      ]
    ],
    "2": [
      [
        0.611842354227836,
        0.4001240021121,
        -0.682312037492184,
        -0.312478199927873
      ],
      [
        0.158411390578849,
        0.783154491902485,
        0.601310962105162,
        0.0759758896512098
      ],
      [
        0.774954685712536,
        -0.475993513345252,
        0.415782888471169,
        0.206615352358765
      ],
      [
        0.0,
        0.0,
        0.0,
        1.0
      ]
    ],
    "3": [
      [
        -0.204169812890296,
        -0.782359287628512,
        0.588411958211038,
        -0.148203581066486
      ],
      [
        -0.155646165418096,
        -0.56748375328757,
        -0.80853970894774,
        -0.0920083549678906
      ],
      [
        0.966482777236607,
        -0.256663466071936,
        -0.00590817137160517,
        0.172563870259303
      ],
      [
        0.0,
        0.0,
        0.0,
        1.0
      ]
    ]
  },
  "simTime": 1.00849999999991,
  "state": [
    -0.22705438772234,
    -0.000763226518850192,
    0.175243996210549,
    -0.04267218435948,
    0.0335733011634892,
    0.998400321536483,
    -0.0157707351389885,
    -0.438715213870206,
    -0.00586107189569916,
    -0.605415638008565,
    0.464690759722304,
    12.7794005155657,
    -0.270928752256127,
    0.94968599292473,
    -0.237670364446333,
    0.165036147089575,
    0.119884873359174,
    0.984952708998398,
    -0.167567676181194,
    0.014907676508929,
    -0.0395853017805533,
    0.948530876596241,
    0.241084222933331,
    0.165368573286764,
    -0.121740743242757,
    0.984081388827611,
    0.171621108246267,
    0.0184214402269346,
    0.0423162605555869,
    1.07890430211042,
    -1.81814605332411,
    2.4317496131109,
    -0.835390945918978,
    -0.575747214992225,
    1.46401146190488,
    -1.04741469497789,
    -1.82075990604561,
    -2.48441527031093,
    0.834926651468669,
    -0.583216525502302,
    -1.52728322887388
  ]
}