{
  "T_WB": [
    [
      0.965505911425811,
      -0.00219261993504645,
      0.260371902131615,
      -0.0525553157224532
    ],
    [
      0.00188800507028553,
      0.999997209483669,
      0.00142002173550677,
      4.20735942953105e-05
    ],
    [
      -0.260374289127535,
      -0.000879455908600553,
      0.965507356843352,
      0.349246733007686
    ],
    [
      0.0,
      0.0,
      0.0,
      1.0
    ]
  ],
  "T_WH": {
    "0": [
      [
        0.0869144761292462,
        0.893153109541785,
        -0.441274740671862,
        -0.0138649154274993
      ],
      [
        -0.802142847103166,
        -0.199934838825672,
        -0.562665898260219,
        -0.0318823169063707
      ],
      [
        -0.590772990818305,
        0.402869188620317,
        0.699059146410375,
        0.33885990403166
      ],
      [
        0.0,
        0.0,
        0.0,
        1.0
      ]
    ],
    "1": [
      [
        -0.657290834627337,
        -0.677587148769037,
        0.32991576885312,
        -0.0912457160174072
      ],
      [
        0.730817273952069,
        -0.679979016993464,
        0.0594529102893186,
        0.0319664640949613
      ],
      [
        0.184051272226427,
        0.280185995852129,
        0.942136368537053,
        0.359633561983713
      ],
      [
        0.0,
        0.0,
        0.0,
        1.0
      ]
    ],
    "2": [
      [
        0.0836626751570418,
        -0.891931466893796,
        -0.444363381873719,
        -0.0140052431033423
      ],
      [
        0.801047786333858,
        -0.205045230832019,
        0.562386786226943,
        0.0321175045005841
      ],
      [
        -0.592725063410679,
        -0.403007086386487,
        0.697325094577186,
        0.33880361885351
      ],
      [
        0.0,
        0.0,
        0.0,
        1.0
      ]
    ],
    "3": [
      [
        -0.654343583603542,
        0.680229414322553,
        0.330336825811582,
        -0.0911053883415642
      ],
      [
        -0.733144258822507,
        -0.677704480012935,
        -0.0567109647775032,
        -0.0320333573119935
      ],
      [
        0.185294280409493,
        -0.279293003243537,
        0.942157867868614,
        0.359689847161863
      ],
      [
        0.0,
        0.0,
        0.0,
        1.0
      ]
    ]
  },
  "T_WP": {
    "0": [
      [
        0.441274740671862,
        0.893153109541785,
        0.0869144761292461,
        -0.0077809020984521
      ],
      [
        0.562665898260219,
        -0.199934838825672,
        -0.802142847103166,
        -0.0880323162035923
      ],
      [
        -0.699059146410375,
        0.402869188620317,
        -0.590772990818305,
        0.297505794674379
      ],
      [
        0.0,
        0.0,
        0.0,
        1.0
      ]
    ],
    "1": [
      [
        -0.329915768853121,
        -0.677587148769037,
        -0.657290834627337,
        -0.137256074441321
      ],
      [
        -0.0594529102893186,
        -0.679979016993464,
        0.730817273952069,
        0.0831236732716061
      ],
      [
        -0.942136368537053,
        0.280185995852129,
        0.184051272226427,
        0.372517151039563
      ],
      [
        0.0,
        0.0,
        0.0,
        1.0
      ]
    ],
    "2": [
      [
        0.444363381873719,
        -0.891931466893796,
        0.0836626751570418,
        -0.00814885584234938
      ],
      [
        -0.562386786226943,
        -0.205045230832019,
        0.801047786333858,
        0.0881908495439542
      ],
      [
        -0.697325094577186,
        -0.403007086386487,
        -0.592725063410679,
        0.297312864414762
      ],
      [
        0.0,
        0.0,
        0.0,
        1.0
      ]
    ],
    "3": [
      [
        -0.330336825811582,
        0.680229414322553,
        -0.654343583603542,
        -0.136909439193812
      ],
      [
        0.0567109647775032,
        -0.677704480012935,
        -0.733144258822507,
        -0.083353455429569
      ],
      [
        -0.942157867868614,
        -0.279293003243537,
        0.185294280409493,
        0.372660446790528
      ],
      [
        0.0,
        0.0,
        0.0,
        1.0
      ]
    ]
  },
  "simTime": 0.538499999999957,
  "state": [
    -0.0525553157224532,
    4.20735942953105e-05,
    0.349246733007686,
    0.99133880153972,
    -0.000579891970468583,
    0.131323970788378,
    0.0010290692241124,
    -0.287230261482386,
    -4.45689915001971e-05,
    -0.377126841975776,
    -0.0115464040270597,
    -3.89923195018614,
    0.00103853586696153,
    0.819386004117693,
    0.442275502475635,
    0.157373048023993,
    -0.328987355260962,
    0.998746741003104,
    0.046541455059333,
    -0.00463520470775662,
    -0.0178144653008937,
    0.819146829804524,
    -0.442705241242551,
    0.157563903453302,
    0.328913601005084,
    0.998740982614956,
    -0.04673266589232,
    -0.00457527398873346,
    0.0176514716620555,
    -3.07520132638865,
    -1.87913381565229,
    -4.78612094966263,
    -0.140460595262585,
    0.232131879155138,
    -0.613284834609717,
    3.07569213066965,
    -1.88043505854589,
    4.7907202437253,
    0.137784075555048,
    0.231601817791528,
    0.614869593608685
  ]
}