{
  "T_WB": [
    [
      0.17776564850724,
      -3.38190834723227e-05,
      0.984072849471557,
      -0.00206607612398826
    ],
    [
      0.000269999378921444,
      0.999999963446386,
      -1.44069948297249e-05,
      -5.77439232880011e-06
    ],
    [
      -0.984072813012907,
      0.000268260126949722,
      0.177765651140395,
      0.277630728955843
    ],
    [
      0.0,
      0.0,
      0.0,
      1.0
    ]
  ],
  "T_WH": {
    "0": [
      [
        0.2038110842658,
        -0.0535204237767613,
        0.977546216896753,
        0.00711170815096071
      ],
      [
        -0.621574512219242,
        0.76436419897857,
        0.171442401637577,
        -0.0319891988551275
      ],
      [
        -0.756377001031767,
        -0.642559674706253,
        0.122518964864975,
        -0.0393714968445787
      ],
      [
        0.0,
        0.0,
        0.0,
        1.0
      ]
    ],
    "1": [
      [
        -0.0883898982038483,
        -0.0514426708049011,
        0.994756692621855,
        -0.00711170815096071
      ],
      [
        0.688074542380886,
        -0.725255039480252,
        0.0236337012723821,
        0.0319891988551275
      ],
      [
        0.720236523666252,
        0.686555736505753,
        0.0995016112844204,
        0.0393714968445787
      ],
      [
        0.0,
        0.0,
        0.0,
        1.0
      ]
    ],
    "2": [
      [
        0.204314767638396,
        0.0530691272850322,
        0.977465673798355,
        0.00710954372961848
      ],
      [
        0.621539088021221,
        0.764398394401882,
        -0.171418367445187,
        0.0320107988054412
      ],
      [
        -0.756270214795358,
        0.642556427378195,
        0.123193343360563,
        -0.0393543281964539
      ],
      [
        0.0,
        0.0,
        0.0,
        1.0
      ]
    ],
    "3": [
      [
        -0.0883526638508322,
        0.0516715535510219,
        0.994748137642934,
        -0.00710954372961848
      ],
      [
        -0.688443835517294,
        -0.724909104094395,
        -0.0234920441702686,
        -0.0320107988054412
      ],
      [
        0.719888110839941,
        -0.686903807934331,
        0.0996206129102629,
        0.0393543281964539
      ],
      [
        0.0,
        0.0,
        0.0,
        1.0
      ]
    ]
  },
  "T_WP": {
    "0": [
      [
        -0.977546216896753,
        -0.0535204237767613,
        0.2038110842658,
        0.0213784840495667
      ],
      [
        -0.171442401637577,
        0.76436419897857,
        -0.621574512219242,
        -0.0754994147104745
      ],
      [
        -0.122518964864975,
        -0.642559674706253,
        -0.756377001031767,
        -0.0923178869168024
      ],
      [
        0.0,
        0.0,
        0.0,
        1.0
      ]
    ],
    "1": [
      [
        -0.994756692621855,
        -0.0514426708049011,
        -0.0883898982038482,
        -0.0132990010252301
      ],
      [
        -0.0236337012723821,
        -0.725255039480252,
        0.688074542380886,
        0.0801544168217895
      ],
      [
        -0.0995016112844203,
        0.686555736505753,
        0.720236523666252,
        0.0897880535012163
      ],
      [
        0.0,
        0.0,
        0.0,
        1.0
      ]
    ],
    "2": [
      [
        -0.977465673798355,
        0.0530691272850322,
        0.204314767638396,
        0.0214115774643062
      ],
      [
        0.171418367445187,
        0.764398394401882,
        0.621539088021221,
        0.0755185349669267
      ],
      [
        -0.123193343360563,
        0.642556427378195,
        -0.756270214795358,
        -0.092293243232129
      ],
      [
        0.0,
        0.0,
        0.0,
        1.0
      ]
    ],
    "3": [
      [
        -0.994748137642934,
        0.0516715535510219,
        -0.0883526638508322,
        -0.0132942301991767
      ],
      [
        0.0234920441702686,
        -0.724909104094395,
        -0.688443835517294,
        -0.0802018672916518
      ],
      [
        -0.0996206129102628,
        -0.686903807934331,
        0.719888110839941,
        0.0897464959552497
      ],
      [
        0.0,
        0.0,
        0.0,
        1.0
      ]
    ]
  }
}