{
  "T_WB": [
    [
      -0.863805978399666,
      0.0518245341036848,
      -0.501152121960921,
      -0.241682042175825
    ],
    [
      0.0682112997464417,
      0.997566787817391,
      -0.0144125789015525,
      -0.00101182890872732
    ],
    [
      0.499185787325619,
      -0.0466339094289596,
      -0.865239173999579,
      0.148754073343813
    ],
    [
      0.0,
      0.0,
      0.0,
      1.0
    ]
  ],
  "T_WH": {
    "0": [
      [
        -0.551367910437367,
        -0.0867292671386153,
        -0.82974180415448,
        -0.27789266640313
      ],
      [
        -0.406108154668868,
        0.896690015204118,
        0.176133992587136,
        -0.0302055141290262
      ],
      [
        0.728745218887492,
        0.434079544386553,
        -0.529627562626592,
        0.170213789938564
      ],
      [
        0.0,
        0.0,
        0.0,
        1.0
      ]
    ],
    "1": [
      [
        0.640523550099418,
        0.726327764385251,
        -0.249354287011798,
        -0.205471417948521
      ],
      [
        0.676840754057991,
        -0.687348513147206,
        -0.263512077750786,
        0.0281818563115715
      ],
      [
        -0.362789436745682,
        1.25478863489192e-05,
        -0.931871141536373,
        0.127294356749061
      ],
      [
        0.0,
        0.0,
        0.0,
        1.0
      ]
    ],
    "2": [
      [
        -0.502572617847915,
        0.167416360473871,
        -0.848170104421971,
        -0.274575896220494
      ],
      [
        0.522730212386481,
        0.840268718538769,
        -0.143880525796926,
        0.0336387602912869
      ],
      [
        0.688602852773555,
        -0.515674551331457,
        -0.50980963923922,
        0.167229219735111
      ],
      [
        0.0,
        0.0,
        0.0,
        1.0
      ]
    ],
    "3": [
      [
        0.565527862577909,
        -0.796347768067671,
        -0.214495848308778,
        -0.208788188131156
      ],
      [
        -0.772990260636192,
        -0.60247740156813,
        0.198763773261894,
        -0.0356624181087415
      ],
      [
        -0.287513988546042,
        0.0533967498388642,
        -0.956286825955996,
        0.130278926952515
      ],
      [
        0.0,
        0.0,
        0.0,
        1.0
      ]
    ]
  },
  "T_WP": {
    "0": [
      [
        0.82974180415448,
        -0.0867292671386153,
        -0.551367910437367,
        -0.316488420133745
      ],
      [
        -0.176133992587136,
        0.896690015204118,
        -0.406108154668868,
        -0.058633084955847
      ],
      [
        0.529627562626592,
        0.434079544386553,
        0.728745218887492,
        0.221225955260689
      ],
      [
        0.0,
        0.0,
        0.0,
        1.0
      ]
    ],
    "1": [
      [
        0.249354287011798,
        0.726327764385251,
        0.640523550099418,
        -0.160634769441561
      ],
      [
        0.263512077750786,
        -0.687348513147206,
        0.676840754057991,
        0.0755607090956309
      ],
      [
        0.931871141536373,
        1.25478863489192e-05,
        -0.362789436745682,
        0.101899096176863
      ],
      [
        0.0,
        0.0,
        0.0,
        1.0
      ]
    ],
    "2": [
      [
        0.848170104421971,
        0.167416360473871,
        -0.502572617847915,
        -0.309755979469848
      ],
      [
        0.143880525796926,
        0.840268718538769,
        0.522730212386481,
        0.0702298751583405
      ],
      [
        0.50980963923922,
        -0.515674551331457,
        0.688602852773555,
        0.21543141942926
      ],
      [
        0.0,
        0.0,
        0.0,
        1.0
      ]
    ],
    "3": [
      [
        0.214495848308778,
        -0.796347768067671,
        0.565527862577909,
        -0.169201237750703
      ],
      [
        -0.198763773261894,
        -0.60247740156813,
        -0.772990260636192,
        -0.089771736353275
      ],
      [
        0.956286825955996,
        0.0533967498388642,
        -0.287513988546042,
        0.110152947754292
      ],
      [
        0.0,
        0.0,
        0.0,
        1.0
      ]
    ]
  },
  "simTime": 1.0429999999999,
  "state": [
    -0.241682042175825,
    -0.00101182890872732,
    0.148754073343813,
    -0.259095366331659,
    0.0310902226693642,
    0.965221728440755,
    -0.0158115193980165,
    -0.408578821342395,
    -0.00859515590298925,
    -0.932634295475161,
    0.464732739394345,
    12.6335928362671,
    -0.286812646505896,
    0.954086898077019,
    -0.205615442540871,
    0.148158266722969,
    0.159654654514484,
    0.983563560910277,
    -0.179888023371023,
    0.0106504143169849,
    -0.0113837327814028,
    0.952719555693728,
    0.209165948206628,
    0.148754838617014,
    -0.162625497071012,
    0.982778912663958,
    0.183764258240181,
    0.0143913241778425,
    0.0130075364651444,
    1.55333325805009,
    -1.67666111542838,
    2.01837750539795,
    -0.621072751251622,
    -0.515995843071527,
    1.64103628541533,
    -1.53902788052638,
    -1.69087809089803,
    -2.08310614807916,
    0.61289504821513,
    -0.520448986671366,
    -1.69876666506627
  ]
}