{
  "arms": {
    "0": [
      [
        -0.993261456489563,
        0.00564216775819659,
        0.115757703781128,
        0.00403443118557334
      ],
      [
        -0.0751021280884743,
        0.729386806488037,
        -0.679966628551483,
        -0.0319796539843082
      ],
      [
        -0.0882686227560043,
        -0.684078276157379,
        -0.724048018455505,
        0.0823749452829361
      ],
      [
        0.0,
        0.0,
        0.0,
        1.0
      ]
    ],
    "1": [
      [
        -0.98917818069458,
        0.130202293395996,
        -0.0676303580403328,
        -0.00572130223736167
      ],
      [
        -0.0427547544240952,
        -0.696747839450836,
        -0.716040849685669,
        -0.0320306457579136
      ],
      [
        -0.140351474285126,
        -0.705400466918945,
        0.694774508476257,
        0.161777853965759
      ],
      [
        0.0,
        0.0,
        0.0,
        1.0
      ]
    ],
    "2": [
      [
        -0.998335778713226,
        -0.0120956487953663,
        -0.0563853681087494,
        -0.005723278503865
      ],
      [
        -0.033096969127655,
        -0.680517435073853,
        0.73198401927948,
        0.0319693423807621
      ],
      [
        -0.047225046902895,
        0.732632040977478,
        0.678984582424164,
        0.161818712949753
      ],
      [
        0.0,
        0.0,
        0.0,
        1.0
      ]
    ],
    "3": [
      [
        -0.986265599727631,
        -0.127702236175537,
        0.104748778045177,
        0.00403245491907001
      ],
      [
        -0.0183858703821898,
        0.715142011642456,
        0.698737323284149,
        0.0320203341543674
      ],
      [
        -0.164140567183495,
        0.687214732170105,
        -0.707667887210846,
        0.082415796816349
      ],
      [
        0.0,
        0.0,
        0.0,
        1.0
      ]
    ]
  },
  "arms_in_parent_frame": {
    "0": [
      [
        -1.33426247828083e-09,
        -4.76596042631172e-08,
        1.0,
        0.0
      ],
      [
        -2.00876915101844e-09,
        1.0,
        -4.76596042631172e-08,
        -7.45058059692383e-09
      ],
      [
        -1.0,
        2.00876915101844e-09,
        1.33426247828083e-09,
        0.0
      ],
      [
        0.0,
        0.0,
        0.0,
        1.0
      ]
    ],
    "1": [
      [
        -1.4025332006895e-09,
        1.15999228000874e-08,
        1.0,
        0.0
      ],
      [
        9.96931248664623e-09,
        1.0,
        1.15999228000874e-08,
        7.45058059692383e-09
      ],
      [
        -1.0,
        -9.96931248664623e-09,
        1.4025332006895e-09,
        0.0
      ],
      [
        0.0,
        0.0,
        0.0,
        1.0
      ]
    ],
    "2": [
      [
        -1.35181421612174e-10,
        -2.09530739425645e-08,
        0.999999940395355,
        0.0
      ],
      [
        2.72046607463494e-09,
        1.0,
        -2.09530739425645e-08,
        0.0
      ],
      [
        -0.999999940395355,
        -2.72046607463494e-09,
        1.35181421612174e-10,
        0.0
      ],
      [
        0.0,
        0.0,
        0.0,
        1.0
      ]
    ],
    "3": [
      [
        -1.8133059498382e-09,
        -4.70275764996586e-08,
        1.0,
        0.0
      ],
      [
        -8.16857692598205e-11,
        1.0,
        -4.70275764996586e-08,
        0.0
      ],
      [
        -1.0,
        8.16857692598205e-11,
        1.8133059498382e-09,
        0.0
      ],
      [
        0.0,
        0.0,
        0.0,
        1.0
      ]
    ]
  },
  "arms_link_world": {
    "0": [
      [
        -0.993261456489563,
        0.00564216775819659,
        0.115757703781128,
        0.00403443118557334
      ],
      [
        -0.0751021280884743,
        0.729386806488037,
        -0.679966628551483,
        -0.0319796539843082
      ],
      [
        -0.0882686227560043,
        -0.684078276157379,
        -0.724048018455505,
        0.0823749452829361
      ],
      [
        0.0,
        0.0,
        0.0,
        1.0
      ]
    ],
    "1": [
      [
        -0.98917818069458,
        0.130202293395996,
        -0.0676303580403328,
        -0.00572130223736167
      ],
      [
        -0.0427547544240952,
        -0.696747839450836,
        -0.716040849685669,
        -0.0320306457579136
      ],
      [
        -0.140351474285126,
        -0.705400466918945,
        0.694774508476257,
        0.161777853965759
      ],
      [
        0.0,
        0.0,
        0.0,
        1.0
      ]
    ],
    "2": [
      [
        -0.998335778713226,
        -0.0120956487953663,
        -0.0563853681087494,
        -0.005723278503865
      ],
      [
        -0.033096969127655,
        -0.680517435073853,
        0.73198401927948,
        0.0319693423807621
      ],
      [
        -0.047225046902895,
        0.732632040977478,
        0.678984582424164,
        0.161818712949753
      ],
      [
        0.0,
        0.0,
        0.0,
        1.0
      ]
    ],
    "3": [
      [
        -0.986265599727631,
        -0.127702236175537,
        0.104748778045177,
        0.00403245491907001
      ],
      [
        -0.0183858703821898,
        0.715142011642456,
        0.698737323284149,
        0.0320203341543674
      ],
      [
        -0.164140567183495,
        0.687214732170105,
        -0.707667887210846,
        0.082415796816349
      ],
      [
        0.0,
        0.0,
        0.0,
        1.0
      ]
    ]
  },
  "arms_relative_to_base": {
    "0": [
      [
        -0.0335629768669605,
        0.680125534534454,
        0.732326865196228,
        0.0399999991059303
      ],
      [
        -0.0751277878880501,
        0.728949785232544,
        -0.680432319641113,
        -0.0320000015199184
      ],
      [
        -0.996608972549438,
        -0.0778554305434227,
        0.0266306214034557,
        0.0
      ],
      [
        0.0,
        0.0,
        0.0,
        1.0
      ]
    ],
    "1": [
      [
        0.018649710342288,
        0.715569317340851,
        -0.69829273223877,
        -0.0399999991059303
      ],
      [
        -0.0428138002753258,
        -0.697202026844025,
        -0.715595126152039,
        -0.0320000015199184
      ],
      [
        -0.998908996582031,
        0.043242197483778,
        0.0176336169242859,
        -9.31322574615479e-10
      ],
      [
        0.0,
        0.0,
        0.0,
        1.0
      ]
    ],
    "2": [
      [
        -0.0748922377824783,
        -0.729072749614716,
        -0.680326402187347,
        -0.0399999991059303
      ],
      [
        -0.0330962836742401,
        -0.680049240589142,
        0.732419073581696,
        0.0320000015199184
      ],
      [
        -0.996642231941223,
        0.0773687809705734,
        0.026800811290741,
        -9.31322574615479e-10
      ],
      [
        0.0,
        0.0,
        0.0,
        1.0
      ]
    ],
    "3": [
      [
        0.0426319614052773,
        -0.697202682495117,
        0.71560525894165,
        0.0400000065565109
      ],
      [
        -0.0184601955115795,
        0.715584516525269,
        0.698282241821289,
        0.0320000015199184
      ],
      [
        -0.998920261859894,
        -0.0429793670773506,
        0.0176362823694944,
        -9.31322574615479e-10
      ],
      [
        0.0,
        0.0,
        0.0,
        1.0
      ]
    ]
  },
  "arms_view_frame": {
    "0": [
      [
        -0.993261396884918,
        0.00564216729253531,
        0.115757696330547,
        0.00403443071991205
      ],
      [
        -0.0882686227560043,
        -0.684078335762024,
        -0.724048018455505,
        0.0823749452829361
      ],
      [
        0.0751021355390549,
        -0.729386746883392,
        0.679966688156128,
        0.0319796502590179
      ],
      [
        0.0,
        0.0,
        0.0,
        1.0
      ]
    ],
    "1": [
      [
        -0.989178121089935,
        0.130202278494835,
        -0.0676303505897522,
        -0.00572130177170038
      ],
      [
        -0.140351474285126,
        -0.705400407314301,
        0.694774568080902,
        0.161777853965759
      ],
      [
        0.0427547618746758,
        0.696747899055481,
        0.716040790081024,
        0.032030638307333
      ],
      [
        0.0,
        0.0,
        0.0,
        1.0
      ]
    ],
    "2": [
      [
        -0.998335719108582,
        -0.0120956478640437,
        -0.0563853643834591,
        -0.00572327803820372
      ],
      [
        -0.047225046902895,
        0.732632040977478,
        0.678984522819519,
        0.161818712949753
      ],
      [
        0.0330969728529453,
        0.680517375469208,
        -0.73198401927948,
        -0.0319693498313427
      ],
      [
        0.0,
        0.0,
        0.0,
        1.0
      ]
    ],
    "3": [
      [
        -0.986265540122986,
        -0.127702221274376,
        0.104748770594597,
        0.00403245445340872
      ],
      [
        -0.164140567183495,
        0.68721467256546,
        -0.707667946815491,
        0.082415796816349
      ],
      [
        0.0183858778327703,
        -0.715142071247101,
        -0.698737263679504,
        -0.0320203378796577
      ],
      [
        0.0,
        0.0,
        0.0,
        1.0
      ]
    ]
  },
  "arms_visual_world": {
    "0": [
      [
        -0.993261456489563,
        0.00564216775819659,
        0.115757703781128,
        0.00403443118557334
      ],
      [
        -0.0751021280884743,
        0.729386806488037,
        -0.679966628551483,
        -0.0319796539843082
      ],
      [
        -0.0882686227560043,
        -0.684078276157379,
        -0.724048018455505,
        0.0823749452829361
      ],
      [
        0.0,
        0.0,
        0.0,
        1.0
      ]
    ],
    "1": [
      [
        -0.98917818069458,
        0.130202293395996,
        -0.0676303580403328,
        -0.00572130223736167
      ],
      [
        -0.0427547544240952,
        -0.696747839450836,
        -0.716040849685669,
        -0.0320306457579136
      ],
      [
        -0.140351474285126,
        -0.705400466918945,
        0.694774508476257,
        0.161777853965759
      ],
      [
        0.0,
        0.0,
        0.0,
        1.0
      ]
    ],
    "2": [
      [
        -0.998335778713226,
        -0.0120956487953663,
        -0.0563853681087494,
        -0.005723278503865
      ],
      [
        -0.033096969127655,
        -0.680517435073853,
        0.73198401927948,
        0.0319693423807621
      ],
      [
        -0.047225046902895,
        0.732632040977478,
        0.678984582424164,
        0.161818712949753
      ],
      [
        0.0,
        0.0,
        0.0,
        1.0
      ]
    ],
    "3": [
      [
        -0.986265599727631,
        -0.127702236175537,
        0.104748778045177,
        0.00403245491907001
      ],
      [
        -0.0183858703821898,
        0.715142011642456,
        0.698737323284149,
        0.0320203341543674
      ],
      [
        -0.164140567183495,
        0.687214732170105,
        -0.707667887210846,
        0.082415796816349
      ],
      [
        0.0,
        0.0,
        0.0,
        1.0
      ]
    ]
  },
  "base": [
    [
      0.121946670114994,
      -3.08800554194022e-05,
      0.992536664009094,
      -0.000844423659145832
    ],
    [
      0.000637391058262438,
      0.999999821186066,
      -4.71999373985454e-05,
      -5.15567626280244e-06
    ],
    [
      -0.992536425590515,
      0.000638389843516052,
      0.121946662664413,
      0.122096829116344
    ],
    [
      0.0,
      0.0,
      0.0,
      1.0
    ]
  ],
  "base_link_world": [
    [
      0.121946670114994,
      -3.08800554194022e-05,
      0.992536664009094,
      -0.000844423659145832
    ],
    [
      0.000637391058262438,
      0.999999821186066,
      -4.71999373985454e-05,
      -5.15567626280244e-06
    ],
    [
      -0.992536425590515,
      0.000638389843516052,
      0.121946662664413,
      0.122096829116344
    ],
    [
      0.0,
      0.0,
      0.0,
      1.0
    ]
  ],
  "base_view_frame": [
    [
      0.121946662664413,
      -3.08800517814234e-05,
      0.992536604404449,
      -0.000844423600938171
    ],
    [
      -0.992536425590515,
      0.000638346129562706,
      0.121946662664413,
      0.122096829116344
    ],
    [
      -0.000637347693555057,
      -0.999999821186066,
      4.71946077595931e-05,
      5.15033934789244e-06
    ],
    [
      0.0,
      0.0,
      0.0,
      1.0
    ]
  ],
  "base_visual_world": [
    [
      -3.011685112142e-05,
      -0.121946662664413,
      0.992536664009094,
      -0.000844423659145832
    ],
    [
      0.999999761581421,
      -0.000631132512353361,
      -4.71999373985454e-05,
      -5.15567626280244e-06
    ],
    [
      0.000632178038358688,
      0.99253636598587,
      0.121946662664413,
      0.122096829116344
    ],
    [
      0.0,
      0.0,
      0.0,
      1.0
    ]
  ],
  "view_adjust": [
    [
      0.999999940395355,
      0.0,
      0.0,
      0.0
    ],
    [
      0.0,
      -4.37113882867379e-08,
      1.0,
      0.0
    ],
    [
      0.0,
      -1.0,
      -4.37113882867379e-08,
      0.0
    ],
    [
      0.0,
      0.0,
      0.0,
      1.0
    ]
  ]
}