{
  "T_WB": [
    [
      -0.844249402266332,
      0.0503663935602814,
      -0.533578647598152,
      -0.242903654758765
    ],
    [
      0.0678743798901046,
      0.997606206442213,
      -0.0132259374908226,
      -0.00103798489836531
    ],
    [
      0.531635227696092,
      -0.0473823096493641,
      -0.845647031216226,
      0.145912491339414
    ],
    [
      0.0,
      0.0,
      0.0,
      1.0
    ]
  ],
  "T_WH": {
    "0": [
      [
        -0.528172587853037,
        -0.070751658796159,
        -0.846184329929489,
        -0.278285355443348
      ],
      [
        -0.400548106472627,
        0.899445815993571,
        0.1748097208191,
        -0.0302464083089119
      ],
      [
        0.748728877392758,
        0.431267233706956,
        -0.50340206722751,
        0.168694134356037
      ],
      [
        0.0,
        0.0,
        0.0,
        1.0
      ]
    ],
    "1": [
      [
        0.629696020398285,
        0.72298420657536,
        -0.284212524244028,
        -0.207521954074183
      ],
      [
        0.673268963274899,
        -0.690422211968545,
        -0.264624398556148,
        0.0281704385121813
      ],
      [
        -0.387545900488324,
        -0.0247185408764224,
        -0.921518946496292,
        0.12313084832279
      ],
      [
        0.0,
        0.0,
        0.0,
        1.0
      ]
    ],
    "2": [
      [
        -0.481236326336056,
        0.149129972429713,
        -0.863812392558529,
        -0.27506190625549
      ],
      [
        0.516119194184483,
        0.844714027995773,
        -0.141701052577306,
        0.0336003889033897
      ],
      [
        0.708542571486666,
        -0.514021849954133,
        -0.483475916836396,
        0.165661666538478
      ],
      [
        0.0,
        0.0,
        0.0,
        1.0
      ]
    ],
    "3": [
      [
        0.557628044831041,
        -0.791570468277987,
        -0.249934306104782,
        -0.210745403262041
      ],
      [
        -0.769412995465983,
        -0.605882407843549,
        0.202262577541588,
        -0.0356763587001203
      ],
      [
        -0.311535882405179,
        0.0795154174727902,
        -0.946901627603499,
        0.12616331614035
      ],
      [
        0.0,
        0.0,
        0.0,
        1.0
      ]
    ]
  },
  "T_WP": {
    "0": [
      [
        0.846184329929489,
        -0.070751658796159,
        -0.528172587853037,
        -0.31525743659306
      ],
      [
        -0.1748097208191,
        0.899445815993571,
        -0.400548106472627,
        -0.0582847757619958
      ],
      [
        0.50340206722751,
        0.431267233706956,
        0.748728877392758,
        0.22110515577353
      ],
      [
        0.0,
        0.0,
        0.0,
        1.0
      ]
    ],
    "1": [
      [
        0.284212524244028,
        0.72298420657536,
        0.629696020398285,
        -0.163443232646303
      ],
      [
        0.264624398556149,
        -0.690422211968545,
        0.673268963274899,
        0.0752992659414243
      ],
      [
        0.921518946496292,
        -0.0247185408764224,
        -0.387545900488324,
        0.0960026352886077
      ],
      [
        0.0,
        0.0,
        0.0,
        1.0
      ]
    ],
    "2": [
      [
        0.863812392558529,
        0.149129972429713,
        -0.481236326336056,
        -0.308748449099013
      ],
      [
        0.141701052577306,
        0.844714027995773,
        0.516119194184483,
        0.0697287324963035
      ],
      [
        0.483475916836396,
        -0.514021849954133,
        0.708542571486666,
        0.215259646542544
      ],
      [
        0.0,
        0.0,
        0.0,
        1.0
      ]
    ],
    "3": [
      [
        0.249934306104782,
        -0.791570468277987,
        0.557628044831041,
        -0.171711440123868
      ],
      [
        -0.202262577541588,
        -0.605882407843549,
        -0.769412995465983,
        -0.0895352683827391
      ],
      [
        0.946901627603499,
        0.0795154174727902,
        -0.311535882405179,
        0.104355804371987
      ],
      [
        0.0,
        0.0,
        0.0,
        1.0
      ]
    ]
  },
  "simTime": 1.0459999999999,
  "state": [
    -0.242903654758765,
    -0.00103798489836531,
    0.145912491339414,
    -0.277357969490538,
    0.0307872640375913,
    0.960143562172445,
    -0.0157810377343605,
    -0.405829168871466,
    -0.00884226790109576,
    -0.961771806390385,
    0.464877897101093,
    12.6203734337172,
    -0.288147062654649,
    0.954454013203733,
    -0.202520843239245,
    0.146758789355344,
    0.162679754363924,
    0.983431334658035,
    -0.180771180613639,
    0.0103479257480429,
    -0.00880401641181261,
    0.953070517941011,
    0.206066423277249,
    0.147372499460597,
    -0.165754527636839,
    0.982653375647545,
    0.184625002015581,
    0.0141097518105072,
    0.0103376430136583,
    1.58832172522243,
    -1.66433522438212,
    1.97930815736429,
    -0.600825253639713,
    -0.510994451255166,
    1.65490776155112,
    -1.57562985154104,
    -1.67951749967318,
    -2.04471838573381,
    0.592061046608862,
    -0.515239100221821,
    -1.71205810939988
  ]
}