{
  "arms": {
    "0": [
      [
        -0.999999940395355,
        -3.45445281442599e-17,
        -5.74293499845438e-17,
        -8.88178482565852e-18
      ],
      [
        6.50353617437526e-17,
        -0.707106828689575,
        -0.707106709480286,
        0.178746715188026
      ],
      [
        -1.61820152093667e-17,
        -0.707106709480286,
        0.707106828689575,
        0.0319999940693378
      ],
      [
        0.0,
        0.0,
        0.0,
        1.0
      ]
    ],
    "1": [
      [
        -0.999999940395355,
        -1.59230017985192e-16,
        3.7905584657467e-16,
        8.88178151693607e-18
      ],
      [
        3.80625610384169e-16,
        -0.707106709480286,
        0.707106828689575,
        0.258746713399887
      ],
      [
        1.55440339639617e-16,
        0.707106828689575,
        0.707106709480286,
        0.0319999903440475
      ],
      [
        0.0,
        0.0,
        0.0,
        1.0
      ]
    ],
    "2": [
      [
        -0.999999940395355,
        1.54817545430258e-16,
        3.79051796698391e-16,
        8.88178482565852e-18
      ],
      [
        3.77502652847202e-16,
        0.707106828689575,
        0.707106709480286,
        0.258746713399887
      ],
      [
        -1.585575664693e-16,
        0.707106709480286,
        -0.707106828689575,
        -0.0320000126957893
      ],
      [
        0.0,
        0.0,
        0.0,
        1.0
      ]
    ],
    "3": [
      [
        -0.999999940395355,
        2.79473941674685e-16,
        1.87500060237159e-16,
        -8.88178151693607e-18
      ],
      [
        6.50353485088628e-17,
        0.707106709480286,
        -0.707106828689575,
        0.178746715188026
      ],
      [
        -3.30200494954479e-16,
        -0.707106828689575,
        -0.707106709480286,
        -0.032000008970499
      ],
      [
        0.0,
        0.0,
        0.0,
        1.0
      ]
    ]
  },
  "base": [
    [
      -2.22044591690142e-16,
      4.69710565271533e-23,
      0.999999940395355,
      1.40969079374403e-35
    ],
    [
      -1.0,
      -4.37113882867379e-08,
      -2.22044604925031e-16,
      0.218746706843376
    ],
    [
      4.37113882867379e-08,
      -1.0,
      5.66769360477285e-23,
      -9.56172208077533e-09
    ],
    [
      0.0,
      0.0,
      0.0,
      1.0
    ]
  ]
}