{
  "T_WB": [
    [
      0.943253511020287,
      -0.00211352902115165,
      -0.332066780848337,
      -0.121317289171773
    ],
    [
      0.0030704300498252,
      0.999992508481815,
      0.00235699799669733,
      -1.11051215076541e-05
    ],
    [
      0.33205931158034,
      -0.003242834458318,
      0.943252934062474,
      0.0440937059767028
    ],
    [
      0.0,
      0.0,
      0.0,
      1.0
    ]
  ],
  "T_WH": {
    "0": [
      [
        -0.123054092606959,
        0.991260987972663,
        0.0475325574331789,
        -0.0835195158022848
      ],
      [
        -0.928237713204521,
        -0.0980234953462427,
        -0.358839995185801,
        -0.0318880481909327
      ],
      [
        -0.351044780729637,
        -0.0882782424132108,
        0.932188024938593,
        0.0574798491425826
      ],
      [
        0.0,
        0.0,
        0.0,
        1.0
      ]
    ],
    "1": [
      [
        -0.567678356005631,
        -0.748842282489648,
        -0.342018303718439,
        -0.159115062541262
      ],
      [
        0.791494724608527,
        -0.610725683753455,
        0.0234571976320148,
        0.0318658379479174
      ],
      [
        -0.226445103810209,
        -0.25738953972446,
        0.939400468277941,
        0.030707562810823
      ],
      [
        0.0,
        0.0,
        0.0,
        1.0
      ]
    ],
    "2": [
      [
        -0.126897242648406,
        -0.990855500144541,
        0.0458526732213433,
        -0.0836547816596385
      ],
      [
        0.925150820887793,
        -0.101556583184908,
        0.365762517246436,
        0.0321114723519034
      ],
      [
        -0.35776116113809,
        0.0888348931733381,
        0.929578029718865,
        0.0572723077372502
      ],
      [
        0.0,
        0.0,
        0.0,
        1.0
      ]
    ],
    "3": [
      [
        -0.564079864741246,
        0.751816282837616,
        -0.341447189260253,
        -0.158979796683908
      ],
      [
        -0.795540245707268,
        -0.6055970487265,
        -0.0191815545191745,
        -0.0321336825949187
      ],
      [
        -0.221200415129621,
        0.260815052161455,
        0.939705211708704,
        0.0309151042161553
      ],
      [
        0.0,
        0.0,
        0.0,
        1.0
      ]
    ]
  },
  "T_WP": {
    "0": [
      [
        -0.0475325574331789,
        0.991260987972663,
        -0.123054092606959,
        -0.0921333022847719
      ],
      [
        0.358839995185801,
        -0.0980234953462427,
        -0.928237713204521,
        -0.0968646881152492
      ],
      [
        -0.932188024938593,
        -0.0882782424132108,
        -0.351044780729637,
        0.032906714491508
      ],
      [
        0.0,
        0.0,
        0.0,
        1.0
      ]
    ],
    "1": [
      [
        0.342018303718439,
        -0.748842282489648,
        -0.567678356005631,
        -0.198852547461656
      ],
      [
        -0.0234571976320148,
        -0.610725683753455,
        0.791494724608527,
        0.0872704686705143
      ],
      [
        -0.939400468277941,
        -0.25738953972446,
        -0.226445103810209,
        0.0148564055441083
      ],
      [
        0.0,
        0.0,
        0.0,
        1.0
      ]
    ],
    "2": [
      [
        -0.0458526732213433,
        -0.990855500144541,
        -0.126897242648406,
        -0.0925375886450269
      ],
      [
        -0.365762517246436,
        -0.101556583184908,
        0.925150820887793,
        0.096872029814049
      ],
      [
        -0.929578029718865,
        0.0888348931733381,
        -0.35776116113809,
        0.0322290264575839
      ],
      [
        0.0,
        0.0,
        0.0,
        1.0
      ]
    ],
    "3": [
      [
        0.341447189260253,
        0.751816282837616,
        -0.564079864741246,
        -0.198465387215795
      ],
      [
        0.0191815545191744,
        -0.6055970487265,
        -0.795540245707268,
        -0.0878214997944275
      ],
      [
        -0.939705211708704,
        0.260815052161455,
        -0.221200415129621,
        0.0154310751570818
      ],
      [
        0.0,
        0.0,
        0.0,
        1.0
      ]
    ]
  },
  "simTime": 0.749499999999934,
  "state": [
    -0.121317289171773,
    -1.11051215076541e-05,
    0.0440937059767028,
    0.985710271018388,
    -0.00142025314629974,
    -0.168438463094874,
    0.00131477758307749,
    -0.340877502051731,
    -6.23911458253369e-05,
    -2.44023593353351,
    1.5910189836229,
    -0.33781611756771,
    -0.51750629081614,
    0.854566092510174,
    -0.11892672919135,
    0.233509683983958,
    -0.448382040342219,
    0.997772224417845,
    0.00297918388397197,
    0.0114410508504176,
    -0.0656567970517146,
    0.854506644487991,
    0.118722496173017,
    0.233823418311819,
    0.448385963738049,
    0.99776041505196,
    -0.00329174776778677,
    0.0114143027260303,
    0.0658257718925647,
    -5.29978193606539,
    -4.13210198479165,
    2.59584006844323,
    -1.17447684042376,
    2.41095154541822,
    -0.496029834079172,
    5.55218712494035,
    -0.740042268327594,
    -2.14411478657141,
    0.0652455833401558,
    -0.220600221815122,
    2.42018367919232
  ]
}