{
  "T_WB": [
    [
      0.923603587548138,
      -0.00203679051401671,
      0.383343533338716,
      -0.0436530149005345
    ],
    [
      0.00167188750877208,
      0.999997776686428,
      0.00128507367849253,
      4.22650328143188e-05
    ],
    [
      -0.383345298471714,
      -0.000545991394761826,
      0.923604939372365,
      0.356169850664538
    ],
    [
      0.0,
      0.0,
      0.0,
      1.0
    ]
  ],
  "T_WH": {
    "0": [
      [
        0.178794591566067,
        0.889660953208579,
        -0.420161733577354,
        -0.00664369410216041
      ],
      [
        -0.796384448690677,
        -0.119906782617611,
        -0.592785098805579,
        -0.0318907883208005
      ],
      [
        -0.577757997703511,
        0.440597040183314,
        0.687073463518519,
        0.340853510450302
      ],
      [
        0.0,
        0.0,
        0.0,
        1.0
      ]
    ],
    "1": [
      [
        -0.636428171729774,
        -0.621911264656528,
        0.456273559525441,
        -0.0806623356989085
      ],
      [
        0.717922524058142,
        -0.693900295235596,
        0.0555844377675946,
        0.0319753183864291
      ],
      [
        0.282039769675633,
        0.362944567620555,
        0.888101801121946,
        0.371486190878774
      ],
      [
        0.0,
        0.0,
        0.0,
        1.0
      ]
    ],
    "2": [
      [
        0.175881920806432,
        -0.888779517967651,
        -0.423245222506563,
        -0.00677404869505747
      ],
      [
        0.796110466553714,
        -0.12447325152286,
        0.592211562449565,
        0.0321090693871309
      ],
      [
        -0.579028216045702,
        -0.441109258683739,
        0.685674082145749,
        0.340818567001037
      ],
      [
        0.0,
        0.0,
        0.0,
        1.0
      ]
    ],
    "3": [
      [
        -0.633792424518258,
        0.624371844281499,
        0.456581824749724,
        -0.0805319811060114
      ],
      [
        -0.719945382942776,
        -0.691998598243036,
        -0.0530715141017576,
        -0.0320245393215023
      ],
      [
        0.282817623571531,
        -0.36235030025956,
        0.888097095873621,
        0.371521134328039
      ],
      [
        0.0,
        0.0,
        0.0,
        1.0
      ]
    ]
  },
  "T_WP": {
    "0": [
      [
        0.420161733577354,
        0.889660953208579,
        0.178794591566067,
        0.00587192730746427
      ],
      [
        0.592785098805579,
        -0.119906782617611,
        -0.796384448690677,
        -0.0876376997291479
      ],
      [
        -0.687073463518519,
        0.440597040183314,
        -0.577757997703511,
        0.300410450611056
      ],
      [
        0.0,
        0.0,
        0.0,
        1.0
      ]
    ],
    "1": [
      [
        -0.456273559525441,
        -0.621911264656528,
        -0.636428171729774,
        -0.125212307719993
      ],
      [
        -0.0555844377675945,
        -0.693900295235596,
        0.717922524058142,
        0.0822298950704991
      ],
      [
        -0.888101801121946,
        0.362944567620555,
        0.282039769675633,
        0.391228974756068
      ],
      [
        0.0,
        0.0,
        0.0,
        1.0
      ]
    ],
    "2": [
      [
        0.423245222506563,
        -0.888779517967651,
        0.175881920806432,
        0.00553768576139279
      ],
      [
        -0.592211562449565,
        -0.12447325152286,
        0.796110466553714,
        0.0878368020458909
      ],
      [
        -0.685674082145749,
        -0.441109258683739,
        -0.579028216045702,
        0.300286591877838
      ],
      [
        0.0,
        0.0,
        0.0,
        1.0
      ]
    ],
    "3": [
      [
        -0.456581824749725,
        0.624371844281499,
        -0.633792424518258,
        -0.124897450822289
      ],
      [
        0.0530715141017575,
        -0.691998598243036,
        -0.719945382942776,
        -0.0824207161274966
      ],
      [
        -0.888097095873621,
        -0.36235030025956,
        0.282817623571531,
        0.391318367978046
      ],
      [
        0.0,
        0.0,
        0.0,
        1.0
      ]
    ]
  },
  "simTime": 0.506499999999961,
  "state": [
    -0.0436530149005345,
    4.22650328143188e-05,
    0.356169850664538,
    0.980714829041415,
    -0.000466767968381823,
    0.195441327363179,
    0.000945401739875236,
    -0.268908940155188,
    3.27845304062942e-05,
    -0.0558530154085543,
    -0.0113342161719189,
    -4.22395118501729,
    0.0015037056673548,
    0.819080349847376,
    0.4968974768281,
    0.129285355854972,
    -0.255901494284854,
    0.998774856684555,
    0.0479441256398341,
    -0.00912586642780738,
    -0.00817710421366414,
    0.818830380740946,
    -0.49734286708098,
    0.12941302027097,
    0.255771676156006,
    0.998769882479598,
    -0.0480911890058119,
    -0.00905873989410528,
    0.00799366144073806,
    -2.23408927102374,
    -1.55926589913213,
    -5.29770487454165,
    -0.0502338795863784,
    0.269094636162388,
    -0.612613454896331,
    2.23362804803848,
    -1.55974730005722,
    5.30281842572071,
    0.0472367766254507,
    0.268494607525202,
    0.613671278151919
  ]
}