{
  "T_WB": [
    [
      0.991525856979279,
      -0.00233040618395465,
      -0.129888583595805,
      -0.0903092134175624
    ],
    [
      0.00260563137180017,
      0.9999947059653,
      0.00194903220271153,
      2.09749007044607e-05
    ],
    [
      0.129883353924438,
      -0.00227095759332968,
      0.991526679986448,
      0.231174121964293
    ],
    [
      0.0,
      0.0,
      0.0,
      1.0
    ]
  ],
  "T_WH": {
    "0": [
      [
        -0.15676017964162,
        0.954230559251199,
        -0.254696458298639,
        -0.0505736061405047
      ],
      [
        -0.838020621858633,
        -0.264980544353158,
        -0.476976674957984,
        -0.0318746304353131
      ],
      [
        -0.52263532545973,
        0.13866993511734,
        0.841203284394536,
        0.236442126764257
      ],
      [
        0.0,
        0.0,
        0.0,
        1.0
      ]
    ],
    "1": [
      [
        -0.626274546948381,
        -0.773469187046086,
        -0.0975992240484873,
        -0.13004482069462
      ],
      [
        0.773034379467606,
        -0.632329075678467,
        0.0507719234690677,
        0.0319165802367221
      ],
      [
        -0.100985345499902,
        -0.0436503922305539,
        0.993929878438305,
        0.225906117164329
      ],
      [
        0.0,
        0.0,
        0.0,
        1.0
      ]
    ],
    "2": [
      [
        -0.16059418992757,
        -0.952905223299281,
        -0.257256956311107,
        -0.0507227521362778
      ],
      [
        0.834483946934836,
        -0.270275467848434,
        0.480195495384295,
        0.0321250307464661
      ],
      [
        -0.52711103998073,
        -0.137560193690826,
        0.838588781610019,
        0.236296785478284
      ],
      [
        0.0,
        0.0,
        0.0,
        1.0
      ]
    ],
    "3": [
      [
        -0.622687459319308,
        0.776436499578366,
        -0.0969880927173983,
        -0.129895674698847
      ],
      [
        -0.776361585445381,
        -0.628519990442896,
        -0.0471731942780605,
        -0.0320830809450572
      ],
      [
        -0.0975859449470014,
        0.0459236729384214,
        0.994166987790605,
        0.226051458450302
      ],
      [
        0.0,
        0.0,
        0.0,
        1.0
      ]
    ]
  },
  "T_WP": {
    "0": [
      [
        0.254696458298639,
        0.954230559251199,
        -0.15676017964162,
        -0.0615468187154182
      ],
      [
        0.476976674957984,
        -0.264980544353158,
        -0.838020621858633,
        -0.0905360739654174
      ],
      [
        -0.841203284394536,
        0.13866993511734,
        -0.52263532545973,
        0.199857653982076
      ],
      [
        0.0,
        0.0,
        0.0,
        1.0
      ]
    ],
    "1": [
      [
        0.0975992240484872,
        -0.773469187046086,
        -0.626274546948381,
        -0.173884038981007
      ],
      [
        -0.0507719234690677,
        -0.632329075678467,
        0.773034379467606,
        0.0860289867994545
      ],
      [
        -0.993929878438305,
        -0.0436503922305539,
        -0.100985345499901,
        0.218837142979336
      ],
      [
        0.0,
        0.0,
        0.0,
        1.0
      ]
    ],
    "2": [
      [
        0.257256956311107,
        -0.952905223299281,
        -0.16059418992757,
        -0.0619643454312077
      ],
      [
        -0.480195495384295,
        -0.270275467848434,
        0.834483946934836,
        0.0905389070319046
      ],
      [
        -0.838588781610019,
        -0.137560193690826,
        -0.52711103998073,
        0.199399012679633
      ],
      [
        0.0,
        0.0,
        0.0,
        1.0
      ]
    ],
    "3": [
      [
        0.0969880927173983,
        0.776436499578366,
        -0.622687459319308,
        -0.173483796851199
      ],
      [
        0.0471731942780604,
        -0.628519990442896,
        -0.776361585445381,
        -0.0864283919262338
      ],
      [
        -0.994166987790605,
        0.0459236729384214,
        -0.0975859449470013,
        0.219220442304012
      ],
      [
        0.0,
        0.0,
        0.0,
        1.0
      ]
    ]
  },
  "simTime": 0.658499999999944,
  "state": [
    -0.0903092134175624,
    2.09749007044607e-05,
    0.231174121964293,
    0.997878655314742,
    -0.0010572402199319,
    -0.0650810437062382,
    0.00123663271317241,
    -0.335535436591839,
    -0.000290917308677664,
    -1.59286569729897,
    -0.011841712878124,
    -2.68178696701881,
    0.000275374865873014,
    0.835217896766999,
    0.135722229352879,
    0.220148738167762,
    -0.485309256518704,
    0.998282952040202,
    0.0283904520902126,
    0.00721078592864144,
    -0.0507260728058523,
    0.835082182044213,
    -0.135986490838748,
    0.22043314174092,
    0.485339730048825,
    0.998275269198006,
    -0.02868763507816,
    0.00725405118293179,
    0.0507038977072482,
    -5.01962338374957,
    -2.51782374855921,
    -1.73438101782298,
    -0.465369741100903,
    0.0973575381950598,
    -0.459004956260018,
    5.02147197088305,
    -2.52033447699064,
    1.73554384110004,
    0.464543518936367,
    0.0970406710094673,
    0.462017209624475
  ]
}