{
  "T_WB": [
    [
      -2.22044604925031e-16,
      1.18476057637724e-20,
      1.0,
      7.54258801068957e-37
    ],
    [
      -9.87571829329527e-20,
      1.0,
      -1.18476057637724e-20,
      3.53364666965492e-21
    ],
    [
      -1.0,
      -9.87571829329526e-20,
      -2.22044604925031e-16,
      0.4693985047
    ],
    [
      0.0,
      0.0,
      0.0,
      1.0
    ]
  ],
  "T_WH": {
    "0": [
      [
        -1.57044228022376e-16,
        -1.55500454073667e-16,
        1.0,
        -8.88216332038569e-18
      ],
      [
        -0.707106779455507,
        0.707106782917588,
        -1.09161248672418e-18,
        -0.032
      ],
      [
        -0.707106782917588,
        -0.707106779455507,
        -2.21002464136578e-16,
        0.4293985047
      ],
      [
        0.0,
        0.0,
        0.0,
        1.0
      ]
    ],
    "1": [
      [
        1.57044228022376e-16,
        1.55508194506837e-16,
        1.0,
        8.88216332038569e-18
      ],
      [
        0.707106779455507,
        -0.707106782917588,
        -1.08613917392656e-18,
        0.032
      ],
      [
        0.707106782917588,
        0.707106779455507,
        -2.21007937449349e-16,
        0.5093985047
      ],
      [
        0.0,
        0.0,
        0.0,
        1.0
      ]
    ],
    "2": [
      [
        -1.57035728072221e-16,
        1.5624786909206e-16,
        1.0,
        -8.88140507361681e-18
      ],
      [
        0.707106779455507,
        0.707106782917588,
        5.57099885183861e-19,
        0.032
      ],
      [
        -0.707106782917588,
        0.707106779455507,
        -2.21524955990741e-16,
        0.4293985047
      ],
      [
        0.0,
        0.0,
        0.0,
        1.0
      ]
    ],
    "3": [
      [
        1.57035728072221e-16,
        -1.55515125122252e-16,
        1.0,
        8.88140507361681e-18
      ],
      [
        -0.707106779455507,
        -0.707106782917588,
        1.07522811637685e-18,
        -0.032
      ],
      [
        0.707106782917588,
        -0.707106779455507,
        -2.21006827762085e-16,
        0.5093985047
      ],
      [
        0.0,
        0.0,
        0.0,
        1.0
      ]
    ]
  },
  "T_WP": {
    "0": [
      [
        -1.0,
        -1.55500454073667e-16,
        -9.58118880650086e-17,
        -1.9875259281952e-17
      ],
      [
        -4.22061902190548e-17,
        0.707106782917588,
        -0.707106779455507,
        -0.0814974745618855
      ],
      [
        1.77704661218808e-16,
        -0.707106779455507,
        -0.707106782917588,
        0.379901029895769
      ],
      [
        0.0,
        0.0,
        0.0,
        1.0
      ]
    ],
    "1": [
      [
        -1.0,
        1.55508194506837e-16,
        2.18276567979744e-16,
        1.9875259281952e-17
      ],
      [
        4.43839418797056e-17,
        -0.707106782917588,
        0.707106779455507,
        0.0814974745618855
      ],
      [
        2.64305740367119e-16,
        0.707106779455507,
        0.707106782917588,
        0.558895979504231
      ],
      [
        0.0,
        0.0,
        0.0,
        1.0
      ]
    ],
    "2": [
      [
        -1.0,
        1.5624786909206e-16,
        -9.5803388114853e-17,
        -1.98739060386723e-17
      ],
      [
        4.27407028205952e-17,
        0.707106782917588,
        0.707106779455507,
        0.0814974745618855
      ],
      [
        1.78227153072971e-16,
        0.707106779455507,
        -0.707106782917588,
        0.379901029895769
      ],
      [
        0.0,
        0.0,
        0.0,
        1.0
      ]
    ],
    "3": [
      [
        -1.0,
        -1.55515125122252e-16,
        2.18268068029588e-16,
        1.98739060386723e-17
      ],
      [
        -4.43730308221559e-17,
        -0.707106782917588,
        -0.707106779455507,
        -0.0814974745618855
      ],
      [
        2.64304630679855e-16,
        -0.707106779455507,
        0.707106782917588,
        0.558895979504231
      ],
      [
        0.0,
        0.0,
        0.0,
        1.0
      ]
    ]
  },
  "simTime": 0.0790000000000012,
  "state": [
    7.54258801068957e-37,
    3.53364666965492e-21,
    0.4693985047,
    0.707106781186548,
    -3.07271756831914e-20,
    0.707106781186548,
    -3.91046980595798e-20,
    -6.28953505202479e-36,
    5.49162218970304e-20,
    -0.774721399999995,
    4.40033052551836e-19,
    -3.15446904145045e-18,
    -4.68196207494105e-18,
    1.0,
    7.50206943972798e-19,
    1.33021236374063e-20,
    -8.42259083177479e-20,
    1.0,
    -7.4633672738752e-19,
    -1.3302123637406e-20,
    8.29924215680546e-20,
    1.0,
    -3.84876957173131e-19,
    1.74296709154798e-20,
    5.12342693894476e-20,
    1.0,
    7.51248942076987e-19,
    -1.74296709154796e-20,
    -8.03434574349188e-20,
    2.52590576911564e-17,
    5.99578598892438e-19,
    -5.98402039767149e-18,
    -2.51674574081952e-17,
    -5.99578598892431e-19,
    5.93680992461649e-18,
    -1.39482657595285e-17,
    8.15206239626168e-19,
    3.29941537730326e-18,
    2.52757810687227e-17,
    -8.15206239626159e-19,
    -5.77310177113046e-18
  ]
}