{
  "T_WB": [
    [
      -2.22044604925031e-16,
      1.1382181666772e-19,
      1.0,
      -9.26611347219952e-36
    ],
    [
      -2.38298621298289e-18,
      1.0,
      -1.1382181666772e-19,
      3.91369620362409e-21
    ],
    [
      -1.0,
      -2.38298621298289e-18,
      -2.22044604925031e-16,
      0.209272310575003
    ],
    [
      0.0,
      0.0,
      0.0,
      1.0
    ]
  ],
  "T_WH": {
    "0": [
      [
        -1.57196835208073e-16,
        -1.5212634660433e-16,
        1.0,
        -8.88542649513462e-18
      ],
      [
        -0.707106779455507,
        0.707106782917588,
        -3.58537634018505e-18,
        -0.032
      ],
      [
        -0.707106782917588,
        -0.707106779455507,
        -2.18724519446527e-16,
        0.169272310575003
      ],
      [
        0.0,
        0.0,
        0.0,
        1.0
      ]
    ],
    "1": [
      [
        1.57196835208073e-16,
        1.52124125567982e-16,
        1.0,
        8.88542649513462e-18
      ],
      [
        0.707106779455507,
        -0.707106782917588,
        -3.58694685005202e-18,
        0.032
      ],
      [
        0.707106782917588,
        0.707106779455507,
        -2.18722948936667e-16,
        0.249272310575003
      ],
      [
        0.0,
        0.0,
        0.0,
        1.0
      ]
    ],
    "2": [
      [
        -1.57043194145295e-16,
        1.53097795165364e-16,
        1.0,
        -8.87814189886789e-18
      ],
      [
        0.707106779455507,
        0.707106782917588,
        2.78981783632917e-18,
        0.032
      ],
      [
        -0.707106782917588,
        0.707106779455507,
        -2.19302796672301e-16,
        0.169272310575003
      ],
      [
        0.0,
        0.0,
        0.0,
        1.0
      ]
    ],
    "3": [
      [
        1.57043194145295e-16,
        -1.52272976318651e-16,
        1.0,
        8.87814189886789e-18
      ],
      [
        -0.707106779455507,
        -0.707106782917588,
        3.37305283751838e-18,
        -0.032
      ],
      [
        0.707106782917588,
        -0.707106779455507,
        -2.18719561673968e-16,
        0.249272310575003
      ],
      [
        0.0,
        0.0,
        0.0,
        1.0
      ]
    ]
  },
  "T_WP": {
    "0": [
      [
        -1.0,
        -1.5212634660433e-16,
        -9.59644952507053e-17,
        -1.98892049596997e-17
      ],
      [
        -3.9712426365594e-17,
        0.707106782917588,
        -0.707106779455507,
        -0.0814974745618855
      ],
      [
        1.75426716528756e-16,
        -0.707106779455507,
        -0.707106782917588,
        0.119774835770772
      ],
      [
        0.0,
        0.0,
        0.0,
        1.0
      ]
    ],
    "1": [
      [
        -1.0,
        1.52124125567982e-16,
        2.18429175165441e-16,
        1.98892049596997e-17
      ],
      [
        4.6884749555831e-17,
        -0.707106782917588,
        0.707106779455507,
        0.0814974745618855
      ],
      [
        2.62020751854438e-16,
        0.707106779455507,
        0.707106782917588,
        0.298769785379234
      ],
      [
        0.0,
        0.0,
        0.0,
        1.0
      ]
    ],
    "2": [
      [
        -1.0,
        1.53097795165364e-16,
        -9.58108541879274e-17,
        -1.98711654890385e-17
      ],
      [
        4.05079848694499e-17,
        0.707106782917588,
        0.707106779455507,
        0.0814974745618855
      ],
      [
        1.76004993754531e-16,
        0.707106779455507,
        -0.707106782917588,
        0.119774835770772
      ],
      [
        0.0,
        0.0,
        0.0,
        1.0
      ]
    ],
    "3": [
      [
        -1.0,
        -1.52272976318651e-16,
        2.18275534102663e-16,
        1.98711654890385e-17
      ],
      [
        -4.66708555432974e-17,
        -0.707106782917588,
        -0.707106779455507,
        -0.0814974745618855
      ],
      [
        2.62017364591738e-16,
        -0.707106779455507,
        0.707106782917588,
        0.298769785379234
      ],
      [
        0.0,
        0.0,
        0.0,
        1.0
      ]
    ]
  },
  "simTime": 0.24349999999999,
  "state": [
    -9.26611347219952e-36,
    3.91369620362409e-21,
    0.209272310575003,
    0.707106781186548,
    -8.02270766130767e-19,
    0.707106781186548,
    -8.82754944543484e-19,
    -7.14295330944172e-35,
    -2.00007961017156e-20,
    -2.38790710000003,
    5.26290146177967e-19,
    -1.15859055966434e-17,
    -2.11253061655715e-17,
    1.0,
    2.40120735053491e-18,
    5.35523885558196e-20,
    -1.34116317651829e-18,
    1.0,
    -2.40231786870905e-18,
    -5.3552388555819e-20,
    1.33766786580492e-18,
    1.0,
    -1.99596724862748e-18,
    5.72160353825961e-20,
    9.2098561168061e-19,
    1.0,
    2.40837667198411e-18,
    -5.72160353825954e-20,
    -1.33598295475815e-18,
    1.25030472877686e-17,
    1.82791785969671e-19,
    -2.30901372962819e-17,
    -1.28064380368535e-17,
    -1.82791785969669e-19,
    2.30916248231104e-17,
    -1.6860761329048e-17,
    6.59073515143039e-20,
    1.87298637631404e-17,
    1.25287257866725e-17,
    -6.59073515143026e-20,
    -2.32178270814339e-17
  ]
}