{
  "T_WB": [
    [
      0.952082452613681,
      -0.00215570981389426,
      -0.305833870492326,
      -0.116537029831168
    ],
    [
      0.00302089920157547,
      0.999992662409121,
      0.00235569436307796,
      -5.56014601416426e-06
    ],
    [
      0.305826548215051,
      -0.00316670856199249,
      0.952081978804216,
      0.0783570680943441
    ],
    [
      0.0,
      0.0,
      0.0,
      1.0
    ]
  ],
  "T_WH": {
    "0": [
      [
        -0.143958757940854,
        0.989583688012927,
        -2.07571530189593e-05,
        -0.0783847490125758
      ],
      [
        -0.913467803060564,
        -0.132893938233034,
        -0.38459819806211,
        -0.031884489375043
      ],
      [
        -0.38059486174124,
        -0.0553473179083461,
        0.923084083719635,
        0.0906914646969299
      ],
      [
        0.0,
        0.0,
        0.0,
        1.0
      ]
    ],
    "1": [
      [
        -0.576119646106099,
        -0.756696090580091,
        -0.309026179912624,
        -0.154689310649759
      ],
      [
        0.78966016573524,
        -0.612879538514199,
        0.0285568541967858,
        0.0318733690830147
      ],
      [
        -0.211004682463628,
        -0.227573499712575,
        0.950624703133152,
        0.0660226714917583
      ],
      [
        0.0,
        0.0,
        0.0,
        1.0
      ]
    ],
    "2": [
      [
        -0.147802647232484,
        -0.989015146239754,
        -0.00184877782022684,
        -0.0785227144406651
      ],
      [
        0.910180653259182,
        -0.136752158657536,
        0.390985965905675,
        0.0321150410191407
      ],
      [
        -0.386943866605687,
        0.0561060389874633,
        0.920394782952064,
        0.0904887953489624
      ],
      [
        0.0,
        0.0,
        0.0,
        1.0
      ]
    ],
    "3": [
      [
        -0.572525103948425,
        0.759619810893838,
        -0.308533220652906,
        -0.15455134522167
      ],
      [
        -0.793570833136328,
        -0.607991697353851,
        -0.0243193080513796,
        -0.032126161311169
      ],
      [
        -0.206059064697868,
        0.230919550593691,
        0.950902635925176,
        0.0662253408397258
      ],
      [
        0.0,
        0.0,
        0.0,
        1.0
      ]
    ]
  },
  "T_WP": {
    "0": [
      [
        2.07571530189504e-05,
        0.989583688012927,
        -0.143958757940854,
        -0.0884618620684356
      ],
      [
        0.38459819806211,
        -0.132893938233034,
        -0.913467803060564,
        -0.0958272355892825
      ],
      [
        -0.923084083719635,
        -0.0553473179083461,
        -0.38059486174124,
        0.064049824375043
      ],
      [
        0.0,
        0.0,
        0.0,
        1.0
      ]
    ],
    "1": [
      [
        0.309026179912624,
        -0.756696090580091,
        -0.576119646106099,
        -0.195017685877186
      ],
      [
        -0.0285568541967858,
        -0.612879538514199,
        0.78966016573524,
        0.0871495806844815
      ],
      [
        -0.950624703133152,
        -0.227573499712575,
        -0.211004682463628,
        0.0512523437193043
      ],
      [
        0.0,
        0.0,
        0.0,
        1.0
      ]
    ],
    "2": [
      [
        0.00184877782022683,
        -0.989015146239754,
        -0.147802647232484,
        -0.0888688997469389
      ],
      [
        -0.390985965905675,
        -0.136752158657536,
        0.910180653259182,
        0.0958276867472835
      ],
      [
        -0.920394782952064,
        0.0561060389874633,
        -0.386943866605687,
        0.0634027246865643
      ],
      [
        0.0,
        0.0,
        0.0,
        1.0
      ]
    ],
    "3": [
      [
        0.308533220652906,
        0.759619810893838,
        -0.572525103948425,
        -0.19462810249806
      ],
      [
        0.0243193080513795,
        -0.607991697353851,
        -0.793570833136328,
        -0.087676119630712
      ],
      [
        -0.950902635925176,
        0.230919550593691,
        -0.206059064697868,
        0.051801206310875
      ],
      [
        0.0,
        0.0,
        0.0,
        1.0
      ]
    ]
  },
  "simTime": 0.735499999999935,
  "state": [
    -0.116537029831168,
    -5.56014601416426e-06,
    0.0783570680943441,
    0.987946999315628,
    -0.00139744412627801,
    -0.154780676273901,
    0.00130994097331529,
    -0.342005121253364,
    -0.000390491272079336,
    -2.37644362808491,
    -0.0118648909633275,
    -2.03355397275018,
    0.000592187774460653,
    0.851502696944726,
    -0.0823317420848673,
    0.232906520976605,
    -0.462513993115563,
    0.997850888122629,
    0.00737525292932602,
    0.0109685669684076,
    -0.0641786666717936,
    0.851453796221942,
    0.0821503303523335,
    0.233157562497509,
    0.462509791434155,
    0.997841876097027,
    -0.00767187314956116,
    0.0110091160434801,
    0.0642769945896897,
    -4.97782824529449,
    -2.61040786642101,
    0.511719473298117,
    -0.61687423167584,
    0.0228907939700749,
    -0.241070645819819,
    4.9785875209469,
    -2.61265823834846,
    -0.512079093779567,
    0.617655726329386,
    0.0226760202656361,
    0.244304717244167
  ]
}