{
  "T_WB": [
    [
      -2.22044604925031e-16,
      4.68244138178285e-21,
      1.0,
      7.24869042744781e-37
    ],
    [
      -2.95674999299959e-20,
      1.0,
      -4.68244138178285e-21,
      2.28891142090783e-21
    ],
    [
      -1.0,
      -2.95674999299959e-20,
      -2.22044604925031e-16,
      0.4829316127
    ],
    [
      0.0,
      0.0,
      0.0,
      1.0
    ]
  ],
  "T_WH": {
    "0": [
      [
        -1.5702780327089e-16,
        -1.560144712459e-16,
        1.0,
        -8.88193403512547e-18
      ],
      [
        -0.707106779455507,
        0.707106782917588,
        -7.16533404575436e-19,
        -0.032
      ],
      [
        -0.707106782917588,
        -0.707106779455507,
        -2.21354315110637e-16,
        0.4429316127
      ],
      [
        0.0,
        0.0,
        0.0,
        1.0
      ]
    ],
    "1": [
      [
        1.5702780327089e-16,
        1.56022041237828e-16,
        1.0,
        8.88193403512547e-18
      ],
      [
        0.707106779455507,
        -0.707106782917588,
        -7.11180611936326e-19,
        0.032
      ],
      [
        0.707106782917588,
        0.707106779455507,
        -2.2135966790325e-16,
        0.5229316127
      ],
      [
        0.0,
        0.0,
        0.0,
        1.0
      ]
    ],
    "2": [
      [
        -1.57025167575126e-16,
        1.56497115841084e-16,
        1.0,
        -8.88163435887703e-18
      ],
      [
        0.707106779455507,
        0.707106782917588,
        3.73388419238482e-19,
        0.032
      ],
      [
        -0.707106782917588,
        0.707106779455507,
        -2.21693732657607e-16,
        0.4429316127
      ],
      [
        0.0,
        0.0,
        0.0,
        1.0
      ]
    ],
    "3": [
      [
        1.57025167575126e-16,
        -1.56019560136014e-16,
        1.0,
        8.88163435887703e-18
      ],
      [
        -0.707106779455507,
        -0.707106782917588,
        7.11071297514918e-19,
        -0.032
      ],
      [
        0.707106782917588,
        -0.707106779455507,
        -2.21356049780984e-16,
        0.5229316127
      ],
      [
        0.0,
        0.0,
        0.0,
        1.0
      ]
    ]
  },
  "T_WP": {
    "0": [
      [
        -1.0,
        -1.560144712459e-16,
        -9.57954633135227e-17,
        -1.98738802640878e-17
      ],
      [
        -4.25812693012036e-17,
        0.707106782917588,
        -0.707106779455507,
        -0.0814974745618855
      ],
      [
        1.78056512192867e-16,
        -0.707106779455507,
        -0.707106782917588,
        0.393434137895768
      ],
      [
        0.0,
        0.0,
        0.0,
        1.0
      ]
    ],
    "1": [
      [
        -1.0,
        1.56022041237828e-16,
        2.18260143228258e-16,
        1.98738802640878e-17
      ],
      [
        4.40089833177154e-17,
        -0.707106782917588,
        0.707106779455507,
        0.0814974745618855
      ],
      [
        2.64657470821021e-16,
        0.707106779455507,
        0.707106782917588,
        0.572429087504231
      ],
      [
        0.0,
        0.0,
        0.0,
        1.0
      ]
    ],
    "2": [
      [
        -1.0,
        1.56497115841084e-16,
        -9.57928276177584e-17,
        -1.98733960891359e-17
      ],
      [
        4.29244142865405e-17,
        0.707106782917588,
        0.707106779455507,
        0.0814974745618855
      ],
      [
        1.78395929739837e-16,
        0.707106779455507,
        -0.707106782917588,
        0.393434137895768
      ],
      [
        0.0,
        0.0,
        0.0,
        1.0
      ]
    ],
    "3": [
      [
        -1.0,
        -1.56019560136014e-16,
        2.18257507532494e-16,
        1.98733960891359e-17
      ],
      [
        -4.40088740032939e-17,
        -0.707106782917588,
        -0.707106779455507,
        -0.0814974745618855
      ],
      [
        2.64653852698754e-16,
        -0.707106779455507,
        0.707106782917588,
        0.572429087504231
      ],
      [
        0.0,
        0.0,
        0.0,
        1.0
      ]
    ]
  },
  "simTime": 0.0590000000000007,
  "state": [
    7.24869042744781e-37,
    2.28891142090783e-21,
    0.4829316127,
    0.707106781186548,
    -8.79819682483285e-21,
    0.707106781186548,
    -1.21091828784e-20,
    1.10728720718954e-35,
    6.95451415713371e-20,
    -0.578589400000002,
    2.69868458425833e-19,
    -2.02802587613696e-18,
    -2.14432783075331e-18,
    1.0,
    4.95731626023837e-19,
    7.62301604965107e-21,
    -3.63212430805249e-20,
    1.0,
    -4.91946630059703e-19,
    -7.6230160496509e-21,
    3.56233069135335e-20,
    1.0,
    -2.57720314493285e-19,
    9.61615421296375e-21,
    2.4175624346293e-20,
    1.0,
    4.96498167028603e-19,
    -9.61615421296359e-21,
    -3.44818016201228e-20,
    2.57900635106707e-17,
    5.21828768698236e-19,
    -3.62398858342035e-18,
    -2.55771334814197e-17,
    -5.21828768698228e-19,
    3.56155687975037e-18,
    -1.13912403243163e-17,
    7.16985971055958e-19,
    2.13708700542003e-18,
    2.57893062583904e-17,
    -7.16985971055951e-19,
    -3.4405122615073e-18
  ]
}