{
  "T_WB": [
    [
      -0.273648138634511,
      -0.565105359477473,
      0.778313965512442,
      -0.0870547928559547
    ],
    [
      -0.452573993949951,
      0.789675443590249,
      0.414233598095005,
      0.00321552935832917
    ],
    [
      -0.848701052327648,
      -0.238890406840416,
      -0.471845204805096,
      0.906738358092081
    ],
    [
      0.0,
      0.0,
      0.0,
      1.0
    ]
  ],
  "T_WH": {
    "0": [
      [
        -0.16727892234591,
        -0.275940001030591,
        0.946506670853422,
        0.00713744595789869
      ],
      [
        -0.70003468000568,
        0.709262425418986,
        0.0830557564418212,
        -0.043372573952886
      ],
      [
        -0.694240022562901,
        -0.648694017021905,
        -0.311812224506751,
        -0.0263035490742126
      ],
      [
        0.0,
        0.0,
        0.0,
        1.0
      ]
    ],
    "1": [
      [
        -0.34986677831013,
        0.592169298852441,
        0.725898587222416,
        -0.00713744595789869
      ],
      [
        0.89562976480706,
        -0.0157494799567458,
        0.444521403616004,
        0.043372573952886
      ],
      [
        0.274664453154282,
        0.805659652320818,
        -0.524854230044646,
        0.0263035490742126
      ],
      [
        0.0,
        0.0,
        0.0,
        1.0
      ]
    ],
    "2": [
      [
        -0.540683359050845,
        -0.735108693450427,
        0.408994760429888,
        -0.0290292970486596
      ],
      [
        -0.256978169884939,
        0.607281040140329,
        0.751779195301831,
        0.00716665443688994
      ],
      [
        -0.801014185547349,
        0.301371775552533,
        -0.517253639380363,
        -0.0415925351119993
      ],
      [
        0.0,
        0.0,
        0.0,
        1.0
      ]
    ],
    "3": [
      [
        0.583112428165408,
        -0.0305717492763898,
        0.811816028583585,
        0.0290292970486596
      ],
      [
        -0.471966790931371,
        -0.826104046839064,
        0.307895196542694,
        -0.00716665443688994
      ],
      [
        0.661231611749609,
        -0.562687721513721,
        -0.496140387068733,
        0.0415925351119993
      ],
      [
        0.0,
        0.0,
        0.0,
        1.0
      ]
    ]
  },
  "T_WP": {
    "0": [
      [
        -0.946506670853422,
        -0.275940001030591,
        -0.16727892234591,
        -0.00457207860631498
      ],
      [
        -0.0830557564418212,
        0.709262425418986,
        -0.70003468000568,
        -0.0923750015532836
      ],
      [
        0.311812224506751,
        -0.648694017021905,
        -0.694240022562901,
        -0.0749003506536157
      ],
      [
        0.0,
        0.0,
        0.0,
        1.0
      ]
    ],
    "1": [
      [
        -0.725898587222416,
        0.592169298852441,
        -0.34986677831013,
        -0.0316281204396078
      ],
      [
        -0.444521403616004,
        -0.0157494799567458,
        0.89562976480706,
        0.10606665748938
      ],
      [
        0.524854230044646,
        0.805659652320818,
        0.274664453154282,
        0.0455300607950123
      ],
      [
        0.0,
        0.0,
        0.0,
        1.0
      ]
    ],
    "2": [
      [
        -0.408994760429888,
        -0.735108693450427,
        -0.540683359050845,
        -0.0668771321822187
      ],
      [
        -0.751779195301831,
        0.607281040140329,
        -0.256978169884939,
        -0.0108218174550558
      ],
      [
        0.517253639380363,
        0.301371775552533,
        -0.801014185547349,
        -0.0976635281003137
      ],
      [
        0.0,
        0.0,
        0.0,
        1.0
      ]
    ],
    "3": [
      [
        -0.811816028583585,
        -0.0305717492763898,
        0.583112428165408,
        0.0698471670202381
      ],
      [
        -0.307895196542694,
        -0.826104046839064,
        -0.471966790931371,
        -0.0402043298020859
      ],
      [
        0.496140387068733,
        -0.562687721513721,
        0.661231611749609,
        0.0878787479344719
      ],
      [
        0.0,
        0.0,
        0.0,
        1.0
      ]
    ]
  }
}