{
  "T_WB": [
    [
      0.907294555869402,
      -0.00197989365622929,
      0.420490985528649,
      -0.0411253748117775
    ],
    [
      0.00160553711796841,
      0.999997937048334,
      0.00124424661510309,
      4.18443490072582e-05
    ],
    [
      -0.42049258155205,
      -0.0004537842950046,
      0.907295862957341,
      0.356248914665707
    ],
    [
      0.0,
      0.0,
      0.0,
      1.0
    ]
  ],
  "T_WH": {
    "0": [
      [
        0.206591590076122,
        0.889593973724642,
        -0.407360377089649,
        -0.00477023598000211
      ],
      [
        -0.793238819848693,
        -0.0914529691960246,
        -0.602003761707752,
        -0.0318938681518207
      ],
      [
        -0.572793234592442,
        0.447502979138723,
        0.686767059538455,
        0.339443732501065
      ],
      [
        0.0,
        0.0,
        0.0,
        1.0
      ]
    ],
    "1": [
      [
        -0.626633945415431,
        -0.602927052559665,
        0.49377005553679,
        -0.0774805136435529
      ],
      [
        0.714071022506826,
        -0.697994086588554,
        0.0539150248397102,
        0.0319775568498352
      ],
      [
        0.312141751883894,
        0.386371873172887,
        0.867919525273932,
        0.373054096830348
      ],
      [
        0.0,
        0.0,
        0.0,
        1.0
      ]
    ],
    "2": [
      [
        0.203801057488575,
        -0.888828775357801,
        -0.410424825105024,
        -0.00489694917400079
      ],
      [
        0.793187202209709,
        -0.0958266322164309,
        0.601391152918624,
        0.0321059998192727
      ],
      [
        -0.573863390727509,
        -0.448107871671552,
        0.685478040588259,
        0.339414690306184
      ],
      [
        0.0,
        0.0,
        0.0,
        1.0
      ]
    ],
    "3": [
      [
        -0.624101676187261,
        0.605325596923871,
        0.494042528016578,
        -0.0773538004495543
      ],
      [
        -0.716000474355679,
        -0.696199606500409,
        -0.0514726007805864,
        -0.0320223111212582
      ],
      [
        0.312794530806877,
        -0.385858820836631,
        0.867912755914943,
        0.373083139025229
      ],
      [
        0.0,
        0.0,
        0.0,
        1.0
      ]
    ]
  },
  "T_WP": {
    "0": [
      [
        0.407360377089649,
        0.889593973724642,
        0.206591590076122,
        0.00969117532532646
      ],
      [
        0.602003761707752,
        -0.0914529691960246,
        -0.793238819848693,
        -0.0874205855412292
      ],
      [
        -0.686767059538455,
        0.447502979138723,
        -0.572793234592442,
        0.299348206079594
      ],
      [
        0.0,
        0.0,
        0.0,
        1.0
      ]
    ],
    "1": [
      [
        -0.493770055536791,
        -0.602927052559665,
        -0.626633945415431,
        -0.121344889822633
      ],
      [
        -0.0539150248397101,
        -0.697994086588554,
        0.714071022506826,
        0.081962528425313
      ],
      [
        -0.867919525273932,
        0.386371873172887,
        0.312141751883894,
        0.394904019462221
      ],
      [
        0.0,
        0.0,
        0.0,
        1.0
      ]
    ],
    "2": [
      [
        0.410424825105024,
        -0.888828775357801,
        0.203801057488575,
        0.00936912485019945
      ],
      [
        -0.601391152918624,
        -0.0958266322164309,
        0.793187202209709,
        0.0876291039739523
      ],
      [
        -0.685478040588259,
        -0.448107871671552,
        -0.573863390727509,
        0.299244252955259
      ],
      [
        0.0,
        0.0,
        0.0,
        1.0
      ]
    ],
    "3": [
      [
        -0.494042528016578,
        0.605325596923871,
        -0.624101676187261,
        -0.121040917782663
      ],
      [
        0.0514726007805864,
        -0.696199606500409,
        -0.716000474355679,
        -0.0821423443261557
      ],
      [
        -0.867912755914943,
        -0.385858820836631,
        0.312794530806877,
        0.39497875618171
      ],
      [
        0.0,
        0.0,
        0.0,
        1.0
      ]
    ]
  },
  "simTime": 0.496999999999962,
  "state": [
    -0.0411253748117775,
    4.18443490072582e-05,
    0.356248914665707,
    0.976548559452508,
    -0.000434702118412748,
    0.21529486653285,
    0.000917883381090602,
    -0.263209871106136,
    5.57586119642611e-05,
    0.0391798922910352,
    -0.0112568098714851,
    -4.31736949520986,
    0.00166465450374753,
    0.819378479877498,
    0.509998133713635,
    0.119881822752938,
    -0.232699718297385,
    0.998773178264411,
    0.0480824246008764,
    -0.0105694220206895,
    -0.00533911437011592,
    0.819126946003652,
    -0.510444081033823,
    0.1199873955645,
    0.232553029165209,
    0.998768483457192,
    -0.0482154901933156,
    -0.0104998874241608,
    0.00515124471554274,
    -1.97040431783572,
    -1.44911953749059,
    -5.4151213407576,
    -0.023864718735235,
    0.280202451544891,
    -0.609250469833249,
    1.96964605385604,
    -1.44931043700946,
    5.42031980003385,
    0.0207876384970082,
    0.279577600481727,
    0.610147100384568
  ]
}