{
  "T_WB": [
    [
      -2.22044604925031e-16,
      5.2754402787861e-20,
      1.0,
      -2.02258070626771e-36
    ],
    [
      -6.95484663021653e-19,
      1.0,
      -5.2754402787861e-20,
      5.3326809499805e-21
    ],
    [
      -1.0,
      -6.95484663021653e-19,
      -2.22044604925031e-16,
      0.395481257200001
    ],
    [
      0.0,
      0.0,
      0.0,
      1.0
    ]
  ],
  "T_WH": {
    "0": [
      [
        -1.57113623538121e-16,
        -1.53882083545336e-16,
        1.0,
        -8.88347233789046e-18
      ],
      [
        -0.707106779455507,
        0.707106782917588,
        -2.28504330422772e-18,
        -0.032
      ],
      [
        -0.707106782917588,
        -0.707106779455507,
        -2.19907173404211e-16,
        0.355481257200001
      ],
      [
        0.0,
        0.0,
        0.0,
        1.0
      ]
    ],
    "1": [
      [
        1.57113623538121e-16,
        1.53888452044047e-16,
        1.0,
        8.88347233789046e-18
      ],
      [
        0.707106779455507,
        -0.707106782917588,
        -2.28054009559224e-18,
        0.032
      ],
      [
        0.707106782917588,
        0.707106779455507,
        -2.19911676612825e-16,
        0.435481257200001
      ],
      [
        0.0,
        0.0,
        0.0,
        1.0
      ]
    ],
    "2": [
      [
        -1.57055361143952e-16,
        1.55057535912969e-16,
        1.0,
        -8.88009605611204e-18
      ],
      [
        0.707106779455507,
        0.707106782917588,
        1.41267522817366e-18,
        0.032
      ],
      [
        -0.707106782917588,
        0.707106779455507,
        -2.20697146008186e-16,
        0.355481257200001
      ],
      [
        0.0,
        0.0,
        0.0,
        1.0
      ]
    ],
    "3": [
      [
        1.57055361143952e-16,
        -1.53950035751132e-16,
        1.0,
        8.88009605611204e-18
      ],
      [
        -0.707106779455507,
        -0.707106782917588,
        2.19579610469083e-18,
        -0.032
      ],
      [
        0.707106782917588,
        -0.707106779455507,
        -2.19914025135503e-16,
        0.435481257200001
      ],
      [
        0.0,
        0.0,
        0.0,
        1.0
      ]
    ]
  },
  "T_WP": {
    "0": [
      [
        -1.0,
        -1.53882083545336e-16,
        -9.5881283580753e-17,
        -1.98814259855589e-17
      ],
      [
        -4.10127594015513e-17,
        0.707106782917588,
        -0.707106779455507,
        -0.0814974745618855
      ],
      [
        1.76609370486441e-16,
        -0.707106779455507,
        -0.707106782917588,
        0.30598378239577
      ],
      [
        0.0,
        0.0,
        0.0,
        1.0
      ]
    ],
    "1": [
      [
        -1.0,
        1.53888452044047e-16,
        2.18345963495488e-16,
        1.98814259855589e-17
      ],
      [
        4.55783428013713e-17,
        -0.707106782917588,
        0.707106779455507,
        0.0814974745618855
      ],
      [
        2.63209479530595e-16,
        0.707106779455507,
        0.707106782917588,
        0.484978732004232
      ],
      [
        0.0,
        0.0,
        0.0,
        1.0
      ]
    ],
    "2": [
      [
        -1.0,
        1.55057535912969e-16,
        -9.58230211865844e-17,
        -1.98739713361887e-17
      ],
      [
        4.18851274776054e-17,
        0.707106782917588,
        0.707106779455507,
        0.0814974745618855
      ],
      [
        1.77399343090416e-16,
        0.707106779455507,
        -0.707106782917588,
        0.30598378239577
      ],
      [
        0.0,
        0.0,
        0.0,
        1.0
      ]
    ],
    "3": [
      [
        -1.0,
        -1.53950035751132e-16,
        2.1828770110132e-16,
        1.98739713361887e-17
      ],
      [
        -4.54935988104699e-17,
        -0.707106782917588,
        -0.707106779455507,
        -0.0814974745618855
      ],
      [
        2.63211828053273e-16,
        -0.707106779455507,
        0.707106782917588,
        0.484978732004232
      ],
      [
        0.0,
        0.0,
        0.0,
        1.0
      ]
    ]
  },
  "simTime": 0.146,
  "state": [
    -2.02258070626771e-36,
    5.3326809499805e-21,
    0.395481257200001,
    0.707106781186548,
    -2.27239462742554e-19,
    0.707106781186548,
    -2.64542458691297e-19,
    -6.69630378527061e-35,
    -2.84409550516971e-21,
    -1.43176359999997,
    6.97568601961784e-19,
    -6.94554341474236e-18,
    -1.32222319095912e-17,
    1.0,
    1.5449294713168e-18,
    3.3537144758816e-20,
    -4.20422549050196e-19,
    1.0,
    -1.54174522196135e-18,
    -3.35371447588155e-20,
    4.17867456664648e-19,
    1.0,
    -9.94506283540169e-19,
    4.1708943531917e-20,
    2.45197919338939e-19,
    1.0,
    1.5482563644586e-18,
    -4.17089435319165e-20,
    -4.11858705761834e-19,
    2.16516926685459e-17,
    5.75458623844412e-19,
    -1.39847180149452e-17,
    -2.20462569037517e-17,
    -5.75458623844407e-19,
    1.39506538153338e-17,
    -2.25396453924989e-17,
    5.75250058623347e-19,
    8.71807339569755e-18,
    2.17384768235995e-17,
    -5.75250058623342e-19,
    -1.39468424080265e-17
  ]
}