{
  "T_WB": [
    [
      -0.794037829003243,
      0.0468479758526119,
      -0.606060387478286,
      -0.245722011302425
    ],
    [
      0.066898463058386,
      0.997704262652847,
      -0.0105261543198192,
      -0.00110190329465378
    ],
    [
      0.604175902988726,
      -0.0489026731667295,
      -0.795348984286084,
      0.138941004058693
    ],
    [
      0.0,
      0.0,
      0.0,
      1.0
    ]
  ],
  "T_WH": {
    "0": [
      [
        -0.471121495941256,
        -0.035458827227342,
        -0.881355324278316,
        -0.278982659689838
      ],
      [
        -0.388110294346901,
        0.905604891656531,
        0.171026838916365,
        -0.0303525011772094
      ],
      [
        0.792095281821597,
        0.422637494526248,
        -0.440411867161343,
        0.164672925719578
      ],
      [
        0.0,
        0.0,
        0.0,
        1.0
      ]
    ],
    "1": [
      [
        0.60072704456464,
        0.711884973635736,
        -0.363795000295883,
        -0.212461362915012
      ],
      [
        0.664915087072485,
        -0.697553605640459,
        -0.267033507712767,
        0.0281486945879019
      ],
      [
        -0.443863655768327,
        -0.081478534410252,
        -0.8923823751724,
        0.113209082397809
      ],
      [
        0.0,
        0.0,
        0.0,
        1.0
      ]
    ],
    "2": [
      [
        -0.428442054604395,
        0.108235028029282,
        -0.897063311340881,
        -0.275984389235271
      ],
      [
        0.500911510175979,
        0.854728919822321,
        -0.136110736507406,
        0.0335005716325728
      ],
      [
        0.75201400573366,
        -0.507664901610175,
        -0.420417985882558,
        0.161543154636907
      ],
      [
        0.0,
        0.0,
        0.0,
        1.0
      ]
    ],
    "3": [
      [
        0.535575933601312,
        -0.776889718082457,
        -0.331060093162621,
        -0.215459633369579
      ],
      [
        -0.760763431733937,
        -0.61404103345102,
        0.210220384774662,
        -0.0357043782218803
      ],
      [
        -0.36660253720274,
        0.139269433746836,
        -0.919894887767266,
        0.11633885348048
      ],
      [
        0.0,
        0.0,
        0.0,
        1.0
      ]
    ]
  },
  "T_WP": {
    "0": [
      [
        0.881355324278316,
        -0.035458827227342,
        -0.471121495941256,
        -0.311961164405726
      ],
      [
        -0.171026838916365,
        0.905604891656531,
        -0.388110294346901,
        -0.0575202217814925
      ],
      [
        0.440411867161343,
        0.422637494526248,
        0.792095281821597,
        0.22011959544709
      ],
      [
        0.0,
        0.0,
        0.0,
        1.0
      ]
    ],
    "1": [
      [
        0.363795000295883,
        0.711884973635736,
        0.60072704456464,
        -0.170410469795487
      ],
      [
        0.267033507712767,
        -0.697553605640459,
        0.664915087072485,
        0.0746927506829758
      ],
      [
        0.8923823751724,
        -0.081478534410252,
        -0.443863655768327,
        0.0821386264940262
      ],
      [
        0.0,
        0.0,
        0.0,
        1.0
      ]
    ],
    "2": [
      [
        0.897063311340881,
        0.108235028029282,
        -0.428442054604395,
        -0.305975333057579
      ],
      [
        0.136110736507406,
        0.854728919822321,
        0.500911510175979,
        0.0685643773448913
      ],
      [
        0.420417985882558,
        -0.507664901610175,
        0.75201400573366,
        0.214184135038263
      ],
      [
        0.0,
        0.0,
        0.0,
        1.0
      ]
    ],
    "3": [
      [
        0.331060093162621,
        -0.776889718082457,
        0.535575933601312,
        -0.177969318017487
      ],
      [
        -0.210220384774662,
        -0.61404103345102,
        -0.760763431733937,
        -0.0889578184432559
      ],
      [
        0.919894887767266,
        0.139269433746836,
        -0.36660253720274,
        0.090676675876288
      ],
      [
        0.0,
        0.0,
        0.0,
        1.0
      ]
    ]
  },
  "simTime": 1.0529999999999,
  "state": [
    -0.245722011302425,
    -0.00110190329465378,
    0.138941004058693,
    -0.319498610859077,
    0.0300287055581575,
    0.946980870443297,
    -0.0156890253386874,
    -0.399419909020315,
    -0.00942033058355728,
    -1.03017900122806,
    0.465309339761957,
    12.5893176482446,
    -0.291223492981072,
    0.955301158338563,
    -0.195139848633747,
    0.143536499360238,
    0.169462118786488,
    0.98311577963426,
    -0.182708041198752,
    0.00968382470219142,
    -0.00271275774340202,
    0.953881306893726,
    0.198663310412421,
    0.144186510228581,
    -0.17278191954831,
    0.982352893396228,
    0.186505648708676,
    0.013494910789445,
    0.00404020031686987,
    1.66602917219558,
    -1.63560758592667,
    1.88668356817996,
    -0.552636356266086,
    -0.499446824259774,
    1.68626494752464,
    -1.65713698991623,
    -1.65300567128048,
    -1.95345574735916,
    0.542556037069551,
    -0.503232977039238,
    -1.74200805273066
  ]
}