{
  "T_WB": [
    [
      -2.22044604925031e-16,
      5.97086208474477e-20,
      1.0,
      -2.7113500210896e-36
    ],
    [
      -8.32575279766385e-19,
      1.0,
      -5.97086208474476e-20,
      5.25748538411971e-21
    ],
    [
      -1.0,
      -8.32575279766385e-19,
      -2.22044604925031e-16,
      0.380673291200001
    ],
    [
      0.0,
      0.0,
      0.0,
      1.0
    ]
  ],
  "T_WH": {
    "0": [
      [
        -1.57124225338056e-16,
        -1.53662622143829e-16,
        1.0,
        -8.88369487286837e-18
      ],
      [
        -0.707106779455507,
        0.707106782917588,
        -2.44772255443072e-18,
        -0.032
      ],
      [
        -0.707106782917588,
        -0.707106779455507,
        -2.19759487364023e-16,
        0.340673291200001
      ],
      [
        0.0,
        0.0,
        0.0,
        1.0
      ]
    ],
    "1": [
      [
        1.57124225338056e-16,
        1.53668548860818e-16,
        1.0,
        8.88369487286837e-18
      ],
      [
        0.707106779455507,
        -0.707106782917588,
        -2.44353173264712e-18,
        0.032
      ],
      [
        0.707106782917588,
        0.707106779455507,
        -2.19763678185786e-16,
        0.420673291200001
      ],
      [
        0.0,
        0.0,
        0.0,
        1.0
      ]
    ],
    "2": [
      [
        -1.57055933527739e-16,
        1.54832994688156e-16,
        1.0,
        -8.87987352113413e-18
      ],
      [
        0.707106779455507,
        0.707106782917588,
        1.57185458773981e-18,
        0.032
      ],
      [
        -0.707106782917588,
        0.707106779455507,
        -2.20538776122312e-16,
        0.340673291200001
      ],
      [
        0.0,
        0.0,
        0.0,
        1.0
      ]
    ],
    "3": [
      [
        1.57055933527739e-16,
        -1.53739542598662e-16,
        1.0,
        8.87987352113413e-18
      ],
      [
        -0.707106779455507,
        -0.707106782917588,
        2.34504197701672e-18,
        -0.032
      ],
      [
        0.707106782917588,
        -0.707106779455507,
        -2.1976558873682e-16,
        0.420673291200001
      ],
      [
        0.0,
        0.0,
        0.0,
        1.0
      ]
    ]
  },
  "T_WP": {
    "0": [
      [
        -1.0,
        -1.53662622143829e-16,
        -9.58918853806887e-17,
        -1.98823906465323e-17
      ],
      [
        -4.08500801513483e-17,
        0.707106782917588,
        -0.707106779455507,
        -0.0814974745618855
      ],
      [
        1.76461684446252e-16,
        -0.707106779455507,
        -0.707106782917588,
        0.29117581639577
      ],
      [
        0.0,
        0.0,
        0.0,
        1.0
      ]
    ],
    "1": [
      [
        -1.0,
        1.53668548860818e-16,
        2.18356565295424e-16,
        1.98823906465323e-17
      ],
      [
        4.57413344384261e-17,
        -0.707106782917588,
        0.707106779455507,
        0.0814974745618855
      ],
      [
        2.63061481103556e-16,
        0.707106779455507,
        0.707106782917588,
        0.470170766004232
      ],
      [
        0.0,
        0.0,
        0.0,
        1.0
      ]
    ],
    "2": [
      [
        -1.0,
        1.54832994688156e-16,
        -9.58235935703714e-17,
        -1.98737888680759e-17
      ],
      [
        4.17259481180392e-17,
        0.707106782917588,
        0.707106779455507,
        0.0814974745618855
      ],
      [
        1.77240973204541e-16,
        0.707106779455507,
        -0.707106782917588,
        0.29117581639577
      ],
      [
        0.0,
        0.0,
        0.0,
        1.0
      ]
    ],
    "3": [
      [
        -1.0,
        -1.53739542598662e-16,
        2.18288273485107e-16,
        1.98737888680759e-17
      ],
      [
        -4.56428446827957e-17,
        -0.707106782917588,
        -0.707106779455507,
        -0.0814974745618855
      ],
      [
        2.63063391654591e-16,
        -0.707106779455507,
        0.707106782917588,
        0.470170766004232
      ],
      [
        0.0,
        0.0,
        0.0,
        1.0
      ]
    ]
  },
  "simTime": 0.155999999999999,
  "state": [
    -2.7113500210896e-36,
    5.25748538411971e-21,
    0.380673291200001,
    0.707106781186548,
    -2.73249627737286e-19,
    0.707106781186548,
    -3.15469998433812e-19,
    -6.89929847218605e-35,
    -1.04208854315341e-20,
    -1.52982959999997,
    6.91349092906536e-19,
    -7.50265498920639e-18,
    -1.42506554987729e-17,
    1.0,
    1.6522014846903e-18,
    3.6379357358768e-20,
    -4.93139782793966e-19,
    1.0,
    -1.64923812619562e-18,
    -3.63793573587675e-20,
    4.90417498001657e-19,
    1.0,
    -1.10923558332659e-18,
    4.44538227932861e-20,
    2.9136272676467e-19,
    1.0,
    1.6559616280738e-18,
    -4.44538227932856e-20,
    -4.84477401348935e-19,
    2.10257908095806e-17,
    5.61053580235405e-19,
    -1.50968905306139e-17,
    -2.11292318665302e-17,
    -5.61053580235401e-19,
    1.50641262335453e-17,
    -2.31591698335948e-17,
    5.22586944251608e-19,
    9.75769034652909e-18,
    2.1121629787087e-17,
    -5.22586944251603e-19,
    -1.50953934420052e-17
  ]
}