{
  "T_WB": [
    [
      -2.22044604925031e-16,
      5.55432034390691e-20,
      1.0,
      -2.29641640998197e-36
    ],
    [
      -7.48927254293253e-19,
      1.0,
      -5.55432034390691e-20,
      5.31202994067208e-21
    ],
    [
      -1.0,
      -7.48927254293253e-19,
      -2.22044604925031e-16,
      0.389675750000001
    ],
    [
      0.0,
      0.0,
      0.0,
      1.0
    ]
  ],
  "T_WH": {
    "0": [
      [
        -1.57117886340301e-16,
        -1.5379343839678e-16,
        1.0,
        -8.8835615795113e-18
      ],
      [
        -0.707106779455507,
        0.707106782917588,
        -2.35073914636572e-18,
        -0.032
      ],
      [
        -0.707106782917588,
        -0.707106779455507,
        -2.19847506075038e-16,
        0.349675750000001
      ],
      [
        0.0,
        0.0,
        0.0,
        1.0
      ]
    ],
    "1": [
      [
        1.57117886340301e-16,
        1.53799616239581e-16,
        1.0,
        8.8835615795113e-18
      ],
      [
        0.707106779455507,
        -0.707106782917588,
        -2.34637075181764e-18,
        0.032
      ],
      [
        0.707106782917588,
        0.707106779455507,
        -2.19851874469564e-16,
        0.429675750000001
      ],
      [
        0.0,
        0.0,
        0.0,
        1.0
      ]
    ],
    "2": [
      [
        -1.57055648266925e-16,
        1.54968789663417e-16,
        1.0,
        -8.8800068144912e-18
      ],
      [
        0.707106779455507,
        0.707106782917588,
        1.47563132979106e-18,
        0.032
      ],
      [
        -0.707106782917588,
        0.707106779455507,
        -2.20634595960079e-16,
        0.349675750000001
      ],
      [
        0.0,
        0.0,
        0.0,
        1.0
      ]
    ],
    "3": [
      [
        1.57055648266925e-16,
        -1.53864976327025e-16,
        1.0,
        8.8800068144912e-18
      ],
      [
        -0.707106779455507,
        -0.707106782917588,
        2.25614522702873e-18,
        -0.032
      ],
      [
        0.707106782917588,
        -0.707106779455507,
        -2.19854082066662e-16,
        0.429675750000001
      ],
      [
        0.0,
        0.0,
        0.0,
        1.0
      ]
    ]
  },
  "T_WP": {
    "0": [
      [
        -1.0,
        -1.5379343839678e-16,
        -9.58855463829337e-17,
        -1.98818136233324e-17
      ],
      [
        -4.09470635594133e-17,
        0.707106782917588,
        -0.707106779455507,
        -0.0814974745618855
      ],
      [
        1.76549703157267e-16,
        -0.707106779455507,
        -0.707106782917588,
        0.30017827519577
      ],
      [
        0.0,
        0.0,
        0.0,
        1.0
      ]
    ],
    "1": [
      [
        -1.0,
        1.53799616239581e-16,
        2.18350226297669e-16,
        1.98818136233324e-17
      ],
      [
        4.56441734575967e-17,
        -0.707106782917588,
        0.707106779455507,
        0.0814974745618855
      ],
      [
        2.63149677387335e-16,
        0.707106779455507,
        0.707106782917588,
        0.479173224804232
      ],
      [
        0.0,
        0.0,
        0.0,
        1.0
      ]
    ],
    "2": [
      [
        -1.0,
        1.54968789663417e-16,
        -9.58233083095575e-17,
        -1.9873902193176e-17
      ],
      [
        4.1822171375988e-17,
        0.707106782917588,
        0.707106779455507,
        0.0814974745618855
      ],
      [
        1.77336793042308e-16,
        0.707106779455507,
        -0.707106782917588,
        0.30017827519577
      ],
      [
        0.0,
        0.0,
        0.0,
        1.0
      ]
    ],
    "3": [
      [
        -1.0,
        -1.53864976327025e-16,
        2.18287988224293e-16,
        1.9873902193176e-17
      ],
      [
        -4.55539479328078e-17,
        -0.707106782917588,
        -0.707106779455507,
        -0.0814974745618855
      ],
      [
        2.63151884984433e-16,
        -0.707106779455507,
        0.707106782917588,
        0.479173224804232
      ],
      [
        0.0,
        0.0,
        0.0,
        1.0
      ]
    ]
  },
  "simTime": 0.15,
  "state": [
    -2.29641640998197e-36,
    5.31202994067208e-21,
    0.389675750000001,
    0.707106781186548,
    -2.45148282162796e-19,
    0.707106781186548,
    -2.84423257963385e-19,
    -6.96148500414987e-35,
    -7.18825618628905e-21,
    -1.47098999999997,
    6.9650117923788e-19,
    -7.16901530511515e-18,
    -1.35501441613189e-17,
    1.0,
    1.58826605566636e-18,
    3.46825559256563e-20,
    -4.4884148301515e-19,
    1.0,
    -1.58517713426608e-18,
    -3.46825559256558e-20,
    4.46218730779261e-19,
    1.0,
    -1.03986539824441e-18,
    4.28384949419783e-20,
    2.63041077977483e-19,
    1.0,
    1.59177206644041e-18,
    -4.28384949419778e-20,
    -4.40216316713302e-19,
    2.16348044602222e-17,
    5.69922075705669e-19,
    -1.44333875098898e-17,
    -2.14955099802972e-17,
    -5.69922075705665e-19,
    1.43998076175506e-17,
    -2.28698724729298e-17,
    5.54274261521217e-19,
    9.12673221430142e-18,
    2.17267885052631e-17,
    -5.54274261521212e-19,
    -1.44099851054277e-17
  ]
}