{
  "T_WB": [
    [
      0.688754034886772,
      -0.00131817785035097,
      0.7249938908945,
      -0.0219385790472296
    ],
    [
      0.00100616784800864,
      0.999999122017476,
      0.000862316959875643,
      2.99635042776983e-05
    ],
    [
      -0.72499439104965,
      0.00013554125755509,
      0.688754756480937,
      0.320890168774093
    ],
    [
      0.0,
      0.0,
      0.0,
      1.0
    ]
  ],
  "T_WH": {
    "0": [
      [
        0.427069987743203,
        0.885970906899829,
        -0.180739529976468,
        0.00565376403945246
      ],
      [
        -0.724049737774752,
        0.215341796884084,
        -0.655270850674015,
        -0.0319297616863612
      ],
      [
        -0.541630134683562,
        0.410710923450823,
        0.733453021372766,
        0.291886055811865
      ],
      [
        0.0,
        0.0,
        0.0,
        1.0
      ]
    ],
    "1": [
      [
        -0.465528681190748,
        -0.402392768943074,
        0.788265885657326,
        -0.0495309221339117
      ],
      [
        0.682490352564053,
        -0.730267320077609,
        0.0302747400263103,
        0.0319896886949166
      ],
      [
        0.56346247935936,
        0.552077622014325,
        0.614589565177616,
        0.34989428173632
      ],
      [
        0.0,
        0.0,
        0.0,
        1.0
      ]
    ],
    "2": [
      [
        0.425674216359228,
        -0.886132098566544,
        -0.183224903921409,
        0.00556940065703
      ],
      [
        0.725148758453103,
        0.212941339467696,
        0.654839876656597,
        0.0320701821227573
      ],
      [
        -0.541258477661903,
        -0.411613762932869,
        0.733221228909368,
        0.291894730452348
      ],
      [
        0.0,
        0.0,
        0.0,
        1.0
      ]
    ],
    "3": [
      [
        -0.464046609044114,
        0.404121905382901,
        0.788255180905494,
        -0.0494465587514893
      ],
      [
        -0.683584556782604,
        -0.729313780805797,
        -0.0285230232458694,
        -0.0320102551142019
      ],
      [
        0.563358587724542,
        -0.552075080687805,
        0.614687080489385,
        0.349885607095837
      ],
      [
        0.0,
        0.0,
        0.0,
        1.0
      ]
    ]
  },
  "T_WP": {
    "0": [
      [
        0.180739529976468,
        0.885970906899829,
        0.427069987743203,
        0.0355486631814767
      ],
      [
        0.655270850674015,
        0.215341796884084,
        -0.724049737774752,
        -0.0826132433305938
      ],
      [
        -0.733453021372766,
        0.410710923450823,
        -0.541630134683562,
        0.253971946384016
      ],
      [
        0.0,
        0.0,
        0.0,
        1.0
      ]
    ],
    "1": [
      [
        -0.788265885657326,
        -0.402392768943074,
        -0.465528681190748,
        -0.0821179298172641
      ],
      [
        -0.0302747400263102,
        -0.730267320077609,
        0.682490352564053,
        0.0797640133744003
      ],
      [
        -0.614589565177616,
        0.552077622014325,
        0.56346247935936,
        0.389336655291476
      ],
      [
        0.0,
        0.0,
        0.0,
        1.0
      ]
    ],
    "2": [
      [
        0.183224903921409,
        -0.886132098566544,
        0.425674216359228,
        0.035366595802176
      ],
      [
        -0.654839876656597,
        0.212941339467696,
        0.725148758453103,
        0.0828305952144745
      ],
      [
        -0.733221228909368,
        -0.411613762932869,
        -0.541258477661903,
        0.254006637016015
      ],
      [
        0.0,
        0.0,
        0.0,
        1.0
      ]
    ],
    "3": [
      [
        -0.788255180905494,
        0.404121905382901,
        -0.464046609044114,
        -0.0819298213845773
      ],
      [
        0.0285230232458693,
        -0.729313780805797,
        -0.683584556782604,
        -0.0798611740889841
      ],
      [
        -0.614687080489385,
        -0.552075080687805,
        0.563358587724542,
        0.389320708236555
      ],
      [
        0.0,
        0.0,
        0.0,
        1.0
      ]
    ]
  },
  "simTime": 0.41649999999997,
  "state": [
    -0.0219385790472296,
    2.99635042776983e-05,
    0.320890168774093,
    0.918899873950528,
    -0.00019772984057447,
    0.394490282088725,
    0.000632371862335448,
    -0.213427090132159,
    0.000231189101445888,
    0.836965561250167,
    -0.0103956633600758,
    -5.02030391929977,
    0.0034737260088334,
    0.828208380125717,
    0.559336765846548,
    0.018915785243714,
    -0.0292481543088399,
    0.998556012056278,
    0.0444322045098566,
    -0.0248597484024941,
    0.0171365952867658,
    0.827965952019658,
    -0.559713096131727,
    0.0187769478917088,
    0.0290010093391404,
    0.998554826102842,
    -0.0444370686819086,
    -0.024763366933281,
    -0.0173315276825158,
    0.299824208319507,
    -0.219308782895838,
    -5.68169997041112,
    0.185149049717594,
    0.371538266650431,
    -0.527150423944702,
    -0.302607313203027,
    -0.216392778955453,
    5.68622921074539,
    -0.18852189027757,
    0.370649696288152,
    0.526693005050943
  ]
}