{
  "T_WB": [
    [
      0.239708293060443,
      0.0410195054311138,
      0.969978007179666,
      -0.160381693188089
    ],
    [
      0.0150249602161994,
      0.998830614481931,
      -0.0459527381572625,
      -0.000387999293482136
    ],
    [
      -0.970728687537641,
      0.0255891333935938,
      0.238811665216786,
      0.168191477296232
    ],
    [
      0.0,
      0.0,
      0.0,
      1.0
    ]
  ],
  "T_WH": {
    "0": [
      [
        -0.338065773584544,
        -0.338882603937286,
        0.877992091923025,
        -0.152105985639467
      ],
      [
        -0.822788877732342,
        0.559313638502975,
        -0.100929264658555,
        -0.0317495805482559
      ],
      [
        -0.456869779489339,
        -0.75652285790533,
        -0.467913635253467,
        0.128543477526131
      ],
      [
        0.0,
        0.0,
        0.0,
        1.0
      ]
    ],
    "1": [
      [
        -0.163404148918209,
        -0.393460275855459,
        0.904703319016827,
        -0.168657400736711
      ],
      [
        0.852138631099204,
        -0.518402306381673,
        -0.071545804395067,
        0.0309735819612917
      ],
      [
        0.497150719103061,
        0.759241766542061,
        0.41999178853092,
        0.207839477066332
      ],
      [
        0.0,
        0.0,
        0.0,
        1.0
      ]
    ],
    "2": [
      [
        -0.265479126934967,
        0.382602087198362,
        0.88494998504622,
        -0.149480737291875
      ],
      [
        0.869714635212388,
        0.491160357535821,
        0.0485587940816841,
        0.0321755787785876
      ],
      [
        -0.416073655089133,
        0.782545299683502,
        -0.463147457602897,
        0.130181182063321
      ],
      [
        0.0,
        0.0,
        0.0,
        1.0
      ]
    ],
    "3": [
      [
        -0.23482623594264,
        0.359685830290454,
        0.903040830971268,
        -0.171282649084302
      ],
      [
        -0.867901022888001,
        -0.495938697734125,
        -0.0281535532347374,
        -0.0329515773655519
      ],
      [
        0.43772645954177,
        -0.790361253844118,
        0.428631117674605,
        0.206201772529142
      ],
      [
        0.0,
        0.0,
        0.0,
        1.0
      ]
    ]
  },
  "T_WP": {
    "0": [
      [
        -0.877992091923025,
        -0.338882603937286,
        -0.338065773584544,
        -0.175770589790385
      ],
      [
        0.100929264658555,
        0.559313638502975,
        -0.822788877732342,
        -0.0893448019895199
      ],
      [
        0.467913635253467,
        -0.75652285790533,
        -0.456869779489339,
        0.0965625929618775
      ],
      [
        0.0,
        0.0,
        0.0,
        1.0
      ]
    ],
    "1": [
      [
        -0.904703319016827,
        -0.393460275855459,
        -0.163404148918209,
        -0.180095691160985
      ],
      [
        0.0715458043950671,
        -0.518402306381673,
        0.852138631099204,
        0.090623286138236
      ],
      [
        -0.41999178853092,
        0.759241766542061,
        0.497150719103061,
        0.242640027403547
      ],
      [
        0.0,
        0.0,
        0.0,
        1.0
      ]
    ],
    "2": [
      [
        -0.88494998504622,
        0.382602087198362,
        -0.265479126934967,
        -0.168064276177323
      ],
      [
        -0.0485587940816841,
        0.491160357535821,
        0.869714635212388,
        0.0930556032434548
      ],
      [
        0.463147457602897,
        0.782545299683502,
        -0.416073655089133,
        0.101056026207082
      ],
      [
        0.0,
        0.0,
        0.0,
        1.0
      ]
    ],
    "3": [
      [
        -0.903040830971268,
        0.359685830290454,
        -0.23482623594264,
        -0.187720485600287
      ],
      [
        0.0281535532347374,
        -0.495938697734125,
        -0.867901022888001,
        -0.093704648967712
      ],
      [
        -0.428631117674605,
        -0.790361253844118,
        0.43772645954177,
        0.236842624697066
      ],
      [
        0.0,
        0.0,
        0.0,
        1.0
      ]
    ]
  },
  "simTime": 0.862499999999921,
  "state": [
    -0.160381693188089,
    -0.000387999293482136,
    0.168191477296232,
    0.786980078013281,
    0.0227267098461573,
    0.616504390942332,
    -0.00825768845398766,
    -0.426162759777776,
    -0.00182077787475422,
    0.701656712395092,
    0.485466338207056,
    13.0709866478256,
    -0.209547520540105,
    0.926090598233675,
    -0.256378656951529,
    0.249010247999675,
    -0.120913541483429,
    0.98796335324378,
    -0.0832268811092581,
    0.050087853022552,
    -0.120386485486213,
    0.926505207891807,
    0.256950886085373,
    0.247393296667283,
    0.119836966973444,
    0.986570924276436,
    0.0857628094303146,
    0.0534036121168893,
    0.128337859199172,
    -1.94991147210658,
    -2.32628628113545,
    2.71398968680748,
    -1.32180263288889,
    -0.91295739180582,
    0.485320499185486,
    1.97998284776913,
    -2.29022508770964,
    -2.67082185344474,
    1.36630228172286,
    -0.945702091269982,
    -0.540252444485764
  ]
}