{
  "T_WB": [
    [
      0.775591775578654,
      -0.00156387347810109,
      0.631232882504148,
      -0.0276956625885801
    ],
    [
      0.00120642740335575,
      0.999998777096083,
      0.0009951579063287,
      3.53311091204241e-05
    ],
    [
      -0.63123366686804,
      -1.02996401983702e-05,
      0.775592713804253,
      0.339324893107931
    ],
    [
      0.0,
      0.0,
      0.0,
      1.0
    ]
  ],
  "T_WH": {
    "0": [
      [
        0.361517435812017,
        0.890551155386665,
        -0.276086550276143,
        0.0033780523858653
      ],
      [
        -0.755407653139066,
        0.106201456215133,
        -0.646591469381335,
        -0.03191637266182
      ],
      [
        -0.54650198643997,
        0.442311983036026,
        0.711122836421321,
        0.314075876021696
      ],
      [
        0.0,
        0.0,
        0.0,
        1.0
      ]
    ],
    "1": [
      [
        -0.533597448204595,
        -0.47412967698199,
        0.700339069790125,
        -0.0587693775630255
      ],
      [
        0.69233330886695,
        -0.72048322557544,
        0.0397304807138081,
        0.0319870348800609
      ],
      [
        0.485745152011715,
        0.506068148641429,
        0.71270377873823,
        0.364573910194167
      ],
      [
        0.0,
        0.0,
        0.0,
        1.0
      ]
    ],
    "2": [
      [
        0.359612799028228,
        -0.890463022511222,
        -0.27884447334538,
        0.00327796448326684
      ],
      [
        0.756300646164562,
        0.103125264299584,
        0.646045286705356,
        0.0320835490723293
      ],
      [
        -0.54652352866656,
        -0.443216409221635,
        0.710542924256186,
        0.314075216844724
      ],
      [
        0.0,
        0.0,
        0.0,
        1.0
      ]
    ],
    "3": [
      [
        -0.531746559029413,
        0.476102231502289,
        0.700408639380555,
        -0.058669289660427
      ],
      [
        -0.693703678987806,
        -0.719271511250766,
        -0.0377319342443729,
        -0.0320128868540885
      ],
      [
        0.485819722447701,
        -0.505939876133104,
        0.712744020682923,
        0.364574569371139
      ],
      [
        0.0,
        0.0,
        0.0,
        1.0
      ]
    ]
  },
  "T_WP": {
    "0": [
      [
        0.276086550276143,
        0.890551155386665,
        0.361517435812017,
        0.0286842728927065
      ],
      [
        0.646591469381335,
        0.106201456215133,
        -0.755407653139066,
        -0.0847949083815546
      ],
      [
        -0.711122836421321,
        0.442311983036026,
        -0.54650198643997,
        0.275820736970898
      ],
      [
        0.0,
        0.0,
        0.0,
        1.0
      ]
    ],
    "1": [
      [
        -0.700339069790125,
        -0.47412967698199,
        -0.533597448204595,
        -0.0961211989373472
      ],
      [
        -0.0397304807138081,
        -0.72048322557544,
        0.69233330886695,
        0.0804503665007473
      ],
      [
        -0.71270377873823,
        0.506068148641429,
        0.485745152011716,
        0.398576070834987
      ],
      [
        0.0,
        0.0,
        0.0,
        1.0
      ]
    ],
    "2": [
      [
        0.27884447334538,
        -0.890463022511222,
        0.359612799028228,
        0.0284508604152428
      ],
      [
        -0.646045286705356,
        0.103125264299584,
        0.756300646164562,
        0.0850245943038487
      ],
      [
        -0.710542924256186,
        -0.443216409221635,
        -0.54652352866656,
        0.275818569838064
      ],
      [
        0.0,
        0.0,
        0.0,
        1.0
      ]
    ],
    "3": [
      [
        -0.700408639380555,
        0.476102231502289,
        -0.531746559029413,
        -0.095891548792486
      ],
      [
        0.0377319342443729,
        -0.719271511250766,
        -0.693703678987806,
        -0.0805721443832349
      ],
      [
        -0.712744020682923,
        -0.505939876133104,
        0.485819722447701,
        0.398581949942478
      ],
      [
        0.0,
        0.0,
        0.0,
        1.0
      ]
    ]
  },
  "simTime": 0.442499999999968,
  "state": [
    -0.0276956625885801,
    3.53311091204241e-05,
    0.339324893107931,
    0.942229174150189,
    -0.000266776272193521,
    0.33496801627662,
    0.000735039032291536,
    -0.22947018207015,
    0.000180399556459205,
    0.580840566335862,
    -0.0107017103395076,
    -4.81332581544885,
    0.00280258871817134,
    0.824302518789057,
    0.555496127072507,
    0.055788818911393,
    -0.0940054147904966,
    0.998667203996837,
    0.0465161679160978,
    -0.0198500188762393,
    0.0102975013548644,
    0.824054162111497,
    -0.555907938512358,
    0.0557391088234302,
    0.0937776815304679,
    0.998664646341085,
    -0.0465634614286174,
    -0.0197636501694046,
    -0.0104960154441278,
    -0.422212126058754,
    -0.672327233174251,
    -5.75137290851545,
    0.120910084365585,
    0.344780851926626,
    -0.564223411446532,
    0.419914270362495,
    -0.670482011775264,
    5.75638930874625,
    -0.124282527616471,
    0.343973165001634,
    0.56419519310164
  ]
}