{
  "T_WB": [
    [
      -2.22044604925031e-16,
      5.31031820732479e-20,
      1.0,
      -2.05642618403485e-36
    ],
    [
      -7.02054407322372e-19,
      1.0,
      -5.31031820732479e-20,
      5.33098639066514e-21
    ],
    [
      -1.0,
      -7.02054407322372e-19,
      -2.22044604925031e-16,
      0.394764149575001
    ],
    [
      0.0,
      0.0,
      0.0,
      1.0
    ]
  ],
  "T_WH": {
    "0": [
      [
        -1.57114157721002e-16,
        -1.5387093182386e-16,
        1.0,
        -8.8834834988276e-18
      ],
      [
        -0.707106779455507,
        0.707106782917588,
        -2.29330648646118e-18,
        -0.032
      ],
      [
        -0.707106782917588,
        -0.707106779455507,
        -2.19899665670692e-16,
        0.354764149575001
      ],
      [
        0.0,
        0.0,
        0.0,
        1.0
      ]
    ],
    "1": [
      [
        1.57114157721002e-16,
        1.53877278809039e-16,
        1.0,
        8.8834834988276e-18
      ],
      [
        0.707106779455507,
        -0.707106782917588,
        -2.28881849018976e-18,
        0.032
      ],
      [
        0.707106782917588,
        0.707106779455507,
        -2.19904153666941e-16,
        0.434764149575001
      ],
      [
        0.0,
        0.0,
        0.0,
        1.0
      ]
    ],
    "2": [
      [
        -1.57055401491452e-16,
        1.55046553968414e-16,
        1.0,
        -8.88008489517491e-18
      ],
      [
        0.707106779455507,
        0.707106782917588,
        1.42046916564873e-18,
        0.032
      ],
      [
        -0.707106782917588,
        0.707106779455507,
        -2.20689409130731e-16,
        0.354764149575001
      ],
      [
        0.0,
        0.0,
        0.0,
        1.0
      ]
    ],
    "3": [
      [
        1.57055401491452e-16,
        -1.53939333559505e-16,
        1.0,
        8.88008489517491e-18
      ],
      [
        -0.707106779455507,
        -0.707106782917588,
        2.20339222697308e-18,
        -0.032
      ],
      [
        0.707106782917588,
        -0.707106779455507,
        -2.1990648607324e-16,
        0.434764149575001
      ],
      [
        0.0,
        0.0,
        0.0,
        1.0
      ]
    ]
  },
  "T_WP": {
    "0": [
      [
        -1.0,
        -1.5387093182386e-16,
        -9.58818177636343e-17,
        -1.98814745392977e-17
      ],
      [
        -4.10044962193178e-17,
        0.707106782917588,
        -0.707106779455507,
        -0.0814974745618855
      ],
      [
        1.76601862752921e-16,
        -0.707106779455507,
        -0.707106782917588,
        0.30526667477077
      ],
      [
        0.0,
        0.0,
        0.0,
        1.0
      ]
    ],
    "1": [
      [
        -1.0,
        1.53877278809039e-16,
        2.1834649767837e-16,
        1.98814745392977e-17
      ],
      [
        4.55866211959688e-17,
        -0.707106782917588,
        0.707106779455507,
        0.0814974745618855
      ],
      [
        2.63201956584712e-16,
        0.707106779455507,
        0.707106782917588,
        0.484261624379232
      ],
      [
        0.0,
        0.0,
        0.0,
        1.0
      ]
    ],
    "2": [
      [
        -1.0,
        1.55046553968414e-16,
        -9.58230615340845e-17,
        -1.98739629995766e-17
      ],
      [
        4.18773335401303e-17,
        0.707106782917588,
        0.707106779455507,
        0.0814974745618855
      ],
      [
        1.77391606212961e-16,
        0.707106779455507,
        -0.707106782917588,
        0.30526667477077
      ],
      [
        0.0,
        0.0,
        0.0,
        1.0
      ]
    ],
    "3": [
      [
        -1.0,
        -1.53939333559505e-16,
        2.1828774144882e-16,
        1.98739629995766e-17
      ],
      [
        -4.55011949327521e-17,
        -0.707106782917588,
        -0.707106779455507,
        -0.0814974745618855
      ],
      [
        2.6320428899101e-16,
        -0.707106779455507,
        0.707106782917588,
        0.484261624379232
      ],
      [
        0.0,
        0.0,
        0.0,
        1.0
      ]
    ]
  },
  "simTime": 0.1465,
  "state": [
    -2.05642618403485e-36,
    5.33098639066514e-21,
    0.394764149575001,
    0.707106781186548,
    -2.29438906016487e-19,
    0.707106781186548,
    -2.66988526163065e-19,
    -6.85115973065698e-35,
    -3.92669125022759e-21,
    -1.43666689999997,
    6.97543720158807e-19,
    -6.97351483416442e-18,
    -1.30925319450883e-17,
    1.0,
    1.55038201995541e-18,
    3.36809241008379e-20,
    -4.23925773940991e-19,
    1.0,
    -1.54720852736571e-18,
    -3.36809241008375e-20,
    4.21362172856689e-19,
    1.0,
    -1.0001205679167e-18,
    4.18524293805882e-20,
    2.47383752328578e-19,
    1.0,
    1.55373077237121e-18,
    -4.18524293805877e-20,
    -4.15352685950099e-19,
    2.18979879811307e-17,
    5.74775866598358e-19,
    -1.40410696287024e-17,
    -2.16979494334004e-17,
    -5.74775866598353e-19,
    1.40070642342982e-17,
    -2.24108832663811e-17,
    5.72636682661404e-19,
    8.76861536684084e-18,
    2.19860676303243e-17,
    -5.72636682661399e-19,
    -1.40049881294577e-17
  ]
}