{
  "T_WB": [
    [
      0.991168164122647,
      -0.00319400817539168,
      0.132572503715957,
      -0.00888832736894982
    ],
    [
      0.00231868064989056,
      0.999974486484204,
      0.00675648582449677,
      -6.61363794913128e-06
    ],
    [
      -0.13259070159625,
      -0.00638942035151341,
      0.991150281822987,
      0.439868547988606
    ],
    [
      0.0,
      0.0,
      0.0,
      1.0
    ]
  ],
  "T_WH": {
    "0": [
      [
        0.440118836798508,
        0.895490791810971,
        0.0662695350586436,
        0.0397489348265184
      ],
      [
        -0.888309060766545,
        0.444991059346582,
        -0.113534002226936,
        -0.0319064363414989
      ],
      [
        -0.131158004159818,
        -0.00889937544818118,
        0.991321531624046,
        -0.00509916661260157
      ],
      [
        0.0,
        0.0,
        0.0,
        1.0
      ]
    ],
    "1": [
      [
        -0.764581737989792,
        -0.644523568277074,
        0.00203368333247719,
        -0.0397489348265184
      ],
      [
        0.643547683943912,
        -0.763590324498074,
        -0.0526896083051624,
        0.0319064363414989
      ],
      [
        0.0355125952717372,
        -0.0389767400934714,
        0.998608867028904,
        0.00509916661260157
      ],
      [
        0.0,
        0.0,
        0.0,
        1.0
      ]
    ],
    "2": [
      [
        0.434911989404577,
        -0.897985397749049,
        0.0668863730638404,
        0.0395445183032933
      ],
      [
        0.889226356507432,
        0.439996636548103,
        0.125217597480839,
        0.0320919307934901
      ],
      [
        -0.141873353258003,
        0.00501849139070264,
        0.989872095969722,
        -0.00550808951509843
      ],
      [
        0.0,
        0.0,
        0.0,
        1.0
      ]
    ],
    "3": [
      [
        -0.761410484715825,
        0.648250393840852,
        0.0050498168276172,
        -0.0395445183032933
      ],
      [
        -0.646751564854996,
        -0.760136777016835,
        0.0624859470926954,
        -0.0320919307934901
      ],
      [
        0.0443450913002287,
        0.0443114783282841,
        0.998033068473152,
        0.00550808951509843
      ],
      [
        0.0,
        0.0,
        0.0,
        1.0
      ]
    ]
  },
  "T_WP": {
    "0": [
      [
        -0.0662695350586436,
        0.895490791810971,
        0.440118836798508,
        0.070557253402414
      ],
      [
        0.113534002226936,
        0.444991059346582,
        -0.888309060766545,
        -0.094088070595157
      ],
      [
        -0.991321531624046,
        -0.00889937544818118,
        -0.131158004159818,
        -0.0142802269037889
      ],
      [
        0.0,
        0.0,
        0.0,
        1.0
      ]
    ],
    "1": [
      [
        -0.00203368333247724,
        -0.644523568277074,
        -0.764581737989792,
        -0.0932696564858039
      ],
      [
        0.0526896083051624,
        -0.763590324498074,
        0.643547683943912,
        0.0769547742175728
      ],
      [
        -0.998608867028904,
        -0.0389767400934714,
        0.0355125952717372,
        0.00758504828162318
      ],
      [
        0.0,
        0.0,
        0.0,
        1.0
      ]
    ],
    "2": [
      [
        -0.0668863730638404,
        -0.897985397749049,
        0.434911989404577,
        0.0699883575616137
      ],
      [
        -0.125217597480839,
        0.439996636548103,
        0.889226356507432,
        0.0943377757490104
      ],
      [
        -0.989872095969722,
        0.00501849139070264,
        -0.141873353258003,
        -0.0154392242431586
      ],
      [
        0.0,
        0.0,
        0.0,
        1.0
      ]
    ],
    "3": [
      [
        -0.00504981682761724,
        0.648250393840852,
        -0.761410484715825,
        -0.0928432522334011
      ],
      [
        -0.0624859470926954,
        -0.760136777016835,
        -0.646751564854996,
        -0.0773645403333399
      ],
      [
        -0.998033068473152,
        0.0443114783282841,
        0.0443450913002288,
        0.00861224590611444
      ],
      [
        0.0,
        0.0,
        0.0,
        1.0
      ]
    ]
  }
}