{
  "T_WB": [
    [
      -2.22044604925031e-16,
      1.1486928740819e-19,
      1.0,
      -9.40704530416156e-36
    ],
    [
      -2.42521658439986e-18,
      1.0,
      -1.1486928740819e-19,
      3.87284271180472e-21
    ],
    [
      -1.0,
      -2.42521658439986e-18,
      -2.22044604925031e-16,
      0.204476883175003
    ],
    [
      0.0,
      0.0,
      0.0,
      1.0
    ]
  ],
  "T_WH": {
    "0": [
      [
        -1.57197931437399e-16,
        -1.52100610283718e-16,
        1.0,
        -8.88546001419832e-18
      ],
      [
        -0.707106779455507,
        0.707106782917588,
        -3.60434981824555e-18,
        -0.032
      ],
      [
        -0.707106782917588,
        -0.707106779455507,
        -2.18707096270936e-16,
        0.164476883175003
      ],
      [
        0.0,
        0.0,
        0.0,
        1.0
      ]
    ],
    "1": [
      [
        1.57197931437399e-16,
        1.52098288438483e-16,
        1.0,
        8.88546001419832e-18
      ],
      [
        0.707106779455507,
        -0.707106782917588,
        -3.60599161075951e-18,
        0.032
      ],
      [
        0.707106782917588,
        0.707106779455507,
        -2.1870545447843e-16,
        0.244476883175003
      ],
      [
        0.0,
        0.0,
        0.0,
        1.0
      ]
    ],
    "2": [
      [
        -1.57042575338068e-16,
        1.5306517445919e-16,
        1.0,
        -8.87810837980419e-18
      ],
      [
        0.707106779455507,
        0.707106782917588,
        2.8124465961426e-18,
        0.032
      ],
      [
        -0.707106782917588,
        0.707106779455507,
        -2.19279292787028e-16,
        0.164476883175003
      ],
      [
        0.0,
        0.0,
        0.0,
        1.0
      ]
    ],
    "3": [
      [
        1.57042575338068e-16,
        -1.52248652485114e-16,
        1.0,
        8.87810837980419e-18
      ],
      [
        -0.707106779455507,
        -0.707106782917588,
        3.38981482241365e-18,
        -0.032
      ],
      [
        0.707106782917588,
        -0.707106779455507,
        -2.18701924563583e-16,
        0.244476883175003
      ],
      [
        0.0,
        0.0,
        0.0,
        1.0
      ]
    ]
  },
  "T_WP": {
    "0": [
      [
        -1.0,
        -1.52100610283718e-16,
        -9.59655914800313e-17,
        -1.98893152148162e-17
      ],
      [
        -3.96934528875335e-17,
        0.707106782917588,
        -0.707106779455507,
        -0.0814974745618855
      ],
      [
        1.75409293353165e-16,
        -0.707106779455507,
        -0.707106782917588,
        0.114979408370772
      ],
      [
        0.0,
        0.0,
        0.0,
        1.0
      ]
    ],
    "1": [
      [
        -1.0,
        1.52098288438483e-16,
        2.18430271394767e-16,
        1.98893152148162e-17
      ],
      [
        4.69037943165385e-17,
        -0.707106782917588,
        0.707106779455507,
        0.0814974745618855
      ],
      [
        2.620032573962e-16,
        0.707106779455507,
        0.707106782917588,
        0.293974357979234
      ],
      [
        0.0,
        0.0,
        0.0,
        1.0
      ]
    ],
    "2": [
      [
        -1.0,
        1.5306517445919e-16,
        -9.58102353807002e-17,
        -1.98710886534689e-17
      ],
      [
        4.04853561096364e-17,
        0.707106782917588,
        0.707106779455507,
        0.0814974745618855
      ],
      [
        1.75981489869257e-16,
        0.707106779455507,
        -0.707106782917588,
        0.114979408370772
      ],
      [
        0.0,
        0.0,
        0.0,
        1.0
      ]
    ],
    "3": [
      [
        -1.0,
        -1.52248652485114e-16,
        2.18274915295436e-16,
        1.98710886534689e-17
      ],
      [
        -4.66876175281927e-17,
        -0.707106782917588,
        -0.707106779455507,
        -0.0814974745618855
      ],
      [
        2.61999727481354e-16,
        -0.707106779455507,
        0.707106782917588,
        0.293974357979234
      ],
      [
        0.0,
        0.0,
        0.0,
        1.0
      ]
    ]
  },
  "simTime": 0.245499999999989,
  "state": [
    -9.40704530416156e-36,
    3.87284271180472e-21,
    0.204476883175003,
    0.707106781186548,
    -8.16831120299411e-19,
    0.707106781186548,
    -8.98055972375809e-19,
    -6.95081757929048e-35,
    -2.05795460980826e-20,
    -2.40752030000003,
    5.21174236756249e-19,
    -1.16579629470481e-17,
    -2.11718935529982e-17,
    1.0,
    2.41370517400826e-18,
    5.3730166387911e-20,
    -1.36432290870827e-18,
    1.0,
    -2.41486609662534e-18,
    -5.37301663879104e-20,
    1.36082956793096e-18,
    1.0,
    -2.01264793854708e-18,
    5.72769685999052e-20,
    9.39804147742482e-19,
    1.0,
    2.42090892558555e-18,
    -5.72769685999045e-20,
    -1.35927117048625e-18,
    1.24133355943373e-17,
    1.72762244250823e-19,
    -2.32289644749511e-17,
    -1.24061297950858e-17,
    -1.7276224425082e-19,
    2.32314057832675e-17,
    -1.65774423753106e-17,
    5.59650393567435e-20,
    1.89069112103644e-17,
    1.24400851569156e-17,
    -5.5965039356742e-20,
    -2.33582300578088e-17
  ]
}