{
  "T_WB": [
    [
      0.941597870123905,
      -0.00210170555075214,
      0.336732881987941,
      -0.0469223866959157
    ],
    [
      0.00175426899229656,
      0.999997568782044,
      0.00133602780821723,
      4.24837634121604e-05
    ],
    [
      -0.336734871253972,
      -0.000667280885085551,
      0.941599267851134,
      0.354778214629878
    ],
    [
      0.0,
      0.0,
      0.0,
      1.0
    ]
  ],
  "T_WH": {
    "0": [
      [
        0.143887639937567,
        0.890308037683264,
        -0.432027713358498,
        -0.00919121731333548
      ],
      [
        -0.799276334398274,
        -0.152855207015259,
        -0.58119930054946,
        -0.0318872676779214
      ],
      [
        -0.583484094336817,
        0.428936922781075,
        0.689608169855205,
        0.341330172768042
      ],
      [
        0.0,
        0.0,
        0.0,
        1.0
      ]
    ],
    "1": [
      [
        -0.646351334426675,
        -0.644301664633688,
        0.408785172719261,
        -0.084653556078496
      ],
      [
        0.722781201466882,
        -0.688693052287459,
        0.0573516742307828,
        0.0319722352047457
      ],
      [
        0.244575729153461,
        0.332531569450544,
        0.910826804627428,
        0.368226256491714
      ],
      [
        0.0,
        0.0,
        0.0,
        1.0
      ]
    ],
    "2": [
      [
        0.140835025886596,
        -0.889288154075104,
        -0.435123056738225,
        -0.00932572646858362
      ],
      [
        0.79870478853384,
        -0.157645844287405,
        0.580705130468145,
        0.0321125767241294
      ],
      [
        -0.585009535184372,
        -0.429318491100263,
        0.688076650485074,
        0.341287466791397
      ],
      [
        0.0,
        0.0,
        0.0,
        1.0
      ]
    ],
    "3": [
      [
        -0.643591975934485,
        0.646835308087479,
        0.409137449672015,
        -0.0845190469232478
      ],
      [
        -0.724920047033965,
        -0.686653617184705,
        -0.0547515791136127,
        -0.0320276091973051
      ],
      [
        0.245520455198785,
        -0.331829616246857,
        0.910828640228471,
        0.36826896246836
      ],
      [
        0.0,
        0.0,
        0.0,
        1.0
      ]
    ]
  },
  "T_WP": {
    "0": [
      [
        0.432027713358498,
        0.890308037683264,
        0.143887639937567,
        0.000880917482294234
      ],
      [
        0.58119930054946,
        -0.152855207015259,
        -0.799276334398274,
        -0.0878366110858006
      ],
      [
        -0.689608169855205,
        0.428936922781075,
        -0.583484094336817,
        0.300486286164465
      ],
      [
        0.0,
        0.0,
        0.0,
        1.0
      ]
    ],
    "1": [
      [
        -0.408785172719261,
        -0.644301664633688,
        -0.646351334426675,
        -0.129898149488363
      ],
      [
        -0.0573516742307827,
        -0.688693052287459,
        0.722781201466882,
        0.0825669193074274
      ],
      [
        -0.910826804627428,
        0.332531569450544,
        0.244575729153461,
        0.385346557532457
      ],
      [
        0.0,
        0.0,
        0.0,
        1.0
      ]
    ],
    "2": [
      [
        0.435123056738225,
        -0.889288154075104,
        0.140835025886596,
        0.000532725343478098
      ],
      [
        -0.580705130468145,
        -0.157645844287405,
        0.79870478853384,
        0.0880219119214982
      ],
      [
        -0.688076650485074,
        -0.429318491100263,
        -0.585009535184372,
        0.300336799328491
      ],
      [
        0.0,
        0.0,
        0.0,
        1.0
      ]
    ],
    "3": [
      [
        -0.409137449672015,
        0.646835308087479,
        -0.643591975934485,
        -0.129570485238662
      ],
      [
        0.0547515791136127,
        -0.686653617184705,
        -0.724920047033965,
        -0.0827720124896827
      ],
      [
        -0.910828640228471,
        -0.331829616246857,
        0.245520455198785,
        0.385455394332275
      ],
      [
        0.0,
        0.0,
        0.0,
        1.0
      ]
    ]
  },
  "simTime": 0.518499999999959,
  "state": [
    -0.0469223866959157,
    4.24837634121604e-05,
    0.354778214629878,
    0.985291163407686,
    -0.000508303729826984,
    0.170880390044473,
    0.000978384533997187,
    -0.275955355363441,
    3.66803182404274e-06,
    -0.176128728177511,
    -0.0114225476948412,
    -4.10376001131753,
    0.00131557434713189,
    0.81895919021649,
    0.478259813623272,
    0.140454599340432,
    -0.284334136109442,
    0.998770281566331,
    0.0475885187230345,
    -0.00737497931543566,
    -0.0117841938950394,
    0.818712261149536,
    -0.478701744547506,
    0.140607986836326,
    0.284225732910349,
    0.998764987097276,
    -0.0477527139787065,
    -0.00731070835657197,
    0.0116074286373837,
    -2.55932663900315,
    -1.68822882159508,
    -5.12624579439432,
    -0.0838635318481999,
    0.255167455211068,
    -0.614827936341377,
    2.55923541243904,
    -1.68904628038873,
    5.13120579513692,
    0.0809775989718034,
    0.254595843201214,
    0.616086942052568
  ]
}