{
  "T_WB": [
    [
      -0.996902886134464,
      0.0667385351032935,
      -0.0416005234226957,
      -0.225514053376134
    ],
    [
      0.0680147593180743,
      0.997231485205906,
      -0.0300559050591941,
      -0.000743166502947905
    ],
    [
      0.0394794646833036,
      -0.0327922680869946,
      -0.998682151148218,
      0.177306203109293
    ],
    [
      0.0,
      0.0,
      0.0,
      1.0
    ]
  ],
  "T_WH": {
    "0": [
      [
        -0.766002664822485,
        -0.321678850018911,
        -0.556563235342906,
        -0.267525801944818
      ],
      [
        -0.487297168982807,
        0.855240913239593,
        0.176364535614306,
        -0.0299339836568139
      ],
      [
        0.41926290866972,
        0.406307393203248,
        -0.811870011542604,
        0.179934734275409
      ],
      [
        0.0,
        0.0,
        0.0,
        1.0
      ]
    ],
    "1": [
      [
        0.691579030600701,
        0.691547980247922,
        0.208518189730335,
        -0.18350230480745
      ],
      [
        0.721492257308616,
        -0.647737414523214,
        -0.244714454968441,
        0.0284476506509181
      ],
      [
        -0.0341667539739082,
        0.319683644939498,
        -0.946908126526055,
        0.174677671943177
      ],
      [
        0.0,
        0.0,
        0.0,
        1.0
      ]
    ],
    "2": [
      [
        -0.693084796956138,
        0.424726258611785,
        -0.582444048363364,
        -0.263254535698207
      ],
      [
        0.609402991985859,
        0.776815429937547,
        -0.158700287238641,
        0.0338888313963641
      ],
      [
        0.385047344604469,
        -0.464935902094665,
        -0.797228417303641,
        0.177836029117842
      ],
      [
        0.0,
        0.0,
        0.0,
        1.0
      ]
    ],
    "3": [
      [
        0.583826621214319,
        -0.773689395131265,
        0.2460715266399,
        -0.187773571054061
      ],
      [
        -0.811580179678045,
        -0.564374119719779,
        0.151061129825898,
        -0.0353751644022599
      ],
      [
        0.0220020070726517,
        -0.287900282827132,
        -0.957407613732434,
        0.176776377100745
      ],
      [
        0.0,
        0.0,
        0.0,
        1.0
      ]
    ]
  },
  "T_WP": {
    "0": [
      [
        0.556563235342906,
        -0.321678850018911,
        -0.766002664822485,
        -0.321145988482392
      ],
      [
        -0.176364535614306,
        0.855240913239593,
        -0.487297168982807,
        -0.0640447854856104
      ],
      [
        0.811870011542604,
        0.406307393203248,
        0.41926290866972,
        0.20928313788229
      ],
      [
        0.0,
        0.0,
        0.0,
        1.0
      ]
    ],
    "1": [
      [
        -0.208518189730335,
        0.691547980247922,
        0.691579030600701,
        -0.135091772665401
      ],
      [
        0.244714454968441,
        -0.647737414523214,
        0.721492257308616,
        0.0789521086625212
      ],
      [
        0.946908126526055,
        0.319683644939498,
        -0.0341667539739082,
        0.172285999165004
      ],
      [
        0.0,
        0.0,
        0.0,
        1.0
      ]
    ],
    "2": [
      [
        0.582444048363364,
        0.424726258611785,
        -0.693084796956138,
        -0.311770471485137
      ],
      [
        0.158700287238641,
        0.776815429937547,
        0.609402991985859,
        0.0765470408353742
      ],
      [
        0.797228417303641,
        -0.464935902094665,
        0.385047344604469,
        0.204789343240154
      ],
      [
        0.0,
        0.0,
        0.0,
        1.0
      ]
    ],
    "3": [
      [
        -0.2460715266399,
        -0.773689395131265,
        0.583826621214319,
        -0.146905707569058
      ],
      [
        -0.151061129825898,
        -0.564374119719779,
        -0.811580179678045,
        -0.092185776979723
      ],
      [
        0.957407613732434,
        -0.287900282827132,
        0.0220020070726516,
        0.178316517595831
      ],
      [
        0.0,
        0.0,
        0.0,
        1.0
      ]
    ]
  },
  "simTime": 1.00499999999991,
  "state": [
    -0.225514053376134,
    -0.000743166502947905,
    0.177306203109293,
    -0.0202882227118641,
    0.0337186143244614,
    0.999101661805317,
    -0.0157261707063488,
    -0.441461984781226,
    -0.00560258566418481,
    -0.573011532051253,
    0.464843778957495,
    12.7933255085273,
    -0.269277898622272,
    0.949220513523555,
    -0.240504484728922,
    0.166827110957114,
    0.115354777018798,
    0.985079972699302,
    -0.166107689842138,
    0.0154203991945535,
    -0.0422834961980675,
    0.948089820504285,
    0.243885327627266,
    0.167126067901648,
    -0.117108994752867,
    0.984198889635078,
    0.170170037507223,
    0.0189130212474936,
    0.0451331541459437,
    1.02351797461384,
    -1.83238301166941,
    2.46911675545061,
    -0.855130428994744,
    -0.582042248878374,
    1.44437043967774,
    -0.990497120408519,
    -1.8337858136688,
    -2.52013507784351,
    0.855547534819944,
    -0.589889866214619,
    -1.50807584295211
  ]
}