{
  "T_WB": [
    [
      0.950359349497108,
      -0.00119381709839352,
      0.31115218402603,
      -0.0021465405375546
    ],
    [
      0.00160758732308306,
      0.999998131804898,
      -0.0010733357876312,
      -1.33973685882454e-05
    ],
    [
      -0.311150321366428,
      0.001520259007515,
      0.95035949320566,
      0.437034724616661
    ],
    [
      0.0,
      0.0,
      0.0,
      1.0
    ]
  ],
  "T_WH": {
    "0": [
      [
        0.793536479331512,
        0.565671634508786,
        0.224311073918138,
        0.0359060355894783
      ],
      [
        -0.547347209922658,
        0.824579113254702,
        -0.143109460812246,
        -0.0319490340934217
      ],
      [
        -0.265915189035962,
        -0.0092134627718667,
        0.963952397343209,
        0.424540063473763
      ],
      [
        0.0,
        0.0,
        0.0,
        1.0
      ]
    ],
    "1": [
      [
        -0.613367654417489,
        -0.720934938726484,
        0.322541368878208,
        -0.0401991166645875
      ],
      [
        0.762933839963115,
        -0.646449420733182,
        0.00592471711304127,
        0.0319222393562452
      ],
      [
        0.204235345504943,
        0.249711754943924,
        0.946536826060826,
        0.449529385759558
      ],
      [
        0.0,
        0.0,
        0.0,
        1.0
      ]
    ],
    "2": [
      [
        0.791914992717287,
        -0.568263057364684,
        0.223489914636257,
        0.0358296312951811
      ],
      [
        0.550598676445592,
        0.82276853412328,
        0.141042677062622,
        0.0320508463420918
      ],
      [
        -0.264029812343115,
        0.0113594406187882,
        0.964447624966171,
        0.424637360050244
      ],
      [
        0.0,
        0.0,
        0.0,
        1.0
      ]
    ],
    "3": [
      [
        -0.611704619255177,
        0.722323689923809,
        0.322592538284339,
        -0.0401227123702903
      ],
      [
        -0.764868380894204,
        -0.644136218083127,
        -0.00805558575428273,
        -0.0320776410792683
      ],
      [
        0.201974797165779,
        -0.251668471462795,
        0.946503651224559,
        0.449432089183077
      ],
      [
        0.0,
        0.0,
        0.0,
        1.0
      ]
    ]
  },
  "T_WP": {
    "0": [
      [
        -0.224311073918138,
        0.565671634508786,
        0.793536479331512,
        0.0914535891426842
      ],
      [
        0.143109460812246,
        0.824579113254702,
        -0.547347209922658,
        -0.0702633387880077
      ],
      [
        -0.963952397343209,
        -0.0092134627718667,
        -0.265915189035962,
        0.405926000241246
      ],
      [
        0.0,
        0.0,
        0.0,
        1.0
      ]
    ],
    "1": [
      [
        -0.322541368878208,
        -0.720934938726484,
        -0.613367654417489,
        -0.0831348524738118
      ],
      [
        -0.00592471711304122,
        -0.646449420733182,
        0.762933839963115,
        0.0853276081536632
      ],
      [
        -0.946536826060826,
        0.249711754943924,
        0.204235345504943,
        0.463825859944904
      ],
      [
        0.0,
        0.0,
        0.0,
        1.0
      ]
    ],
    "2": [
      [
        -0.223489914636257,
        -0.568263057364684,
        0.791914992717287,
        0.0912636807853913
      ],
      [
        -0.141042677062622,
        0.82276853412328,
        0.550598676445592,
        0.0705927536932833
      ],
      [
        -0.964447624966171,
        0.0113594406187882,
        -0.264029812343115,
        0.406155273186226
      ],
      [
        0.0,
        0.0,
        0.0,
        1.0
      ]
    ],
    "3": [
      [
        -0.322592538284339,
        0.722323689923809,
        -0.611704619255177,
        -0.0829420357181527
      ],
      [
        0.00805558575428269,
        -0.644136218083127,
        -0.764868380894204,
        -0.0856184277418626
      ],
      [
        -0.946503651224559,
        -0.251668471462795,
        0.201974797165779,
        0.463570324984682
      ],
      [
        0.0,
        0.0,
        0.0,
        1.0
      ]
    ]
  }
}