{
  "arms": {
    "0": [
      [
        0.662332773208618,
        0.6109938621521,
        0.433591574430466,
        0.0199482925236225
      ],
      [
        -0.668950319290161,
        0.221674785017967,
        0.709482729434967,
        0.675413072109222
      ],
      [
        0.337373346090317,
        -0.759964942932129,
        0.555546998977661,
        0.0320207662880421
      ],
      [
        0.0,
        0.0,
        0.0,
        1.0
      ]
    ],
    "1": [
      [
        0.72781503200531,
        0.46428257226944,
        -0.504704654216766,
        -0.0337907932698727
      ],
      [
        -0.677444100379944,
        0.601118147373199,
        -0.423941552639008,
        0.616150081157684
      ],
      [
        0.106558509171009,
        0.650460302829742,
        0.752028405666351,
        0.0321134477853775
      ],
      [
        0.0,
        0.0,
        0.0,
        1.0
      ]
    ],
    "2": [
      [
        0.466790914535522,
        -0.734212160110474,
        -0.492989510297775,
        -0.0340186581015587
      ],
      [
        -0.883167684078217,
        -0.357979446649551,
        -0.303093254566193,
        0.616256654262543
      ],
      [
        0.0460546500980854,
        0.576873600482941,
        -0.815534055233002,
        -0.0318860597908497
      ],
      [
        0.0,
        0.0,
        0.0,
        1.0
      ]
    ],
    "3": [
      [
        0.810001134872437,
        -0.394341289997101,
        0.434042632579803,
        0.0197204276919365
      ],
      [
        -0.586173176765442,
        -0.522617876529694,
        0.619089305400848,
        0.675519585609436
      ],
      [
        -0.0172940511256456,
        -0.755887269973755,
        -0.65447336435318,
        -0.0319787412881851
      ],
      [
        0.0,
        0.0,
        0.0,
        1.0
      ]
    ]
  },
  "base": [
    [
      0.671738624572754,
      -0.00356039428152144,
      -0.74077957868576,
      -0.00703518325462937
    ],
    [
      0.740787327289581,
      0.00166465062648058,
      0.671737611293793,
      0.645834863185883
    ],
    [
      -0.00115851149894297,
      -0.999992251396179,
      0.00375570519827306,
      6.7352615587879e-05
    ],
    [
      0.0,
      0.0,
      0.0,
      1.0
    ]
  ]
}