{
  "T_WB": [
    [
      -2.22044604925031e-16,
      1.2093461903669e-19,
      1.0,
      -1.02134807736715e-35
    ],
    [
      -2.68482963554321e-18,
      1.0,
      -1.2093461903669e-19,
      3.61799595216694e-21
    ],
    [
      -1.0,
      -2.68482963554321e-18,
      -2.22044604925031e-16,
      0.174880564375002
    ],
    [
      0.0,
      0.0,
      0.0,
      1.0
    ]
  ],
  "T_WH": {
    "0": [
      [
        -1.57203933803548e-16,
        -1.51956357528405e-16,
        1.0,
        -8.88565410481043e-18
      ],
      [
        -0.707106779455507,
        0.707106782917588,
        -3.71059623377831e-18,
        -0.032
      ],
      [
        -0.707106782917588,
        -0.707106779455507,
        -2.18609338483517e-16,
        0.134880564375002
      ],
      [
        0.0,
        0.0,
        0.0,
        1.0
      ]
    ],
    "1": [
      [
        1.57203933803548e-16,
        1.51953118136829e-16,
        1.0,
        8.88565410481043e-18
      ],
      [
        0.707106779455507,
        -0.707106782917588,
        -3.71288682953406e-18,
        0.032
      ],
      [
        0.707106782917588,
        0.707106779455507,
        -2.18607047887772e-16,
        0.214880564375002
      ],
      [
        0.0,
        0.0,
        0.0,
        1.0
      ]
    ],
    "2": [
      [
        -1.5703860364858e-16,
        1.52877119385853e-16,
        1.0,
        -8.87791428919208e-18
      ],
      [
        0.707106779455507,
        0.707106782917588,
        2.94261320549893e-18,
        0.032
      ],
      [
        -0.707106782917588,
        0.707106779455507,
        -2.19143509361184e-16,
        0.134880564375002
      ],
      [
        0.0,
        0.0,
        0.0,
        1.0
      ]
    ],
    "3": [
      [
        1.5703860364858e-16,
        -1.52112453157571e-16,
        1.0,
        8.87791428919208e-18
      ],
      [
        -0.707106779455507,
        -0.707106782917588,
        3.48331388218556e-18,
        -0.032
      ],
      [
        0.707106782917588,
        -0.707106779455507,
        -2.18602808687144e-16,
        0.214880564375002
      ],
      [
        0.0,
        0.0,
        0.0,
        1.0
      ]
    ]
  },
  "T_WP": {
    "0": [
      [
        -1.0,
        -1.51956357528405e-16,
        -9.59715938461804e-17,
        -1.98899294710588e-17
      ],
      [
        -3.95872064720007e-17,
        0.707106782917588,
        -0.707106779455507,
        -0.0814974745618855
      ],
      [
        1.75311535565746e-16,
        -0.707106779455507,
        -0.707106782917588,
        0.0853830895707713
      ],
      [
        0.0,
        0.0,
        0.0,
        1.0
      ]
    ],
    "1": [
      [
        -1.0,
        1.51953118136829e-16,
        2.18436273760916e-16,
        1.98899294710588e-17
      ],
      [
        4.70106895353131e-17,
        -0.707106782917588,
        0.707106779455507,
        0.0814974745618855
      ],
      [
        2.61904850805542e-16,
        0.707106779455507,
        0.707106782917588,
        0.264378039179234
      ],
      [
        0.0,
        0.0,
        0.0,
        1.0
      ]
    ],
    "2": [
      [
        -1.0,
        1.52877119385853e-16,
        -9.58062636912127e-17,
        -1.98706165445927e-17
      ],
      [
        4.03551895002801e-17,
        0.707106782917588,
        0.707106779455507,
        0.0814974745618855
      ],
      [
        1.75845706443413e-16,
        0.707106779455507,
        -0.707106782917588,
        0.0853830895707713
      ],
      [
        0.0,
        0.0,
        0.0,
        1.0
      ]
    ],
    "3": [
      [
        -1.0,
        -1.52112453157571e-16,
        2.18270943605948e-16,
        1.98706165445927e-17
      ],
      [
        -4.67811165879646e-17,
        -0.707106782917588,
        -0.707106779455507,
        -0.0814974745618855
      ],
      [
        2.61900611604915e-16,
        -0.707106779455507,
        0.707106782917588,
        0.264378039179234
      ],
      [
        0.0,
        0.0,
        0.0,
        1.0
      ]
    ]
  },
  "simTime": 0.257499999999988,
  "state": [
    -1.02134807736715e-35,
    3.61799595216694e-21,
    0.174880564375002,
    0.707106781186548,
    -9.06473776211077e-19,
    0.707106781186548,
    -9.91987465412132e-19,
    -6.53893701271045e-35,
    -2.22809883436002e-20,
    -2.52519950000005,
    4.89373887189692e-19,
    -1.20672444653014e-17,
    -2.2166980654612e-17,
    1.0,
    2.48368713309689e-18,
    5.45869309053826e-20,
    -1.50609596227235e-18,
    1.0,
    -2.48530682888477e-18,
    -5.4586930905382e-20,
    1.50263268113293e-18,
    1.0,
    -2.10881989378331e-18,
    5.74355424132129e-20,
    1.05635228922808e-18,
    1.0,
    2.49115300792461e-18,
    -5.74355424132122e-20,
    -1.50184656509617e-18,
    1.080813036026e-17,
    1.12967612409831e-19,
    -2.40151713194564e-17,
    -1.1153186880416e-17,
    -1.12967612409828e-19,
    2.40226478646316e-17,
    -1.55876057708723e-17,
    -2.8967368622359e-21,
    1.99316885952227e-17,
    1.09188541675207e-17,
    2.89673686223713e-21,
    -2.41532065844836e-17
  ]
}