{
  "arms": {
    "0": [
      [
        -0.980768978595734,
        0.0478281266987324,
        0.189221128821373,
        0.00743282632902265
      ],
      [
        -0.092668816447258,
        0.739139378070831,
        -0.667147278785706,
        -0.0319486744701862
      ],
      [
        -0.171769186854362,
        -0.671852290630341,
        -0.720492780208588,
        0.0819443687796593
      ],
      [
        0.0,
        0.0,
        0.0,
        1.0
      ]
    ],
    "1": [
      [
        -0.969922065734863,
        0.206505596637726,
        -0.128866702318192,
        -0.00963370036333799
      ],
      [
        -0.0525648966431618,
        -0.694610476493835,
        -0.71746301651001,
        -0.0320791453123093
      ],
      [
        -0.237672299146652,
        -0.68910938501358,
        0.684572994709015,
        0.160102650523186
      ],
      [
        0.0,
        0.0,
        0.0,
        1.0
      ]
    ],
    "2": [
      [
        -0.991442680358887,
        -0.0638636127114296,
        -0.113854393362999,
        -0.0096399923786521
      ],
      [
        -0.041886743158102,
        -0.670416593551636,
        0.740801692008972,
        0.0319207683205605
      ],
      [
        -0.123640142381191,
        0.739231407642365,
        0.662004590034485,
        0.160208106040955
      ],
      [
        0.0,
        0.0,
        0.0,
        1.0
      ]
    ],
    "3": [
      [
        -0.96418285369873,
        -0.201373890042305,
        0.172626793384552,
        0.00742653431370854
      ],
      [
        -0.0242592431604862,
        0.715060710906982,
        0.698641300201416,
        0.0320512354373932
      ],
      [
        -0.264126747846603,
        0.669430136680603,
        -0.694334447383881,
        0.0820498242974281
      ],
      [
        0.0,
        0.0,
        0.0,
        1.0
      ]
    ]
  },
  "arms_in_parent_frame": {
    "0": [
      [
        -1.35113635835182e-08,
        -3.25585958194097e-09,
        1.0,
        0.0
      ],
      [
        1.10176836543019e-08,
        1.00000011920929,
        -3.25585958194097e-09,
        0.0
      ],
      [
        -1.0,
        -1.10176836543019e-08,
        1.35113635835182e-08,
        1.86264514923096e-09
      ],
      [
        0.0,
        0.0,
        0.0,
        1.0
      ]
    ],
    "1": [
      [
        -1.684759887155e-08,
        -3.53413902587363e-08,
        1.0,
        0.0
      ],
      [
        2.74176947812066e-09,
        1.0,
        -3.53413902587363e-08,
        -7.45058059692383e-09
      ],
      [
        -1.0,
        -2.74176947812066e-09,
        1.684759887155e-08,
        1.86264514923096e-09
      ],
      [
        0.0,
        0.0,
        0.0,
        1.0
      ]
    ],
    "2": [
      [
        -6.76692035739279e-09,
        -2.28445387051579e-08,
        1.00000011920929,
        0.0
      ],
      [
        2.22644702674302e-09,
        1.0,
        -2.28445387051579e-08,
        0.0
      ],
      [
        -1.0,
        -2.22644702674302e-09,
        6.76692035739279e-09,
        0.0
      ],
      [
        0.0,
        0.0,
        0.0,
        1.0
      ]
    ],
    "3": [
      [
        -1.69644742697983e-09,
        4.31406022016745e-10,
        1.0,
        3.72529029846191e-09
      ],
      [
        1.70994205461739e-08,
        0.999999940395355,
        4.31406022016745e-10,
        0.0
      ],
      [
        -1.0,
        -1.70994205461739e-08,
        1.69644742697983e-09,
        0.0
      ],
      [
        0.0,
        0.0,
        0.0,
        1.0
      ]
    ]
  },
  "arms_link_world": {
    "0": [
      [
        -0.980768978595734,
        0.0478281266987324,
        0.189221128821373,
        0.00743282632902265
      ],
      [
        -0.092668816447258,
        0.739139378070831,
        -0.667147278785706,
        -0.0319486744701862
      ],
      [
        -0.171769186854362,
        -0.671852290630341,
        -0.720492780208588,
        0.0819443687796593
      ],
      [
        0.0,
        0.0,
        0.0,
        1.0
      ]
    ],
    "1": [
      [
        -0.969922065734863,
        0.206505596637726,
        -0.128866702318192,
        -0.00963370036333799
      ],
      [
        -0.0525648966431618,
        -0.694610476493835,
        -0.71746301651001,
        -0.0320791453123093
      ],
      [
        -0.237672299146652,
        -0.68910938501358,
        0.684572994709015,
        0.160102650523186
      ],
      [
        0.0,
        0.0,
        0.0,
        1.0
      ]
    ],
    "2": [
      [
        -0.991442680358887,
        -0.0638636127114296,
        -0.113854393362999,
        -0.0096399923786521
      ],
      [
        -0.041886743158102,
        -0.670416593551636,
        0.740801692008972,
        0.0319207683205605
      ],
      [
        -0.123640142381191,
        0.739231407642365,
        0.662004590034485,
        0.160208106040955
      ],
      [
        0.0,
        0.0,
        0.0,
        1.0
      ]
    ],
    "3": [
      [
        -0.96418285369873,
        -0.201373890042305,
        0.172626793384552,
        0.00742653431370854
      ],
      [
        -0.0242592431604862,
        0.715060710906982,
        0.698641300201416,
        0.0320512354373932
      ],
      [
        -0.264126747846603,
        0.669430136680603,
        -0.694334447383881,
        0.0820498242974281
      ],
      [
        0.0,
        0.0,
        0.0,
        1.0
      ]
    ]
  },
  "arms_relative_to_base": {
    "0": [
      [
        -0.0415653213858604,
        0.667793929576874,
        0.743184745311737,
        0.0399999991059303
      ],
      [
        -0.0928553119301796,
        0.738026559352875,
        -0.668352246284485,
        -0.0319999940693378
      ],
      [
        -0.994811594486237,
        -0.0967889428138733,
        0.0313319079577923,
        0.0
      ],
      [
        0.0,
        0.0,
        0.0,
        1.0
      ]
    ],
    "1": [
      [
        0.0251999888569117,
        0.716166377067566,
        -0.697474479675293,
        -0.0400000065565109
      ],
      [
        -0.052861113101244,
        -0.695765376091003,
        -0.716321349143982,
        -0.0320000015199184
      ],
      [
        -0.998283922672272,
        0.054920569062233,
        0.0203240662813187,
        0.0
      ],
      [
        0.0,
        0.0,
        0.0,
        1.0
      ]
    ],
    "2": [
      [
        -0.0907805860042572,
        -0.736930668354034,
        -0.66984486579895,
        -0.0400000065565109
      ],
      [
        -0.0419929549098015,
        -0.669191241264343,
        0.741902768611908,
        0.0320000015199184
      ],
      [
        -0.994985103607178,
        0.0954791232943535,
        0.029803678393364,
        -1.86264514923096e-09
      ],
      [
        0.0,
        0.0,
        0.0,
        1.0
      ]
    ],
    "3": [
      [
        0.0523159354925156,
        -0.695812106132507,
        0.716315925121307,
        0.0399999991059303
      ],
      [
        -0.0245996546000242,
        0.71618264913559,
        0.697479248046875,
        0.0319999977946281
      ],
      [
        -0.998327553272247,
        -0.0541104190051556,
        0.0203510336577892,
        0.0
      ],
      [
        0.0,
        0.0,
        0.0,
        1.0
      ]
    ]
  },
  "arms_view_frame": {
    "0": [
      [
        -0.980768918991089,
        0.0478281229734421,
        0.189221113920212,
        0.00743282586336136
      ],
      [
        -0.171769186854362,
        -0.671852350234985,
        -0.720492780208588,
        0.0819443687796593
      ],
      [
        0.0926688238978386,
        -0.739139378070831,
        0.66714733839035,
        0.0319486707448959
      ],
      [
        0.0,
        0.0,
        0.0,
        1.0
      ]
    ],
    "1": [
      [
        -0.969922006130219,
        0.206505581736565,
        -0.12886668741703,
        -0.00963369943201542
      ],
      [
        -0.237672299146652,
        -0.689109325408936,
        0.68457305431366,
        0.160102650523186
      ],
      [
        0.0525649078190327,
        0.69461053609848,
        0.717462956905365,
        0.0320791378617287
      ],
      [
        0.0,
        0.0,
        0.0,
        1.0
      ]
    ],
    "2": [
      [
        -0.991442620754242,
        -0.063863605260849,
        -0.113854385912418,
        -0.00963999144732952
      ],
      [
        -0.123640142381191,
        0.739231407642365,
        0.66200453042984,
        0.160208106040955
      ],
      [
        0.0418867468833923,
        0.670416533946991,
        -0.740801692008972,
        -0.0319207757711411
      ],
      [
        0.0,
        0.0,
        0.0,
        1.0
      ]
    ],
    "3": [
      [
        -0.964182794094086,
        -0.201373875141144,
        0.172626778483391,
        0.00742653384804726
      ],
      [
        -0.264126747846603,
        0.669430077075958,
        -0.694334506988525,
        0.0820498242974281
      ],
      [
        0.0242592543363571,
        -0.715060710906982,
        -0.698641240596771,
        -0.0320512391626835
      ],
      [
        0.0,
        0.0,
        0.0,
        1.0
      ]
    ]
  },
  "arms_visual_world": {
    "0": [
      [
        -0.980768978595734,
        0.0478281266987324,
        0.189221128821373,
        0.00743282632902265
      ],
      [
        -0.092668816447258,
        0.739139378070831,
        -0.667147278785706,
        -0.0319486744701862
      ],
      [
        -0.171769186854362,
        -0.671852290630341,
        -0.720492780208588,
        0.0819443687796593
      ],
      [
        0.0,
        0.0,
        0.0,
        1.0
      ]
    ],
    "1": [
      [
        -0.969922065734863,
        0.206505596637726,
        -0.128866702318192,
        -0.00963370036333799
      ],
      [
        -0.0525648966431618,
        -0.694610476493835,
        -0.71746301651001,
        -0.0320791453123093
      ],
      [
        -0.237672299146652,
        -0.68910938501358,
        0.684572994709015,
        0.160102650523186
      ],
      [
        0.0,
        0.0,
        0.0,
        1.0
      ]
    ],
    "2": [
      [
        -0.991442680358887,
        -0.0638636127114296,
        -0.113854393362999,
        -0.0096399923786521
      ],
      [
        -0.041886743158102,
        -0.670416593551636,
        0.740801692008972,
        0.0319207683205605
      ],
      [
        -0.123640142381191,
        0.739231407642365,
        0.662004590034485,
        0.160208106040955
      ],
      [
        0.0,
        0.0,
        0.0,
        1.0
      ]
    ],
    "3": [
      [
        -0.96418285369873,
        -0.201373890042305,
        0.172626793384552,
        0.00742653431370854
      ],
      [
        -0.0242592431604862,
        0.715060710906982,
        0.698641300201416,
        0.0320512354373932
      ],
      [
        -0.264126747846603,
        0.669430136680603,
        -0.694334447383881,
        0.0820498242974281
      ],
      [
        0.0,
        0.0,
        0.0,
        1.0
      ]
    ]
  },
  "base": [
    [
      0.213331580162048,
      -9.83078934950754e-05,
      0.976979851722717,
      -0.00110358302481472
    ],
    [
      0.00163085071835667,
      0.99999862909317,
      -0.000255485530942678,
      -1.39539433803293e-05
    ],
    [
      -0.976978480815887,
      0.00164781149942428,
      0.213331446051598,
      0.121076233685017
    ],
    [
      0.0,
      0.0,
      0.0,
      1.0
    ]
  ],
  "base_link_world": [
    [
      0.213331580162048,
      -9.83078934950754e-05,
      0.976979851722717,
      -0.00110358302481472
    ],
    [
      0.00163085071835667,
      0.99999862909317,
      -0.000255485530942678,
      -1.39539433803293e-05
    ],
    [
      -0.976978480815887,
      0.00164781149942428,
      0.213331446051598,
      0.121076233685017
    ],
    [
      0.0,
      0.0,
      0.0,
      1.0
    ]
  ],
  "base_view_frame": [
    [
      0.213331565260887,
      -9.83078862191178e-05,
      0.976979792118073,
      -0.0011035829083994
    ],
    [
      -0.976978480815887,
      0.00164776784367859,
      0.213331446051598,
      0.121076233685017
    ],
    [
      -0.00163080799393356,
      -0.99999862909317,
      0.000255476217716932,
      1.39486510306597e-05
    ],
    [
      0.0,
      0.0,
      0.0,
      1.0
    ]
  ],
  "base_visual_world": [
    [
      -9.69727552728727e-05,
      -0.213331565260887,
      0.976979851722717,
      -0.00110358302481472
    ],
    [
      0.999998569488525,
      -0.00162459211423993,
      -0.000255485530942678,
      -1.39539433803293e-05
    ],
    [
      0.00164169701747596,
      0.976978421211243,
      0.213331446051598,
      0.121076233685017
    ],
    [
      0.0,
      0.0,
      0.0,
      1.0
    ]
  ],
  "view_adjust": [
    [
      0.999999940395355,
      0.0,
      0.0,
      0.0
    ],
    [
      0.0,
      -4.37113882867379e-08,
      1.0,
      0.0
    ],
    [
      0.0,
      -1.0,
      -4.37113882867379e-08,
      0.0
    ],
    [
      0.0,
      0.0,
      0.0,
      1.0
    ]
  ]
}