{
  "T_WB": [
    [
      -2.22044604925031e-16,
      2.03239089651413e-20,
      1.0,
      4.56348118675e-37
    ],
    [
      -1.9698993484399e-19,
      1.0,
      -2.03239089651413e-20,
      4.35059042765371e-21
    ],
    [
      -1.0,
      -1.9698993484399e-19,
      -2.22044604925031e-16,
      0.4548111872
    ],
    [
      0.0,
      0.0,
      0.0,
      1.0
    ]
  ],
  "T_WH": {
    "0": [
      [
        -1.57060597902146e-16,
        -1.55071209830169e-16,
        1.0,
        -8.88243456208814e-18
      ],
      [
        -0.707106779455507,
        0.707106782917588,
        -1.40670925579375e-18,
        -0.032
      ],
      [
        -0.707106782917588,
        -0.707106779455507,
        -2.20710517874979e-16,
        0.4148111872
      ],
      [
        0.0,
        0.0,
        0.0,
        1.0
      ]
    ],
    "1": [
      [
        1.57060597902146e-16,
        1.55078804055931e-16,
        1.0,
        8.88243456208814e-18
      ],
      [
        0.707106779455507,
        -0.707106782917588,
        -1.40133932724691e-18,
        0.032
      ],
      [
        0.707106782917588,
        0.707106779455507,
        -2.207158878035e-16,
        0.4948111872
      ],
      [
        0.0,
        0.0,
        0.0,
        1.0
      ]
    ],
    "2": [
      [
        -1.57043515672738e-16,
        1.55997934219955e-16,
        1.0,
        -8.88113383191437e-18
      ],
      [
        0.707106779455507,
        0.707106782917588,
        7.39337193658775e-19,
        0.032
      ],
      [
        -0.707106782917588,
        0.707106779455507,
        -2.21353732013402e-16,
        0.4148111872
      ],
      [
        0.0,
        0.0,
        0.0,
        1.0
      ]
    ],
    "3": [
      [
        1.57043515672738e-16,
        -1.55097049872201e-16,
        1.0,
        8.88113383191437e-18
      ],
      [
        -0.707106779455507,
        -0.707106782917588,
        1.37635862657953e-18,
        -0.032
      ],
      [
        0.707106782917588,
        -0.707106779455507,
        -2.207167105836e-16,
        0.4948111872
      ],
      [
        0.0,
        0.0,
        0.0,
        1.0
      ]
    ]
  },
  "T_WP": {
    "0": [
      [
        -1.0,
        -1.55071209830169e-16,
        -9.58282579447784e-17,
        -1.98766764152384e-17
      ],
      [
        -4.18910934499853e-17,
        0.707106782917588,
        -0.707106779455507,
        -0.0814974745618855
      ],
      [
        1.77412714957209e-16,
        -0.707106779455507,
        -0.707106782917588,
        0.365313712395769
      ],
      [
        0.0,
        0.0,
        0.0,
        1.0
      ]
    ],
    "1": [
      [
        -1.0,
        1.55078804055931e-16,
        2.18292937859514e-16,
        1.98766764152384e-17
      ],
      [
        4.46991420330259e-17,
        -0.707106782917588,
        0.707106779455507,
        0.0814974745618855
      ],
      [
        2.6401369072127e-16,
        0.707106779455507,
        0.707106782917588,
        0.544308662004231
      ],
      [
        0.0,
        0.0,
        0.0,
        1.0
      ]
    ],
    "2": [
      [
        -1.0,
        1.55997934219955e-16,
        -9.58111757153704e-17,
        -1.9874179929006e-17
      ],
      [
        4.25584655121202e-17,
        0.707106782917588,
        0.707106779455507,
        0.0814974745618855
      ],
      [
        1.78055929095631e-16,
        0.707106779455507,
        -0.707106782917588,
        0.365313712395769
      ],
      [
        0.0,
        0.0,
        0.0,
        1.0
      ]
    ],
    "3": [
      [
        -1.0,
        -1.55097049872201e-16,
        2.18275855630106e-16,
        1.9874179929006e-17
      ],
      [
        -4.46741613323586e-17,
        -0.707106782917588,
        -0.707106779455507,
        -0.0814974745618855
      ],
      [
        2.6401451350137e-16,
        -0.707106779455507,
        0.707106782917588,
        0.544308662004231
      ],
      [
        0.0,
        0.0,
        0.0,
        1.0
      ]
    ]
  },
  "simTime": 0.0960000000000017,
  "state": [
    4.56348118675e-37,
    4.35059042765371e-21,
    0.4548111872,
    0.707106781186548,
    -6.2460872452106e-20,
    0.707106781186548,
    -7.68320463015754e-20,
    -3.02729042200207e-35,
    4.12671699275907e-20,
    -0.94143359999999,
    5.52086462162778e-19,
    -4.11788424139209e-18,
    -6.7874134183949e-18,
    1.0,
    9.61832239977749e-19,
    1.84902377930648e-20,
    -1.43893001285241e-19,
    1.0,
    -9.58035127097087e-19,
    -1.84902377930645e-20,
    1.42280117931486e-19,
    1.0,
    -5.12841218969754e-19,
    2.43202969033388e-20,
    8.39750450913773e-20,
    1.0,
    9.63283392846484e-19,
    -2.43202969033384e-20,
    -1.38297772363584e-19,
    2.46695740676808e-17,
    6.16182250495233e-19,
    -8.05796766735959e-18,
    -2.4519590812305e-17,
    -6.16182250495227e-19,
    8.01532721688648e-18,
    -1.6068183201514e-17,
    7.96196608172086e-19,
    4.42949672167623e-18,
    2.47028104025637e-17,
    -7.96196608172079e-19,
    -7.87031808745234e-18
  ]
}