{
  "T_WB": [
    [
      -0.252988979826843,
      -0.551400566670715,
      0.794955339098611,
      -0.0853429544519182
    ],
    [
      -0.442521776145352,
      0.796644466523437,
      0.411742725005253,
      0.00338186587152486
    ],
    [
      -0.860331943916612,
      -0.247618676663945,
      -0.445549029001142,
      0.908841002601052
    ],
    [
      0.0,
      0.0,
      0.0,
      1.0
    ]
  ],
  "T_WH": {
    "0": [
      [
        -0.167072898404686,
        -0.272050881689279,
        0.947668172089125,
        0.00752525894038916
      ],
      [
        -0.681387272067605,
        0.726559197733035,
        0.0884483897750317,
        -0.0431934939745641
      ],
      [
        -0.712599489252501,
        -0.630951701766161,
        -0.306760359165686,
        -0.0264894801034182
      ],
      [
        0.0,
        0.0,
        0.0,
        1.0
      ]
    ],
    "1": [
      [
        -0.348889717649787,
        0.577551377048651,
        0.7380449659658,
        -0.00752525894038916
      ],
      [
        0.895035868393232,
        -0.0281188368826082,
        0.44510686952904,
        0.0431934939745641
      ],
      [
        0.277825051440333,
        0.815869927060421,
        -0.507118825237833,
        0.0264894801034182
      ],
      [
        0.0,
        0.0,
        0.0,
        1.0
      ]
    ],
    "2": [
      [
        -0.509549400869473,
        -0.738448091509915,
        0.441648983038483,
        -0.0277643773265366
      ],
      [
        -0.266698902095151,
        0.62354866216005,
        0.734886903910835,
        0.0077917518829359
      ],
      [
        -0.818065464186579,
        0.256673882706784,
        -0.514672142476569,
        -0.0423370754099107
      ],
      [
        0.0,
        0.0,
        0.0,
        1.0
      ]
    ],
    "3": [
      [
        0.557940333111399,
        -0.0268737578738234,
        0.829445830555124,
        0.0277643773265366
      ],
      [
        -0.477882367678928,
        -0.82753465714428,
        0.29464357092372,
        -0.0077917518829359
      ],
      [
        0.678476991024105,
        -0.56077106947741,
        -0.47455745730948,
        0.0423370754099107
      ],
      [
        0.0,
        0.0,
        0.0,
        1.0
      ]
    ]
  },
  "T_WP": {
    "0": [
      [
        -0.947668172089125,
        -0.272050881689279,
        -0.167072898404686,
        -0.00416984394793886
      ],
      [
        -0.0884483897750318,
        0.726559197733035,
        -0.681387272067605,
        -0.0908906030192964
      ],
      [
        0.306760359165686,
        -0.630951701766161,
        -0.712599489252501,
        -0.0763714443510933
      ],
      [
        0.0,
        0.0,
        0.0,
        1.0
      ]
    ],
    "1": [
      [
        -0.7380449659658,
        0.577551377048651,
        -0.348889717649787,
        -0.0319475391758743
      ],
      [
        -0.44510686952904,
        -0.0281188368826082,
        0.895035868393232,
        0.10584600476209
      ],
      [
        0.507118825237833,
        0.815869927060421,
        0.277825051440333,
        0.0459372337042416
      ],
      [
        0.0,
        0.0,
        0.0,
        1.0
      ]
    ],
    "2": [
      [
        -0.441648983038483,
        -0.738448091509915,
        -0.509549400869473,
        -0.0634328353873997
      ],
      [
        -0.734886903910835,
        0.62354866216005,
        -0.266698902095151,
        -0.0108771712637247
      ],
      [
        0.514672142476569,
        0.256673882706784,
        -0.818065464186579,
        -0.0996016579029712
      ],
      [
        0.0,
        0.0,
        0.0,
        1.0
      ]
    ],
    "3": [
      [
        -0.829445830555124,
        -0.0268737578738234,
        0.557940333111399,
        0.0668202006443346
      ],
      [
        -0.29464357092372,
        -0.82753465714428,
        -0.477882367678928,
        -0.0412435176204609
      ],
      [
        0.47455745730948,
        -0.56077106947741,
        0.678476991024105,
        0.089830464781598
      ],
      [
        0.0,
        0.0,
        0.0,
        1.0
      ]
    ]
  }
}