{
  "arms": {
    "0": [
      [
        0.378724306821823,
        0.650473773479462,
        0.658370435237885,
        0.0289492644369602
      ],
      [
        -0.861804187297821,
        -0.0115001378580928,
        0.507110714912415,
        0.697464227676392
      ],
      [
        0.337433606386185,
        -0.759441614151001,
        0.556225657463074,
        0.0319911502301693
      ],
      [
        0.0,
        0.0,
        0.0,
        1.0
      ]
    ],
    "1": [
      [
        0.436089247465134,
        0.648900330066681,
        -0.623501718044281,
        -0.0425051972270012
      ],
      [
        -0.893266797065735,
        0.396125644445419,
        -0.212506204843521,
        0.661488652229309
      ],
      [
        0.10908966511488,
        0.64962512254715,
        0.752387285232544,
        0.0321254692971706
      ],
      [
        0.0,
        0.0,
        0.0,
        1.0
      ]
    ],
    "2": [
      [
        0.118604481220245,
        -0.812524497509003,
        -0.570733487606049,
        -0.0426912046968937
      ],
      [
        -0.991892099380493,
        -0.0705317184329033,
        -0.10571326315403,
        0.661619126796722
      ],
      [
        0.045639805495739,
        0.578644216060638,
        -0.814302086830139,
        -0.0318741276860237
      ],
      [
        0.0,
        0.0,
        0.0,
        1.0
      ]
    ],
    "3": [
      [
        0.546657204627991,
        -0.554878950119019,
        0.627116441726685,
        0.028763260692358
      ],
      [
        -0.837202787399292,
        -0.347832560539246,
        0.42202365398407,
        0.697594702243805
      ],
      [
        -0.0160405524075031,
        -0.755725979804993,
        -0.654691457748413,
        -0.0320084430277348
      ],
      [
        0.0,
        0.0,
        0.0,
        1.0
      ]
    ]
  },
  "base": [
    [
      0.893180787563324,
      -0.00290632760152221,
      -0.449688196182251,
      -0.00687096966430545
    ],
    [
      0.449694484472275,
      0.00203893263824284,
      0.893180131912231,
      0.679541647434235
    ],
    [
      -0.00167899020016193,
      -0.999993681907654,
      0.00312809529714286,
      5.85125890211202e-05
    ],
    [
      0.0,
      0.0,
      0.0,
      1.0
    ]
  ]
}