{
  "T_WB": [
    [
      0.247938556994294,
      -5.89486823482628e-05,
      0.968775757583064,
      -0.00219279645493476
    ],
    [
      0.000376852304235881,
      0.99999992835752,
      -3.55990930999623e-05,
      -7.47256968202031e-06
    ],
    [
      -0.968775686079047,
      0.000373911764306549,
      0.247938561446307,
      0.330531245169859
    ],
    [
      0.0,
      0.0,
      0.0,
      1.0
    ]
  ],
  "T_WH": {
    "0": [
      [
        0.252701369019204,
        -0.00818311753797233,
        0.967509718133715,
        0.00772663218267214
      ],
      [
        -0.605792929761927,
        0.778365576501612,
        0.164808845538625,
        -0.0319923961849532
      ],
      [
        -0.754424909680401,
        -0.627757967615445,
        0.191736772031464,
        0.29176825255024
      ],
      [
        0.0,
        0.0,
        0.0,
        1.0
      ]
    ],
    "1": [
      [
        -0.142053637230102,
        -0.0966902912341803,
        0.985125246722846,
        -0.0121122250925417
      ],
      [
        0.693516233236931,
        -0.719842855443014,
        0.0293512811391093,
        0.0319774510455892
      ],
      [
        0.70629738664854,
        0.687369806617005,
        0.169312582417093,
        0.369294237789479
      ],
      [
        0.0,
        0.0,
        0.0,
        1.0
      ]
    ],
    "2": [
      [
        0.253164780274154,
        0.00765012168740689,
        0.967392924135228,
        0.00772285946700185
      ],
      [
        0.605958854276252,
        0.778252550404746,
        -0.164732615813386,
        0.0320075992299281
      ],
      [
        -0.754136235008603,
        0.627904804430318,
        0.192390476948243,
        0.291792182903155
      ],
      [
        0.0,
        0.0,
        0.0,
        1.0
      ]
    ],
    "3": [
      [
        -0.141984832051186,
        0.0969509636576658,
        0.985109546250186,
        -0.0121084523768714
      ],
      [
        -0.694022759576394,
        -0.719359309395256,
        -0.0292334256690456,
        -0.0320225443692921
      ],
      [
        0.705813514079579,
        -0.687839148807503,
        0.169424286070227,
        0.369270307436563
      ],
      [
        0.0,
        0.0,
        0.0,
        1.0
      ]
    ]
  },
  "T_WP": {
    "0": [
      [
        -0.967509718133715,
        -0.00818311753797233,
        0.252701369019204,
        0.0254157280140164
      ],
      [
        -0.164808845538625,
        0.778365576501612,
        -0.605792929761927,
        -0.0743979012682881
      ],
      [
        -0.191736772031464,
        -0.627757967615445,
        -0.754424909680401,
        0.238958508872612
      ],
      [
        0.0,
        0.0,
        0.0,
        1.0
      ]
    ],
    "1": [
      [
        -0.985125246722846,
        -0.0966902912341803,
        -0.142053637230102,
        -0.0220559796986488
      ],
      [
        -0.0293512811391093,
        -0.719842855443014,
        0.693516233236931,
        0.0805235873721744
      ],
      [
        -0.169312582417093,
        0.687369806617005,
        0.70629738664854,
        0.418735054854877
      ],
      [
        0.0,
        0.0,
        0.0,
        1.0
      ]
    ],
    "2": [
      [
        -0.967392924135228,
        0.00765012168740689,
        0.253164780274154,
        0.0254443940861927
      ],
      [
        0.164732615813386,
        0.778252550404746,
        0.605958854276252,
        0.0744247190292657
      ],
      [
        -0.192390476948243,
        0.627904804430318,
        -0.754136235008603,
        0.239002646452553
      ],
      [
        0.0,
        0.0,
        0.0,
        1.0
      ]
    ],
    "3": [
      [
        -0.985109546250186,
        0.0969509636576658,
        -0.141984832051186,
        -0.0220473906204544
      ],
      [
        0.0292334256690456,
        -0.719359309395256,
        -0.694022759576394,
        -0.0806041375396397
      ],
      [
        -0.169424286070226,
        -0.687839148807503,
        0.705813514079579,
        0.418677253422134
      ],
      [
        0.0,
        0.0,
        0.0,
        1.0
      ]
    ]
  }
}