{
  "T_WB": [
    [
      -2.22044604925031e-16,
      8.59049330566916e-20,
      1.0,
      -5.56221741608314e-36
    ],
    [
      -1.45832461865136e-18,
      1.0,
      -8.59049330566916e-20,
      4.76646850534165e-21
    ],
    [
      -1.0,
      -1.45832461865136e-18,
      -2.22044604925031e-16,
      0.312594648175002
    ],
    [
      0.0,
      0.0,
      0.0,
      1.0
    ]
  ],
  "T_WH": {
    "0": [
      [
        -1.57162542063115e-16,
        -1.52876255751555e-16,
        1.0,
        -8.88453315485907e-18
      ],
      [
        -0.707106779455507,
        0.707106782917588,
        -3.03086158032166e-18,
        -0.032
      ],
      [
        -0.707106782917588,
        -0.707106779455507,
        -2.19230536373097e-16,
        0.272594648175002
      ],
      [
        0.0,
        0.0,
        0.0,
        1.0
      ]
    ],
    "1": [
      [
        1.57162542063115e-16,
        1.52878664500031e-16,
        1.0,
        8.88453315485907e-18
      ],
      [
        0.707106779455507,
        -0.707106782917588,
        -3.02915833793569e-18,
        0.032
      ],
      [
        0.707106782917588,
        0.707106779455507,
        -2.19232239615475e-16,
        0.352594648175002
      ],
      [
        0.0,
        0.0,
        0.0,
        1.0
      ]
    ],
    "2": [
      [
        -1.57053902998858e-16,
        1.53983367066244e-16,
        1.0,
        -8.87903523914344e-18
      ],
      [
        0.707106779455507,
        0.707106782917588,
        2.17119624141009e-18,
        0.032
      ],
      [
        -0.707106782917588,
        0.707106779455507,
        -2.199365628701e-16,
        0.272594648175002
      ],
      [
        0.0,
        0.0,
        0.0,
        1.0
      ]
    ],
    "3": [
      [
        1.57053902998858e-16,
        -1.52986850327487e-16,
        1.0,
        8.87903523914344e-18
      ],
      [
        -0.707106779455507,
        -0.707106782917588,
        2.87583998667598e-18,
        -0.032
      ],
      [
        0.707106782917588,
        -0.707106779455507,
        -2.19231919128284e-16,
        0.352594648175002
      ],
      [
        0.0,
        0.0,
        0.0,
        1.0
      ]
    ]
  },
  "T_WP": {
    "0": [
      [
        -1.0,
        -1.52876255751555e-16,
        -9.59302021057471e-17,
        -1.98859110992771e-17
      ],
      [
        -4.02669411254574e-17,
        0.707106782917588,
        -0.707106779455507,
        -0.0814974745618855
      ],
      [
        1.75932733455327e-16,
        -0.707106779455507,
        -0.707106782917588,
        0.223097173370771
      ],
      [
        0.0,
        0.0,
        0.0,
        1.0
      ]
    ],
    "1": [
      [
        -1.0,
        1.52878664500031e-16,
        2.18394882020482e-16,
        1.98859110992771e-17
      ],
      [
        4.63269610437147e-17,
        -0.707106782917588,
        0.707106779455507,
        0.0814974745618855
      ],
      [
        2.62530042533245e-16,
        0.707106779455507,
        0.707106782917588,
        0.402092122979233
      ],
      [
        0.0,
        0.0,
        0.0,
        1.0
      ]
    ],
    "2": [
      [
        -1.0,
        1.53983367066244e-16,
        -9.58215630414901e-17,
        -1.98728084490635e-17
      ],
      [
        4.11266064643689e-17,
        0.707106782917588,
        0.707106779455507,
        0.0814974745618855
      ],
      [
        1.7663875995233e-16,
        0.707106779455507,
        -0.707106782917588,
        0.223097173370771
      ],
      [
        0.0,
        0.0,
        0.0,
        1.0
      ]
    ],
    "3": [
      [
        -1.0,
        -1.52986850327487e-16,
        2.18286242956225e-16,
        1.98728084490635e-17
      ],
      [
        -4.6173642692455e-17,
        -0.707106782917588,
        -0.707106779455507,
        -0.0814974745618855
      ],
      [
        2.62529722046055e-16,
        -0.707106779455507,
        0.707106782917588,
        0.402092122979233
      ],
      [
        0.0,
        0.0,
        0.0,
        1.0
      ]
    ]
  },
  "simTime": 0.195499999999995,
  "state": [
    -5.56221741608314e-36,
    4.76646850534165e-21,
    0.312594648175002,
    0.707106781186548,
    -4.85223633158951e-19,
    0.707106781186548,
    -5.45967593860714e-19,
    -7.3296647991015e-35,
    -1.47761487262698e-20,
    -1.91719029999996,
    6.31119391814242e-19,
    -9.55253716086695e-18,
    -1.74515680252726e-17,
    1.0,
    2.03612288580213e-18,
    4.62759249080641e-20,
    -8.32172217407661e-19,
    1.0,
    -2.03491851156396e-18,
    -4.62759249080636e-20,
    8.2890587689296e-19,
    1.0,
    -1.54331118930789e-18,
    5.27003533325917e-20,
    5.26317392813141e-19,
    1.0,
    2.04156955868632e-18,
    -5.27003533325911e-20,
    -8.24446654478135e-19,
    1.76050092680461e-17,
    4.21189283402703e-19,
    -1.91332417662541e-17,
    -1.78169034231155e-17,
    -4.211892834027e-19,
    1.91124174279497e-17,
    -2.07284288748755e-17,
    3.12761583631101e-19,
    1.40239967077678e-17,
    1.77076994985976e-17,
    -3.12761583631097e-19,
    -1.92142969106744e-17
  ]
}