{
  "T_WB": [
    [
      -0.221094398571901,
      -0.53028123326532,
      0.818485846283698,
      -0.0828019040705109
    ],
    [
      -0.427406540497912,
      0.8070519192065,
      0.407419745280848,
      0.00360046219484675
    ],
    [
      -0.876607618070786,
      -0.259747980457436,
      -0.405080326094156,
      0.910141810112944
    ],
    [
      0.0,
      0.0,
      0.0,
      1.0
    ]
  ],
  "T_WH": {
    "0": [
      [
        -0.164847842462192,
        -0.268871742986563,
        0.948964264163266,
        -0.0746766805488967
      ],
      [
        -0.654425416804524,
        0.749654608948039,
        0.0987184943320535,
        -0.0393214608396778
      ],
      [
        -0.737938047993045,
        -0.604752803305889,
        -0.299535447347863,
        0.883389440764751
      ],
      [
        0.0,
        0.0,
        0.0,
        1.0
      ]
    ],
    "1": [
      [
        -0.34747951904302,
        0.554812651713949,
        0.755937104092509,
        -0.0909271275921251
      ],
      [
        0.893806151367944,
        -0.0477560523786762,
        0.445903490946224,
        0.0465223852293713
      ],
      [
        0.283493470158408,
        0.830603564258752,
        -0.479300710846752,
        0.936894179461138
      ],
      [
        0.0,
        0.0,
        0.0,
        1.0
      ]
    ],
    "2": [
      [
        -0.464575636394783,
        -0.735964076566738,
        0.492469649899007,
        -0.108614679477877
      ],
      [
        -0.280148176561989,
        0.649713622397427,
        0.70667475407022,
        0.0123298619895383
      ],
      [
        -0.840051472968993,
        0.190339399164971,
        -0.508020113664944,
        0.866765570015475
      ],
      [
        0.0,
        0.0,
        0.0,
        1.0
      ]
    ],
    "3": [
      [
        0.518914663642872,
        -0.0208865564263198,
        0.854570841777939,
        -0.0569891286631446
      ],
      [
        -0.485933483418355,
        -0.82967352802053,
        0.274791714931272,
        -0.00512893759984476
      ],
      [
        0.70327535258198,
        -0.557858036298319,
        -0.440679236847024,
        0.953518050210414
      ],
      [
        0.0,
        0.0,
        0.0,
        1.0
      ]
    ]
  },
  "T_WP": {
    "0": [
      [
        -0.948964264163266,
        -0.268871742986563,
        -0.164847842462192,
        -0.0862160295212502
      ],
      [
        -0.0987184943320536,
        0.749654608948039,
        -0.654425416804524,
        -0.0851312400159945
      ],
      [
        0.299535447347863,
        -0.604752803305889,
        -0.737938047993045,
        0.831733777405238
      ],
      [
        0.0,
        0.0,
        0.0,
        1.0
      ]
    ],
    "1": [
      [
        -0.755937104092509,
        0.554812651713949,
        -0.34747951904302,
        -0.115250693925136
      ],
      [
        -0.445903490946224,
        -0.0477560523786762,
        0.893806151367944,
        0.109088815825127
      ],
      [
        0.479300710846752,
        0.830603564258752,
        0.283493470158408,
        0.956738722372226
      ],
      [
        0.0,
        0.0,
        0.0,
        1.0
      ]
    ],
    "2": [
      [
        -0.492469649899007,
        -0.735964076566738,
        -0.464575636394783,
        -0.141134974025512
      ],
      [
        -0.70667475407022,
        0.649713622397427,
        -0.280148176561989,
        -0.007280510369801
      ],
      [
        0.508020113664944,
        0.190339399164971,
        -0.840051472968993,
        0.807961966907645
      ],
      [
        0.0,
        0.0,
        0.0,
        1.0
      ]
    ],
    "3": [
      [
        -0.854570841777939,
        -0.0208865564263198,
        0.518914663642872,
        -0.0206651022081436
      ],
      [
        -0.274791714931272,
        -0.82967352802053,
        -0.485933483418355,
        -0.0391442814391296
      ],
      [
        0.440679236847024,
        -0.557858036298319,
        0.70327535258198,
        1.00274732489115
      ],
      [
        0.0,
        0.0,
        0.0,
        1.0
      ]
    ]
  }
}