{
  "T_WB": [
    [
      0.99997634410378,
      -0.00235100849253433,
      0.00646405382913266,
      -0.0748450650344255
    ],
    [
      0.00233986287000758,
      0.999995763866026,
      0.00173126882740271,
      3.2731246028015e-05
    ],
    [
      -0.00646809667425071,
      -0.00171610287314249,
      0.999977609107495,
      0.294810865820453
    ],
    [
      0.0,
      0.0,
      0.0,
      1.0
    ]
  ],
  "T_WH": {
    "0": [
      [
        -0.0897635189870086,
        0.924155814210805,
        -0.371319999083585,
        -0.0347707789985132
      ],
      [
        -0.812891367977864,
        -0.283395741425794,
        -0.508816742657709,
        -0.0318735386828845
      ],
      [
        -0.575456457541442,
        0.256169640672131,
        0.776676883054829,
        0.294607057245423
      ],
      [
        0.0,
        0.0,
        0.0,
        1.0
      ]
    ],
    "1": [
      [
        -0.65191943666522,
        -0.756133643393661,
        0.0571223373675342,
        -0.114919351070338
      ],
      [
        0.758255641825089,
        -0.649340693910769,
        0.0583527623330965,
        0.0319390011749405
      ],
      [
        -0.00703062860096894,
        0.0813546345312206,
        0.996660420455115,
        0.295014674395482
      ],
      [
        0.0,
        0.0,
        0.0,
        1.0
      ]
    ],
    "2": [
      [
        -0.0934606766683723,
        -0.922635971312716,
        -0.374176384017659,
        -0.0349212435420354
      ],
      [
        0.810003151993913,
        -0.288992994135943,
        0.510272420477797,
        0.0321261902045411
      ],
      [
        -0.578930043853846,
        -0.255393644752925,
        0.77434752569063,
        0.294497226661542
      ],
      [
        0.0,
        0.0,
        0.0,
        1.0
      ]
    ],
    "3": [
      [
        -0.648484677145388,
        0.75903677810018,
        0.057713022784636,
        -0.114768886526816
      ],
      [
        -0.761214216416725,
        -0.646155393342563,
        -0.0551010379157105,
        -0.0320607277124851
      ],
      [
        -0.00453213335112195,
        -0.0796641521991926,
        0.996811457910508,
        0.295124504979363
      ],
      [
        0.0,
        0.0,
        0.0,
        1.0
      ]
    ]
  },
  "T_WP": {
    "0": [
      [
        0.371319999083585,
        0.924155814210805,
        -0.0897635189870087,
        -0.0410542253276038
      ],
      [
        0.508816742657709,
        -0.283395741425794,
        -0.812891367977864,
        -0.088775934441335
      ],
      [
        -0.776676883054829,
        0.256169640672131,
        -0.575456457541442,
        0.254325105217522
      ],
      [
        0.0,
        0.0,
        0.0,
        1.0
      ]
    ],
    "1": [
      [
        -0.0571223373675342,
        -0.756133643393661,
        -0.65191943666522,
        -0.160553711636903
      ],
      [
        -0.0583527623330964,
        -0.649340693910769,
        0.758255641825089,
        0.0850168961026968
      ],
      [
        -0.996660420455115,
        0.0813546345312206,
        -0.00703062860096888,
        0.294522530393415
      ],
      [
        0.0,
        0.0,
        0.0,
        1.0
      ]
    ],
    "2": [
      [
        0.374176384017659,
        -0.922635971312716,
        -0.0934606766683724,
        -0.0414634909088215
      ],
      [
        -0.510272420477797,
        -0.288992994135943,
        0.810003151993913,
        0.0888264108441151
      ],
      [
        -0.77434752569063,
        -0.255393644752925,
        -0.578930043853846,
        0.253972123591773
      ],
      [
        0.0,
        0.0,
        0.0,
        1.0
      ]
    ],
    "3": [
      [
        -0.057713022784636,
        0.75903677810018,
        -0.648484677145388,
        -0.160162813926993
      ],
      [
        0.0551010379157104,
        -0.646155393342563,
        -0.761214216416725,
        -0.0853457228616559
      ],
      [
        -0.996811457910508,
        -0.0796641521991926,
        -0.00453213335112189,
        0.294807255644785
      ],
      [
        0.0,
        0.0,
        0.0,
        1.0
      ]
    ]
  },
  "simTime": 0.611499999999949,
  "state": [
    -0.0748450650344255,
    3.2731246028015e-05,
    0.294810865820453,
    0.99999371461491,
    -0.00086184834218502,
    0.00323305794686006,
    0.00117272521166504,
    -0.321342832926485,
    -0.000206374835127203,
    -1.11526779860319,
    -0.0117903638623101,
    -3.14235313045524,
    0.000393496839965007,
    0.826850797591818,
    0.268703031158556,
    0.202754778677979,
    -0.450562913799197,
    0.998516290473997,
    0.0378628890071895,
    0.00349519321872489,
    -0.0389795192176819,
    0.826665655833828,
    -0.269039811869713,
    0.203027398954701,
    0.450578903598054,
    0.998509290529622,
    -0.0381319343641065,
    0.00354311828597101,
    0.0388921408576887,
    -4.53467501318838,
    -2.35609291179648,
    -3.07708787001084,
    -0.345122513337345,
    0.148927887174299,
    -0.549013799168695,
    4.5365037878732,
    -2.3584264932813,
    3.07965536738889,
    0.343455256742745,
    0.148526848044645,
    0.551602532974358
  ]
}