{
  "T_WB": [
    [
      0.44621661601082,
      -0.000712817211192675,
      0.894924702691503,
      -0.0107925813845038
    ],
    [
      0.000555059985939959,
      0.999999710882447,
      0.000519753243034467,
      1.44154668701372e-05
    ],
    [
      -0.894924814442121,
      0.000264814359625778,
      0.446216882658075,
      0.257287838804659
    ],
    [
      0.0,
      0.0,
      0.0,
      1.0
    ]
  ],
  "T_WH": {
    "0": [
      [
        0.523808137201978,
        0.846663553015747,
        0.0937329365577778,
        0.00707889340668721
      ],
      [
        -0.634511743658775,
        0.461219072073995,
        -0.620219166677639,
        -0.0319633728819306
      ],
      [
        -0.568348381329705,
        0.265401197340844,
        0.77880827030146,
        0.221482372167466
      ],
      [
        0.0,
        0.0,
        0.0,
        1.0
      ]
    ],
    "1": [
      [
        -0.265866905321284,
        -0.229853250681832,
        0.936206319037571,
        -0.0286640561756947
      ],
      [
        0.663596979323821,
        -0.748074956035512,
        0.0047863540160164,
        0.0319922038156709
      ],
      [
        0.699252341924704,
        0.622536218467216,
        0.351418296349742,
        0.293093305441851
      ],
      [
        0.0,
        0.0,
        0.0,
        1.0
      ]
    ],
    "2": [
      [
        0.523571191926989,
        -0.846994269342751,
        0.0920538683852681,
        0.00703327310517088
      ],
      [
        0.635471889659049,
        0.460200846358161,
        0.619992466457771,
        0.0320366086145461
      ],
      [
        -0.567493334266852,
        -0.266112548955837,
        0.779188954523175,
        0.221499320286482
      ],
      [
        0.0,
        0.0,
        0.0,
        1.0
      ]
    ],
    "3": [
      [
        -0.265230318872615,
        0.230964780357967,
        0.936113320162109,
        -0.0286184358741784
      ],
      [
        -0.664098841318477,
        -0.747635642916175,
        -0.0036978913955766,
        -0.0320077776808058
      ],
      [
        0.699017601287827,
        -0.622652564176454,
        0.351679082992293,
        0.293076357322835
      ],
      [
        0.0,
        0.0,
        0.0,
        1.0
      ]
    ]
  },
  "T_WP": {
    "0": [
      [
        -0.0937329365577778,
        0.846663553015747,
        0.523808137201978,
        0.0437454630108257
      ],
      [
        0.620219166677639,
        0.461219072073995,
        -0.634511743658775,
        -0.0763791949380448
      ],
      [
        -0.77880827030146,
        0.265401197340844,
        -0.568348381329705,
        0.181697985474386
      ],
      [
        0.0,
        0.0,
        0.0,
        1.0
      ]
    ],
    "1": [
      [
        -0.936206319037571,
        -0.229853250681832,
        -0.265866905321284,
        -0.0472747395481846
      ],
      [
        -0.00478635401601635,
        -0.748074956035512,
        0.663596979323821,
        0.0784439923683383
      ],
      [
        -0.351418296349742,
        0.622536218467216,
        0.699252341924704,
        0.342040969376581
      ],
      [
        0.0,
        0.0,
        0.0,
        1.0
      ]
    ],
    "2": [
      [
        -0.0920538683852681,
        -0.846994269342751,
        0.523571191926989,
        0.0436832565400601
      ],
      [
        -0.619992466457771,
        0.460200846358161,
        0.635471889659049,
        0.0765196408906795
      ],
      [
        -0.779188954523175,
        -0.266112548955837,
        -0.567493334266852,
        0.181774786887802
      ],
      [
        0.0,
        0.0,
        0.0,
        1.0
      ]
    ],
    "3": [
      [
        -0.936113320162109,
        0.230964780357967,
        -0.265230318872615,
        -0.0471845581952615
      ],
      [
        0.00369789139557656,
        -0.747635642916175,
        -0.664098841318477,
        -0.0784946965730992
      ],
      [
        -0.351679082992293,
        -0.622652564176454,
        0.699017601287827,
        0.342007589412983
      ],
      [
        0.0,
        0.0,
        0.0,
        1.0
      ]
    ]
  },
  "simTime": 0.359499999999977,
  "state": [
    -0.0107925813845038,
    1.44154668701372e-05,
    0.257287838804659,
    0.850357749648838,
    -7.49504792288798e-05,
    0.526204858447153,
    0.00037274817500523,
    -0.175897259617367,
    0.000301689928384769,
    1.39367097036353,
    -0.0097657044735934,
    -5.38488334405401,
    0.00510545582689974,
    0.841119058066191,
    0.528561616753519,
    -0.0712961309240179,
    0.0897675284722396,
    0.998218689478918,
    0.0369885380354894,
    -0.0361819703455574,
    0.0297011961190367,
    0.840890085113488,
    -0.528841168284983,
    -0.0716353518649324,
    -0.0899958879504649,
    0.99822092620469,
    -0.0369081332794992,
    -0.0360653749889559,
    -0.0298673887673322,
    2.26394850032758,
    0.653306045744633,
    -4.37968156164683,
    0.337569222921332,
    0.333962029971319,
    -0.380569477132422,
    -2.2671977428621,
    0.656589406239213,
    4.38212288774521,
    -0.340218438620493,
    0.33363822148238,
    0.378885769232557
  ]
}