{
  "T_WB": [
    [
      0.972941371065202,
      -0.00217503952641999,
      -0.231041895925443,
      -0.00260144251286259
    ],
    [
      0.00173311286053115,
      0.999996260070199,
      -0.00211569502245894,
      -4.33057020403705e-06
    ],
    [
      0.23104563356527,
      0.00165802553475714,
      0.972941501921749,
      0.0633746347693461
    ],
    [
      0.0,
      0.0,
      0.0,
      1.0
    ]
  ],
  "T_WH": {
    "0": [
      [
        0.710789141322044,
        0.583732467099318,
        -0.392473188170626,
        0.0363858135945909
      ],
      [
        -0.690781809787739,
        0.684506217178127,
        -0.232962936775074,
        -0.0319348863780292
      ],
      [
        0.132662307552098,
        0.436700865007885,
        0.88977135639237,
        0.0725634032948447
      ],
      [
        0.0,
        0.0,
        0.0,
        1.0
      ]
    ],
    "1": [
      [
        -0.642370856043497,
        -0.716419713009669,
        -0.272217703533566,
        -0.0415886986203161
      ],
      [
        0.751372344023194,
        -0.658693911327669,
        -0.0395212830883229,
        0.0319262252376211
      ],
      [
        -0.15099431758525,
        -0.22992417443801,
        0.961423730758693,
        0.0541858662438475
      ],
      [
        0.0,
        0.0,
        0.0,
        1.0
      ]
    ],
    "2": [
      [
        0.707181884440175,
        -0.587380483224112,
        -0.393545359834227,
        0.0362466110649001
      ],
      [
        0.694076212419042,
        0.682806730171009,
        0.228107826668031,
        0.0320648742664636
      ],
      [
        0.134729334866911,
        -0.43446419548748,
        0.890555371195826,
        0.0726695169290691
      ],
      [
        0.0,
        0.0,
        0.0,
        1.0
      ]
    ],
    "3": [
      [
        -0.63919099694654,
        0.719254027161112,
        -0.272228789504362,
        -0.0414494960906252
      ],
      [
        -0.7535757334826,
        -0.656425979076832,
        0.0350506476285944,
        -0.0320735354068716
      ],
      [
        -0.15348773022183,
        0.227549068127173,
        0.961593957065978,
        0.054079752609623
      ],
      [
        0.0,
        0.0,
        0.0,
        1.0
      ]
    ]
  },
  "T_WP": {
    "0": [
      [
        0.392473188170626,
        0.583732467099318,
        0.710789141322044,
        0.086141053487134
      ],
      [
        0.232962936775074,
        0.684506217178127,
        -0.690781809787739,
        -0.0802896130631709
      ],
      [
        -0.88977135639237,
        0.436700865007885,
        0.132662307552098,
        0.0818497648234915
      ],
      [
        0.0,
        0.0,
        0.0,
        1.0
      ]
    ],
    "1": [
      [
        0.272217703533566,
        -0.716419713009669,
        -0.642370856043497,
        -0.0865546585433609
      ],
      [
        0.0395212830883229,
        -0.658693911327669,
        0.751372344023194,
        0.0845222893192447
      ],
      [
        -0.961423730758693,
        -0.22992417443801,
        -0.15099431758525,
        0.04361626401288
      ],
      [
        0.0,
        0.0,
        0.0,
        1.0
      ]
    ],
    "2": [
      [
        0.393545359834227,
        -0.587380483224112,
        0.707181884440175,
        0.0857493429757123
      ],
      [
        -0.228107826668031,
        0.682806730171009,
        0.694076212419042,
        0.0806502091357965
      ],
      [
        -0.890555371195826,
        -0.43446419548748,
        0.134729334866911,
        0.0821005703697529
      ],
      [
        0.0,
        0.0,
        0.0,
        1.0
      ]
    ],
    "3": [
      [
        0.272228789504362,
        0.719254027161112,
        -0.63919099694654,
        -0.0861928658768831
      ],
      [
        -0.0350506476285945,
        -0.656425979076832,
        -0.7535757334826,
        -0.0848238367506536
      ],
      [
        -0.961593957065978,
        0.227549068127173,
        -0.15348773022183,
        0.0433356114940949
      ],
      [
        0.0,
        0.0,
        0.0,
        1.0
      ]
    ]
  }
}