{
  "arms": {
    "0": [
      [
        -0.655388534069061,
        0.237844720482826,
        0.716865062713623,
        0.0238502323627472
      ],
      [
        -0.67560738325119,
        -0.608936488628387,
        -0.415633320808411,
        0.481966584920883
      ],
      [
        0.337669134140015,
        -0.756720781326294,
        0.559779644012451,
        0.0319687090814114
      ],
      [
        0.0,
        0.0,
        0.0,
        1.0
      ]
    ],
    "1": [
      [
        -0.663664519786835,
        0.614854633808136,
        -0.426031678915024,
        -0.036196194589138
      ],
      [
        -0.738731384277344,
        -0.449203342199326,
        0.502486169338226,
        0.534828782081604
      ],
      [
        0.117581121623516,
        0.64820522069931,
        0.752332806587219,
        0.0320908389985561
      ],
      [
        0.0,
        0.0,
        0.0,
        1.0
      ]
    ],
    "2": [
      [
        -0.87498414516449,
        -0.36951944231987,
        -0.312822610139847,
        -0.0362387672066689
      ],
      [
        -0.48214727640152,
        0.723780870437622,
        0.493634760379791,
        0.534928262233734
      ],
      [
        0.0440073944628239,
        0.58274918794632,
        -0.811459600925446,
        -0.0319090709090233
      ],
      [
        0.0,
        0.0,
        0.0,
        1.0
      ]
    ],
    "3": [
      [
        -0.567621171474457,
        -0.533546686172485,
        0.627003908157349,
        0.0238076616078615
      ],
      [
        -0.823210179805756,
        0.378414034843445,
        -0.423234939575195,
        0.482066065073013
      ],
      [
        -0.0114514734596014,
        -0.756393194198608,
        -0.654016971588135,
        -0.0320312008261681
      ],
      [
        0.0,
        0.0,
        0.0,
        1.0
      ]
    ]
  },
  "base": [
    [
      0.750580370426178,
      -0.000665182597003877,
      0.660778701305389,
      -0.00619426742196083
    ],
    [
      -0.66077733039856,
      0.00155472732149065,
      0.750580370426178,
      0.508447408676147
    ],
    [
      -0.00152660382445902,
      -0.999998569488525,
      0.00072741019539535,
      2.98190643661655e-05
    ],
    [
      0.0,
      0.0,
      0.0,
      1.0
    ]
  ]
}