{
  "T_WB": [
    [
      0.997816256207679,
      -0.00235066895414064,
      -0.0660090387989297,
      -0.082658299023387
    ],
    [
      0.00247752530603239,
      0.999995238105179,
      0.00184000959918044,
      2.72243234278115e-05
    ],
    [
      0.0660043992173896,
      -0.00199953055369164,
      0.997817328553436,
      0.265120268781796
    ],
    [
      0.0,
      0.0,
      0.0,
      1.0
    ]
  ],
  "T_WH": {
    "0": [
      [
        -0.12994961267697,
        0.939327784384806,
        -0.31745300699133,
        -0.0426704273685473
      ],
      [
        -0.823248454422683,
        -0.280656393084813,
        -0.493451082997379,
        -0.0318735222836966
      ],
      [
        -0.552607528410326,
        0.197218920246905,
        0.809771336267762,
        0.26782442972821
      ],
      [
        0.0,
        0.0,
        0.0,
        1.0
      ]
    ],
    "1": [
      [
        -0.64002967808046,
        -0.767966990868746,
        -0.0242633903695773,
        -0.122646170678227
      ],
      [
        0.766168498450471,
        -0.640272074910233,
        0.0551135380128665,
        0.0319279709305522
      ],
      [
        -0.0578605492401576,
        0.0166844546254735,
        0.998185246242138,
        0.262416107835382
      ],
      [
        0.0,
        0.0,
        0.0,
        1.0
      ]
    ],
    "2": [
      [
        -0.133727790672183,
        -0.937873212921385,
        -0.320172944650941,
        -0.0428208701816123
      ],
      [
        0.819958196022175,
        -0.286159392526048,
        0.49576341015164,
        0.0321261729550348
      ],
      [
        -0.556583717672371,
        -0.196231084575408,
        0.807284291107143,
        0.267696459772774
      ],
      [
        0.0,
        0.0,
        0.0,
        1.0
      ]
    ],
    "3": [
      [
        -0.636501973223755,
        0.770912301410413,
        -0.0236529409665488,
        -0.122495727865162
      ],
      [
        -0.769318083400734,
        -0.636771585006859,
        -0.0516878620226709,
        -0.0320717243081792
      ],
      [
        -0.0549083293762241,
        -0.0147027909579712,
        0.998383144540791,
        0.262544077790819
      ],
      [
        0.0,
        0.0,
        0.0,
        1.0
      ]
    ]
  },
  "T_WP": {
    "0": [
      [
        0.31745300699133,
        0.939327784384806,
        -0.12994961267697,
        -0.0517669002559352
      ],
      [
        0.493451082997379,
        -0.280656393084813,
        -0.823248454422683,
        -0.0895009140932845
      ],
      [
        -0.809771336267762,
        0.197218920246905,
        -0.552607528410326,
        0.229141902739487
      ],
      [
        0.0,
        0.0,
        0.0,
        1.0
      ]
    ],
    "1": [
      [
        0.0242633903695773,
        -0.767966990868746,
        -0.64002967808046,
        -0.167448248143859
      ],
      [
        -0.0551135380128665,
        -0.640272074910233,
        0.766168498450471,
        0.0855597658220852
      ],
      [
        -0.998185246242138,
        0.0166844546254735,
        -0.0578605492401575,
        0.258365869388571
      ],
      [
        0.0,
        0.0,
        0.0,
        1.0
      ]
    ],
    "2": [
      [
        0.320172944650941,
        -0.937873212921385,
        -0.133727790672183,
        -0.0521818155286651
      ],
      [
        -0.49576341015164,
        -0.286159392526048,
        0.819958196022175,
        0.0895232466765871
      ],
      [
        -0.807284291107143,
        -0.196231084575408,
        -0.556583717672371,
        0.228735599535708
      ],
      [
        0.0,
        0.0,
        0.0,
        1.0
      ]
    ],
    "3": [
      [
        0.0236529409665488,
        0.770912301410413,
        -0.636501973223755,
        -0.167050865990824
      ],
      [
        0.0516878620226709,
        -0.636771585006859,
        -0.769318083400734,
        -0.0859239901462306
      ],
      [
        -0.998383144540791,
        -0.0147027909579712,
        -0.054908329376224,
        0.258700494734483
      ],
      [
        0.0,
        0.0,
        0.0,
        1.0
      ]
    ]
  },
  "simTime": 0.635499999999946,
  "state": [
    -0.082658299023387,
    2.72243234278115e-05,
    0.265120268781796,
    0.99945345350175,
    -0.000960409946911389,
    -0.0330214072385734,
    0.00120770863396806,
    -0.329468366959342,
    -0.000251780333622753,
    -1.35900798101481,
    -0.0118224247429663,
    -2.90245118105026,
    0.000303878944357206,
    0.830877282273318,
    0.201852852105336,
    0.212673655601901,
    -0.472935813945159,
    0.998402761106057,
    0.0333851613846733,
    0.0055368617721106,
    -0.0452404771950813,
    0.830716500352984,
    -0.202151947973873,
    0.212955872618742,
    0.472963510525758,
    0.998395414752877,
    -0.0336710288859347,
    0.00558210235335615,
    0.0451851496346967,
    -4.83081422610064,
    -2.45059210957755,
    -2.40462246223237,
    -0.408381463187707,
    0.122221242015596,
    -0.507617782185981,
    4.8327346746745,
    -2.45305531223204,
    2.40645003441263,
    0.407126498668603,
    0.121863248590903,
    0.510448046607875
  ]
}