{
  "arms": {
    "0": [
      [
        -0.85106760263443,
        0.226710796356201,
        0.473588645458221,
        0.0205617491155863
      ],
      [
        -0.120341062545776,
        0.793742060661316,
        -0.59623110294342,
        -0.031129838898778
      ],
      [
        -0.511079251766205,
        -0.564425110816956,
        -0.648245513439178,
        0.0679475739598274
      ],
      [
        0.0,
        0.0,
        0.0,
        1.0
      ]
    ],
    "1": [
      [
        -0.807615756988525,
        0.463625341653824,
        -0.364428818225861,
        -0.0233500115573406
      ],
      [
        -0.0587679818272591,
        -0.678180038928986,
        -0.732542276382446,
        -0.0330777168273926
      ],
      [
        -0.58677351474762,
        -0.570195913314819,
        0.5749551653862,
        0.134790390729904
      ],
      [
        0.0,
        0.0,
        0.0,
        1.0
      ]
    ],
    "2": [
      [
        -0.88339227437973,
        -0.308652073144913,
        -0.35263580083847,
        -0.0235768146812916
      ],
      [
        -0.0609577372670174,
        -0.670402050018311,
        0.739489853382111,
        0.03089889138937
      ],
      [
        -0.464652836322784,
        0.674755454063416,
        0.573413252830505,
        0.136505752801895
      ],
      [
        0.0,
        0.0,
        0.0,
        1.0
      ]
    ],
    "3": [
      [
        -0.797548890113831,
        -0.445039033889771,
        0.407254219055176,
        0.0203349441289902
      ],
      [
        -0.0233960617333651,
        0.697406530380249,
        0.716293752193451,
        0.0328467674553394
      ],
      [
        -0.60280042886734,
        0.561751127243042,
        -0.566627979278564,
        0.0696629285812378
      ],
      [
        0.0,
        0.0,
        0.0,
        1.0
      ]
    ]
  },
  "arms_in_parent_frame": {
    "0": [
      [
        -4.60271500912768e-08,
        1.31781732193303e-08,
        0.999999940395355,
        1.86264514923096e-09
      ],
      [
        -1.34007009933157e-08,
        0.999999940395355,
        1.31781732193303e-08,
        0.0
      ],
      [
        -1.0,
        1.34007009933157e-08,
        4.60271500912768e-08,
        3.72529029846191e-09
      ],
      [
        0.0,
        0.0,
        0.0,
        1.0
      ]
    ],
    "1": [
      [
        2.50958080982855e-08,
        2.39232775811615e-08,
        1.0,
        -7.45058059692383e-09
      ],
      [
        -1.54196300172771e-09,
        1.0,
        2.39232775811615e-08,
        0.0
      ],
      [
        -1.0,
        1.54196300172771e-09,
        -2.50958080982855e-08,
        0.0
      ],
      [
        0.0,
        0.0,
        0.0,
        1.0
      ]
    ],
    "2": [
      [
        3.2251257664484e-08,
        -2.68157549498937e-08,
        1.0,
        0.0
      ],
      [
        1.20792904567679e-08,
        0.999999940395355,
        -2.68157549498937e-08,
        -7.45058059692383e-09
      ],
      [
        -1.0,
        -1.20792904567679e-08,
        -3.2251257664484e-08,
        0.0
      ],
      [
        0.0,
        0.0,
        0.0,
        1.0
      ]
    ],
    "3": [
      [
        6.49700382382434e-09,
        6.79085587762529e-09,
        1.0,
        2.3283064365387e-09
      ],
      [
        1.31656463508989e-09,
        0.999999940395355,
        6.79085587762529e-09,
        0.0
      ],
      [
        -0.999999940395355,
        -1.31656463508989e-09,
        -6.49700382382434e-09,
        0.0
      ],
      [
        0.0,
        0.0,
        0.0,
        1.0
      ]
    ]
  },
  "arms_link_world": {
    "0": [
      [
        -0.85106760263443,
        0.226710796356201,
        0.473588645458221,
        0.0205617491155863
      ],
      [
        -0.120341062545776,
        0.793742060661316,
        -0.59623110294342,
        -0.031129838898778
      ],
      [
        -0.511079251766205,
        -0.564425110816956,
        -0.648245513439178,
        0.0679475739598274
      ],
      [
        0.0,
        0.0,
        0.0,
        1.0
      ]
    ],
    "1": [
      [
        -0.807615756988525,
        0.463625341653824,
        -0.364428818225861,
        -0.0233500115573406
      ],
      [
        -0.0587679818272591,
        -0.678180038928986,
        -0.732542276382446,
        -0.0330777168273926
      ],
      [
        -0.58677351474762,
        -0.570195913314819,
        0.5749551653862,
        0.134790390729904
      ],
      [
        0.0,
        0.0,
        0.0,
        1.0
      ]
    ],
    "2": [
      [
        -0.88339227437973,
        -0.308652073144913,
        -0.35263580083847,
        -0.0235768146812916
      ],
      [
        -0.0609577372670174,
        -0.670402050018311,
        0.739489853382111,
        0.03089889138937
      ],
      [
        -0.464652836322784,
        0.674755454063416,
        0.573413252830505,
        0.136505752801895
      ],
      [
        0.0,
        0.0,
        0.0,
        1.0
      ]
    ],
    "3": [
      [
        -0.797548890113831,
        -0.445039033889771,
        0.407254219055176,
        0.0203349441289902
      ],
      [
        -0.0233960617333651,
        0.697406530380249,
        0.716293752193451,
        0.0328467674553394
      ],
      [
        -0.60280042886734,
        0.561751127243042,
        -0.566627979278564,
        0.0696629285812378
      ],
      [
        0.0,
        0.0,
        0.0,
        1.0
      ]
    ]
  },
  "arms_relative_to_base": {
    "0": [
      [
        -0.0430537797510624,
        0.615364372730255,
        0.787066102027893,
        0.0399999991059303
      ],
      [
        -0.130979210138321,
        0.777520537376404,
        -0.615066051483154,
        -0.0320000015199184
      ],
      [
        -0.990449845790863,
        -0.129570230841637,
        0.0471247658133507,
        0.0
      ],
      [
        0.0,
        0.0,
        0.0,
        1.0
      ]
    ],
    "1": [
      [
        0.0455412454903126,
        0.714388728141785,
        -0.698265492916107,
        -0.0399999991059303
      ],
      [
        -0.0716114193201065,
        -0.694857776165009,
        -0.715572834014893,
        -0.0320000015199184
      ],
      [
        -0.996392428874969,
        0.0825918391346931,
        0.0195137020200491,
        -3.72529029846191e-09
      ],
      [
        0.0,
        0.0,
        0.0,
        1.0
      ]
    ],
    "2": [
      [
        -0.0981417298316956,
        -0.749523460865021,
        -0.654662311077118,
        -0.0399999991059303
      ],
      [
        -0.0702587068080902,
        -0.650978088378906,
        0.755838096141815,
        0.0320000015199184
      ],
      [
        -0.992689251899719,
        0.120174996554852,
        0.011227585375309,
        0.0
      ],
      [
        0.0,
        0.0,
        0.0,
        1.0
      ]
    ],
    "3": [
      [
        0.0653192028403282,
        -0.696662724018097,
        0.714418947696686,
        0.0399999991059303
      ],
      [
        -0.036717664450407,
        0.7137850522995,
        0.699401676654816,
        0.0320000015199184
      ],
      [
        -0.997188687324524,
        -0.0719161406159401,
        0.0210440568625927,
        0.0
      ],
      [
        0.0,
        0.0,
        0.0,
        1.0
      ]
    ]
  },
  "arms_view_frame": {
    "0": [
      [
        -0.851067543029785,
        0.22671078145504,
        0.473588615655899,
        0.0205617472529411
      ],
      [
        -0.511079251766205,
        -0.5644251704216,
        -0.648245513439178,
        0.0679475739598274
      ],
      [
        0.120341084897518,
        -0.793742060661316,
        0.59623110294342,
        0.0311298351734877
      ],
      [
        0.0,
        0.0,
        0.0,
        1.0
      ]
    ],
    "1": [
      [
        -0.807615697383881,
        0.463625311851501,
        -0.364428788423538,
        -0.0233500096946955
      ],
      [
        -0.58677351474762,
        -0.570195913314819,
        0.574955224990845,
        0.134790390729904
      ],
      [
        0.0587680079042912,
        0.678180038928986,
        0.732542276382446,
        0.033077709376812
      ],
      [
        0.0,
        0.0,
        0.0,
        1.0
      ]
    ],
    "2": [
      [
        -0.883392214775085,
        -0.30865204334259,
        -0.352635771036148,
        -0.0235768128186464
      ],
      [
        -0.464652836322784,
        0.674755454063416,
        0.573413193225861,
        0.136505752801895
      ],
      [
        0.0609577558934689,
        0.670402050018311,
        -0.739489853382111,
        -0.0308988969773054
      ],
      [
        0.0,
        0.0,
        0.0,
        1.0
      ]
    ],
    "3": [
      [
        -0.797548830509186,
        -0.445039004087448,
        0.407254189252853,
        0.020334942266345
      ],
      [
        -0.60280042886734,
        0.561751067638397,
        -0.566628038883209,
        0.0696629285812378
      ],
      [
        0.0233960878103971,
        -0.697406530380249,
        -0.716293752193451,
        -0.0328467711806297
      ],
      [
        0.0,
        0.0,
        0.0,
        1.0
      ]
    ]
  },
  "arms_visual_world": {
    "0": [
      [
        -0.85106760263443,
        0.226710796356201,
        0.473588645458221,
        0.0205617491155863
      ],
      [
        -0.120341062545776,
        0.793742060661316,
        -0.59623110294342,
        -0.031129838898778
      ],
      [
        -0.511079251766205,
        -0.564425110816956,
        -0.648245513439178,
        0.0679475739598274
      ],
      [
        0.0,
        0.0,
        0.0,
        1.0
      ]
    ],
    "1": [
      [
        -0.807615756988525,
        0.463625341653824,
        -0.364428818225861,
        -0.0233500115573406
      ],
      [
        -0.0587679818272591,
        -0.678180038928986,
        -0.732542276382446,
        -0.0330777168273926
      ],
      [
        -0.58677351474762,
        -0.570195913314819,
        0.5749551653862,
        0.134790390729904
      ],
      [
        0.0,
        0.0,
        0.0,
        1.0
      ]
    ],
    "2": [
      [
        -0.88339227437973,
        -0.308652073144913,
        -0.35263580083847,
        -0.0235768146812916
      ],
      [
        -0.0609577372670174,
        -0.670402050018311,
        0.739489853382111,
        0.03089889138937
      ],
      [
        -0.464652836322784,
        0.674755454063416,
        0.573413252830505,
        0.136505752801895
      ],
      [
        0.0,
        0.0,
        0.0,
        1.0
      ]
    ],
    "3": [
      [
        -0.797548890113831,
        -0.445039033889771,
        0.407254219055176,
        0.0203349441289902
      ],
      [
        -0.0233960617333651,
        0.697406530380249,
        0.716293752193451,
        0.0328467674553394
      ],
      [
        -0.60280042886734,
        0.561751127243042,
        -0.566627979278564,
        0.0696629285812378
      ],
      [
        0.0,
        0.0,
        0.0,
        1.0
      ]
    ]
  },
  "base": [
    [
      0.548896968364716,
      -0.00354380044154823,
      0.835882484912872,
      -0.00150753324851394
    ],
    [
      0.0243484489619732,
      0.999634444713593,
      -0.0117507968097925,
      -0.000115474307676777
    ],
    [
      -0.835535287857056,
      0.0268024187535048,
      0.548782646656036,
      0.102226659655571
    ],
    [
      0.0,
      0.0,
      0.0,
      1.0
    ]
  ],
  "base_link_world": [
    [
      0.548896968364716,
      -0.00354380044154823,
      0.835882484912872,
      -0.00150753324851394
    ],
    [
      0.0243484489619732,
      0.999634444713593,
      -0.0117507968097925,
      -0.000115474307676777
    ],
    [
      -0.835535287857056,
      0.0268024187535048,
      0.548782646656036,
      0.102226659655571
    ],
    [
      0.0,
      0.0,
      0.0,
      1.0
    ]
  ],
  "base_view_frame": [
    [
      0.548896908760071,
      -0.00354380020871758,
      0.835882425308228,
      -0.00150753313209862
    ],
    [
      -0.835535287857056,
      0.0268023759126663,
      0.548782646656036,
      0.102226659655571
    ],
    [
      -0.0243484117090702,
      -0.999634444713593,
      0.0117507725954056,
      0.000115469840238802
    ],
    [
      0.0,
      0.0,
      0.0,
      1.0
    ]
  ],
  "base_visual_world": [
    [
      -0.00354036502540112,
      -0.548896908760071,
      0.835882484912872,
      -0.00150753324851394
    ],
    [
      0.999634563922882,
      -0.0243421904742718,
      -0.0117507968097925,
      -0.000115474307676777
    ],
    [
      0.0267971884459257,
      0.835535407066345,
      0.548782646656036,
      0.102226659655571
    ],
    [
      0.0,
      0.0,
      0.0,
      1.0
    ]
  ],
  "view_adjust": [
    [
      0.999999940395355,
      0.0,
      0.0,
      0.0
    ],
    [
      0.0,
      -4.37113882867379e-08,
      1.0,
      0.0
    ],
    [
      0.0,
      -1.0,
      -4.37113882867379e-08,
      0.0
    ],
    [
      0.0,
      0.0,
      0.0,
      1.0
    ]
  ]
}