{
  "T_WB": [
    [
      0.929919091080638,
      -0.00205929370853876,
      0.367758403511302,
      -0.0447333956045066
    ],
    [
      0.00169952593931112,
      0.999997708038545,
      0.00130212489338827,
      4.23767690982708e-05
    ],
    [
      -0.367760242080817,
      -0.000585855851165988,
      0.929920459565,
      0.355866321158583
    ],
    [
      0.0,
      0.0,
      0.0,
      1.0
    ]
  ],
  "T_WH": {
    "0": [
      [
        0.167122061859757,
        0.889799556361968,
        -0.424649226936525,
        -0.00747073456260784
      ],
      [
        -0.797471407736327,
        -0.131268412865799,
        -0.588904030913981,
        -0.0318895688505627
      ],
      [
        -0.579749575491681,
        0.43706447268308,
        0.687651856999948,
        0.341174658862587
      ],
      [
        0.0,
        0.0,
        0.0,
        1.0
      ]
    ],
    "1": [
      [
        -0.640032218589087,
        -0.629573684663564,
        0.440449469005327,
        -0.0819960566464054
      ],
      [
        0.719543615329515,
        -0.692168162509958,
        0.0562158380362589,
        0.0319743223887593
      ],
      [
        0.269473087350966,
        0.35290255083625,
        0.896015649867125,
        0.370557983454578
      ],
      [
        0.0,
        0.0,
        0.0,
        1.0
      ]
    ],
    "2": [
      [
        0.16416097996095,
        -0.8888707868271,
        -0.427738117290982,
        -0.00760252935995432
      ],
      [
        0.797100094588075,
        -0.135912108576573,
        0.588353072525292,
        0.0321102844639042
      ],
      [
        -0.581104647947288,
        -0.437534710700354,
        0.686207523323969,
        0.341137164088113
      ],
      [
        0.0,
        0.0,
        0.0,
        1.0
      ]
    ],
    "3": [
      [
        -0.637354377534798,
        0.632059276713819,
        0.440772580995273,
        -0.0818642618490589
      ],
      [
        -0.721605388804145,
        -0.690220836190916,
        -0.0536736447125753,
        -0.0320255309257076
      ],
      [
        0.27030549436896,
        -0.352273002099108,
        0.896012651532351,
        0.370595478229053
      ],
      [
        0.0,
        0.0,
        0.0,
        1.0
      ]
    ]
  },
  "T_WP": {
    "0": [
      [
        0.424649226936525,
        0.889799556361968,
        0.167122061859757,
        0.00422780976757516
      ],
      [
        0.588904030913981,
        -0.131268412865799,
        -0.797471407736327,
        -0.0877125673921056
      ],
      [
        -0.687651856999948,
        0.43706447268308,
        -0.579749575491681,
        0.30059218857817
      ],
      [
        0.0,
        0.0,
        0.0,
        1.0
      ]
    ],
    "1": [
      [
        -0.440449469005327,
        -0.629573684663564,
        -0.640032218589087,
        -0.126798311947641
      ],
      [
        -0.0562158380362589,
        -0.692168162509958,
        0.719543615329515,
        0.0823423754618254
      ],
      [
        -0.896015649867125,
        0.35290255083625,
        0.269473087350966,
        0.389421099569146
      ],
      [
        0.0,
        0.0,
        0.0,
        1.0
      ]
    ],
    "2": [
      [
        0.427738117290982,
        -0.8888707868271,
        0.16416097996095,
        0.00388873923731219
      ],
      [
        -0.588353072525292,
        -0.135912108576573,
        0.797100094588075,
        0.0879072910850694
      ],
      [
        -0.686207523323969,
        -0.437534710700354,
        -0.581104647947288,
        0.300459838731803
      ],
      [
        0.0,
        0.0,
        0.0,
        1.0
      ]
    ],
    "3": [
      [
        -0.440772580995273,
        0.632059276713819,
        -0.637354377534798,
        -0.126479068276495
      ],
      [
        0.0536736447125752,
        -0.690220836190916,
        -0.721605388804145,
        -0.0825379081419978
      ],
      [
        -0.896012651532351,
        -0.352273002099108,
        0.270305494368961,
        0.38951686283488
      ],
      [
        0.0,
        0.0,
        0.0,
        1.0
      ]
    ]
  },
  "simTime": 0.51049999999996,
  "state": [
    -0.0447333956045066,
    4.23767690982708e-05,
    0.355866321158583,
    0.982323426713955,
    -0.000480488577695303,
    0.187188512863976,
    0.000956614579686805,
    -0.271278193359396,
    2.30820205923245e-05,
    -0.0959165469479749,
    -0.011364837924461,
    -4.18413972797665,
    0.00143913213133585,
    0.819008238516149,
    0.490940355499603,
    0.133095364589987,
    -0.265497074389259,
    0.998774151454356,
    0.0478481354427956,
    -0.00853326949408644,
    -0.00937729348051653,
    0.818759149279324,
    -0.491384929497299,
    0.133231874252199,
    0.265374403847807,
    0.998769066621871,
    -0.0480009804908271,
    -0.00846711714051423,
    0.00919594250331304,
    -2.34358757651598,
    -1.60349656479815,
    -5.24337720263571,
    -0.0614078283610012,
    0.264440630760165,
    -0.6136070935659,
    2.34325070248926,
    -1.60409382720319,
    5.24844517530712,
    0.058446545332563,
    0.263850417356939,
    0.614732336783388
  ]
}