{
  "T_WB": [
    [
      0.983558975325718,
      -0.00344242426797829,
      0.180554401140992,
      -0.0100326936480762
    ],
    [
      0.00210592969744337,
      0.999968952626008,
      0.00759334209388008,
      -1.33805271168298e-05
    ],
    [
      -0.180574934906073,
      -0.00708826489378742,
      0.983535687905865,
      0.437440572173479
    ],
    [
      0.0,
      0.0,
      0.0,
      1.0
    ]
  ],
  "T_WH": {
    "0": [
      [
        0.418795675330189,
        0.895003971698426,
        0.153551531964923,
        0.039452516589604
      ],
      [
        -0.896936577352658,
        0.434109308111065,
        -0.0839874086886386,
        -0.0319147692961345
      ],
      [
        -0.141827213649677,
        -0.102552421986884,
        0.984564899949715,
        -0.00699617291964174
      ],
      [
        0.0,
        0.0,
        0.0,
        1.0
      ]
    ],
    "1": [
      [
        -0.773577754212506,
        -0.630542599994055,
        0.0631940486143413,
        -0.039452516589604
      ],
      [
        0.628779641576491,
        -0.776148040257387,
        -0.047226919691605,
        0.0319147692961345
      ],
      [
        0.0788265217200061,
        0.00320143676408669,
        0.996883207941718,
        0.00699617291964174
      ],
      [
        0.0,
        0.0,
        0.0,
        1.0
      ]
    ],
    "2": [
      [
        0.413427900319298,
        -0.897375172715525,
        0.154256833337647,
        0.0392322014364534
      ],
      [
        0.897424798830048,
        0.430231420401396,
        0.0976199536173051,
        0.03208324367193
      ],
      [
        -0.153967859251288,
        0.0980750951729286,
        0.983196406637248,
        -0.00744982187284413
      ],
      [
        0.0,
        0.0,
        0.0,
        1.0
      ]
    ],
    "3": [
      [
        -0.769692367475652,
        0.634961539082945,
        0.0663136738172652,
        -0.0392322014364534
      ],
      [
        -0.632259517212681,
        -0.77253721292514,
        0.0586016854693179,
        -0.03208324367193
      ],
      [
        0.0884395971480697,
        0.0031778186346395,
        0.996076472528597,
        0.00744982187284413
      ],
      [
        0.0,
        0.0,
        0.0,
        1.0
      ]
    ]
  },
  "T_WP": {
    "0": [
      [
        -0.153551531964923,
        0.895003971698426,
        0.418795675330189,
        0.0687682138627173
      ],
      [
        0.0839874086886386,
        0.434109308111065,
        -0.896936577352658,
        -0.0947003297108205
      ],
      [
        -0.984564899949715,
        -0.102552421986884,
        -0.141827213649677,
        -0.0169240778751191
      ],
      [
        0.0,
        0.0,
        0.0,
        1.0
      ]
    ],
    "1": [
      [
        -0.0631940486143414,
        -0.630542599994055,
        -0.773577754212506,
        -0.0936029593844795
      ],
      [
        0.047226919691605,
        -0.776148040257387,
        0.628779641576491,
        0.0759293442064889
      ],
      [
        -0.996883207941718,
        0.00320143676408669,
        0.0788265217200062,
        0.0125140294400422
      ],
      [
        0.0,
        0.0,
        0.0,
        1.0
      ]
    ],
    "2": [
      [
        -0.154256833337647,
        -0.897375172715525,
        0.413427900319298,
        0.0681721544588043
      ],
      [
        -0.0976199536173051,
        0.430231420401396,
        0.897424798830048,
        0.0949029795900334
      ],
      [
        -0.983196406637248,
        0.0980750951729286,
        -0.153967859251288,
        -0.0182275720204343
      ],
      [
        0.0,
        0.0,
        0.0,
        1.0
      ]
    ],
    "3": [
      [
        -0.0663136738172653,
        0.634961539082945,
        -0.769692367475652,
        -0.0931106671597491
      ],
      [
        -0.0586016854693179,
        -0.77253721292514,
        -0.632259517212681,
        -0.0763414098768177
      ],
      [
        -0.996076472528597,
        0.0031778186346395,
        0.0884395971480697,
        0.013640593673209
      ],
      [
        0.0,
        0.0,
        0.0,
        1.0
      ]
    ]
  }
}