{
  "arms": {
    "0": [
      [
        -0.244272574782372,
        0.501901805400848,
        0.829714000225067,
        0.0324300155043602
      ],
      [
        -0.908987820148468,
        -0.416528791189194,
        -0.0156490411609411,
        0.625654995441437
      ],
      [
        0.337745517492294,
        -0.758022665977478,
        0.557969212532043,
        0.0319645926356316
      ],
      [
        0.0,
        0.0,
        0.0,
        1.0
      ]
    ],
    "1": [
      [
        -0.220272943377495,
        0.755171835422516,
        -0.617410063743591,
        -0.045768603682518
      ],
      [
        -0.968750059604645,
        -0.0953688472509384,
        0.228971898555756,
        0.642535507678986
      ],
      [
        0.114031441509724,
        0.648552417755127,
        0.752579987049103,
        0.0321203581988811
      ],
      [
        0.0,
        0.0,
        0.0,
        1.0
      ]
    ],
    "2": [
      [
        -0.529733002185822,
        -0.675688862800598,
        -0.512666881084442,
        -0.0458674281835556
      ],
      [
        -0.846977710723877,
        0.453383564949036,
        0.277618587017059,
        0.6426682472229
      ],
      [
        0.0448509715497494,
        0.581281244754791,
        -0.812465727329254,
        -0.0318794250488281
      ],
      [
        0.0,
        0.0,
        0.0,
        1.0
      ]
    ],
    "3": [
      [
        -0.0968648493289948,
        -0.650578439235687,
        0.753236174583435,
        0.0323311910033226
      ],
      [
        -0.995207190513611,
        0.0735071524977684,
        -0.0644929558038712,
        0.625787794589996
      ],
      [
        -0.0134105198085308,
        -0.755873203277588,
        -0.654580652713776,
        -0.032035194337368
      ],
      [
        0.0,
        0.0,
        0.0,
        1.0
      ]
    ]
  },
  "base": [
    [
      0.977482795715332,
      -0.00154412584379315,
      0.211009219288826,
      -0.00671870540827513
    ],
    [
      -0.211005911231041,
      0.00207467540167272,
      0.977482557296753,
      0.634161651134491
    ],
    [
      -0.00194713205564767,
      -0.999996662139893,
      0.00170213996898383,
      4.25833713961765e-05
    ],
    [
      0.0,
      0.0,
      0.0,
      1.0
    ]
  ]
}