{
  "T_WB": [
    [
      -2.22044604925031e-16,
      1.04802920211568e-19,
      1.0,
      -8.01708806841826e-36
    ],
    [
      -2.04552713534924e-18,
      1.0,
      -1.04802920211567e-19,
      4.23640987843146e-21
    ],
    [
      -1.0,
      -2.04552713534924e-18,
      -2.22044604925031e-16,
      0.247337854300003
    ],
    [
      0.0,
      0.0,
      0.0,
      1.0
    ]
  ],
  "T_WH": {
    "0": [
      [
        -1.57186756488582e-16,
        -1.52355865394606e-16,
        1.0,
        -8.88513789044802e-18
      ],
      [
        -0.707106779455507,
        0.707106782917588,
        -3.41595531589343e-18,
        -0.032
      ],
      [
        -0.707106782917588,
        -0.707106779455507,
        -2.18879687008228e-16,
        0.207337854300003
      ],
      [
        0.0,
        0.0,
        0.0,
        1.0
      ]
    ],
    "1": [
      [
        1.57186756488582e-16,
        1.52355217054756e-16,
        1.0,
        8.88513789044802e-18
      ],
      [
        0.707106779455507,
        -0.707106782917588,
        -3.4164137613987e-18,
        0.032
      ],
      [
        0.707106782917588,
        0.707106779455507,
        -2.18879228562725e-16,
        0.287337854300003
      ],
      [
        0.0,
        0.0,
        0.0,
        1.0
      ]
    ],
    "2": [
      [
        -1.570478004624e-16,
        1.53380986883294e-16,
        1.0,
        -8.87843050355448e-18
      ],
      [
        0.707106779455507,
        0.707106782917588,
        2.59282820976833e-18,
        0.032
      ],
      [
        -0.707106782917588,
        0.707106779455507,
        -2.19506300614004e-16,
        0.207337854300003
      ],
      [
        0.0,
        0.0,
        0.0,
        1.0
      ]
    ],
    "3": [
      [
        1.570478004624e-16,
        -1.5249071658449e-16,
        1.0,
        8.87843050355448e-18
      ],
      [
        -0.707106779455507,
        -0.707106782917588,
        3.22234437668249e-18,
        -0.032
      ],
      [
        0.707106782917588,
        -0.707106779455507,
        -2.18876784450172e-16,
        0.287337854300003
      ],
      [
        0.0,
        0.0,
        0.0,
        1.0
      ]
    ]
  },
  "T_WP": {
    "0": [
      [
        -1.0,
        -1.52355865394606e-16,
        -9.5954416531214e-17,
        -1.98882108446487e-17
      ],
      [
        -3.98818473898856e-17,
        0.707106782917588,
        -0.707106779455507,
        -0.0814974745618855
      ],
      [
        1.75581884090457e-16,
        -0.707106779455507,
        -0.707106782917588,
        0.157840379495772
      ],
      [
        0.0,
        0.0,
        0.0,
        1.0
      ]
    ],
    "1": [
      [
        -1.0,
        1.52355217054756e-16,
        2.18419096445949e-16,
        1.98882108446487e-17
      ],
      [
        4.67142164671777e-17,
        -0.707106782917588,
        0.707106779455507,
        0.0814974745618855
      ],
      [
        2.62177031480495e-16,
        0.707106779455507,
        0.707106782917588,
        0.336835329104234
      ],
      [
        0.0,
        0.0,
        0.0,
        1.0
      ]
    ],
    "2": [
      [
        -1.0,
        1.53380986883294e-16,
        -9.58154605050325e-17,
        -1.98717765359225e-17
      ],
      [
        4.07049744960107e-17,
        0.707106782917588,
        0.707106779455507,
        0.0814974745618855
      ],
      [
        1.76208497696234e-16,
        0.707106779455507,
        -0.707106782917588,
        0.157840379495772
      ],
      [
        0.0,
        0.0,
        0.0,
        1.0
      ]
    ],
    "3": [
      [
        -1.0,
        -1.5249071658449e-16,
        2.18280140419768e-16,
        1.98717765359225e-17
      ],
      [
        -4.65201470824615e-17,
        -0.707106782917588,
        -0.707106779455507,
        -0.0814974745618855
      ],
      [
        2.62174587367943e-16,
        -0.707106779455507,
        0.707106782917588,
        0.336835329104234
      ],
      [
        0.0,
        0.0,
        0.0,
        1.0
      ]
    ]
  },
  "simTime": 0.226999999999991,
  "state": [
    -8.01708806841826e-36,
    4.23640987843146e-21,
    0.247337854300003,
    0.707106781186548,
    -6.86149626468395e-19,
    0.707106781186548,
    -7.60256482038147e-19,
    -8.09284300185972e-35,
    -1.85687302983074e-20,
    -2.2260982,
    5.66225711890855e-19,
    -1.09510310238009e-17,
    -1.97888499449248e-17,
    1.0,
    2.28963661682627e-18,
    5.17016902238611e-20,
    -1.15563604527153e-18,
    1.0,
    -2.28996078675105e-18,
    -5.17016902238606e-20,
    1.15216004153799e-18,
    1.0,
    -1.85118272823337e-18,
    5.6330532521441e-20,
    7.72673958033539e-19,
    1.0,
    2.29631787763521e-18,
    -5.63305325214403e-20,
    -1.14945856735755e-18,
    1.45063787892155e-17,
    2.65955144857208e-19,
    -2.18617988407902e-17,
    -1.44956286849998e-17,
    -2.65955144857206e-19,
    2.18556478957379e-17,
    -1.81778982415801e-17,
    1.49099870551278e-19,
    1.72061518465401e-17,
    1.46119810998314e-17,
    -1.49099870551277e-19,
    -2.19755825357626e-17
  ]
}