{
  "T_WB": [
    [
      -0.245452116363562,
      0.0588495371918287,
      0.967620788607271,
      -0.177005737383224
    ],
    [
      0.0314816786928874,
      0.998113066238988,
      -0.0527182217993238,
      -0.000445245458422745
    ],
    [
      -0.968897395227857,
      0.0175225276519247,
      -0.246841646699583,
      0.188079119699011
    ],
    [
      0.0,
      0.0,
      0.0,
      1.0
    ]
  ],
  "T_WH": {
    "0": [
      [
        -0.542745401047124,
        -0.624432105828469,
        0.561704526288351,
        -0.188707007227905
      ],
      [
        -0.751471482901922,
        0.659725273949039,
        0.00729200233483351,
        -0.0311255964303549
      ],
      [
        -0.375124032857644,
        -0.418147232590973,
        -0.827305778928885,
        0.148762503005035
      ],
      [
        0.0,
        0.0,
        0.0,
        1.0
      ]
    ],
    "1": [
      [
        0.130331180010888,
        -0.0457822549463436,
        0.990412928353118,
        -0.165304467538543
      ],
      [
        0.827762719164332,
        -0.544814543655354,
        -0.134111870404075,
        0.0302351055135094
      ],
      [
        0.545731311433237,
        0.837305856992316,
        -0.0331094785178357,
        0.227395736392987
      ],
      [
        0.0,
        0.0,
        0.0,
        1.0
      ]
    ],
    "2": [
      [
        -0.448385670361905,
        0.698373732580327,
        0.557874914524688,
        -0.184940636847628
      ],
      [
        0.822732643179409,
        0.566414971376305,
        -0.0478024899749241,
        0.0327536398089404
      ],
      [
        -0.349372707092481,
        0.437547951478009,
        -0.828547223576466,
        0.149883944774758
      ],
      [
        0.0,
        0.0,
        0.0,
        1.0
      ]
    ],
    "3": [
      [
        0.0237366486868302,
        -0.0101486638479527,
        0.999666732532007,
        -0.16907083791882
      ],
      [
        -0.862667397623551,
        -0.505538619061956,
        0.0153514075686849,
        -0.0336441307257859
      ],
      [
        0.505214343211401,
        -0.862744289612532,
        -0.0207547140293687,
        0.226274294623264
      ],
      [
        0.0,
        0.0,
        0.0,
        1.0
      ]
    ]
  },
  "T_WP": {
    "0": [
      [
        -0.561704526288351,
        -0.624432105828469,
        -0.542745401047124,
        -0.226699185301204
      ],
      [
        -0.00729200233483355,
        0.659725273949039,
        -0.751471482901922,
        -0.0837286002334894
      ],
      [
        0.827305778928885,
        -0.418147232590973,
        -0.375124032857644,
        0.122503820705
      ],
      [
        0.0,
        0.0,
        0.0,
        1.0
      ]
    ],
    "1": [
      [
        -0.990412928353118,
        -0.0457822549463436,
        0.130331180010888,
        -0.156181284937781
      ],
      [
        0.134111870404075,
        -0.544814543655354,
        0.827762719164332,
        0.0881784958550126
      ],
      [
        0.0331094785178357,
        0.837305856992316,
        0.545731311433237,
        0.265596928193313
      ],
      [
        0.0,
        0.0,
        0.0,
        1.0
      ]
    ],
    "2": [
      [
        -0.557874914524688,
        0.698373732580327,
        -0.448385670361905,
        -0.216327633772961
      ],
      [
        0.0478024899749241,
        0.566414971376305,
        0.822732643179409,
        0.090344924831499
      ],
      [
        0.828547223576466,
        0.437547951478009,
        -0.349372707092481,
        0.125427855278285
      ],
      [
        0.0,
        0.0,
        0.0,
        1.0
      ]
    ],
    "3": [
      [
        -0.999666732532007,
        -0.0101486638479527,
        0.0237366486868303,
        -0.167409272510742
      ],
      [
        -0.0153514075686849,
        -0.505538619061956,
        -0.862667397623551,
        -0.0940308485594345
      ],
      [
        0.0207547140293687,
        -0.862744289612532,
        0.505214343211401,
        0.261639298648062
      ],
      [
        0.0,
        0.0,
        0.0,
        1.0
      ]
    ]
  },
  "simTime": 0.899999999999917,
  "state": [
    -0.177005737383224,
    -0.000445245458422745,
    0.188079119699011,
    0.613559146125262,
    0.0286202030785588,
    0.789051143669112,
    -0.0111512715081237,
    -0.457603806172616,
    -0.00138069037841837,
    0.36141593411711,
    0.478636570787616,
    13.0676903340567,
    -0.222240619746248,
    0.933195160474154,
    -0.274197220656047,
    0.226147841333003,
    -0.0531020763486712,
    0.987666947425133,
    -0.10841395370987,
    0.0381166169374817,
    -0.106336913243502,
    0.933091306875616,
    0.275547575205841,
    0.22505074933749,
    0.0525956942531503,
    0.986427580456137,
    0.111744309874923,
    0.0413175354143372,
    0.112989818095765,
    -1.11092459963871,
    -2.22115125089862,
    2.93738437831596,
    -1.25413195279338,
    -0.802384863924885,
    0.752961587633959,
    1.15413054325872,
    -2.18965318210388,
    -2.91694613450055,
    1.28777741621904,
    -0.828349972887104,
    -0.815804046904889
  ]
}