{
  "T_WB": [
    [
      0.982005290828341,
      -0.00348819735578043,
      0.188821188600095,
      -0.0102304013781181
    ],
    [
      0.00206523036023815,
      0.999967972813805,
      0.00773228104814673,
      -1.46635251404474e-05
    ],
    [
      -0.188842112911037,
      -0.00720318164809863,
      0.981981043893129,
      0.436178777301402
    ],
    [
      0.0,
      0.0,
      0.0,
      1.0
    ]
  ],
  "T_WH": {
    "0": [
      [
        0.415865039177315,
        0.893658014651068,
        0.168616790504273,
        0.0291614325704005
      ],
      [
        -0.898022237343239,
        0.432800417886496,
        -0.0789927814063945,
        -0.0319310294407727
      ],
      [
        -0.143569949596333,
        -0.118571291327988,
        0.982511332476995,
        0.4288555945977
      ],
      [
        0.0,
        0.0,
        0.0,
        1.0
      ]
    ],
    "1": [
      [
        -0.774684177209172,
        -0.628029795503566,
        0.0737767005327353,
        -0.0496222353266367
      ],
      [
        0.626431439337114,
        -0.778117460483031,
        -0.0460094501322464,
        0.0319017023904918
      ],
      [
        0.0863022444191353,
        0.0105732516847189,
        0.996212893390279,
        0.443501960005105
      ],
      [
        0.0,
        0.0,
        0.0,
        1.0
      ]
    ],
    "2": [
      [
        0.410463156219428,
        -0.89601705754041,
        0.169332306377165,
        0.0289381879396305
      ],
      [
        0.898443176066335,
        0.42913976420521,
        0.0929458022598865,
        0.0320669208193109
      ],
      [
        -0.155948250282657,
        0.113984627799198,
        0.98116647306115,
        0.428394590972222
      ],
      [
        0.0,
        0.0,
        0.0,
        1.0
      ]
    ],
    "3": [
      [
        -0.770674280082438,
        0.632571228828304,
        0.0769077010322463,
        -0.0493989906958668
      ],
      [
        -0.629951061574858,
        -0.774491783919749,
        0.0576553263932678,
        -0.0320962478695918
      ],
      [
        0.0960354832347175,
        -0.00401461074749571,
        0.995369815124218,
        0.443962963630583
      ],
      [
        0.0,
        0.0,
        0.0,
        1.0
      ]
    ]
  },
  "T_WP": {
    "0": [
      [
        -0.168616790504273,
        0.893658014651068,
        0.415865039177315,
        0.0582719853128126
      ],
      [
        0.0789927814063944,
        0.432800417886496,
        -0.898022237343239,
        -0.0947925860547994
      ],
      [
        -0.982511332476995,
        -0.118571291327988,
        -0.143569949596333,
        0.418805698125957
      ],
      [
        0.0,
        0.0,
        0.0,
        1.0
      ]
    ],
    "1": [
      [
        -0.0737767005327354,
        -0.628029795503566,
        -0.774684177209172,
        -0.103850127731279
      ],
      [
        0.0460094501322464,
        -0.778117460483031,
        0.626431439337114,
        0.0757519031440898
      ],
      [
        -0.996212893390279,
        0.0105732516847189,
        0.0863022444191353,
        0.449543117114444
      ],
      [
        0.0,
        0.0,
        0.0,
        1.0
      ]
    ],
    "2": [
      [
        -0.169332306377165,
        -0.89601705754041,
        0.410463156219428,
        0.0576706088749905
      ],
      [
        -0.0929458022598864,
        0.42913976420521,
        0.898443176066335,
        0.0949579431439543
      ],
      [
        -0.98116647306115,
        0.113984627799198,
        -0.155948250282657,
        0.417478213452436
      ],
      [
        0.0,
        0.0,
        0.0,
        1.0
      ]
    ],
    "3": [
      [
        -0.0769077010322463,
        0.632571228828304,
        -0.770674280082438,
        -0.103346190301637
      ],
      [
        -0.0576553263932679,
        -0.774491783919749,
        -0.629951061574858,
        -0.0761928221798318
      ],
      [
        -0.995369815124218,
        -0.00401461074749571,
        0.0960354832347176,
        0.450685447457013
      ],
      [
        0.0,
        0.0,
        0.0,
        1.0
      ]
    ]
  }
}