{
  "T_WB": [
    [
      0.863296329664589,
      -0.00183347442522678,
      0.504694051440257,
      -0.0356075127691831
    ],
    [
      0.00145174970218314,
      0.999998285454449,
      0.00114956990380473,
      4.00930383113673e-05
    ],
    [
      -0.504695293826335,
      -0.000259730039775508,
      0.863297511249659,
      0.353099797953706
    ],
    [
      0.0,
      0.0,
      0.0,
      1.0
    ]
  ],
  "T_WH": {
    "0": [
      [
        0.269256572640111,
        0.890305435293196,
        -0.367228988476528,
        -0.00101698840099226
      ],
      [
        -0.782669654518433,
        -0.0199045995256544,
        -0.622118974806042,
        -0.0319017821081437
      ],
      [
        -0.561185450618686,
        0.454928608470732,
        0.691455603208757,
        0.332920297561926
      ],
      [
        0.0,
        0.0,
        0.0,
        1.0
      ]
    ],
    "1": [
      [
        -0.597692618542766,
        -0.556003392403486,
        0.577601732489877,
        -0.0701980371373739
      ],
      [
        0.705386542825569,
        -0.707109536916732,
        0.0492537105403861,
        0.0319819681847664
      ],
      [
        0.381042463434305,
        0.436871068436924,
        0.814831461483107,
        0.373279298345487
      ],
      [
        0.0,
        0.0,
        0.0,
        1.0
      ]
    ],
    "2": [
      [
        0.266779520421256,
        -0.889814394636089,
        -0.370214843816689,
        -0.00113433076420678
      ],
      [
        0.783065395004429,
        -0.0237990539676632,
        0.621483863166858,
        0.0320981081609411
      ],
      [
        -0.561816050527539,
        -0.455701599875023,
        0.690433760212363,
        0.33290367483938
      ],
      [
        0.0,
        0.0,
        0.0,
        1.0
      ]
    ],
    "3": [
      [
        -0.595412109630735,
        0.558247973146955,
        0.577792021563464,
        -0.0700806947741594
      ],
      [
        -0.707099773188483,
        -0.705551599058691,
        -0.0469771414894495,
        -0.0320179220843183
      ],
      [
        0.381437190716733,
        -0.436527366316295,
        0.814830981244016,
        0.373295921068033
      ],
      [
        0.0,
        0.0,
        0.0,
        1.0
      ]
    ]
  },
  "T_WP": {
    "0": [
      [
        0.367228988476528,
        0.890305435293196,
        0.269256572640111,
        0.0178309716838155
      ],
      [
        0.622118974806042,
        -0.0199045995256544,
        -0.782669654518433,
        -0.086688657924434
      ],
      [
        -0.691455603208757,
        0.454928608470732,
        -0.561185450618686,
        0.293637316018618
      ],
      [
        0.0,
        0.0,
        0.0,
        1.0
      ]
    ],
    "1": [
      [
        -0.577601732489877,
        -0.556003392403486,
        -0.597692618542766,
        -0.112036520435368
      ],
      [
        -0.0492537105403861,
        -0.707109536916732,
        0.705386542825569,
        0.0813590261825563
      ],
      [
        -0.814831461483107,
        0.436871068436924,
        0.381042463434305,
        0.399952270785888
      ],
      [
        0.0,
        0.0,
        0.0,
        1.0
      ]
    ],
    "2": [
      [
        0.370214843816689,
        -0.889814394636089,
        0.266779520421256,
        0.0175402356652812
      ],
      [
        -0.621483863166858,
        -0.0237990539676632,
        0.783065395004429,
        0.0869126858112511
      ],
      [
        -0.690433760212363,
        -0.455701599875023,
        -0.561816050527539,
        0.293576551302453
      ],
      [
        0.0,
        0.0,
        0.0,
        1.0
      ]
    ],
    "3": [
      [
        -0.577792021563464,
        0.558247973146955,
        -0.595412109630735,
        -0.111759542448311
      ],
      [
        0.0469771414894495,
        -0.705551599058691,
        -0.707099773188483,
        -0.0815149062075121
      ],
      [
        -0.814830981244016,
        -0.436527366316295,
        0.381437190716733,
        0.399996524418204
      ],
      [
        0.0,
        0.0,
        0.0,
        1.0
      ]
    ]
  },
  "simTime": 0.475499999999964,
  "state": [
    -0.0356075127691831,
    4.00930383113673e-05,
    0.353099797953706,
    0.965219162466315,
    -0.000365020711974682,
    0.261440454281755,
    0.000850901084219969,
    -0.250025527895607,
    0.000106883748765851,
    0.253607253905623,
    -0.0110583477265409,
    -4.5219291652002,
    0.00206930237846213,
    0.820698574585868,
    0.534049737628843,
    0.0967039537400771,
    -0.178586317343535,
    0.998751420192013,
    0.0479363281221417,
    -0.0140261369152062,
    0.000988227625512127,
    0.820446073760193,
    -0.53448965884917,
    0.0967539471465894,
    0.178403246456834,
    0.998747453213308,
    -0.0480364948265985,
    -0.0139506162547347,
    -0.00118328813865112,
    -1.36111875043318,
    -1.17251001012435,
    -5.61837549678878,
    0.0347353202834524,
    0.305653498033701,
    -0.596603180095001,
    1.3597001598541,
    -1.17196619262551,
    5.62363975055963,
    -0.0379651727712617,
    0.304963933830967,
    0.597132504896872
  ]
}