{
  "T_WB": [
    [
      0.465049540655872,
      0.0312679414806529,
      0.884732298817741,
      -0.152688115084127
    ],
    [
      0.00846008544442322,
      0.99917346556301,
      -0.0397594349693006,
      -0.000349951035514208
    ],
    [
      -0.885244232791175,
      0.0259750178126493,
      0.464400631739016,
      0.153609202851601
    ],
    [
      0.0,
      0.0,
      0.0,
      1.0
    ]
  ],
  "T_WH": {
    "0": [
      [
        -0.251983215284958,
        -0.122575719150538,
        0.959937316854274,
        -0.135086707585273
      ],
      [
        -0.847996110912135,
        0.505904021083259,
        -0.157999105471149,
        -0.0319850985157536
      ],
      [
        -0.466269294606184,
        -0.853836234020622,
        -0.231423054990063,
        0.117368232969949
      ],
      [
        0.0,
        0.0,
        0.0,
        1.0
      ]
    ],
    "1": [
      [
        -0.289042957852567,
        -0.54526704289791,
        0.786853239457784,
        -0.170289522582981
      ],
      [
        0.860175885371651,
        -0.508687617711658,
        -0.036528807973075,
        0.0312851964447252
      ],
      [
        0.420180454972545,
        0.666273787204785,
        0.616058135035045,
        0.189850172733253
      ],
      [
        0.0,
        0.0,
        0.0,
        1.0
      ]
    ],
    "2": [
      [
        -0.193680608156385,
        0.152514814147205,
        0.969137272779154,
        -0.133085559330511
      ],
      [
        0.884727465943644,
        0.454045260327849,
        0.105357546377817,
        0.031962003280279
      ],
      [
        -0.423963598707615,
        0.877828077153755,
        -0.222873807190144,
        0.119030634109959
      ],
      [
        0.0,
        0.0,
        0.0,
        1.0
      ]
    ],
    "3": [
      [
        -0.340053042811401,
        0.522566135219035,
        0.781849449956288,
        -0.172290670837743
      ],
      [
        -0.869201816107711,
        -0.492003168631179,
        -0.0492045214582667,
        -0.0326619053513075
      ],
      [
        0.35895979015729,
        -0.696317109066782,
        0.621522608334656,
        0.188187771593243
      ],
      [
        0.0,
        0.0,
        0.0,
        1.0
      ]
    ]
  },
  "T_WP": {
    "0": [
      [
        -0.959937316854274,
        -0.122575719150538,
        -0.251983215284958,
        -0.15272553265522
      ],
      [
        0.157999105471149,
        0.505904021083259,
        -0.847996110912135,
        -0.0913448262796031
      ],
      [
        0.231423054990063,
        -0.853836234020622,
        -0.466269294606184,
        0.0847293823475163
      ],
      [
        0.0,
        0.0,
        0.0,
        1.0
      ]
    ],
    "1": [
      [
        -0.786853239457784,
        -0.54526704289791,
        -0.289042957852567,
        -0.190522529632661
      ],
      [
        0.036528807973075,
        -0.508687617711658,
        0.860175885371651,
        0.0914975084207408
      ],
      [
        -0.616058135035045,
        0.666273787204785,
        0.420180454972545,
        0.219262804581331
      ],
      [
        0.0,
        0.0,
        0.0,
        1.0
      ]
    ],
    "2": [
      [
        -0.969137272779154,
        0.152514814147205,
        -0.193680608156385,
        -0.146643201901458
      ],
      [
        -0.105357546377817,
        0.454045260327849,
        0.884727465943644,
        0.0938929258963341
      ],
      [
        0.222873807190144,
        0.877828077153755,
        -0.423963598707615,
        0.0893531822004257
      ],
      [
        0.0,
        0.0,
        0.0,
        1.0
      ]
    ],
    "3": [
      [
        -0.781849449956288,
        0.522566135219035,
        -0.3400530428114,
        -0.196094383834541
      ],
      [
        0.0492045214582666,
        -0.492003168631179,
        -0.869201816107711,
        -0.0935060324788472
      ],
      [
        -0.621522608334656,
        -0.696317109066782,
        0.35895979015729,
        0.213314956904253
      ],
      [
        0.0,
        0.0,
        0.0,
        1.0
      ]
    ]
  },
  "simTime": 0.843999999999923,
  "state": [
    -0.152688115084127,
    -0.000349951035514208,
    0.153609202851601,
    0.855661094995837,
    0.0192057501405594,
    0.517137141667499,
    -0.00666381122433195,
    -0.405039150115883,
    -0.00231552226650297,
    0.875555541506865,
    0.488729837569758,
    13.0522256019015,
    -0.204538646343191,
    0.922160468259535,
    -0.241283699322103,
    0.260257431784989,
    -0.153845105289309,
    0.987966744356406,
    -0.070085199289475,
    0.0568836639119319,
    -0.125594688049743,
    0.922854295619283,
    0.241534996311822,
    0.258443743654548,
    0.152340493564608,
    0.986494464320211,
    0.0721498422876762,
    0.0602889019832992,
    0.134120544366225,
    -2.32650313715172,
    -2.35928166688964,
    2.54155544290621,
    -1.36918852784755,
    -0.975217549196076,
    0.36598481224096,
    2.35073746835249,
    -2.32672064091646,
    -2.49236779613403,
    1.41521656683991,
    -1.00933548770101,
    -0.413195707526458
  ]
}