{
  "T_WB": [
    [
      0.998989083590048,
      -0.00234228661788946,
      0.0448923664036069,
      -0.0710167268315182
    ],
    [
      0.00226921923692394,
      0.999996016625315,
      0.00167850456015688,
      3.50626907041592e-05
    ],
    [
      -0.0448961191192603,
      -0.00157493711091873,
      0.998990419404073,
      0.307463650144513
    ],
    [
      0.0,
      0.0,
      0.0,
      1.0
    ]
  ],
  "T_WH": {
    "0": [
      [
        -0.0656479657614685,
        0.917155546690087,
        -0.393085293246884,
        -0.0309822103161439
      ],
      [
        -0.809480984686093,
        -0.279293352580792,
        -0.516464673173117,
        -0.031874041071829
      ],
      [
        -0.583464549071333,
        0.284290215061632,
        0.760755015492633,
        0.305718203367292
      ],
      [
        0.0,
        0.0,
        0.0,
        1.0
      ]
    ],
    "1": [
      [
        -0.656490667830624,
        -0.747733538748597,
        0.0995718739494301,
        -0.111051243346893
      ],
      [
        0.754050749251398,
        -0.65411968364287,
        0.0594550840917484,
        0.0319441664532373
      ],
      [
        0.0206753622630104,
        0.114113954017251,
        0.993252503089643,
        0.309209096921734
      ],
      [
        0.0,
        0.0,
        0.0,
        1.0
      ]
    ],
    "2": [
      [
        -0.0692949665966387,
        -0.915632609628852,
        -0.395998903772005,
        -0.0311321166596888
      ],
      [
        0.806841191470252,
        -0.284889743899394,
        0.517537559572058,
        0.0321257039921912
      ],
      [
        -0.586690292531958,
        -0.283645479437267,
        0.758511530989192,
        0.305617407392194
      ],
      [
        0.0,
        0.0,
        0.0,
        1.0
      ]
    ],
    "3": [
      [
        -0.653114649588089,
        0.750607843927088,
        0.100145489806366,
        -0.110901337003348
      ],
      [
        -0.756911096124692,
        -0.651089249168847,
        -0.0562883840598192,
        -0.0320555786107829
      ],
      [
        0.0229531491683924,
        -0.112564000692389,
        0.993379332728126,
        0.309309892896833
      ],
      [
        0.0,
        0.0,
        0.0,
        1.0
      ]
    ]
  },
  "T_WP": {
    "0": [
      [
        0.393085293246884,
        0.917155546690087,
        -0.0656479657614686,
        -0.0355775679194467
      ],
      [
        0.516464673173117,
        -0.279293352580792,
        -0.809480984686093,
        -0.0885377099998555
      ],
      [
        -0.760755015492633,
        0.284290215061632,
        -0.583464549071333,
        0.264875684932299
      ],
      [
        0.0,
        0.0,
        0.0,
        1.0
      ]
    ],
    "1": [
      [
        -0.0995718739494301,
        -0.747733538748597,
        -0.656490667830624,
        -0.157005590095036
      ],
      [
        -0.0594550840917484,
        -0.65411968364287,
        0.754050749251398,
        0.0847277189008351
      ],
      [
        -0.993252503089643,
        0.114113954017251,
        0.0206753622630105,
        0.310656372280145
      ],
      [
        0.0,
        0.0,
        0.0,
        1.0
      ]
    ],
    "2": [
      [
        0.395998903772005,
        -0.915632609628852,
        -0.0692949665966387,
        -0.0359827643214535
      ],
      [
        -0.517537559572058,
        -0.284889743899394,
        0.806841191470252,
        0.0886045873951088
      ],
      [
        -0.758511530989192,
        -0.283645479437267,
        -0.586690292531958,
        0.264549086914956
      ],
      [
        0.0,
        0.0,
        0.0,
        1.0
      ]
    ],
    "3": [
      [
        -0.100145489806366,
        0.750607843927088,
        -0.653114649588089,
        -0.156619362474514
      ],
      [
        0.0562883840598192,
        -0.651089249168847,
        -0.756911096124692,
        -0.0850393553395113
      ],
      [
        -0.993379332728126,
        -0.112564000692389,
        0.0229531491683925,
        0.310916613338621
      ],
      [
        0.0,
        0.0,
        0.0,
        1.0
      ]
    ]
  },
  "simTime": 0.59949999999995,
  "state": [
    -0.0710167268315182,
    3.50626907041592e-05,
    0.307463650144513,
    0.99974690792463,
    -0.000813566324958537,
    0.0224528040074809,
    0.00115316832146708,
    -0.316646266290455,
    -0.000182024057065429,
    -0.993548856928914,
    -0.0117678014305556,
    -3.26508881459093,
    0.000461013753558096,
    0.825079687221528,
    0.300804359591243,
    0.196926280410279,
    -0.435867281484973,
    0.998567321751927,
    0.0398078270446848,
    0.00235865403235202,
    -0.0356802128121409,
    0.824883327927808,
    -0.301159626186706,
    0.197191081662196,
    0.435873894807571,
    0.998560498802329,
    -0.0400666794929871,
    0.002408157664648,
    0.0355779735610697,
    -4.34984605504814,
    -2.29848340644027,
    -3.39792929376792,
    -0.312397580423464,
    0.16247387719861,
    -0.566000670819757,
    4.3515617214674,
    -2.30071756880041,
    3.40087022556412,
    0.310538615573842,
    0.162051721339535,
    0.568450225447941
  ]
}