{
  "T_WB": [
    [
      0.980015356016485,
      -0.00211462828769284,
      -0.198910608865104,
      -0.00251174503386629
    ],
    [
      0.00174175647930188,
      0.999996382856425,
      -0.00204952639252203,
      -4.90948618710692e-06
    ],
    [
      0.198914223363359,
      0.00166211349543999,
      0.980015494327758,
      0.093241112573291
    ],
    [
      0.0,
      0.0,
      0.0,
      1.0
    ]
  ],
  "T_WH": {
    "0": [
      [
        0.723651203827017,
        0.588913689875565,
        -0.359874424038241,
        0.0367565373119993
      ],
      [
        -0.680763949469141,
        0.694849513545533,
        -0.231828813197828,
        -0.0319351234784206
      ],
      [
        0.113531406680645,
        0.412752733973602,
        0.903739896371976,
        0.101144493875971
      ],
      [
        0.0,
        0.0,
        0.0,
        1.0
      ]
    ],
    "1": [
      [
        -0.645115055598632,
        -0.726144048295163,
        -0.237784326997147,
        -0.0417800273797319
      ],
      [
        0.753074579405316,
        -0.656887631760588,
        -0.0371122229659269,
        0.0319253045060464
      ],
      [
        -0.12924876360523,
        -0.203010985824605,
        0.970608724842839,
        0.0853377312706107
      ],
      [
        0.0,
        0.0,
        0.0,
        1.0
      ]
    ],
    "2": [
      [
        0.720170891197826,
        -0.592515154437105,
        -0.360942764484485,
        0.036621201101587
      ],
      [
        0.684099027381893,
        0.693121806247548,
        0.227135823769137,
        0.0320646450243906
      ],
      [
        0.1155958831727,
        -0.41049720275114,
        0.904505189773399,
        0.101250869139679
      ],
      [
        0.0,
        0.0,
        0.0,
        1.0
      ]
    ],
    "3": [
      [
        -0.64202567800966,
        0.728876893826264,
        -0.237784571455787,
        -0.0416446911693195
      ],
      [
        -0.75527742800746,
        -0.654584700887654,
        0.0327853032051936,
        -0.0320744639967648
      ],
      [
        -0.131753692618731,
        0.20064232606805,
        0.970764452105314,
        0.0852313560069025
      ],
      [
        0.0,
        0.0,
        0.0,
        1.0
      ]
    ]
  },
  "T_WP": {
    "0": [
      [
        0.359874424038242,
        0.588913689875565,
        0.723651203827017,
        0.0874121215798905
      ],
      [
        0.231828813197828,
        0.694849513545533,
        -0.680763949469141,
        -0.0795885999412605
      ],
      [
        -0.903739896371976,
        0.412752733973602,
        0.113531406680645,
        0.109091692343616
      ],
      [
        0.0,
        0.0,
        0.0,
        1.0
      ]
    ],
    "1": [
      [
        0.237784326997147,
        -0.726144048295163,
        -0.645115055598632,
        -0.0869380812716361
      ],
      [
        0.0371122229659269,
        -0.656887631760588,
        0.753074579405316,
        0.0846405250644186
      ],
      [
        -0.970608724842839,
        -0.203010985824605,
        -0.12924876360523,
        0.0762903178182446
      ],
      [
        0.0,
        0.0,
        0.0,
        1.0
      ]
    ],
    "2": [
      [
        0.360942764484486,
        -0.592515154437105,
        0.720170891197826,
        0.0870331634854348
      ],
      [
        -0.227135823769137,
        0.693121806247548,
        0.684099027381893,
        0.0799515769411231
      ],
      [
        -0.904505189773399,
        -0.41049720275114,
        0.1155958831727,
        0.109342580961768
      ],
      [
        0.0,
        0.0,
        0.0,
        1.0
      ]
    ],
    "3": [
      [
        0.237784571455787,
        0.728876893826264,
        -0.64202567800966,
        -0.0865864886299958
      ],
      [
        -0.0327853032051937,
        -0.654584700887654,
        -0.75527742800746,
        -0.084943883957287
      ],
      [
        -0.970764452105314,
        0.20064232606805,
        -0.131753692618731,
        0.0760085975235913
      ],
      [
        0.0,
        0.0,
        0.0,
        1.0
      ]
    ]
  }
}