{
  "T_WB": [
    [
      0.67398449025593,
      -0.000451593452252496,
      0.738745357317262,
      -0.00242488073179368
    ],
    [
      0.00107127083621215,
      0.999999359188418,
      -0.00036606222012191,
      -1.52297519698348e-05
    ],
    [
      -0.738744718609379,
      0.00103811661551193,
      0.673984542137757,
      0.526281337951006
    ],
    [
      0.0,
      0.0,
      0.0,
      1.0
    ]
  ],
  "T_WH": {
    "0": [
      [
        0.579299563776137,
        0.32945433825476,
        0.745568142032568,
        0.0245489498689156
      ],
      [
        -0.522576037298652,
        0.852081627248816,
        0.0295158558447538,
        -0.0319723584125507
      ],
      [
        -0.62556078893263,
        -0.406714567614843,
        0.665775457522922,
        0.496698329474935
      ],
      [
        0.0,
        0.0,
        0.0,
        1.0
      ]
    ],
    "1": [
      [
        -0.446229481734638,
        -0.443796901250929,
        0.777125189445632,
        -0.0293987113325029
      ],
      [
        0.738149408748699,
        -0.673495536651025,
        0.0392327984611517,
        0.0319418989086111
      ],
      [
        0.505978952126254,
        0.591141330437333,
        0.628121984533257,
        0.555864346427078
      ],
      [
        0.0,
        0.0,
        0.0,
        1.0
      ]
    ],
    "2": [
      [
        0.579045489314014,
        -0.330836570831682,
        0.74515332966137,
        0.0245200478879714
      ],
      [
        0.524433905302892,
        0.850932045819048,
        -0.029727636417431,
        0.032027600575508
      ],
      [
        -0.624239857966351,
        0.407997324499247,
        0.666230277702542,
        0.496764768938328
      ],
      [
        0.0,
        0.0,
        0.0,
        1.0
      ]
    ],
    "3": [
      [
        -0.445656129567397,
        0.444403580640641,
        0.777107503304906,
        -0.0293698093515588
      ],
      [
        -0.73947067699701,
        -0.672013066098324,
        -0.0397687924724015,
        -0.0320580600794477
      ],
      [
        0.504553002211454,
        -0.592371417699155,
        0.628110158692328,
        0.555797906963685
      ],
      [
        0.0,
        0.0,
        0.0,
        1.0
      ]
    ]
  },
  "T_WP": {
    "0": [
      [
        -0.745568142032568,
        0.32945433825476,
        0.579299563776137,
        0.0650999193332452
      ],
      [
        -0.0295158558447539,
        0.852081627248816,
        -0.522576037298652,
        -0.0685526810234564
      ],
      [
        -0.665775457522922,
        -0.406714567614843,
        -0.62556078893263,
        0.452909074249651
      ],
      [
        0.0,
        0.0,
        0.0,
        1.0
      ]
    ],
    "1": [
      [
        -0.777125189445632,
        -0.443796901250929,
        -0.446229481734638,
        -0.0606347750539276
      ],
      [
        -0.0392327984611517,
        -0.673495536651025,
        0.738149408748699,
        0.08361235752102
      ],
      [
        -0.628121984533257,
        0.591141330437333,
        0.505978952126254,
        0.591282873075916
      ],
      [
        0.0,
        0.0,
        0.0,
        1.0
      ]
    ],
    "2": [
      [
        -0.74515332966137,
        -0.330836570831682,
        0.579045489314014,
        0.0650532321399525
      ],
      [
        0.029727636417431,
        0.850932045819048,
        0.524433905302892,
        0.0687379739467105
      ],
      [
        -0.666230277702542,
        0.407997324499247,
        -0.624239857966351,
        0.453067978880683
      ],
      [
        0.0,
        0.0,
        0.0,
        1.0
      ]
    ],
    "3": [
      [
        -0.777107503304906,
        0.444403580640641,
        -0.445656129567397,
        -0.0605657384212766
      ],
      [
        0.0397687924724014,
        -0.672013066098324,
        -0.73947067699701,
        -0.0838210074692384
      ],
      [
        -0.628110158692328,
        -0.592371417699155,
        0.504553002211454,
        0.591116617118487
      ],
      [
        0.0,
        0.0,
        0.0,
        1.0
      ]
    ]
  }
}