{
  "T_WB": [
    [
      -0.977053629826254,
      0.0710219697822804,
      0.200803596211786,
      -0.216995841079645
    ],
    [
      0.0647863979941512,
      0.997195633489812,
      -0.0374645323445652,
      -0.000649418544944448
    ],
    [
      -0.202901274215528,
      -0.0235955156141669,
      -0.978914870948755,
      0.186538306671267
    ],
    [
      0.0,
      0.0,
      0.0,
      1.0
    ]
  ],
  "T_WH": {
    "0": [
      [
        -0.809967747355539,
        -0.446030582276937,
        -0.380800430563688,
        -0.258350689305728
      ],
      [
        -0.53394981541383,
        0.82941333459177,
        0.16422884953898,
        -0.0299682228968524
      ],
      [
        0.242589865541267,
        0.336348390920868,
        -0.909955997321636,
        0.179177312202299
      ],
      [
        0.0,
        0.0,
        0.0,
        1.0
      ]
    ],
    "1": [
      [
        0.657234672588303,
        0.620013533814247,
        0.428515814218001,
        -0.175640992853561
      ],
      [
        0.743176401389968,
        -0.627746590838458,
        -0.231566521992604,
        0.0286693858069635
      ],
      [
        0.125424963882007,
        0.470656388013447,
        -0.873356251971286,
        0.193899301140235
      ],
      [
        0.0,
        0.0,
        0.0,
        1.0
      ]
    ],
    "2": [
      [
        -0.72599268034327,
        0.554017112583067,
        -0.407430567156069,
        -0.253805283239662
      ],
      [
        0.653081680016988,
        0.741029850039181,
        -0.156073958676964,
        0.0338522976464956
      ],
      [
        0.215450568145419,
        -0.379393990880233,
        -0.899800673688226,
        0.177667199202992
      ],
      [
        0.0,
        0.0,
        0.0,
        1.0
      ]
    ],
    "3": [
      [
        0.538078251291685,
        -0.703622412132977,
        0.46409836956302,
        -0.180186398919627
      ],
      [
        -0.826346972846459,
        -0.548918905005955,
        0.125851961425146,
        -0.0351511347363845
      ],
      [
        0.166200108165954,
        -0.45122448611665,
        -0.87679757479956,
        0.195409414139541
      ],
      [
        0.0,
        0.0,
        0.0,
        1.0
      ]
    ]
  },
  "T_WP": {
    "0": [
      [
        0.380800430563688,
        -0.446030582276937,
        -0.809967747355539,
        -0.315048431620615
      ],
      [
        -0.16422884953898,
        0.82941333459177,
        -0.53394981541383,
        -0.0673447099758205
      ],
      [
        0.909955997321636,
        0.336348390920868,
        0.242589865541267,
        0.196158602790188
      ],
      [
        0.0,
        0.0,
        0.0,
        1.0
      ]
    ],
    "1": [
      [
        -0.428515814218001,
        0.620013533814247,
        0.657234672588303,
        -0.12963456577238
      ],
      [
        0.231566521992604,
        -0.627746590838458,
        0.743176401389968,
        0.0806917339042612
      ],
      [
        0.873356251971286,
        0.470656388013447,
        0.125424963882007,
        0.202679048611975
      ],
      [
        0.0,
        0.0,
        0.0,
        1.0
      ]
    ],
    "2": [
      [
        0.407430567156069,
        0.554017112583067,
        -0.72599268034327,
        -0.304624770863691
      ],
      [
        0.156073958676964,
        0.741029850039181,
        0.653081680016988,
        0.0795680152476847
      ],
      [
        0.899800673688226,
        -0.379393990880233,
        0.215450568145419,
        0.192748738973172
      ],
      [
        0.0,
        0.0,
        0.0,
        1.0
      ]
    ],
    "3": [
      [
        -0.464098369563019,
        -0.703622412132977,
        0.538078251291685,
        -0.142520921329209
      ],
      [
        -0.125851961425146,
        -0.548918905005955,
        -0.826346972846459,
        -0.0929954228356366
      ],
      [
        0.87679757479956,
        -0.45122448611665,
        0.166200108165954,
        0.207043421711158
      ],
      [
        0.0,
        0.0,
        0.0,
        1.0
      ]
    ]
  },
  "simTime": 0.985999999999908,
  "state": [
    -0.216995841079645,
    -0.000649418544944448,
    0.186538306671267,
    0.101522328473596,
    0.0341526266657817,
    0.9941282782248,
    -0.0153551732950817,
    -0.454668019548609,
    -0.00429452369298507,
    -0.399416122721492,
    0.466125875432673,
    12.8650821289197,
    -0.260269008464202,
    0.94662852569488,
    -0.2543024849095,
    0.176790677910632,
    0.0892733818867104,
    0.985726199784347,
    -0.157564960459161,
    0.0184674822125213,
    -0.0563568486959961,
    0.945640470822646,
    0.257448226020647,
    0.176888166213968,
    -0.0905267226547342,
    0.984789224739662,
    0.161643092904974,
    0.0218540559655802,
    0.059867299844093,
    0.700786691235502,
    -1.90886527617663,
    2.65324175676188,
    -0.955431759728557,
    -0.617021974471671,
    1.33291048919574,
    -0.660452651416058,
    -1.90367009064189,
    -2.69407083710845,
    0.960943050380628,
    -0.627187478033616,
    -1.39850358249103
  ]
}