{
  "T_WB": [
    [
      -8.49490050103263e-06,
      -1.28282815255898e-09,
      0.999999999963918,
      -2.57049564737566e-06
    ],
    [
      2.14501952610818e-09,
      1.0,
      1.28284637433271e-09,
      1.10307770118587e-10
    ],
    [
      -0.999999999963918,
      2.14503042368309e-09,
      -8.49490050103263e-06,
      0.125186978155498
    ],
    [
      0.0,
      0.0,
      0.0,
      1.0
    ]
  ],
  "T_WH": {
    "0": [
      [
        0.000183641531821787,
        0.000663489174620333,
        0.999999763028923,
        -2.91025061691608e-06
      ],
      [
        -0.706966544307489,
        0.707246908810785,
        -0.000339422329069542,
        -0.0319999998038914
      ],
      [
        -0.707246966416764,
        -0.706966314444829,
        0.000598944554676998,
        0.0851869780883003
      ],
      [
        0.0,
        0.0,
        0.0,
        1.0
      ]
    ],
    "1": [
      [
        1.92130366742209e-06,
        3.89443044031173e-05,
        0.999999999239825,
        -2.23074067783523e-06
      ],
      [
        0.707110994447263,
        -0.707102567416114,
        2.61790427026736e-05,
        0.032000000024507
      ],
      [
        0.707102567898117,
        0.707110993859437,
        -2.88965045705681e-05,
        0.165186978222696
      ],
      [
        0.0,
        0.0,
        0.0,
        1.0
      ]
    ],
    "2": [
      [
        0.000183682842078624,
        -0.000663464035203533,
        0.999999763038016,
        -2.91033271791784e-06
      ],
      [
        0.706966517760204,
        0.70724693537008,
        0.000339375366808404,
        0.0320000001961086
      ],
      [
        -0.707246992942794,
        0.706966287898584,
        0.000598955985767146,
        0.0851869782255822
      ],
      [
        0.0,
        0.0,
        0.0,
        1.0
      ]
    ],
    "3": [
      [
        1.92114562440006e-06,
        -3.89380793549739e-05,
        0.999999999240068,
        -2.23065857683347e-06
      ],
      [
        -0.707110996133877,
        -0.707102565729639,
        -2.61747526401896e-05,
        -0.031999999975493
      ],
      [
        0.707102566211484,
        -0.707110995546234,
        -2.88919910803918e-05,
        0.165186978085414
      ],
      [
        0.0,
        0.0,
        0.0,
        1.0
      ]
    ]
  },
  "T_WP": {
    "0": [
      [
        -0.999999763028923,
        0.000663489174620333,
        0.000183641531821849,
        9.94465661060903e-06
      ],
      [
        0.000339422329069498,
        0.707246908810785,
        -0.706966544307489,
        -0.0814876579054156
      ],
      [
        -0.000598944554677042,
        -0.706966314444829,
        -0.707246966416764,
        0.0356796904391268
      ],
      [
        0.0,
        0.0,
        0.0,
        1.0
      ]
    ],
    "1": [
      [
        -0.999999999239825,
        3.89443044031173e-05,
        1.92130366748332e-06,
        -2.09624942111569e-06
      ],
      [
        -2.61790427026303e-05,
        -0.707102567416114,
        0.707110994447263,
        0.0814977696358154
      ],
      [
        2.88965045706114e-05,
        0.707110993859437,
        0.707102567898117,
        0.214684157975564
      ],
      [
        0.0,
        0.0,
        0.0,
        1.0
      ]
    ],
    "2": [
      [
        -0.999999763038016,
        -0.000663464035203533,
        0.000183682842078685,
        9.94746622758582e-06
      ],
      [
        -0.000339375366808361,
        0.70724693537008,
        0.706966517760204,
        0.0814876564393229
      ],
      [
        -0.000598955985767189,
        0.706966287898584,
        -0.707246992942794,
        0.0356796887195867
      ],
      [
        0.0,
        0.0,
        0.0,
        1.0
      ]
    ],
    "3": [
      [
        -0.999999999240068,
        -3.89380793549739e-05,
        1.92114562446129e-06,
        -2.09617838312547e-06
      ],
      [
        2.61747526401463e-05,
        -0.707102565729639,
        -0.707110996133877,
        -0.0814977697048644
      ],
      [
        2.88919910804351e-05,
        -0.707110995546234,
        0.707102566211484,
        0.214684157720218
      ],
      [
        0.0,
        0.0,
        0.0,
        1.0
      ]
    ]
  },
  "simTime": 0.276499999999986,
  "state": [
    -2.57049564737566e-06,
    1.10307770118587e-10,
    0.125186978155498,
    0.707103777779294,
    3.04829388713678e-10,
    0.707109784581044,
    1.21193231686321e-09,
    -0.0128300599357936,
    5.84550745380642e-06,
    -2.43495527141731,
    -6.2329326055689e-05,
    0.0343168395401478,
    4.65750743363743e-05,
    0.999999934558457,
    0.000334757267825066,
    -9.47911160452397e-05,
    9.91730688395516e-05,
    0.999999999857868,
    1.64682859722482e-05,
    2.04222848706295e-06,
    -2.98156844589498e-06,
    0.999999934558849,
    -0.000334743794834607,
    -9.4812672552055e-05,
    -9.9193984096987e-05,
    0.999999999857905,
    -1.64660805459692e-05,
    2.04321463844443e-06,
    2.98061605747339e-06,
    3.33754160745644,
    -0.939701573766325,
    0.983060661130752,
    0.164289072739855,
    0.0143126842933124,
    -0.0240121379544864,
    -3.33625827146385,
    -0.942066951075945,
    -0.985390368246065,
    -0.164199119019414,
    0.0144041202212766,
    0.0239240863418189
  ]
}