{
  "T_WB": [
    [
      0.793805050401794,
      -0.000676875851026798,
      0.608171919604718,
      -0.00237354438898961
    ],
    [
      0.00128938922524009,
      0.999999006296117,
      -0.000569984389844742,
      -1.57632583390924e-05
    ],
    [
      -0.608170929453251,
      0.00123662680754085,
      0.793805134351062,
      0.527272006453139
    ],
    [
      0.0,
      0.0,
      0.0,
      1.0
    ]
  ],
  "T_WH": {
    "0": [
      [
        0.680610795681157,
        0.432099307937296,
        0.591657952606379,
        0.029400317654315
      ],
      [
        -0.515361834051993,
        0.856353618885639,
        -0.032567766641811,
        -0.0319641558908052
      ],
      [
        -0.52074093828393,
        -0.282751954019029,
        0.805531009765355,
        0.502905597217168
      ],
      [
        0.0,
        0.0,
        0.0,
        1.0
      ]
    ],
    "1": [
      [
        -0.520390000123421,
        -0.561360182885264,
        0.643481928916864,
        -0.0341474064322942
      ],
      [
        0.750463097553144,
        -0.66018614344312,
        0.0309741055825853,
        0.031932629374127
      ],
      [
        0.407430223452417,
        0.499028056402366,
        0.764834368958921,
        0.551638415689111
      ],
      [
        0.0,
        0.0,
        0.0,
        1.0
      ]
    ],
    "2": [
      [
        0.6799554465659,
        -0.433886960154615,
        0.591102949149431,
        0.0293569975998493
      ],
      [
        0.517807874706168,
        0.854902695155529,
        0.0318808203798761,
        0.0320357805121462
      ],
      [
        -0.51916817658409,
        0.284400224373329,
        0.80596582855525,
        0.502984741332851
      ],
      [
        0.0,
        0.0,
        0.0,
        1.0
      ]
    ],
    "3": [
      [
        -0.519501137821384,
        0.562176934975246,
        0.643487110658889,
        -0.0341040863778285
      ],
      [
        -0.752026847757462,
        -0.658357202739221,
        -0.0319595659132319,
        -0.0320673070288244
      ],
      [
        0.40567744336389,
        -0.500522614257563,
        0.764789464207315,
        0.551559271573428
      ],
      [
        0.0,
        0.0,
        0.0,
        1.0
      ]
    ]
  },
  "T_WP": {
    "0": [
      [
        -0.591657952606379,
        0.432099307937296,
        0.680610795681157,
        0.077043073351996
      ],
      [
        0.032567766641811,
        0.856353618885639,
        -0.515361834051993,
        -0.0680394842744447
      ],
      [
        -0.805531009765355,
        -0.282751954019029,
        -0.52074093828393,
        0.466453731537293
      ],
      [
        0.0,
        0.0,
        0.0,
        1.0
      ]
    ],
    "1": [
      [
        -0.643481928916864,
        -0.561360182885264,
        -0.520390000123421,
        -0.0705747064409337
      ],
      [
        -0.0309741055825853,
        -0.66018614344312,
        0.750463097553144,
        0.0844650462028471
      ],
      [
        -0.764834368958921,
        0.499028056402366,
        0.407430223452417,
        0.58015853133078
      ],
      [
        0.0,
        0.0,
        0.0,
        1.0
      ]
    ],
    "2": [
      [
        -0.591102949149431,
        -0.433886960154615,
        0.6799554465659,
        0.0769538788594623
      ],
      [
        -0.0318808203798761,
        0.854902695155529,
        0.517807874706168,
        0.068282331741578
      ],
      [
        -0.80596582855525,
        0.284400224373329,
        -0.51916817658409,
        0.466642968971964
      ],
      [
        0.0,
        0.0,
        0.0,
        1.0
      ]
    ],
    "3": [
      [
        -0.643487110658889,
        0.562176934975246,
        -0.519501137821384,
        -0.0704691660253254
      ],
      [
        0.0319595659132318,
        -0.658357202739221,
        -0.752026847757462,
        -0.0847091863718468
      ],
      [
        -0.764789464207315,
        -0.500522614257563,
        0.40567744336389,
        0.5799566926089
      ],
      [
        0.0,
        0.0,
        0.0,
        1.0
      ]
    ]
  }
}