{
  "T_WB": [
    [
      -2.22044604925031e-16,
      8.32564365368331e-20,
      1.0,
      -2.42406977982152e-36
    ],
    [
      -1.76506458403483e-18,
      1.0,
      -8.32564365368331e-20,
      3.95795321265101e-21
    ],
    [
      -1.0,
      -1.76506458403483e-18,
      -2.22044604925031e-16,
      0.283764469999999
    ],
    [
      0.0,
      0.0,
      0.0,
      1.0
    ]
  ],
  "T_WH": {
    "0": [
      [
        -1.57168133271674e-16,
        -1.52643872426782e-16,
        1.0,
        -8.88444840297043e-18
      ],
      [
        -0.707106779455507,
        0.707106782917588,
        -3.19913498698248e-18,
        -0.032
      ],
      [
        -0.707106782917588,
        -0.707106779455507,
        -2.19070170130215e-16,
        0.243764469999999
      ],
      [
        0.0,
        0.0,
        0.0,
        1.0
      ]
    ],
    "1": [
      [
        1.57168133271674e-16,
        1.52608353327237e-16,
        1.0,
        8.88444840297043e-18
      ],
      [
        0.707106779455507,
        -0.707106782917588,
        -3.22425078319418e-18,
        0.032
      ],
      [
        0.707106782917588,
        0.707106779455507,
        -2.19045054334127e-16,
        0.323764469999999
      ],
      [
        0.0,
        0.0,
        0.0,
        1.0
      ]
    ],
    "2": [
      [
        -1.57059894006958e-16,
        1.53543968335131e-16,
        1.0,
        -8.87911999103207e-18
      ],
      [
        0.707106779455507,
        0.707106782917588,
        2.48613434702944e-18,
        0.032
      ],
      [
        -0.707106782917588,
        0.707106779455507,
        -2.1963009733091e-16,
        0.243764469999999
      ],
      [
        0.0,
        0.0,
        0.0,
        1.0
      ]
    ],
    "3": [
      [
        1.57059894006958e-16,
        -1.52751132856082e-16,
        1.0,
        8.87911999103207e-18
      ],
      [
        -0.707106779455507,
        -0.707106782917588,
        3.0467536920024e-18,
        -0.032
      ],
      [
        0.707106782917588,
        -0.707106779455507,
        -2.19069477988682e-16,
        0.323764469999999
      ],
      [
        0.0,
        0.0,
        0.0,
        1.0
      ]
    ]
  },
  "T_WP": {
    "0": [
      [
        -1.0,
        -1.52643872426782e-16,
        -9.59357933143061e-17,
        -1.98862177319876e-17
      ],
      [
        -4.00986677187965e-17,
        0.707106782917588,
        -0.707106779455507,
        -0.0814974745618855
      ],
      [
        1.75772367212445e-16,
        -0.707106779455507,
        -0.707106782917588,
        0.194266995195768
      ],
      [
        0.0,
        0.0,
        0.0,
        1.0
      ]
    ],
    "1": [
      [
        -1.0,
        1.52608353327237e-16,
        2.18400473229041e-16,
        1.98862177319876e-17
      ],
      [
        4.65220534889732e-17,
        -0.707106782917588,
        0.707106779455507,
        0.0814974745618855
      ],
      [
        2.62342857251897e-16,
        0.707106779455507,
        0.707106782917588,
        0.37326194480423
      ],
      [
        0.0,
        0.0,
        0.0,
        1.0
      ]
    ],
    "2": [
      [
        -1.0,
        1.53543968335131e-16,
        -9.58275540495906e-17,
        -1.98733125715192e-17
      ],
      [
        4.08116683587496e-17,
        0.707106782917588,
        0.707106779455507,
        0.0814974745618855
      ],
      [
        1.7633229441314e-16,
        0.707106779455507,
        -0.707106782917588,
        0.194266995195768
      ],
      [
        0.0,
        0.0,
        0.0,
        1.0
      ]
    ],
    "3": [
      [
        -1.0,
        -1.52751132856082e-16,
        2.18292233964326e-16,
        1.98733125715192e-17
      ],
      [
        -4.63445563977814e-17,
        -0.707106782917588,
        -0.707106779455507,
        -0.0814974745618855
      ],
      [
        2.62367280906452e-16,
        -0.707106779455507,
        0.707106782917588,
        0.37326194480423
      ],
      [
        0.0,
        0.0,
        0.0,
        1.0
      ]
    ]
  }
}