{
  "T_WB": [
    [
      0.181774827088834,
      -0.000170110177581497,
      0.983340166625645,
      -0.00355648110816494
    ],
    [
      0.000168130833192888,
      0.999999975796438,
      0.000141912458240314,
      4.56491493374608e-07
    ],
    [
      -0.983340166966065,
      0.000139533688968418,
      0.181774851290002,
      0.174778557895925
    ],
    [
      0.0,
      0.0,
      0.0,
      1.0
    ]
  ],
  "T_WH": {
    "0": [
      [
        0.416223996910027,
        0.734556462779638,
        0.535895873640494,
        0.00371995550107103
      ],
      [
        -0.590981509154642,
        0.666455953107346,
        -0.454507775956673,
        -0.0319928175006649
      ],
      [
        -0.691012619445943,
        -0.127527509018431,
        0.711504247499627,
        0.135440486139235
      ],
      [
        0.0,
        0.0,
        0.0,
        1.0
      ]
    ],
    "1": [
      [
        -0.059809473473628,
        -0.0750345090655197,
        0.995385678685455,
        -0.0108329177174009
      ],
      [
        0.658685004427477,
        -0.752223875710804,
        -0.0171261715800996,
        0.0319937304836517
      ],
      [
        0.750037926924487,
        0.654621312867152,
        0.0944142198765903,
        0.214116629652614
      ],
      [
        0.0,
        0.0,
        0.0,
        1.0
      ]
    ],
    "2": [
      [
        0.416769865590827,
        -0.734754527432418,
        0.535199648311701,
        0.00370906844970581
      ],
      [
        0.591161817073666,
        0.666339994808661,
        0.45444330488253,
        0.0320071809503071
      ],
      [
        -0.690529206601405,
        0.126991321498589,
        0.712069251614249,
        0.135449416295329
      ],
      [
        0.0,
        0.0,
        0.0,
        1.0
      ]
    ],
    "3": [
      [
        -0.0597477641725133,
        0.0754664535843902,
        0.995356729549653,
        -0.0108220306660357
      ],
      [
        -0.658798522314965,
        -0.752116342374734,
        0.017478973896405,
        -0.0320062679673204
      ],
      [
        0.749943138959218,
        -0.654695212993228,
        0.094654457960246,
        0.21410769949652
      ],
      [
        0.0,
        0.0,
        0.0,
        1.0
      ]
    ]
  },
  "T_WP": {
    "0": [
      [
        -0.535895873640494,
        0.734556462779638,
        0.416223996910027,
        0.0328556352847729
      ],
      [
        0.454507775956673,
        0.666455953107346,
        -0.590981509154642,
        -0.0733615231414899
      ],
      [
        -0.711504247499627,
        -0.127527509018431,
        -0.691012619445943,
        0.0870696027780193
      ],
      [
        0.0,
        0.0,
        0.0,
        1.0
      ]
    ],
    "1": [
      [
        -0.995385678685455,
        -0.0750345090655197,
        -0.0598094734736279,
        -0.0150195808605549
      ],
      [
        0.0171261715800996,
        -0.752223875710804,
        0.658685004427477,
        0.0781016807935751
      ],
      [
        -0.0944142198765903,
        0.654621312867152,
        0.750037926924487,
        0.266619284537329
      ],
      [
        0.0,
        0.0,
        0.0,
        1.0
      ]
    ],
    "2": [
      [
        -0.535199648311701,
        -0.734754527432418,
        0.416769865590827,
        0.0328829590410637
      ],
      [
        -0.45444330488253,
        0.666339994808661,
        0.591161817073666,
        0.0733885081454637
      ],
      [
        -0.712069251614249,
        0.126991321498589,
        -0.690529206601405,
        0.0871123718332309
      ],
      [
        0.0,
        0.0,
        0.0,
        1.0
      ]
    ],
    "3": [
      [
        -0.995356729549653,
        0.0754664535843902,
        -0.0597477641725133,
        -0.0150043741581116
      ],
      [
        -0.017478973896405,
        -0.752116342374734,
        -0.658798522314965,
        -0.0781221645293679
      ],
      [
        -0.094654457960246,
        -0.654695212993228,
        0.749943138959218,
        0.266603719223666
      ],
      [
        0.0,
        0.0,
        0.0,
        1.0
      ]
    ]
  },
  "simTime": 0.308999999999982,
  "state": [
    -0.00355648110816494,
    4.56491493374608e-07,
    0.174778557895925,
    0.768692014752214,
    -7.73641857286249e-07,
    0.639619085358153,
    0.000110005374156064,
    -0.0965729109710675,
    0.000188246666024697,
    1.86116782467402,
    -0.00879390632756355,
    -5.92420592579425,
    0.00674763105589453,
    0.903115874882137,
    0.400422808560916,
    -0.107438663020032,
    0.111804403350355,
    0.998457960348928,
    0.0238298508780382,
    -0.0380910548443133,
    0.0326023183813161,
    0.902967303102389,
    -0.400611457871689,
    -0.107788762884021,
    -0.111991481577172,
    0.998460477282996,
    -0.0237313527059852,
    -0.038020474789004,
    -0.0326793772794854,
    12.9660964786468,
    -2.42926919063001,
    2.81180656862853,
    0.87639474426098,
    -0.742193318347314,
    0.530286202603541,
    -12.9729828718603,
    -2.44243102002992,
    -2.8148289802251,
    -0.873200611013983,
    -0.736563647094965,
    -0.536867875460189
  ]
}