{
  "arms": {
    "0": [
      [
        -0.897970855236053,
        -0.0592557564377785,
        0.436046987771988,
        0.00956746004521847
      ],
      [
        -0.297123193740845,
        -0.649278163909912,
        -0.700111269950867,
        0.279904305934906
      ],
      [
        0.324601411819458,
        -0.758239209651947,
        0.565426647663116,
        0.0319861732423306
      ],
      [
        0.0,
        0.0,
        0.0,
        1.0
      ]
    ],
    "1": [
      [
        -0.929719686508179,
        0.337218344211578,
        -0.148003146052361,
        -0.0192126743495464
      ],
      [
        -0.349499553442001,
        -0.681284010410309,
        0.643196880817413,
        0.354548126459122
      ],
      [
        0.116065613925457,
        0.649719834327698,
        0.751260876655579,
        0.0320461094379425
      ],
      [
        0.0,
        0.0,
        0.0,
        1.0
      ]
    ],
    "2": [
      [
        -0.998327553272247,
        -0.00404718145728111,
        -0.0576679259538651,
        -0.0192220415920019
      ],
      [
        -0.0370134264230728,
        0.811020374298096,
        0.583845794200897,
        0.354595899581909
      ],
      [
        0.0444069355726242,
        0.585003912448883,
        -0.809813797473907,
        -0.0319538712501526
      ],
      [
        0.0,
        0.0,
        0.0,
        1.0
      ]
    ],
    "3": [
      [
        -0.885053813457489,
        -0.29857462644577,
        0.35711732506752,
        0.00955809280276299
      ],
      [
        -0.465400964021683,
        0.582470893859863,
        -0.666430413722992,
        0.279952079057693
      ],
      [
        -0.00903123803436756,
        -0.756029605865479,
        -0.654475152492523,
        -0.0320138111710548
      ],
      [
        0.0,
        0.0,
        0.0,
        1.0
      ]
    ]
  },
  "base": [
    [
      0.35975170135498,
      -0.000146362610394135,
      0.933048009872437,
      -0.00482729123905301
    ],
    [
      -0.933047771453857,
      0.000746545207221061,
      0.359751731157303,
      0.317250102758408
    ],
    [
      -0.000749216764234006,
      -0.999999701976776,
      0.000132007597130723,
      1.61486168508418e-05
    ],
    [
      0.0,
      0.0,
      0.0,
      1.0
    ]
  ]
}