{
  "T_WB": [
    [
      0.9980120744871,
      -0.00233616998880728,
      0.0629796910737045,
      -0.0692814189185084
    ],
    [
      0.00223639920145924,
      0.999996130365892,
      0.00165462136250598,
      3.60322812126484e-05
    ],
    [
      -0.0629833128421137,
      -0.00151048436765989,
      0.998013437154234,
      0.312774851470371
    ],
    [
      0.0,
      0.0,
      0.0,
      1.0
    ]
  ],
  "T_WH": {
    "0": [
      [
        -0.0538049679650194,
        0.914139794081804,
        -0.401812720428759,
        -0.0292861784993826
      ],
      [
        -0.808256148657114,
        -0.276163759282349,
        -0.520053435924627,
        -0.0318743879224375
      ],
      [
        -0.586367652228747,
        0.296786143435164,
        0.753718091520052,
        0.310303854456451
      ],
      [
        0.0,
        0.0,
        0.0,
        1.0
      ]
    ],
    "1": [
      [
        -0.658206573096133,
        -0.743309487381144,
        0.119394778370856,
        -0.109276659337634
      ],
      [
        0.752074439436691,
        -0.656355821847128,
        0.0598420644143167,
        0.0319464524848628
      ],
      [
        0.033884283658224,
        0.129182201160075,
        0.991041782279843,
        0.31524584848429
      ],
      [
        0.0,
        0.0,
        0.0,
        1.0
      ]
    ],
    "2": [
      [
        -0.0574265470032239,
        -0.91262232046881,
        -0.404750159828765,
        -0.0294356933786662
      ],
      [
        0.80573911397269,
        -0.281749057764332,
        0.520962521361581,
        0.0321253644209796
      ],
      [
        -0.589480001284005,
        -0.296205956440845,
        0.751515375395057,
        0.310207183456921
      ],
      [
        0.0,
        0.0,
        0.0,
        1.0
      ]
    ],
    "3": [
      [
        -0.654860260676043,
        0.746168796643555,
        0.119959017596903,
        -0.109127144458351
      ],
      [
        -0.754889088431927,
        -0.653395734457072,
        -0.0567140049698285,
        -0.0320532998585543
      ],
      [
        0.0360624895663041,
        -0.12769550152144,
        0.991157583705774,
        0.31534251948382
      ],
      [
        0.0,
        0.0,
        0.0,
        1.0
      ]
    ]
  },
  "T_WP": {
    "0": [
      [
        0.401812720428759,
        0.914139794081804,
        -0.0538049679650194,
        -0.0330525262569339
      ],
      [
        0.520053435924627,
        -0.276163759282349,
        -0.808256148657114,
        -0.0884523183284355
      ],
      [
        -0.753718091520052,
        0.296786143435164,
        -0.586367652228747,
        0.269258118800439
      ],
      [
        0.0,
        0.0,
        0.0,
        1.0
      ]
    ],
    "1": [
      [
        -0.119394778370856,
        -0.743309487381144,
        -0.658206573096133,
        -0.155351119454364
      ],
      [
        -0.0598420644143167,
        -0.656355821847128,
        0.752074439436691,
        0.0845916632454312
      ],
      [
        -0.991041782279843,
        0.129182201160075,
        0.033884283658224,
        0.317617748340366
      ],
      [
        0.0,
        0.0,
        0.0,
        1.0
      ]
    ],
    "2": [
      [
        0.404750159828765,
        -0.91262232046881,
        -0.0574265470032239,
        -0.0334555516688919
      ],
      [
        -0.520962521361581,
        -0.281749057764332,
        0.80573911397269,
        0.0885271023990679
      ],
      [
        -0.751515375395057,
        -0.296205956440845,
        -0.589480001284005,
        0.268943583367041
      ],
      [
        0.0,
        0.0,
        0.0,
        1.0
      ]
    ],
    "3": [
      [
        -0.119959017596904,
        0.746168796643555,
        -0.654860260676043,
        -0.154967362705674
      ],
      [
        0.0567140049698285,
        -0.653395734457072,
        -0.754889088431927,
        -0.0848955360487891
      ],
      [
        -0.991157583705774,
        -0.12769550152144,
        0.0360624895663042,
        0.317866893753462
      ],
      [
        0.0,
        0.0,
        0.0,
        1.0
      ]
    ]
  },
  "simTime": 0.593999999999951,
  "state": [
    -0.0692814189185084,
    3.60322812126484e-05,
    0.312774851470371,
    0.99950258153834,
    -0.000791670223926395,
    0.0315064228553437,
    0.00114371120063263,
    -0.314361261490794,
    -0.000170519330874444,
    -0.937801591915956,
    -0.0117556505543868,
    -3.32180375221016,
    0.000496995965607994,
    0.824329702299673,
    0.315145328712233,
    0.194052303445842,
    -0.428377949041211,
    0.998589229574904,
    0.0406322413347152,
    0.00181165889521606,
    -0.0341363359657152,
    0.824128458572345,
    -0.315508843066447,
    0.194312816526095,
    0.428379484863292,
    0.998582489609879,
    -0.040886047940223,
    0.00186193802172196,
    0.034027572866255,
    -4.25724217775265,
    -2.26959721460586,
    -3.54075589520726,
    -0.297209264871338,
    0.168711353433266,
    -0.572945278700156,
    4.25889093342531,
    -2.27177744578195,
    3.5438662979459,
    0.295265755667007,
    0.168279623200158,
    0.575327196116415
  ]
}