{
  "T_WB": [
    [
      -2.22044604925031e-16,
      8.93481584230975e-20,
      1.0,
      -5.96968072715745e-36
    ],
    [
      -1.55553949642696e-18,
      1.0,
      -8.93481584230976e-20,
      4.68243145565757e-21
    ],
    [
      -1.0,
      -1.55553949642696e-18,
      -2.22044604925031e-16,
      0.301901776700003
    ],
    [
      0.0,
      0.0,
      0.0,
      1.0
    ]
  ],
  "T_WH": {
    "0": [
      [
        -1.57167221831039e-16,
        -1.52778362740486e-16,
        1.0,
        -8.88464333807079e-18
      ],
      [
        -0.707106779455507,
        0.707106782917588,
        -3.10339148807381e-18,
        -0.032
      ],
      [
        -0.707106782917588,
        -0.707106779455507,
        -2.19164624656951e-16,
        0.261901776700002
      ],
      [
        0.0,
        0.0,
        0.0,
        1.0
      ]
    ],
    "1": [
      [
        1.57167221831039e-16,
        1.52779656975202e-16,
        1.0,
        8.88464333807079e-18
      ],
      [
        0.707106779455507,
        -0.707106782917588,
        -3.10247632592746e-18,
        0.032
      ],
      [
        0.707106782917588,
        0.707106779455507,
        -2.19165539819093e-16,
        0.341901776700003
      ],
      [
        0.0,
        0.0,
        0.0,
        1.0
      ]
    ],
    "2": [
      [
        -1.57053108805614e-16,
        1.5387258722513e-16,
        1.0,
        -8.87892505593171e-18
      ],
      [
        0.707106779455507,
        0.707106782917588,
        2.24896783904587e-18,
        0.032
      ],
      [
        -0.707106782917588,
        0.707106779455507,
        -2.19857668113992e-16,
        0.261901776700002
      ],
      [
        0.0,
        0.0,
        0.0,
        1.0
      ]
    ],
    "3": [
      [
        1.57053108805614e-16,
        -1.52893325661463e-16,
        1.0,
        8.87892505593171e-18
      ],
      [
        -0.707106779455507,
        -0.707106782917588,
        2.941410332965e-18,
        -0.032
      ],
      [
        0.707106782917588,
        -0.707106779455507,
        -2.19165225623463e-16,
        0.341901776700003
      ],
      [
        0.0,
        0.0,
        0.0,
        1.0
      ]
    ]
  },
  "T_WP": {
    "0": [
      [
        -1.0,
        -1.52778362740486e-16,
        -9.59348818736713e-17,
        -1.98863488662435e-17
      ],
      [
        -4.01944112177052e-17,
        0.707106782917588,
        -0.707106779455507,
        -0.0814974745618855
      ],
      [
        1.75866821739181e-16,
        -0.707106779455507,
        -0.707106782917588,
        0.212404301895771
      ],
      [
        0.0,
        0.0,
        0.0,
        1.0
      ]
    ],
    "1": [
      [
        -1.0,
        1.52779656975202e-16,
        2.18399561788407e-16,
        1.98863488662435e-17
      ],
      [
        4.64002790317065e-17,
        -0.707106782917588,
        0.707106779455507,
        0.0814974745618855
      ],
      [
        2.62463342736864e-16,
        0.707106779455507,
        0.707106782917588,
        0.391399251504234
      ],
      [
        0.0,
        0.0,
        0.0,
        1.0
      ]
    ],
    "2": [
      [
        -1.0,
        1.5387258722513e-16,
        -9.58207688482468e-17,
        -1.98726426723247e-17
      ],
      [
        4.10488348667332e-17,
        0.707106782917588,
        0.707106779455507,
        0.0814974745618855
      ],
      [
        1.76559865196222e-16,
        0.707106779455507,
        -0.707106782917588,
        0.212404301895771
      ],
      [
        0.0,
        0.0,
        0.0,
        1.0
      ]
    ],
    "3": [
      [
        -1.0,
        -1.52893325661463e-16,
        2.18285448762982e-16,
        1.98726426723247e-17
      ],
      [
        -4.6239213038744e-17,
        -0.707106782917588,
        -0.707106779455507,
        -0.0814974745618855
      ],
      [
        2.62463028541234e-16,
        -0.707106779455507,
        0.707106782917588,
        0.391399251504234
      ],
      [
        0.0,
        0.0,
        0.0,
        1.0
      ]
    ]
  },
  "simTime": 0.200999999999994,
  "state": [
    -5.96968072715745e-36,
    4.68243145565757e-21,
    0.301901776700003,
    0.707106781186548,
    -5.18376918809754e-19,
    0.707106781186548,
    -5.81555607517256e-19,
    -7.41718160634859e-35,
    -1.57842613322323e-20,
    -1.97112659999995,
    6.20886347164162e-19,
    -9.81316158139658e-18,
    -1.79054663650287e-17,
    1.0,
    2.08385202733047e-18,
    4.73984448702672e-20,
    -8.85493412342464e-19,
    1.0,
    -2.08320490997249e-18,
    -4.73984448702667e-20,
    8.82173542144932e-19,
    1.0,
    -1.59991847387077e-18,
    5.35206207108427e-20,
    5.65679246625345e-19,
    1.0,
    2.08954925570407e-18,
    -5.35206207108421e-20,
    -8.77999913574451e-19,
    1.70753316970327e-17,
    3.95065290915503e-19,
    -1.96434651455636e-17,
    -1.73083787235827e-17,
    -3.950652909155e-19,
    1.96254795796762e-17,
    -2.04249288611321e-17,
    2.83812767620067e-19,
    1.46015486201493e-17,
    1.71786441179375e-17,
    -2.83812767620064e-19,
    -1.97311027028581e-17
  ]
}