{
  "T_WB": [
    [
      0.99350463232264,
      -0.00231239684319938,
      0.113768178214717,
      -0.06461502520211
    ],
    [
      0.00214539978098412,
      0.999996434118251,
      0.0015902863147946,
      3.83488845198702e-05
    ],
    [
      -0.1137714499039,
      -0.00133587859584292,
      0.993506050618285,
      0.325702412931131
    ],
    [
      0.0,
      0.0,
      0.0,
      1.0
    ]
  ],
  "T_WH": {
    "0": [
      [
        -0.0192494687533248,
        0.906662930485107,
        -0.421416407412992,
        -0.024800843210222
      ],
      [
        -0.805799338680365,
        -0.263587253727022,
        -0.530291604171641,
        -0.0318757210160248
      ],
      [
        -0.591875733355407,
        0.329369230737792,
        0.735662304395294,
        0.321194303050042
      ],
      [
        0.0,
        0.0,
        0.0,
        1.0
      ]
    ],
    "1": [
      [
        -0.661481318750089,
        -0.729366505530303,
        0.174547889002294,
        -0.104429207193998
      ],
      [
        0.746544065274492,
        -0.662578361775018,
        0.0605134126534582,
        0.0319524187850645
      ],
      [
        0.0715151980216619,
        0.170336182644931,
        0.982787444635856,
        0.33021052281222
      ],
      [
        0.0,
        0.0,
        0.0,
        1.0
      ]
    ],
    "2": [
      [
        -0.0227929534061585,
        -0.905182665347631,
        -0.424411149275304,
        -0.0249488366081868
      ],
      [
        0.803640636524363,
        -0.269108423851416,
        0.53079410654125,
        0.0321240507675433
      ],
      [
        -0.594678239556268,
        -0.328975680812983,
        0.733575349116839,
        0.321108806819908
      ],
      [
        0.0,
        0.0,
        0.0,
        1.0
      ]
    ],
    "3": [
      [
        -0.658224999979435,
        0.732179088398951,
        0.175081786355276,
        -0.104281213796033
      ],
      [
        -0.749231783365549,
        -0.659808030434197,
        -0.057489979730602,
        -0.0320473529985035
      ],
      [
        0.0734274076687489,
        -0.169018180932782,
        0.982873984963088,
        0.330296019042354
      ],
      [
        0.0,
        0.0,
        0.0,
        1.0
      ]
    ]
  },
  "T_WP": {
    "0": [
      [
        0.421416407412992,
        0.906662930485107,
        -0.0192494687533248,
        -0.0261483060229547
      ],
      [
        0.530291604171641,
        -0.263587253727022,
        -0.805799338680365,
        -0.0882816747236504
      ],
      [
        -0.735662304395294,
        0.329369230737792,
        -0.591875733355407,
        0.279763001715163
      ],
      [
        0.0,
        0.0,
        0.0,
        1.0
      ]
    ],
    "1": [
      [
        -0.174547889002294,
        -0.729366505530303,
        -0.661481318750089,
        -0.150732899506504
      ],
      [
        -0.0605134126534581,
        -0.662578361775018,
        0.746544065274492,
        0.084210503354279
      ],
      [
        -0.982787444635856,
        0.170336182644931,
        0.071515198021662,
        0.335216586673736
      ],
      [
        0.0,
        0.0,
        0.0,
        1.0
      ]
    ],
    "2": [
      [
        0.424411149275304,
        -0.905182665347631,
        -0.0227929534061585,
        -0.0265443433466179
      ],
      [
        -0.53079410654125,
        -0.269108423851416,
        0.803640636524363,
        0.0883788953242486
      ],
      [
        -0.733575349116839,
        -0.328975680812983,
        -0.594678239556268,
        0.279481330050969
      ],
      [
        0.0,
        0.0,
        0.0,
        1.0
      ]
    ],
    "3": [
      [
        -0.175081786355276,
        0.732179088398951,
        -0.658224999979435,
        -0.150356963794594
      ],
      [
        0.057489979730602,
        -0.659808030434197,
        -0.749231783365549,
        -0.0844935778340919
      ],
      [
        -0.982873984963088,
        -0.169018180932782,
        0.073427407668749,
        0.335435937579166
      ],
      [
        0.0,
        0.0,
        0.0,
        1.0
      ]
    ]
  },
  "simTime": 0.578999999999953,
  "state": [
    -0.06461502520211,
    3.83488845198702e-05,
    0.325702412931131,
    0.998374568618809,
    -0.000732732233625926,
    0.0569775200788128,
    0.00111626356587553,
    -0.307729228459786,
    -0.000138119897716162,
    -0.785910940219562,
    -0.0117157863925024,
    -3.47752264716186,
    0.000611218307848311,
    0.822500818480112,
    0.352879936777723,
    0.185544660706145,
    -0.405636946915265,
    0.998643757150762,
    0.0426637251054279,
    0.000236016770687915,
    -0.0298395234550005,
    0.822287175947678,
    -0.353264853036303,
    0.185791156880432,
    0.405622225606862,
    0.998637252366268,
    -0.0429026342304848,
    0.000288575660011139,
    0.0297139510419829,
    -3.98048861442108,
    -2.18242938861489,
    -3.91481932061599,
    -0.255314095206104,
    0.185786104079461,
    -0.589179485674562,
    3.98190770958164,
    -2.18443414216958,
    3.91838003129112,
    0.253150794805326,
    0.185328483431973,
    0.591365397579399
  ]
}