{
  "T_WB": [
    [
      -2.22044604925031e-16,
      8.58651694141399e-20,
      1.0,
      -2.58703273024738e-36
    ],
    [
      -1.8596267896272e-18,
      1.0,
      -8.58651694141398e-20,
      3.90719059986997e-21
    ],
    [
      -1.0,
      -1.8596267896272e-18,
      -2.22044604925031e-16,
      0.273344957499999
    ],
    [
      0.0,
      0.0,
      0.0,
      1.0
    ]
  ],
  "T_WH": {
    "0": [
      [
        -1.5717155035091e-16,
        -1.52565740128922e-16,
        1.0,
        -8.8845318824225e-18
      ],
      [
        -0.707106779455507,
        0.707106782917588,
        -3.25679910465854e-18,
        -0.032
      ],
      [
        -0.707106782917588,
        -0.707106779455507,
        -2.19017338492609e-16,
        -0.04
      ],
      [
        0.0,
        0.0,
        0.0,
        1.0
      ]
    ],
    "1": [
      [
        1.5717155035091e-16,
        1.52521404708066e-16,
        1.0,
        8.8845318824225e-18
      ],
      [
        0.707106779455507,
        -0.707106782917588,
        -3.28814898146904e-18,
        0.032
      ],
      [
        0.707106782917588,
        0.707106779455507,
        -2.18985988615952e-16,
        0.04
      ],
      [
        0.0,
        0.0,
        0.0,
        1.0
      ]
    ],
    "2": [
      [
        -1.57059176028221e-16,
        1.53450489482054e-16,
        1.0,
        -8.87903651158e-18
      ],
      [
        0.707106779455507,
        0.707106782917588,
        2.55172619046615e-18,
        0.032
      ],
      [
        -0.707106782917588,
        0.707106779455507,
        -2.19563490112529e-16,
        -0.04
      ],
      [
        0.0,
        0.0,
        0.0,
        1.0
      ]
    ],
    "3": [
      [
        1.57059176028221e-16,
        -1.52676554237708e-16,
        1.0,
        8.87903651158e-18
      ],
      [
        -0.707106779455507,
        -0.707106782917588,
        3.0989810512825e-18,
        -0.032
      ],
      [
        0.707106782917588,
        -0.707106779455507,
        -2.19016235254392e-16,
        0.04
      ],
      [
        0.0,
        0.0,
        0.0,
        1.0
      ]
    ]
  },
  "T_WP": {
    "0": [
      [
        -1.0,
        -1.52565740128922e-16,
        -9.59392103935421e-17,
        -1.98865404069862e-17
      ],
      [
        -4.00410036011205e-17,
        0.707106782917588,
        -0.707106779455507,
        -0.0814974745618855
      ],
      [
        1.75719535574839e-16,
        -0.707106779455507,
        -0.707106782917588,
        -0.0894974748042311
      ],
      [
        0.0,
        0.0,
        0.0,
        1.0
      ]
    ],
    "1": [
      [
        -1.0,
        1.52521404708066e-16,
        2.18403890308277e-16,
        1.98865404069862e-17
      ],
      [
        4.65859516872481e-17,
        -0.707106782917588,
        0.707106779455507,
        0.0814974745618855
      ],
      [
        2.62283791533722e-16,
        0.707106779455507,
        0.707106782917588,
        0.0894974748042311
      ],
      [
        0.0,
        0.0,
        0.0,
        1.0
      ]
    ],
    "2": [
      [
        -1.0,
        1.53450489482054e-16,
        -9.5826836070853e-17,
        -1.98731788335554e-17
      ],
      [
        4.07460765153129e-17,
        0.707106782917588,
        0.707106779455507,
        0.0814974745618855
      ],
      [
        1.76265687194759e-16,
        0.707106779455507,
        -0.707106782917588,
        -0.0894974748042311
      ],
      [
        0.0,
        0.0,
        0.0,
        1.0
      ]
    ],
    "3": [
      [
        -1.0,
        -1.52676554237708e-16,
        2.18291515985588e-16,
        1.98731788335554e-17
      ],
      [
        -4.63967837570615e-17,
        -0.707106782917588,
        -0.707106779455507,
        -0.0814974745618855
      ],
      [
        2.62314038172162e-16,
        -0.707106779455507,
        0.707106782917588,
        0.0894974748042311
      ],
      [
        0.0,
        0.0,
        0.0,
        1.0
      ]
    ]
  }
}