{
  "T_WB": [
    [
      0.97569574414029,
      -0.00226606419590149,
      -0.219117958687976,
      -0.102506781355478
    ],
    [
      0.00280101577082548,
      0.999993807055169,
      0.00213076558110036,
      9.52617592767062e-06
    ],
    [
      0.219111773250953,
      -0.00269273176719634,
      0.975696048991925,
      0.167237826838254
    ],
    [
      0.0,
      0.0,
      0.0,
      1.0
    ]
  ],
  "T_WH": {
    "0": [
      [
        -0.171759553233896,
        0.975052612016842,
        -0.140609600212883,
        -0.0634064375355974
      ],
      [
        -0.869864851427069,
        -0.217106116616734,
        -0.442944775767096,
        -0.0318782350190047
      ],
      [
        -0.462421664852172,
        0.0462313522053546,
        0.885454045080042,
        0.176088465184842
      ],
      [
        0.0,
        0.0,
        0.0,
        1.0
      ]
    ],
    "1": [
      [
        -0.602651078187574,
        -0.771770655549589,
        -0.202932829261092,
        -0.141607125175358
      ],
      [
        0.782130070276351,
        -0.621715648313009,
        0.0417397390054826,
        0.0318972873708601
      ],
      [
        -0.158380021242783,
        -0.133565369296434,
        0.978302642844147,
        0.158387188491665
      ],
      [
        0.0,
        0.0,
        0.0,
        1.0
      ]
    ],
    "2": [
      [
        -0.175636334560416,
        -0.974033901154728,
        -0.142863002150606,
        -0.0635514656441351
      ],
      [
        0.866243119879564,
        -0.221858946739994,
        0.447662222007553,
        0.0321213686325261
      ],
      [
        -0.467733615686858,
        -0.0451283409037244,
        0.882716657599581,
        0.175916130351742
      ],
      [
        0.0,
        0.0,
        0.0,
        1.0
      ]
    ],
    "3": [
      [
        -0.59902587083175,
        0.774738856586991,
        -0.202355405582715,
        -0.141462097066821
      ],
      [
        -0.785729382170998,
        -0.61741102041067,
        -0.0378545884753384,
        -0.0321023162806707
      ],
      [
        -0.154263878038394,
        0.136320709981052,
        0.978580257292583,
        0.158559523324766
      ],
      [
        0.0,
        0.0,
        0.0,
        1.0
      ]
    ]
  },
  "T_WP": {
    "0": [
      [
        0.140609600212883,
        0.975052612016842,
        -0.171759553233896,
        -0.0754296062619701
      ],
      [
        0.442944775767096,
        -0.217106116616734,
        -0.869864851427069,
        -0.0927687746188996
      ],
      [
        -0.885454045080042,
        0.0462313522053546,
        -0.462421664852172,
        0.14371894864519
      ],
      [
        0.0,
        0.0,
        0.0,
        1.0
      ]
    ],
    "1": [
      [
        0.202932829261091,
        -0.771770655549589,
        -0.602651078187574,
        -0.183792700648489
      ],
      [
        -0.0417397390054826,
        -0.621715648313009,
        0.782130070276351,
        0.0866463922902046
      ],
      [
        -0.978302642844147,
        -0.133565369296434,
        -0.158380021242783,
        0.147300587004671
      ],
      [
        0.0,
        0.0,
        0.0,
        1.0
      ]
    ],
    "2": [
      [
        0.142863002150606,
        -0.974033901154728,
        -0.175636334560416,
        -0.0758460090633642
      ],
      [
        -0.447662222007553,
        -0.221858946739994,
        0.866243119879564,
        0.0927583870240956
      ],
      [
        -0.882716657599581,
        -0.0451283409037244,
        -0.467733615686858,
        0.143174777253662
      ],
      [
        0.0,
        0.0,
        0.0,
        1.0
      ]
    ],
    "3": [
      [
        0.202355405582715,
        0.774738856586991,
        -0.59902587083175,
        -0.183393908025043
      ],
      [
        0.0378545884753384,
        -0.61741102041067,
        -0.785729382170998,
        -0.0871033730326406
      ],
      [
        -0.978580257292583,
        0.136320709981052,
        -0.154263878038394,
        0.147761051862078
      ],
      [
        0.0,
        0.0,
        0.0,
        1.0
      ]
    ]
  },
  "simTime": 0.69449999999994,
  "state": [
    -0.102506781355478,
    9.52617592767062e-06,
    0.167237826838254,
    0.993904623214343,
    -0.00121326967287295,
    -0.110229322236592,
    0.00127453878580918,
    -0.341324631552494,
    -0.000343331264716826,
    -1.95918511746872,
    -0.0118588467674475,
    -2.35964228714322,
    0.000344820944611507,
    0.842634971315151,
    0.0315558352402899,
    0.228263190295778,
    -0.486689274933191,
    0.998082863838402,
    0.0193096056550423,
    0.00930295705133459,
    -0.0580619585587884,
    0.842540065056394,
    -0.0317731594889563,
    0.228538907863651,
    0.486710049930497,
    0.998074612984542,
    -0.0196142091733666,
    0.00934427066657312,
    0.0580950455716328,
    -5.12665552587575,
    -2.58369315881782,
    -0.668897537531304,
    -0.544930042776398,
    0.0605682229017818,
    -0.366747814815565,
    5.12812480265893,
    -2.58615223174373,
    0.669187280986932,
    0.544830270615648,
    0.0603095739913351,
    0.36994052605203
  ]
}