{
  "T_WB": [
    [
      -0.9224145915798,
      0.0566530103326878,
      -0.382023242304595,
      -0.237341650805301
    ],
    [
      0.0689936920524312,
      0.997442365285256,
      -0.0186707897831845,
      -0.00092609559048982
    ],
    [
      0.379988409951731,
      -0.043579402868763,
      -0.923964092347726,
      0.15801467934609
    ],
    [
      0.0,
      0.0,
      0.0,
      1.0
    ]
  ],
  "T_WH": {
    "0": [
      [
        -0.626019681960013,
        -0.146331331269837,
        -0.765954632656192,
        -0.276051130799139
      ],
      [
        -0.426615362320935,
        0.886478490753554,
        0.179318761046015,
        -0.0300845035975208
      ],
      [
        0.652762353717233,
        0.43902508689151,
        -0.617380176754519,
        0.17460875663596
      ],
      [
        0.0,
        0.0,
        0.0,
        1.0
      ]
    ],
    "1": [
      [
        0.670719794642101,
        0.731159535409653,
        -0.124662307273685,
        -0.198632170811463
      ],
      [
        0.68929801034614,
        -0.67651552843457,
        -0.25921996975493,
        0.0282323124165411
      ],
      [
        -0.273867139336049,
        0.0879344845122483,
        -0.957739169307309,
        0.141420602056221
      ],
      [
        0.0,
        0.0,
        0.0,
        1.0
      ]
    ],
    "2": [
      [
        -0.570594831766652,
        0.234577064137315,
        -0.787016606522318,
        -0.272425338137847
      ],
      [
        0.546236857220242,
        0.824013514011017,
        -0.150422819217595,
        0.0337518077807356
      ],
      [
        0.613226576214159,
        -0.51572796095222,
        -0.598312490690882,
        0.171819674852359
      ],
      [
        0.0,
        0.0,
        0.0,
        1.0
      ]
    ],
    "3": [
      [
        0.585745573503941,
        -0.805683924205803,
        -0.0881790076882137,
        -0.202257963472755
      ],
      [
        -0.784895845730584,
        -0.59100546937117,
        0.186147915723585,
        -0.0356039989617153
      ],
      [
        -0.202090659050365,
        -0.0398239808369502,
        -0.978556802681831,
        0.144209683839821
      ],
      [
        0.0,
        0.0,
        0.0,
        1.0
      ]
    ]
  },
  "T_WP": {
    "0": [
      [
        0.765954632656192,
        -0.146331331269837,
        -0.626019681960013,
        -0.31987250853634
      ],
      [
        -0.179318761046015,
        0.886478490753554,
        -0.426615362320935,
        -0.0599475789599862
      ],
      [
        0.617380176754519,
        0.43902508689151,
        0.652762353717233,
        0.220302121396166
      ],
      [
        0.0,
        0.0,
        0.0,
        1.0
      ]
    ],
    "1": [
      [
        0.124662307273685,
        0.731159535409653,
        0.670719794642101,
        -0.151681785186516
      ],
      [
        0.25921996975493,
        -0.67651552843457,
        0.68929801034614,
        0.076483173140771
      ],
      [
        0.957739169307309,
        0.0879344845122483,
        -0.273867139336049,
        0.122249902302697
      ],
      [
        0.0,
        0.0,
        0.0,
        1.0
      ]
    ],
    "2": [
      [
        0.787016606522318,
        0.234577064137315,
        -0.570594831766652,
        -0.312366976361512
      ],
      [
        0.150422819217595,
        0.824013514011017,
        0.546236857220242,
        0.0719883877861526
      ],
      [
        0.598312490690882,
        -0.51572796095222,
        0.613226576214159,
        0.21474553518735
      ],
      [
        0.0,
        0.0,
        0.0,
        1.0
      ]
    ],
    "3": [
      [
        0.0881790076882138,
        -0.805683924205803,
        0.585745573503941,
        -0.161255773327479
      ],
      [
        -0.186147915723585,
        -0.59100546937117,
        -0.784895845730584,
        -0.0905467081628562
      ],
      [
        0.978556802681831,
        -0.0398239808369502,
        -0.202090659050365,
        0.130063337706296
      ],
      [
        0.0,
        0.0,
        0.0,
        1.0
      ]
    ]
  },
  "simTime": 1.0324999999999,
  "state": [
    -0.237341650805301,
    -0.00092609559048982,
    0.15801467934609,
    -0.194334557759119,
    0.0320434684556375,
    0.980283256157727,
    -0.0158755625634014,
    -0.418136950519681,
    -0.00773722891126081,
    -0.831514915790449,
    0.464408601663509,
    12.6793194942051,
    -0.282073926498915,
    0.952782675100531,
    -0.216093389974183,
    0.153143281988784,
    0.148512477655734,
    0.984012043074909,
    -0.176552346369434,
    0.0117939672553329,
    -0.0202600693822026,
    0.951474660122864,
    0.219639664411303,
    0.153672426976429,
    -0.151126351602048,
    0.983202900909939,
    0.180498687052536,
    0.0154628284413042,
    0.0222076687472194,
    1.42291791586106,
    -1.719826392135,
    2.15171951506754,
    -0.689971345884558,
    -0.533745674818492,
    1.59049803744039,
    -1.4030717019986,
    -1.73059919129591,
    -2.21359708263826,
    0.683952688785202,
    -0.538990514341887,
    -1.65014271245772
  ]
}