{
  "T_WB": [
    [
      0.984367727712438,
      -0.00230272019391785,
      -0.17611040320765,
      -0.0963819085378082
    ],
    [
      0.00270390852122688,
      0.999994267466095,
      0.00203811522175054,
      1.54863627410297e-05
    ],
    [
      0.176104700439713,
      -0.00248244126956057,
      0.984368311135818,
      0.200854442728607
    ],
    [
      0.0,
      0.0,
      0.0,
      1.0
    ]
  ],
  "T_WH": {
    "0": [
      [
        -0.16863139917791,
        0.965265043469495,
        -0.199566648183344,
        -0.0569335123831053
      ],
      [
        -0.852771759641574,
        -0.244407237027118,
        -0.46156844394584,
        -0.0318761738553249
      ],
      [
        -0.494311417194782,
        0.0923498692181232,
        0.864365503989071,
        0.207978068866822
      ],
      [
        0.0,
        0.0,
        0.0,
        1.0
      ]
    ],
    "1": [
      [
        -0.61461396212564,
        -0.77410147809656,
        -0.151712158935742,
        -0.135830304692511
      ],
      [
        0.777851024137528,
        -0.626720065607166,
        0.0465805067978817,
        0.031907146580807
      ],
      [
        -0.13113909336434,
        -0.0893804283614157,
        0.987326530190245,
        0.193730816590393
      ],
      [
        0.0,
        0.0,
        0.0,
        1.0
      ]
    ],
    "2": [
      [
        -0.172494085291958,
        -0.964079333937907,
        -0.201982247767301,
        -0.057080886475516
      ],
      [
        0.849146093775086,
        -0.249462585975591,
        0.465531233780166,
        0.0321234592625051
      ],
      [
        -0.499196055639269,
        -0.0912110523577691,
        0.861675021085087,
        0.20781919262557
      ],
      [
        0.0,
        0.0,
        0.0,
        1.0
      ]
    ],
    "3": [
      [
        -0.610999745255233,
        0.777074159219852,
        -0.151112747214786,
        -0.1356829306001
      ],
      [
        -0.781314782966781,
        -0.622665117395838,
        -0.0428411192197364,
        -0.0320924865370231
      ],
      [
        -0.127383363182217,
        0.0918907103639268,
        0.987587756168129,
        0.193889692831645
      ],
      [
        0.0,
        0.0,
        0.0,
        1.0
      ]
    ]
  },
  "T_WP": {
    "0": [
      [
        0.199566648183344,
        0.965265043469495,
        -0.16863139917791,
        -0.068737710325559
      ],
      [
        0.46156844394584,
        -0.244407237027118,
        -0.852771759641574,
        -0.0915701970302351
      ],
      [
        -0.864365503989071,
        0.0923498692181232,
        -0.494311417194782,
        0.173376269663187
      ],
      [
        0.0,
        0.0,
        0.0,
        1.0
      ]
    ],
    "1": [
      [
        0.151712158935742,
        -0.77410147809656,
        -0.61461396212564,
        -0.178853282041306
      ],
      [
        -0.0465805067978816,
        -0.626720065607166,
        0.777851024137528,
        0.086356718270434
      ],
      [
        -0.987326530190245,
        -0.0893804283614157,
        -0.13113909336434,
        0.184551080054889
      ],
      [
        0.0,
        0.0,
        0.0,
        1.0
      ]
    ],
    "2": [
      [
        0.201982247767301,
        -0.964079333937907,
        -0.172494085291958,
        -0.0691554724459531
      ],
      [
        -0.465531233780166,
        -0.249462585975591,
        0.849146093775086,
        0.0915636858267612
      ],
      [
        -0.861675021085087,
        -0.0912110523577691,
        -0.499196055639268,
        0.172875468730821
      ],
      [
        0.0,
        0.0,
        0.0,
        1.0
      ]
    ],
    "3": [
      [
        0.151112747214786,
        0.777074159219852,
        -0.610999745255233,
        -0.178452912767967
      ],
      [
        0.0428411192197364,
        -0.622665117395838,
        -0.781314782966781,
        -0.0867845213446977
      ],
      [
        -0.987587756168129,
        0.0918907103639268,
        -0.127383363182217,
        0.18497285740889
      ],
      [
        0.0,
        0.0,
        0.0,
        1.0
      ]
    ]
  },
  "simTime": 0.676499999999942,
  "state": [
    -0.0963819085378082,
    1.54863627410297e-05,
    0.200854442728607,
    0.996083619270284,
    -0.00113458258018107,
    -0.0883999839053147,
    0.00125657841828894,
    -0.339017101244142,
    -0.000318468635674539,
    -1.7759996520473,
    -0.0118518019440044,
    -2.51684978915105,
    0.000292651511483822,
    0.83885435814973,
    0.0834888897701581,
    0.22472223521186,
    -0.48872578006438,
    0.998184165992219,
    0.0240321056875383,
    0.00833489075721778,
    -0.0546018154891161,
    0.838738936327784,
    -0.0837282012320158,
    0.225004011069359,
    0.488753291558112,
    0.998176207697928,
    -0.0243346254032926,
    0.00837701231694891,
    0.0546068682210092,
    -5.10172945779978,
    -2.55630801250241,
    -1.20163440035603,
    -0.506807344047155,
    0.078588624854748,
    -0.415215409201371,
    5.10342461623619,
    -2.55881043289688,
    1.20233013130056,
    0.506336911585269,
    0.0783023466944685,
    0.418334262278641
  ]
}