{
  "T_WB": [
    [
      0.89699005878257,
      -0.00194474792450103,
      0.442046436928013,
      -0.0396868932303873
    ],
    [
      0.00156667091243885,
      0.999998028129735,
      0.00122036014953066,
      4.15012811079157e-05
    ],
    [
      -0.442047938562657,
      -0.00040210962758106,
      0.89699133681455,
      0.35588231123653
    ],
    [
      0.0,
      0.0,
      0.0,
      1.0
    ]
  ],
  "T_WH": {
    "0": [
      [
        0.222690569682119,
        0.889692826394934,
        -0.398566913875258,
        -0.00374505894550049
      ],
      [
        -0.791017632512636,
        -0.0740648484814307,
        -0.607293589027191,
        -0.031895768782546
      ],
      [
        -0.569824547759008,
        0.450512011916238,
        0.687269169896647,
        0.338213261202106
      ],
      [
        0.0,
        0.0,
        0.0,
        1.0
      ]
    ],
    "1": [
      [
        -0.620144213055321,
        -0.591438300542047,
        0.515385187666402,
        -0.0756287275152741
      ],
      [
        0.711842963240626,
        -0.700348209811968,
        0.0528391966060884,
        0.0319787713447619
      ],
      [
        0.329697968903057,
        0.399641241196535,
        0.855328081870396,
        0.373551361270953
      ],
      [
        0.0,
        0.0,
        0.0,
        1.0
      ]
    ],
    "2": [
      [
        0.21997537012698,
        -0.88899681116009,
        -0.401616118058886,
        -0.00386952281266855
      ],
      [
        0.791088375443573,
        -0.0783212329101272,
        0.606667097108032,
        0.032104105017757
      ],
      [
        -0.57078018428774,
        -0.451165661617358,
        0.686046300916946,
        0.338187526185941
      ],
      [
        0.0,
        0.0,
        0.0,
        1.0
      ]
    ],
    "3": [
      [
        -0.617674066748594,
        0.593799243057241,
        0.515636699829348,
        -0.0755042636481061
      ],
      [
        -0.713717721652015,
        -0.698615052630745,
        -0.0504382993130978,
        -0.0320211024555411
      ],
      [
        0.330281336236412,
        -0.39917348005897,
        0.855321443523721,
        0.373577096287119
      ],
      [
        0.0,
        0.0,
        0.0,
        1.0
      ]
    ]
  },
  "T_WP": {
    "0": [
      [
        0.398566913875258,
        0.889692826394934,
        0.222690569682119,
        0.0118432809322479
      ],
      [
        0.607293589027191,
        -0.0740648484814307,
        -0.791017632512636,
        -0.0872670030584305
      ],
      [
        -0.687269169896647,
        0.450512011916238,
        -0.569824547759008,
        0.298325542858976
      ],
      [
        0.0,
        0.0,
        0.0,
        1.0
      ]
    ],
    "1": [
      [
        -0.515385187666402,
        -0.591438300542047,
        -0.620144213055321,
        -0.119038822429147
      ],
      [
        -0.0528391966060884,
        -0.700348209811968,
        0.711842963240626,
        0.0818077787716057
      ],
      [
        -0.855328081870396,
        0.399641241196535,
        0.329697968903058,
        0.396630219094167
      ],
      [
        0.0,
        0.0,
        0.0,
        1.0
      ]
    ],
    "2": [
      [
        0.401616118058886,
        -0.88899681116009,
        0.219975370126979,
        0.01152875309622
      ],
      [
        -0.606667097108032,
        -0.0783212329101272,
        0.791088375443573,
        0.0874802912988071
      ],
      [
        -0.686046300916946,
        -0.451165661617358,
        -0.57078018428774,
        0.298232913285799
      ],
      [
        0.0,
        0.0,
        0.0,
        1.0
      ]
    ],
    "3": [
      [
        -0.515636699829348,
        0.593799243057241,
        -0.617674066748594,
        -0.118741448320508
      ],
      [
        0.0504382993130977,
        -0.698615052630745,
        -0.713717721652015,
        -0.0819813429711822
      ],
      [
        -0.855321443523721,
        -0.39917348005897,
        0.330281336236412,
        0.396696789823667
      ],
      [
        0.0,
        0.0,
        0.0,
        1.0
      ]
    ]
  },
  "simTime": 0.491499999999962,
  "state": [
    -0.0396868932303873,
    4.15012811079157e-05,
    0.35588231123653,
    0.973907005792501,
    -0.000416484779209351,
    0.226945275635237,
    0.000901374262649061,
    -0.259869852873334,
    6.89810869438272e-05,
    0.0941207060139768,
    -0.0112090374704637,
    -4.37065732746302,
    0.00176278302674671,
    0.819632055581982,
    0.51689735130261,
    0.114205879942188,
    -0.219037527984205,
    0.998770012780303,
    0.0481052430771143,
    -0.011428536690067,
    -0.00370617167029554,
    0.819379944907515,
    -0.517342721101045,
    0.114297967879601,
    0.218881222003435,
    0.998765491066816,
    -0.0482300442004211,
    -0.0113575442320747,
    0.00351608866548313,
    -1.8158339648863,
    -1.38201011837442,
    -5.4754800862605,
    -0.00872074938765418,
    0.286671790386247,
    -0.606670273608965,
    1.8149040140769,
    -1.38202308020879,
    5.48071228833307,
    0.00560074481068301,
    0.286031535308395,
    0.607473102154039
  ]
}