{
  "T_WB": [
    [
      0.993305165166776,
      -0.00231142074378273,
      0.115496779986066,
      -0.0644612182569739
    ],
    [
      0.00214232777226092,
      0.999996444084587,
      0.00158815927960248,
      3.84176684435634e-05
    ],
    [
      -0.11550004019359,
      -0.00133009485616583,
      0.993306584878482,
      0.326094103635766
    ],
    [
      0.0,
      0.0,
      0.0,
      1.0
    ]
  ],
  "T_WH": {
    "0": [
      [
        -0.0180450951834199,
        0.906434423517048,
        -0.421960910989558,
        -0.0246550461865018
      ],
      [
        -0.805736025303045,
        -0.263065639106134,
        -0.530646706435207,
        -0.0318757754313728
      ],
      [
        -0.591999858166092,
        0.330413536927587,
        0.73509391409964,
        0.321516665063419
      ],
      [
        0.0,
        0.0,
        0.0,
        1.0
      ]
    ],
    "1": [
      [
        -0.661551840216928,
        -0.728853805386863,
        0.176412281541521,
        -0.104267390327446
      ],
      [
        0.746356450602347,
        -0.662788540521157,
        0.0605260208348562,
        0.0319526107682599
      ],
      [
        0.0728094180025028,
        0.171707544758299,
        0.982453717853016,
        0.330671542208112
      ],
      [
        0.0,
        0.0,
        0.0,
        1.0
      ]
    ],
    "2": [
      [
        -0.0215857375301719,
        -0.904955961501783,
        -0.424957366894212,
        -0.0248029771141039
      ],
      [
        0.803589775353694,
        -0.268583825886405,
        0.531136706902489,
        0.0321239969900408
      ],
      [
        -0.594792004722893,
        -0.33002641744958,
        0.733010937778638,
        0.321431538992625
      ],
      [
        0.0,
        0.0,
        0.0,
        1.0
      ]
    ],
    "3": [
      [
        -0.658298748552902,
        0.73166468175949,
        0.176945051130195,
        -0.104119459399844
      ],
      [
        -0.749039877809053,
        -0.660024480113617,
        -0.0575060614418038,
        -0.0320471616531537
      ],
      [
        0.0747129112368256,
        -0.170395067758824,
        0.982539313095402,
        0.330756668278907
      ],
      [
        0.0,
        0.0,
        0.0,
        1.0
      ]
    ]
  },
  "T_WP": {
    "0": [
      [
        0.421960910989558,
        0.906434423517048,
        -0.01804509518342,
        -0.0259182028493412
      ],
      [
        0.530646706435207,
        -0.263065639106134,
        -0.805736025303045,
        -0.0882772972025859
      ],
      [
        -0.73509391409964,
        0.330413536927587,
        -0.591999858166092,
        0.280076674991793
      ],
      [
        0.0,
        0.0,
        0.0,
        1.0
      ]
    ],
    "1": [
      [
        -0.176412281541521,
        -0.728853805386863,
        -0.661551840216928,
        -0.150576019142631
      ],
      [
        -0.0605260208348562,
        -0.662788540521157,
        0.746356450602347,
        0.0841975623104242
      ],
      [
        -0.982453717853016,
        0.171707544758299,
        0.0728094180025029,
        0.335768201468287
      ],
      [
        0.0,
        0.0,
        0.0,
        1.0
      ]
    ],
    "2": [
      [
        0.424957366894212,
        -0.904955961501783,
        -0.0215857375301719,
        -0.0263139787412159
      ],
      [
        -0.531136706902489,
        -0.268583825886405,
        0.803589775353694,
        0.0883752812647994
      ],
      [
        -0.733010937778638,
        -0.33002641744958,
        -0.594792004722893,
        0.279796098662022
      ],
      [
        0.0,
        0.0,
        0.0,
        1.0
      ]
    ],
    "3": [
      [
        -0.176945051130195,
        0.73166468175949,
        -0.658298748552902,
        -0.150200371798547
      ],
      [
        0.0575060614418037,
        -0.660024480113617,
        -0.749039877809053,
        -0.0844799530997874
      ],
      [
        -0.982539313095402,
        -0.170395067758824,
        0.0747129112368257,
        0.335986572065484
      ],
      [
        0.0,
        0.0,
        0.0,
        1.0
      ]
    ]
  },
  "simTime": 0.578499999999953,
  "state": [
    -0.0644612182569739,
    3.84176684435634e-05,
    0.326094103635766,
    0.99832462081853,
    -0.000730787880743545,
    0.0578461192287987,
    0.00111530568894314,
    -0.307498454793508,
    -0.000137015557168374,
    -0.780851921818872,
    -0.0117142725742532,
    -3.48273224149056,
    0.000615431819807661,
    0.822445616832454,
    0.354100053404224,
    0.185243835213589,
    -0.404822283289311,
    0.99864543549573,
    0.042725937637862,
    0.000181375986189629,
    -0.0296943684772218,
    0.822231585829454,
    -0.354485649460455,
    0.185489804554807,
    0.404806961399134,
    0.998638938824929,
    -0.0429643225212017,
    0.00023401501022785,
    0.0295682615296892,
    -3.97067271650884,
    -2.17930473233094,
    -3.92686690672252,
    -0.253907790855968,
    0.186356472115816,
    -0.589652294698842,
    3.97208299517914,
    -2.18130289385204,
    3.93044222040788,
    0.25173743798517,
    0.185897990783101,
    0.591831395555275
  ]
}