{
  "T_WB": [
    [
      0.890753312288984,
      -0.000943342570317271,
      0.454486134828113,
      -0.00225320801931304
    ],
    [
      0.00147946584971733,
      0.999998566098991,
      -0.00082400288963353,
      -1.49776183041292e-05
    ],
    [
      -0.454484705822982,
      0.00140638001892498,
      0.890753430680028,
      0.49280822452529
    ],
    [
      0.0,
      0.0,
      0.0,
      1.0
    ]
  ],
  "T_WH": {
    "0": [
      [
        0.756698253897268,
        0.51541284134619,
        0.402190695472028,
        0.0356603194538095
      ],
      [
        -0.525386155450546,
        0.845534741379957,
        -0.0950809590844762,
        -0.031940775481179
      ],
      [
        -0.389072152961017,
        -0.139357827533929,
        0.910605433596408,
        -0.0182243923935249
      ],
      [
        0.0,
        0.0,
        0.0,
        1.0
      ]
    ],
    "1": [
      [
        -0.577875743985076,
        -0.660473057299329,
        0.479411060672751,
        -0.0356603194538095
      ],
      [
        0.759084015772568,
        -0.650729893460561,
        0.0184949386427296,
        0.031940775481179
      ],
      [
        0.299751699765467,
        0.374601049569384,
        0.877395561961211,
        0.0182243923935249
      ],
      [
        0.0,
        0.0,
        0.0,
        1.0
      ]
    ],
    "2": [
      [
        0.755552941350229,
        -0.51763578794566,
        0.401488410610933,
        0.0355999455293092
      ],
      [
        0.528330948099542,
        0.843850690552208,
        0.093714573758839,
        0.0320591327491564
      ],
      [
        -0.387306289772393,
        0.141312430778179,
        0.911056877922726,
        -0.0181343840723137
      ],
      [
        0.0,
        0.0,
        0.0,
        1.0
      ]
    ],
    "3": [
      [
        -0.576594744266624,
        0.661567987581394,
        0.479443738817822,
        -0.0355999455293092
      ],
      [
        -0.760863346552914,
        -0.648602153110978,
        -0.0200552948645137,
        -0.0320591327491564
      ],
      [
        0.297700300228949,
        -0.376354945214366,
        0.877343425607262,
        0.0181343840723137
      ],
      [
        0.0,
        0.0,
        0.0,
        1.0
      ]
    ]
  },
  "T_WP": {
    "0": [
      [
        -0.402190695472028,
        0.51541284134619,
        0.756698253897268,
        0.0886291972266183
      ],
      [
        0.0950809590844762,
        0.845534741379957,
        -0.525386155450546,
        -0.0687178063627172
      ],
      [
        -0.910605433596408,
        -0.139357827533929,
        -0.389072152961017,
        -0.0454594431007961
      ],
      [
        0.0,
        0.0,
        0.0,
        1.0
      ]
    ],
    "1": [
      [
        -0.479411060672751,
        -0.660473057299329,
        -0.577875743985076,
        -0.0761116215327649
      ],
      [
        -0.0184949386427295,
        -0.650729893460561,
        0.759084015772568,
        0.0850766565852588
      ],
      [
        -0.877395561961211,
        0.374601049569384,
        0.299751699765467,
        0.0392070113771076
      ],
      [
        0.0,
        0.0,
        0.0,
        1.0
      ]
    ],
    "2": [
      [
        -0.401488410610933,
        -0.51763578794566,
        0.755552941350229,
        0.0884886514238253
      ],
      [
        -0.093714573758839,
        0.843850690552208,
        0.528330948099542,
        0.0690422991161243
      ],
      [
        -0.911056877922726,
        0.141312430778179,
        -0.387306289772393,
        -0.0452458243563812
      ],
      [
        0.0,
        0.0,
        0.0,
        1.0
      ]
    ],
    "3": [
      [
        -0.479443738817822,
        0.661567987581394,
        -0.576594744266624,
        -0.0759615776279729
      ],
      [
        0.0200552948645137,
        -0.648602153110978,
        -0.760863346552914,
        -0.0853195670078604
      ],
      [
        -0.877343425607262,
        -0.376354945214366,
        0.297700300228949,
        0.0389734050883401
      ],
      [
        0.0,
        0.0,
        0.0,
        1.0
      ]
    ]
  }
}