{
  "T_WB": [
    [
      -2.22044604925031e-16,
      5.83658093911438e-21,
      1.0,
      7.65793524959725e-37
    ],
    [
      -3.93994283192109e-20,
      1.0,
      -5.83658093911439e-21,
      2.56127700363316e-21
    ],
    [
      -1.0,
      -3.93994283192109e-20,
      -2.22044604925031e-16,
      0.4805388023
    ],
    [
      0.0,
      0.0,
      0.0,
      1.0
    ]
  ],
  "T_WH": {
    "0": [
      [
        -1.57030753860133e-16,
        -1.55911127260706e-16,
        1.0,
        -8.8819709675913e-18
      ],
      [
        -0.707106779455507,
        0.707106782917588,
        -7.91695019136515e-19,
        -0.032
      ],
      [
        -0.707106782917588,
        -0.707106779455507,
        -2.21283326259757e-16,
        0.4405388023
      ],
      [
        0.0,
        0.0,
        0.0,
        1.0
      ]
    ],
    "1": [
      [
        1.57030753860133e-16,
        1.55918762139242e-16,
        1.0,
        8.8819709675913e-18
      ],
      [
        0.707106779455507,
        -0.707106782917588,
        -7.86296344736774e-19,
        0.032
      ],
      [
        0.707106782917588,
        0.707106779455507,
        -2.21288724934131e-16,
        0.5205388023
      ],
      [
        0.0,
        0.0,
        0.0,
        1.0
      ]
    ],
    "2": [
      [
        -1.57027293095094e-16,
        1.56451105458519e-16,
        1.0,
        -8.8815974264112e-18
      ],
      [
        0.707106779455507,
        0.707106782917588,
        4.07425642414186e-19,
        0.032
      ],
      [
        -0.707106782917588,
        0.707106779455507,
        -2.21662701373756e-16,
        0.4405388023
      ],
      [
        0.0,
        0.0,
        0.0,
        1.0
      ]
    ],
    "3": [
      [
        1.57027293095094e-16,
        -1.55917772226124e-16,
        1.0,
        8.8815974264112e-18
      ],
      [
        -0.707106779455507,
        -0.707106782917588,
        7.84549188595577e-19,
        -0.032
      ],
      [
        0.707106782917588,
        -0.707106779455507,
        -2.21285577829421e-16,
        0.5205388023
      ],
      [
        0.0,
        0.0,
        0.0,
        1.0
      ]
    ]
  },
  "T_WP": {
    "0": [
      [
        -1.0,
        -1.55911127260706e-16,
        -9.57984139027649e-17,
        -1.98741237378006e-17
      ],
      [
        -4.25061076866425e-17,
        0.707106782917588,
        -0.707106779455507,
        -0.0814974745618855
      ],
      [
        1.77985523341987e-16,
        -0.707106779455507,
        -0.707106782917588,
        0.391041327495769
      ],
      [
        0.0,
        0.0,
        0.0,
        1.0
      ]
    ],
    "1": [
      [
        -1.0,
        1.55918762139242e-16,
        2.182630938175e-16,
        1.98741237378006e-17
      ],
      [
        4.40840990505158e-17,
        -0.707106782917588,
        0.707106779455507,
        0.0814974745618855
      ],
      [
        2.64586527851901e-16,
        0.707106779455507,
        0.707106782917588,
        0.570036277104231
      ],
      [
        0.0,
        0.0,
        0.0,
        1.0
      ]
    ],
    "2": [
      [
        -1.0,
        1.56451105458519e-16,
        -9.57949531377259e-17,
        -1.98735079430678e-17
      ],
      [
        4.28903770633648e-17,
        0.707106782917588,
        0.707106779455507,
        0.0814974745618855
      ],
      [
        1.78364898455986e-16,
        0.707106779455507,
        -0.707106782917588,
        0.391041327495769
      ],
      [
        0.0,
        0.0,
        0.0,
        1.0
      ]
    ],
    "3": [
      [
        -1.0,
        -1.55917772226124e-16,
        2.18259633052461e-16,
        1.98735079430678e-17
      ],
      [
        -4.40823518943746e-17,
        -0.707106782917588,
        -0.707106779455507,
        -0.0814974745618855
      ],
      [
        2.64583380747191e-16,
        -0.707106779455507,
        0.707106782917588,
        0.570036277104231
      ],
      [
        0.0,
        0.0,
        0.0,
        1.0
      ]
    ]
  },
  "simTime": 0.0630000000000008,
  "state": [
    7.65793524959725e-37,
    2.56127700363316e-21,
    0.4805388023,
    0.707106781186548,
    -1.18662584891977e-20,
    0.707106781186548,
    -1.59933444501896e-20,
    8.83765577018523e-36,
    6.64533077191382e-20,
    -0.617815800000001,
    3.06990175761589e-19,
    -2.25188452145144e-18,
    -2.63632409763315e-18,
    1.0,
    5.46995568666196e-19,
    8.69026071805099e-21,
    -4.40243075805026e-20,
    1.0,
    -5.43178129398067e-19,
    -8.69026071805081e-21,
    4.32060915667622e-20,
    1.0,
    -2.81133555730828e-19,
    1.10869641494304e-20,
    2.86702848267831e-20,
    1.0,
    5.47800171927991e-19,
    -1.10869641494302e-20,
    -4.18043099176782e-20,
    2.5683781568453e-17,
    5.44726796334212e-19,
    -4.08097676131376e-18,
    -2.54460178210073e-17,
    -5.44726796334204e-19,
    4.02297023988556e-18,
    -1.18869466112501e-17,
    7.52309086629329e-19,
    2.358350094284e-18,
    2.56869116461972e-17,
    -7.52309086629322e-19,
    -3.88463478055206e-18
  ]
}