{
  "T_WB": [
    [
      0.990636730492299,
      -0.00232714511672709,
      -0.1365044050393,
      -0.0911487462845573
    ],
    [
      0.00261937087499134,
      0.999994646282459,
      0.00196119928599843,
      2.02426106639585e-05
    ],
    [
      0.13649911023793,
      -0.00230039171139328,
      0.990637522559199,
      0.227160169835942
    ],
    [
      0.0,
      0.0,
      0.0,
      1.0
    ]
  ],
  "T_WH": {
    "0": [
      [
        -0.158908466647424,
        0.955814342416485,
        -0.247319716275727,
        -0.0514488084211301
      ],
      [
        -0.839910077308353,
        -0.262545382624,
        -0.474995772716656,
        -0.0318748112353751
      ],
      [
        -0.518940421689851,
        0.132245472110614,
        0.844518782409604,
        0.232693746780223
      ],
      [
        0.0,
        0.0,
        0.0,
        1.0
      ]
    ],
    "1": [
      [
        -0.624688617808649,
        -0.773743208222562,
        -0.105288073919966,
        -0.130848684147985
      ],
      [
        0.7737338968991,
        -0.631516250262168,
        0.050230294087768,
        0.031915296456703
      ],
      [
        -0.105356478536695,
        -0.0500866587452857,
        0.99317236119723,
        0.22162659289166
      ],
      [
        0.0,
        0.0,
        0.0,
        1.0
      ]
    ],
    "2": [
      [
        -0.162747273167349,
        -0.954506538618303,
        -0.249861147062721,
        -0.0515977457086006
      ],
      [
        0.836355487778889,
        -0.267810961479598,
        0.47831661791486,
        0.0321248461267023
      ],
      [
        -0.523471893360789,
        -0.131128016252362,
        0.84189228539938,
        0.232546521710694
      ],
      [
        0.0,
        0.0,
        0.0,
        1.0
      ]
    ],
    "3": [
      [
        -0.621096767433595,
        0.776711873927179,
        -0.104677936472152,
        -0.130699746860514
      ],
      [
        -0.777080169069287,
        -0.627673245069104,
        -0.0466123187973857,
        -0.0320843609053744
      ],
      [
        -0.101907881553822,
        0.0523923880439636,
        0.99341321782643,
        0.221773817961189
      ],
      [
        0.0,
        0.0,
        0.0,
        1.0
      ]
    ]
  },
  "T_WP": {
    "0": [
      [
        0.247319716275727,
        0.955814342416485,
        -0.158908466647424,
        -0.0625724010864498
      ],
      [
        0.474995772716656,
        -0.262545382624,
        -0.839910077308353,
        -0.0906685166469598
      ],
      [
        -0.844518782409604,
        0.132245472110614,
        -0.518940421689851,
        0.196367917261934
      ],
      [
        0.0,
        0.0,
        0.0,
        1.0
      ]
    ],
    "1": [
      [
        0.105288073919966,
        -0.773743208222562,
        -0.624688617808649,
        -0.17457688739459
      ],
      [
        -0.050230294087768,
        -0.631516250262168,
        0.7737338968991,
        0.08607666923964
      ],
      [
        -0.99317236119723,
        -0.0500866587452857,
        -0.105356478536695,
        0.214251639394091
      ],
      [
        0.0,
        0.0,
        0.0,
        1.0
      ]
    ],
    "2": [
      [
        0.249861147062721,
        -0.954506538618303,
        -0.162747273167349,
        -0.0629900548303151
      ],
      [
        -0.47831661791486,
        -0.267810961479598,
        0.836355487778889,
        0.0906697302712245
      ],
      [
        -0.84189228539938,
        -0.131128016252362,
        -0.523471893360789,
        0.195903489175439
      ],
      [
        0.0,
        0.0,
        0.0,
        1.0
      ]
    ],
    "3": [
      [
        0.104677936472152,
        0.776711873927179,
        -0.621096767433595,
        -0.174176520580866
      ],
      [
        0.0466123187973856,
        -0.627673245069104,
        -0.777080169069287,
        -0.0864799727402245
      ],
      [
        -0.99341321782643,
        0.0523923880439636,
        -0.101907881553822,
        0.214640266252421
      ],
      [
        0.0,
        0.0,
        0.0,
        1.0
      ]
    ]
  },
  "simTime": 0.660999999999944,
  "state": [
    -0.0911487462845573,
    2.02426106639585e-05,
    0.227160169835942,
    0.997655864932137,
    -0.00106790105365681,
    -0.0684112440154402,
    0.00123953463453425,
    -0.336087252050555,
    -0.000294906017164775,
    -1.61829630182776,
    -0.0118433325231819,
    -2.65844554547684,
    0.00027568947481014,
    0.835712159866205,
    0.12847381098843,
    0.220848699413031,
    -0.486112659482804,
    0.998269445124387,
    0.0278079981486506,
    0.00737650330972525,
    -0.0512875946885255,
    0.835579238094199,
    -0.128734459292474,
    0.221132956250121,
    0.486142974357005,
    0.998261724832787,
    -0.0281061116449569,
    0.00741958889484204,
    0.0512691420125381,
    -5.03447320679588,
    -2.523875764233,
    -1.66062945866295,
    -0.471305004120581,
    0.0947106805132402,
    -0.453216036088629,
    5.03630528425007,
    -2.5263875951662,
    1.66172420345418,
    0.470527201102559,
    0.0943981833940283,
    0.456245012498495
  ]
}