{
  "T_WB": [
    [
      0.920324475521684,
      -0.00202521527457897,
      0.391150557022266,
      -0.0431163879606281
    ],
    [
      0.00165800178094811,
      0.999997810761934,
      0.00127651926469606,
      4.21946164356974e-05
    ],
    [
      -0.39115228592689,
      -0.00052628360261296,
      0.920325818522841,
      0.356261534613053
    ],
    [
      0.0,
      0.0,
      0.0,
      1.0
    ]
  ],
  "T_WH": {
    "0": [
      [
        0.184640250145463,
        0.889617845279435,
        -0.41771768862067,
        -0.00623860205097419
      ],
      [
        -0.795790418311897,
        -0.114086755961151,
        -0.59472836004115,
        -0.0318914152567083
      ],
      [
        -0.576737018188703,
        0.442226527330321,
        0.686884350073699,
        0.340632284251261
      ],
      [
        0.0,
        0.0,
        0.0,
        1.0
      ]
    ],
    "1": [
      [
        -0.634512119637765,
        -0.618006105636545,
        0.464179731815966,
        -0.0799941738702819
      ],
      [
        0.717111692807947,
        -0.694764666895232,
        0.0552528521623833,
        0.0319758044895797
      ],
      [
        0.288349076764451,
        0.367927317591272,
        0.884016006019789,
        0.371890784974845
      ],
      [
        0.0,
        0.0,
        0.0,
        1.0
      ]
    ],
    "2": [
      [
        0.18175245310758,
        -0.888760465993078,
        -0.42079790859407,
        -0.00636821582854723
      ],
      [
        0.795564321332914,
        -0.118613710997523,
        0.594144930286791,
        0.0321084446320555
      ],
      [
        -0.577964926627453,
        -0.442759101150007,
        0.685507784009314,
        0.340598602100694
      ],
      [
        0.0,
        0.0,
        0.0,
        1.0
      ]
    ],
    "3": [
      [
        -0.631897749480256,
        0.620453932640907,
        0.464480518076076,
        -0.0798645600927089
      ],
      [
        -0.719115001296368,
        -0.69288567722808,
        -0.0527546510054748,
        -0.0320240553991841
      ],
      [
        0.289100067644946,
        -0.367350453603391,
        0.884010630662929,
        0.371924467125412
      ],
      [
        0.0,
        0.0,
        0.0,
        1.0
      ]
    ]
  },
  "T_WP": {
    "0": [
      [
        0.41771768862067,
        0.889617845279435,
        0.184640250145463,
        0.00668621545920821
      ],
      [
        0.59472836004115,
        -0.114086755961151,
        -0.795790418311897,
        -0.0875967445385411
      ],
      [
        -0.686884350073699,
        0.442226527330321,
        -0.576737018188703,
        0.300260692978052
      ],
      [
        0.0,
        0.0,
        0.0,
        1.0
      ]
    ],
    "1": [
      [
        -0.464179731815966,
        -0.618006105636545,
        -0.634512119637765,
        -0.124410022244925
      ],
      [
        -0.0552528521623833,
        -0.694764666895232,
        0.717111692807947,
        0.082173622986136
      ],
      [
        -0.884016006019789,
        0.367927317591272,
        0.288349076764451,
        0.392075220348357
      ],
      [
        0.0,
        0.0,
        0.0,
        1.0
      ]
    ],
    "2": [
      [
        0.42079790859407,
        -0.888760465993078,
        0.18175245310758,
        0.0063544558889834
      ],
      [
        -0.594144930286791,
        -0.118613710997523,
        0.795564321332914,
        0.0877979471253595
      ],
      [
        -0.685507784009314,
        -0.442759101150007,
        -0.577964926627453,
        0.300141057236772
      ],
      [
        0.0,
        0.0,
        0.0,
        1.0
      ]
    ],
    "3": [
      [
        -0.464480518076077,
        0.620453932640907,
        -0.631897749480256,
        -0.124097402556327
      ],
      [
        0.0527546510054748,
        -0.69288567722808,
        -0.719115001296368,
        -0.0823621054899299
      ],
      [
        -0.884010630662929,
        -0.367350453603391,
        0.289100067644946,
        0.392161471860558
      ],
      [
        0.0,
        0.0,
        0.0,
        1.0
      ]
    ]
  },
  "simTime": 0.504499999999961,
  "state": [
    -0.0431163879606281,
    4.21946164356974e-05,
    0.356261534613053,
    0.97987857727456,
    -0.000459955679489224,
    0.199591781342199,
    0.000939712618723537,
    -0.267717239708004,
    3.76312005738373e-05,
    -0.0358321516442656,
    -0.0113184652528639,
    -4.2437547497848,
    0.00153669839193926,
    0.819128298985347,
    0.49977874334328,
    0.127347364486273,
    -0.251063112109254,
    0.99877489768761,
    0.0479837060874201,
    -0.00942553935594397,
    -0.00757805430634372,
    0.818877939470491,
    -0.500224413293036,
    0.12747050474515,
    0.250929725250352,
    0.998769980318537,
    -0.0481278530863144,
    -0.009357917068274,
    0.00739361616224611,
    -2.17897678936139,
    -1.53667716935202,
    -5.32379119598208,
    -0.0446619154053602,
    0.271426506115015,
    -0.612022088684379,
    2.17845315313475,
    -1.5370992009351,
    5.32892537820522,
    0.0416473740853412,
    0.270821432487802,
    0.61304608977613
  ]
}