{
  "T_WB": [
    [
      0.618060433950147,
      0.0239814391051853,
      0.785764717051995,
      -0.147142111358833
    ],
    [
      0.00454590624712541,
      0.99940885419514,
      -0.034077513007099,
      -0.000314447220608538
    ],
    [
      -0.786117443338938,
      0.0246339752131268,
      0.617586052743624,
      0.140411714138
    ],
    [
      0.0,
      0.0,
      0.0,
      1.0
    ]
  ],
  "T_WH": {
    "0": [
      [
        -0.195519709769618,
        0.0610847944669624,
        0.97879553072975,
        -0.123187100052193
      ],
      [
        -0.862437151721871,
        0.464431116863733,
        -0.201260768702131,
        -0.032113694304968
      ],
      [
        -0.46687707420848,
        -0.883500076725314,
        -0.0381236410235737,
        0.108178729197622
      ],
      [
        0.0,
        0.0,
        0.0,
        1.0
      ]
    ],
    "1": [
      [
        -0.368599161320995,
        -0.644803308782333,
        0.6695993960995,
        -0.171097122665473
      ],
      [
        0.864390590170549,
        -0.502752317463967,
        -0.00830752124409267,
        0.0314847998637509
      ],
      [
        0.341999365347467,
        0.575733271809061,
        0.742675995191688,
        0.172644699078377
      ],
      [
        0.0,
        0.0,
        0.0,
        1.0
      ]
    ],
    "2": [
      [
        -0.148513736454758,
        -0.0402721713832487,
        0.988089986942649,
        -0.121652287949461
      ],
      [
        0.892300272262956,
        0.425280203556782,
        0.151449571086077,
        0.031848472363521
      ],
      [
        -0.426314313862086,
        0.90416530605569,
        -0.0272250825805645,
        0.109755303611262
      ],
      [
        0.0,
        0.0,
        0.0,
        1.0
      ]
    ],
    "3": [
      [
        -0.404015284377232,
        0.630093859830095,
        0.663139033532183,
        -0.172631934768205
      ],
      [
        -0.869859170416869,
        -0.488949027615766,
        -0.0653748578222114,
        -0.032477366804738
      ],
      [
        0.283048889118579,
        -0.60325001135351,
        0.745635802634724,
        0.171068124664737
      ],
      [
        0.0,
        0.0,
        0.0,
        1.0
      ]
    ]
  },
  "T_WP": {
    "0": [
      [
        -0.97879553072975,
        0.0610847944669624,
        -0.195519709769618,
        -0.136873479736066
      ],
      [
        0.201260768702131,
        0.464431116863733,
        -0.862437151721871,
        -0.092484294925499
      ],
      [
        0.0381236410235737,
        -0.883500076725314,
        -0.46687707420848,
        0.0754973340030285
      ],
      [
        0.0,
        0.0,
        0.0,
        1.0
      ]
    ],
    "1": [
      [
        -0.6695993960995,
        -0.644803308782333,
        -0.368599161320995,
        -0.196899063957942
      ],
      [
        0.00830752124409273,
        -0.502752317463967,
        0.864390590170549,
        0.0919921411756893
      ],
      [
        -0.742675995191688,
        0.575733271809061,
        0.341999365347467,
        0.1965846546527
      ],
      [
        0.0,
        0.0,
        0.0,
        1.0
      ]
    ],
    "2": [
      [
        -0.988089986942649,
        -0.0402721713832487,
        -0.148513736454758,
        -0.132048249501294
      ],
      [
        -0.151449571086077,
        0.425280203556782,
        0.892300272262956,
        0.0943094914219279
      ],
      [
        0.0272250825805645,
        0.90416530605569,
        -0.426314313862086,
        0.0799133016409162
      ],
      [
        0.0,
        0.0,
        0.0,
        1.0
      ]
    ],
    "3": [
      [
        -0.663139033532183,
        0.630093859830095,
        -0.404015284377232,
        -0.200913004674611
      ],
      [
        0.0653748578222113,
        -0.488949027615766,
        -0.869859170416869,
        -0.0933675087339188
      ],
      [
        -0.745635802634724,
        -0.60325001135351,
        0.283048889118579,
        0.190881546903038
      ],
      [
        0.0,
        0.0,
        0.0,
        1.0
      ]
    ]
  },
  "simTime": 0.829999999999925,
  "state": [
    -0.147142111358833,
    -0.000314447220608538,
    0.140411714138,
    0.899312979569531,
    0.0163212056186293,
    0.436967495215997,
    -0.00540288345092134,
    -0.386936532134709,
    -0.00276440350380108,
    1.01026776539073,
    0.49110758123533,
    13.0309735052956,
    -0.201290494074513,
    0.918938881961982,
    -0.227295642889942,
    0.268567077937315,
    -0.178212644304276,
    0.987892024518413,
    -0.0596636413799624,
    0.0623838271474554,
    -0.128910262976348,
    0.919842547145421,
    0.227322605984726,
    0.266662213877296,
    0.176367187876307,
    0.986359942485969,
    0.0613654393178128,
    0.0658605571030142,
    0.137806871143961,
    -2.57752450760594,
    -2.36275159486943,
    2.40888900046874,
    -1.43342716850582,
    -1.0174148322194,
    0.298216288546208,
    2.59960533873396,
    -2.33887266229,
    -2.35987221604531,
    1.47674061579725,
    -1.05089063173079,
    -0.334306988515106
  ]
}