{
  "T_WB": [
    [
      0.39718298343366,
      -0.00060261756537701,
      0.917739241028086,
      -0.00907826171735844
    ],
    [
      0.000476385429961519,
      0.999999785071121,
      0.000450460469640087,
      1.13870825536877e-05
    ],
    [
      -0.917739315234811,
      0.000258282369679145,
      0.397183185145794,
      0.242866357433521
    ],
    [
      0.0,
      0.0,
      0.0,
      1.0
    ]
  ],
  "T_WH": {
    "0": [
      [
        0.527760177382273,
        0.835278788919766,
        0.15420291809872,
        0.00682834138208002
      ],
      [
        -0.618973271379584,
        0.502523798205887,
        -0.60360742337581,
        -0.0319695506225237
      ],
      [
        -0.581671113677727,
        0.223112476158232,
        0.782227293371597,
        0.206148519788299
      ],
      [
        0.0,
        0.0,
        0.0,
        1.0
      ]
    ],
    "1": [
      [
        -0.225333934665228,
        -0.198534441294301,
        0.953838924299196,
        -0.0249848648167969
      ],
      [
        0.660975705097107,
        -0.750407299660716,
        -4.34430097106628e-05,
        0.0319923247876311
      ],
      [
        0.715776316428302,
        0.630454566353415,
        0.300318671754619,
        0.279584195078743
      ],
      [
        0.0,
        0.0,
        0.0,
        1.0
      ]
    ],
    "2": [
      [
        0.527714617856863,
        -0.835586155073218,
        0.152686147211006,
        0.00678977385789589
      ],
      [
        0.619826953959143,
        0.501711982978417,
        0.603406689788567,
        0.032030435622028
      ],
      [
        -0.580802745556455,
        -0.223787541176493,
        0.782679568641129,
        0.206165049859958
      ],
      [
        0.0,
        0.0,
        0.0,
        1.0
      ]
    ],
    "3": [
      [
        -0.224837940578945,
        0.199525689022923,
        0.953749128385524,
        -0.0249462972926128
      ],
      [
        -0.661383203179405,
        -0.750047509832937,
        0.000995763806975962,
        -0.0320076614569206
      ],
      [
        0.715555839210588,
        -0.63056976807752,
        0.300602076769762,
        0.279567665007083
      ],
      [
        0.0,
        0.0,
        0.0,
        1.0
      ]
    ]
  },
  "T_WP": {
    "0": [
      [
        -0.15420291809872,
        0.835278788919766,
        0.527760177382273,
        0.0437715537988392
      ],
      [
        0.60360742337581,
        0.502523798205887,
        -0.618973271379584,
        -0.0752976796190946
      ],
      [
        -0.782227293371597,
        0.223112476158232,
        -0.581671113677727,
        0.165431541830858
      ],
      [
        0.0,
        0.0,
        0.0,
        1.0
      ]
    ],
    "1": [
      [
        -0.953838924299196,
        -0.198534441294301,
        -0.225333934665228,
        -0.0407582402433629
      ],
      [
        4.34430097107033e-05,
        -0.750407299660716,
        0.660975705097107,
        0.0782606241444286
      ],
      [
        -0.300318671754619,
        0.630454566353415,
        0.715776316428302,
        0.329688537228724
      ],
      [
        0.0,
        0.0,
        0.0,
        1.0
      ]
    ],
    "2": [
      [
        -0.152686147211006,
        -0.835586155073218,
        0.527714617856863,
        0.0437297971078763
      ],
      [
        -0.603406689788567,
        0.501711982978417,
        0.619826953959143,
        0.075418322399168
      ],
      [
        -0.782679568641129,
        -0.223787541176493,
        -0.580802745556455,
        0.165508857671006
      ],
      [
        0.0,
        0.0,
        0.0,
        1.0
      ]
    ],
    "3": [
      [
        -0.953749128385524,
        0.199525689022923,
        -0.224837940578945,
        -0.0406849531331389
      ],
      [
        -0.000995763806976003,
        -0.750047509832937,
        -0.661383203179405,
        -0.078304485679479
      ],
      [
        -0.300602076769762,
        -0.63056976807752,
        0.715555839210588,
        0.329656573751825
      ],
      [
        0.0,
        0.0,
        0.0,
        1.0
      ]
    ]
  },
  "simTime": 0.349499999999978,
  "state": [
    -0.00907826171735844,
    1.13870825536877e-05,
    0.242866357433521,
    0.835817856002517,
    -5.74820514364446e-05,
    0.549006743239932,
    0.000322738676731285,
    -0.166641786677268,
    0.00030305973921469,
    1.49054824778994,
    -0.00967097374452416,
    -5.43185303853375,
    0.00537736729947994,
    0.845639094813469,
    0.516373456362525,
    -0.0859744482457181,
    0.104217892591053,
    0.998170669898841,
    0.0351844755263181,
    -0.0378628305703045,
    0.0313651478052012,
    0.845414412757487,
    -0.516636022180879,
    -0.0863405971458947,
    -0.104436548063996,
    0.998173403686737,
    -0.0350924297733642,
    -0.0377458783470922,
    -0.0315218370791223,
    2.95080602785002,
    0.635020237227842,
    -3.73364701191719,
    0.379905577765926,
    0.288073061711717,
    -0.333266341720977,
    -2.95420994565313,
    0.637311843823899,
    3.73552585376327,
    -0.382218883136629,
    0.288217797750532,
    0.331153871086368
  ]
}