{
  "T_WB": [
    [
      -0.569933965146284,
      0.0680858643441672,
      0.818864818177666,
      -0.189765152587882
    ],
    [
      0.0441984469826177,
      0.997658628762938,
      -0.052189632487493,
      -0.000486198379131069
    ],
    [
      -0.820500927883058,
      0.0064479090690322,
      -0.571608827618747,
      0.194673149587518
    ],
    [
      0.0,
      0.0,
      0.0,
      1.0
    ]
  ],
  "T_WH": {
    "0": [
      [
        -0.687549343560775,
        -0.678104226795998,
        0.259712452089902,
        -0.214741258852747
      ],
      [
        -0.68591892858905,
        0.723886386235169,
        0.0741870826130705,
        -0.0306433366202404
      ],
      [
        -0.23830888269722,
        -0.127134406927435,
        -0.962832134384188,
        0.161646779381987
      ],
      [
        0.0,
        0.0,
        0.0,
        1.0
      ]
    ],
    "1": [
      [
        0.344054883926559,
        0.208986113333111,
        0.915396657892196,
        -0.164789046323017
      ],
      [
        0.804139185701844,
        -0.568905406549581,
        -0.17235663148667,
        0.0296709398619782
      ],
      [
        0.484753965290701,
        0.795406463911739,
        -0.363788606614289,
        0.22769951979305
      ],
      [
        0.0,
        0.0,
        0.0,
        1.0
      ]
    ],
    "2": [
      [
        -0.587133181747845,
        0.771306640410878,
        0.245684133286496,
        -0.21038376353472
      ],
      [
        0.776091944524464,
        0.622636639831994,
        -0.100024538904012,
        0.0332068156205877
      ],
      [
        -0.23012153427024,
        0.13194575096155,
        -0.964175501798455,
        0.162059445562405
      ],
      [
        0.0,
        0.0,
        0.0,
        1.0
      ]
    ],
    "3": [
      [
        0.22153580136004,
        -0.278715070146531,
        0.934473005703738,
        -0.169146541641044
      ],
      [
        -0.855562203582451,
        -0.515364841874078,
        0.0491161435909492,
        -0.0341792123788498
      ],
      [
        0.467905123413823,
        -0.810380768178343,
        -0.352629842823568,
        0.227286853612632
      ],
      [
        0.0,
        0.0,
        0.0,
        1.0
      ]
    ]
  },
  "T_WP": {
    "0": [
      [
        -0.259712452089902,
        -0.678104226795998,
        -0.687549343560775,
        -0.262869712902001
      ],
      [
        -0.0741870826130705,
        0.723886386235169,
        -0.68591892858905,
        -0.0786576616214739
      ],
      [
        0.962832134384188,
        -0.127134406927435,
        -0.23830888269722,
        0.144965157593182
      ],
      [
        0.0,
        0.0,
        0.0,
        1.0
      ]
    ],
    "1": [
      [
        -0.915396657892196,
        0.208986113333111,
        0.344054883926559,
        -0.140705204448158
      ],
      [
        0.17235663148667,
        -0.568905406549581,
        0.804139185701844,
        0.0859606828611073
      ],
      [
        0.363788606614289,
        0.795406463911739,
        0.484753965290701,
        0.261632297363399
      ],
      [
        0.0,
        0.0,
        0.0,
        1.0
      ]
    ],
    "2": [
      [
        -0.245684133286496,
        0.771306640410878,
        -0.587133181747845,
        -0.251483086257069
      ],
      [
        0.100024538904012,
        0.622636639831994,
        0.776091944524464,
        0.0875332517373001
      ],
      [
        0.964175501798455,
        0.13194575096155,
        -0.230121534270241,
        0.145950938163488
      ],
      [
        0.0,
        0.0,
        0.0,
        1.0
      ]
    ],
    "3": [
      [
        -0.934473005703738,
        -0.278715070146531,
        0.22153580136004,
        -0.153639035545841
      ],
      [
        -0.0491161435909492,
        -0.515364841874078,
        -0.855562203582451,
        -0.0940685666296214
      ],
      [
        0.352629842823568,
        -0.810380768178343,
        0.467905123413823,
        0.260040212251599
      ],
      [
        0.0,
        0.0,
        0.0,
        1.0
      ]
    ]
  },
  "simTime": 0.927499999999914,
  "state": [
    -0.189765152587882,
    -0.000486198379131069,
    0.194673149587518,
    0.462632639358137,
    0.0316868809979986,
    0.885889584193195,
    -0.0129084155166242,
    -0.468465272068495,
    -0.00169635986714956,
    0.118700017193321,
    0.473830198906694,
    13.0295782342651,
    -0.233418753119757,
    0.937849347477318,
    -0.276458044404331,
    0.209739074276929,
    -0.00436713200611223,
    0.987228473135292,
    -0.12566691677874,
    0.0307369976363298,
    -0.0929677623404488,
    0.93741735867549,
    0.27844289923854,
    0.209052073019649,
    0.00393424499637525,
    0.986093303236643,
    0.129397021050955,
    0.0339321117984192,
    0.0986155162430543,
    -0.488811540586613,
    -2.12933139337566,
    2.96176475574737,
    -1.18656770517051,
    -0.736131755547802,
    0.948197211884457,
    0.537124090342744,
    -2.10501212256918,
    -2.96174674891902,
    1.21065201979207,
    -0.756320910203796,
    -1.01403711231466
  ]
}