{
  "T_WB": [
    [
      0.961268770774535,
      -0.00402211233195568,
      0.275583332126607,
      -0.0122988909567093
    ],
    [
      0.0015719759179117,
      0.999957258063734,
      0.00911103382564177,
      -2.99914525423424e-05
    ],
    [
      -0.275608198762896,
      -0.00832494192457899,
      0.961234006949725,
      0.410085265264489
    ],
    [
      0.0,
      0.0,
      0.0,
      1.0
    ]
  ],
  "T_WH": {
    "0": [
      [
        0.396705021259446,
        0.858829172955846,
        0.324095013518443,
        0.0262805674688946
      ],
      [
        -0.903351898618688,
        0.427963206831645,
        -0.0283344465339745,
        -0.0319657446738654
      ],
      [
        -0.163035190586433,
        -0.281531428580099,
        0.945600117043189,
        0.39932733545556
      ],
      [
        0.0,
        0.0,
        0.0,
        1.0
      ]
    ],
    "1": [
      [
        -0.778720958576635,
        -0.599374489868649,
        0.185321044590689,
        -0.0508783493823133
      ],
      [
        0.605269314290511,
        -0.795476820674827,
        -0.0294225244899908,
        0.0319057617687807
      ],
      [
        0.165053705961975,
        0.0892572051084174,
        0.982237458807417,
        0.420843195073419
      ],
      [
        0.0,
        0.0,
        0.0,
        1.0
      ]
    ],
    "2": [
      [
        0.390813500873303,
        -0.861239006236315,
        0.324857171187949,
        0.0260231522796495
      ],
      [
        0.903142060208839,
        0.426938754788469,
        0.0453620848441152,
        0.0320315198422136
      ],
      [
        -0.177761713023041,
        0.275664059675459,
        0.94467459984185,
        0.398794539172387
      ],
      [
        0.0,
        0.0,
        0.0,
        1.0
      ]
    ],
    "3": [
      [
        -0.773388776745226,
        0.605264733195095,
        0.188479183876611,
        -0.0506209341930682
      ],
      [
        -0.609059232374987,
        -0.791908686138522,
        0.0439031237744025,
        -0.0320915027472983
      ],
      [
        0.175831315365933,
        -0.0808408038593736,
        0.981095363850047,
        0.421375991356592
      ],
      [
        0.0,
        0.0,
        0.0,
        1.0
      ]
    ]
  },
  "T_WP": {
    "0": [
      [
        -0.324095013518443,
        0.858829172955846,
        0.396705021259446,
        0.0540499189570559
      ],
      [
        0.0283344465339745,
        0.427963206831645,
        -0.903351898618688,
        -0.0952003775771735
      ],
      [
        -0.945600117043189,
        -0.281531428580099,
        -0.163035190586433,
        0.38791487211451
      ],
      [
        0.0,
        0.0,
        0.0,
        1.0
      ]
    ],
    "1": [
      [
        -0.185321044590689,
        -0.599374489868649,
        -0.778720958576635,
        -0.105388816482678
      ],
      [
        0.0294225244899908,
        -0.795476820674827,
        0.605269314290511,
        0.0742746137691164
      ],
      [
        -0.982237458807417,
        0.0892572051084174,
        0.165053705961975,
        0.432396954490757
      ],
      [
        0.0,
        0.0,
        0.0,
        1.0
      ]
    ],
    "2": [
      [
        -0.324857171187949,
        -0.861239006236315,
        0.390813500873303,
        0.0533800973407807
      ],
      [
        -0.0453620848441151,
        0.426938754788469,
        0.903142060208839,
        0.0952514640568324
      ],
      [
        -0.94467459984185,
        0.275664059675459,
        -0.177761713023041,
        0.386351219260774
      ],
      [
        0.0,
        0.0,
        0.0,
        1.0
      ]
    ],
    "3": [
      [
        -0.188479183876611,
        0.605264733195095,
        -0.773388776745226,
        -0.104758148565234
      ],
      [
        -0.0439031237744025,
        -0.791908686138522,
        -0.609059232374987,
        -0.0747256490135474
      ],
      [
        -0.981095363850047,
        -0.0808408038593736,
        0.175831315365933,
        0.433684183432207
      ],
      [
        0.0,
        0.0,
        0.0,
        1.0
      ]
    ]
  }
}