{
  "T_WB": [
    [
      0.917301055572884,
      -0.00495025424823267,
      0.398163620171093,
      -0.0151749941649304
    ],
    [
      0.000682244040506352,
      0.999940793507677,
      0.0108602036034071,
      -5.69814737333917e-05
    ],
    [
      -0.398193807068797,
      -0.00969043147213363,
      0.917250122676439,
      0.339492627100953
    ],
    [
      0.0,
      0.0,
      0.0,
      1.0
    ]
  ],
  "T_WH": {
    "0": [
      [
        0.3964196609915,
        0.753280145160602,
        0.524805178410242,
        0.0368504503588588
      ],
      [
        -0.894989072453378,
        0.444459014987149,
        0.0380886359127771,
        -0.0319708156306254
      ],
      [
        -0.204562979467025,
        -0.484793983980283,
        0.850369790460655,
        -0.0156176584756436
      ],
      [
        0.0,
        0.0,
        0.0,
        1.0
      ]
    ],
    "1": [
      [
        -0.761621831353646,
        -0.549826481529352,
        0.342962135249026,
        -0.0368504503588588
      ],
      [
        0.58598666525092,
        -0.810317615321237,
        0.00223393111118646,
        0.0319708156306254
      ],
      [
        0.276679985097628,
        0.202672648645932,
        0.939346572537112,
        0.0156176584756436
      ],
      [
        0.0,
        0.0,
        0.0,
        1.0
      ]
    ],
    "2": [
      [
        0.389387953322605,
        -0.756396615401119,
        0.525586512400161,
        0.0365336340869719
      ],
      [
        0.893897064928143,
        0.447925673006951,
        -0.017624663801637,
        0.0320253951538659
      ],
      [
        -0.222092456243077,
        0.476683072566041,
        0.850557575481469,
        -0.0162378460898601
      ],
      [
        0.0,
        0.0,
        0.0,
        1.0
      ]
    ],
    "3": [
      [
        -0.754395158274269,
        0.557849918691823,
        0.345964468389264,
        -0.0365336340869719
      ],
      [
        -0.589668780457741,
        -0.807482335246243,
        0.0162175096347595,
        -0.0320253951538659
      ],
      [
        0.288407133278323,
        -0.191770035409079,
        0.938107445335224,
        0.0162378460898601
      ],
      [
        0.0,
        0.0,
        0.0,
        1.0
      ]
    ]
  },
  "T_WP": {
    "0": [
      [
        -0.524805178410242,
        0.753280145160602,
        0.3964196609915,
        0.0645998266282638
      ],
      [
        -0.0380886359127772,
        0.444459014987149,
        -0.894989072453378,
        -0.0946200507023618
      ],
      [
        -0.850369790460655,
        -0.484793983980283,
        -0.204562979467025,
        -0.0299370670383353
      ],
      [
        0.0,
        0.0,
        0.0,
        1.0
      ]
    ],
    "1": [
      [
        -0.342962135249026,
        -0.549826481529352,
        -0.761621831353646,
        -0.090163978553614
      ],
      [
        -0.00223393111118642,
        -0.810317615321237,
        0.58598666525092,
        0.0729898821981898
      ],
      [
        -0.939346572537112,
        0.202672648645932,
        0.276679985097628,
        0.0349852574324776
      ],
      [
        0.0,
        0.0,
        0.0,
        1.0
      ]
    ],
    "2": [
      [
        -0.525586512400161,
        -0.756396615401119,
        0.389387953322605,
        0.0637907908195543
      ],
      [
        0.0176246638016371,
        0.447925673006951,
        0.893897064928143,
        0.0945981896988359
      ],
      [
        -0.850557575481469,
        0.476683072566041,
        -0.222092456243077,
        -0.0317843180268755
      ],
      [
        0.0,
        0.0,
        0.0,
        1.0
      ]
    ],
    "3": [
      [
        -0.345964468389265,
        0.557849918691823,
        -0.754395158274269,
        -0.0893412951661708
      ],
      [
        -0.0162175096347596,
        -0.807482335246243,
        -0.589668780457741,
        -0.0733022097859078
      ],
      [
        -0.938107445335224,
        -0.191770035409079,
        0.288407133278323,
        0.0364263454193428
      ],
      [
        0.0,
        0.0,
        0.0,
        1.0
      ]
    ]
  }
}