{
  "T_WB": [
    [
      0.525506268899124,
      -0.000899223135281824,
      0.850789252838489,
      -0.0138936859626115
    ],
    [
      0.000690016449695105,
      0.999999563031007,
      0.000630725847324227,
      1.94530374723553e-05
    ],
    [
      -0.85078944823324,
      0.000255608192956772,
      0.525506659747935,
      0.279575264412456
    ],
    [
      0.0,
      0.0,
      0.0,
      1.0
    ]
  ],
  "T_WH": {
    "0": [
      [
        0.505119909665908,
        0.863047323815331,
        0.00178709661231424,
        0.00715533993368251
      ],
      [
        -0.66246697664869,
        0.389050795987036,
        -0.640138253029607,
        -0.0319529323215321
      ],
      [
        -0.55316487750855,
        0.322162684054268,
        0.768257654237106,
        0.245535507020952
      ],
      [
        0.0,
        0.0,
        0.0,
        1.0
      ]
    ],
    "1": [
      [
        -0.331743229110907,
        -0.282790085063516,
        0.899986776418875,
        -0.0349427118589055
      ],
      [
        0.668670667464489,
        -0.743447220057388,
        0.0128751489908101,
        0.0319918383964768
      ],
      [
        0.665451702538706,
        0.606066001998718,
        0.435727016387126,
        0.31361502180396
      ],
      [
        0.0,
        0.0,
        0.0,
        1.0
      ]
    ],
    "2": [
      [
        0.504543643310218,
        -0.863386175650617,
        -0.000153917684983526,
        0.00709778965302447
      ],
      [
        0.663552117363934,
        0.387651002474612,
        0.6398634915529,
        0.0320470397124524
      ],
      [
        -0.552389626565427,
        -0.322941189655068,
        0.768488574077115,
        0.245551865945301
      ],
      [
        0.0,
        0.0,
        0.0,
        1.0
      ]
    ],
    "3": [
      [
        -0.330856823913912,
        0.284097640431824,
        0.899901268345961,
        -0.0348851615782474
      ],
      [
        -0.669342825870815,
        -0.742863609722956,
        -0.0115688722290129,
        -0.0320081336375077
      ],
      [
        0.665217215295027,
        -0.606170098281373,
        0.435940211984029,
        0.313598662879611
      ],
      [
        0.0,
        0.0,
        0.0,
        1.0
      ]
    ]
  },
  "T_WP": {
    "0": [
      [
        -0.00178709661231421,
        0.863047323815331,
        0.505119909665908,
        0.042513733610296
      ],
      [
        0.640138253029607,
        0.389050795987036,
        -0.66246697664869,
        -0.0783256206869404
      ],
      [
        -0.768257654237106,
        0.322162684054268,
        -0.55316487750855,
        0.206813965595353
      ],
      [
        0.0,
        0.0,
        0.0,
        1.0
      ]
    ],
    "1": [
      [
        -0.899986776418875,
        -0.282790085063516,
        -0.331743229110907,
        -0.058164737896669
      ],
      [
        -0.0128751489908101,
        -0.743447220057388,
        0.668670667464489,
        0.078798785118991
      ],
      [
        -0.435727016387126,
        0.606066001998718,
        0.665451702538706,
        0.36019664098167
      ],
      [
        0.0,
        0.0,
        0.0,
        1.0
      ]
    ],
    "2": [
      [
        0.000153917684983556,
        -0.863386175650617,
        0.504543643310218,
        0.0424158446847397
      ],
      [
        -0.6398634915529,
        0.387651002474612,
        0.663552117363934,
        0.0784956879279278
      ],
      [
        -0.768488574077115,
        -0.322941189655068,
        -0.552389626565427,
        0.206884592085721
      ],
      [
        0.0,
        0.0,
        0.0,
        1.0
      ]
    ],
    "3": [
      [
        -0.899901268345961,
        0.284097640431824,
        -0.330856823913912,
        -0.0580451392522213
      ],
      [
        0.0115688722290129,
        -0.742863609722956,
        -0.669342825870815,
        -0.0788621314484647
      ],
      [
        -0.435940211984029,
        -0.606170098281373,
        0.665217215295027,
        0.360163867950263
      ],
      [
        0.0,
        0.0,
        0.0,
        1.0
      ]
    ]
  },
  "simTime": 0.376499999999975,
  "state": [
    -0.0138936859626115,
    1.94530374723553e-05,
    0.279575264412456,
    0.87335738556419,
    -0.000107378050660535,
    0.487079725092296,
    0.000454922466806151,
    -0.188478793769689,
    0.000289230471549142,
    1.22827392291487,
    -0.00993825946742672,
    -5.2920271218198,
    0.0046189821507334,
    0.835993434303688,
    0.543710874466201,
    -0.0442479684334637,
    0.0594607440067417,
    0.998320878055284,
    0.0396508844418783,
    -0.0329466843493416,
    0.0264149160946639,
    0.835760025507303,
    -0.544019941169213,
    -0.0445315431581857,
    -0.0597028059493838,
    0.998322119236497,
    -0.0395934824876133,
    -0.0328344080329121,
    -0.0265933081202912,
    1.49658388897633,
    0.481946602211075,
    -5.06280989319408,
    0.284163509171556,
    0.373053706233151,
    -0.439539379620058,
    -1.49971267368541,
    0.485811314155568,
    5.06605149286325,
    -0.287187480498709,
    0.372317586519504,
    0.438343311717183
  ]
}