{
  "T_WB": [
    [
      -2.22044604925031e-16,
      8.40034628518857e-20,
      1.0,
      -5.33830591466936e-36
    ],
    [
      -1.40630919629107e-18,
      1.0,
      -8.40034628518857e-20,
      4.81083079177919e-21
    ],
    [
      -1.0,
      -1.40630919629107e-18,
      -2.22044604925031e-16,
      0.318302089375002
    ],
    [
      0.0,
      0.0,
      0.0,
      1.0
    ]
  ],
  "T_WH": {
    "0": [
      [
        -1.57159913018885e-16,
        -1.52930920551164e-16,
        1.0,
        -8.88447230781251e-18
      ],
      [
        -0.707106779455507,
        0.707106782917588,
        -2.99034871473258e-18,
        -0.032
      ],
      [
        -0.707106782917588,
        -0.707106779455507,
        -2.19267331208491e-16,
        0.278302089375002
      ],
      [
        0.0,
        0.0,
        0.0,
        1.0
      ]
    ],
    "1": [
      [
        1.57159913018885e-16,
        1.52933891606683e-16,
        1.0,
        8.88447230781251e-18
      ],
      [
        0.707106779455507,
        -0.707106782917588,
        -2.98824786122244e-18,
        0.032
      ],
      [
        0.707106782917588,
        0.707106779455507,
        -2.19269432061991e-16,
        0.358302089375002
      ],
      [
        0.0,
        0.0,
        0.0,
        1.0
      ]
    ],
    "2": [
      [
        -1.5705428551683e-16,
        1.54044653115864e-16,
        1.0,
        -8.87909608618999e-18
      ],
      [
        0.707106779455507,
        0.707106782917588,
        2.12813094107701e-18,
        0.032
      ],
      [
        -0.707106782917588,
        0.707106779455507,
        -2.19980169132325e-16,
        0.278302089375002
      ],
      [
        0.0,
        0.0,
        0.0,
        1.0
      ]
    ],
    "3": [
      [
        1.5705428551683e-16,
        -1.530391275644e-16,
        1.0,
        8.87909608618999e-18
      ],
      [
        -0.707106779455507,
        -0.707106782917588,
        2.83914487891421e-18,
        -0.032
      ],
      [
        0.707106782917588,
        -0.707106779455507,
        -2.19269155197969e-16,
        0.358302089375002
      ],
      [
        0.0,
        0.0,
        0.0,
        1.0
      ]
    ]
  },
  "T_WP": {
    "0": [
      [
        -1.0,
        -1.52930920551164e-16,
        -9.59275730615173e-17,
        -1.98856662191345e-17
      ],
      [
        -4.03074539910465e-17,
        0.707106782917588,
        -0.707106779455507,
        -0.0814974745618855
      ],
      [
        1.75969528290721e-16,
        -0.707106779455507,
        -0.707106782917588,
        0.228804614570771
      ],
      [
        0.0,
        0.0,
        0.0,
        1.0
      ]
    ],
    "1": [
      [
        -1.0,
        1.52933891606683e-16,
        2.18392252976253e-16,
        1.98856662191345e-17
      ],
      [
        4.62860505670015e-17,
        -0.707106782917588,
        0.707106779455507,
        0.0814974745618855
      ],
      [
        2.62567234979762e-16,
        0.707106779455507,
        0.707106782917588,
        0.407799564179233
      ],
      [
        0.0,
        0.0,
        0.0,
        1.0
      ]
    ],
    "2": [
      [
        -1.0,
        1.54044653115864e-16,
        -9.58219455594622e-17,
        -1.98728960723681e-17
      ],
      [
        4.1169671764702e-17,
        0.707106782917588,
        0.707106779455507,
        0.0814974745618855
      ],
      [
        1.76682366214555e-16,
        0.707106779455507,
        -0.707106782917588,
        0.228804614570771
      ],
      [
        0.0,
        0.0,
        0.0,
        1.0
      ]
    ],
    "3": [
      [
        -1.0,
        -1.530391275644e-16,
        2.18286625474198e-16,
        1.98728960723681e-17
      ],
      [
        -4.61369475846932e-17,
        -0.707106782917588,
        -0.707106779455507,
        -0.0814974745618855
      ],
      [
        2.6256695811574e-16,
        -0.707106779455507,
        0.707106782917588,
        0.407799564179233
      ],
      [
        0.0,
        0.0,
        0.0,
        1.0
      ]
    ]
  },
  "simTime": 0.192499999999995,
  "state": [
    -5.33830591466936e-36,
    4.81083079177919e-21,
    0.318302089375002,
    0.707106781186548,
    -4.67505675458348e-19,
    0.707106781186548,
    -5.26905093684069e-19,
    -7.56698063682785e-35,
    -1.49639701338076e-20,
    -1.88777049999996,
    6.365010327678e-19,
    -9.40761513359503e-18,
    -1.72037734581804e-17,
    1.0,
    2.00946275723708e-18,
    4.56336740295128e-20,
    -8.03684984811547e-19,
    1.0,
    -2.00797722947742e-18,
    -4.56336740295123e-20,
    8.00450809543572e-19,
    1.0,
    -1.51199589325829e-18,
    5.22193410822715e-20,
    5.05519673518876e-19,
    1.0,
    2.01475866899033e-18,
    -5.22193410822709e-20,
    -7.95840667299893e-19,
    1.79176550507645e-17,
    4.35105841100922e-19,
    -1.88490550791372e-17,
    -1.80329871663212e-17,
    -4.35105841100919e-19,
    1.88270298785972e-17,
    -2.09818256177292e-17,
    3.28592767654982e-19,
    1.37059692109387e-17,
    1.8021346340542e-17,
    -3.28592767654978e-19,
    -1.89263199270332e-17
  ]
}