{
  "T_WB": [
    [
      -0.495070694391892,
      0.030857653079346,
      -0.868304562236526,
      -0.25885934742411
    ],
    [
      0.0501093309419122,
      0.998719750259827,
      0.00692209458925538,
      -0.00191728646378636
    ],
    [
      0.867406515139749,
      -0.0400832344925332,
      -0.495983136614273,
      0.116677699613503
    ],
    [
      0.0,
      0.0,
      0.0,
      1.0
    ]
  ],
  "T_WH": {
    "0": [
      [
        -0.164158965158985,
        0.094457017014848,
        -0.98190106736605,
        -0.279649620098324
      ],
      [
        -0.351943514304972,
        0.924285923759167,
        0.147754167045568,
        -0.0318719452344243
      ],
      [
        0.921513752961179,
        0.369828883508739,
        -0.118486286236351,
        0.152656623722854
      ],
      [
        0.0,
        0.0,
        0.0,
        1.0
      ]
    ],
    "1": [
      [
        0.484407751861418,
        0.59649746737509,
        -0.639953046208603,
        -0.238069074749895
      ],
      [
        0.675279140555425,
        -0.720006019044271,
        -0.159966918051039,
        0.0280373723068516
      ],
      [
        -0.556189906657153,
        -0.354657727894268,
        -0.751578794124463,
        0.0806987755041516
      ],
      [
        0.0,
        0.0,
        0.0,
        1.0
      ]
    ],
    "2": [
      [
        -0.138446274862293,
        -0.0244058735794101,
        -0.9900691805685,
        -0.277674730301246
      ],
      [
        0.432922523768553,
        0.897632772291736,
        -0.0826649534066209,
        0.0320461187822046
      ],
      [
        0.8907360537166,
        -0.44006790321799,
        -0.11370806113333,
        0.150091296715332
      ],
      [
        0.0,
        0.0,
        0.0,
        1.0
      ]
    ],
    "3": [
      [
        0.375731294327639,
        -0.645713360468762,
        -0.664740739367624,
        -0.240043964546973
      ],
      [
        -0.697726033200214,
        -0.669190678001871,
        0.25566035881632,
        -0.0358806917097773
      ],
      [
        -0.609921615502821,
        0.367747321659226,
        -0.701966901181883,
        0.0832641025116737
      ],
      [
        0.0,
        0.0,
        0.0,
        1.0
      ]
    ]
  },
  "T_WP": {
    "0": [
      [
        0.98190106736605,
        0.094457017014848,
        -0.164158965158985,
        -0.291140747659453
      ],
      [
        -0.147754167045568,
        0.924285923759167,
        -0.351943514304972,
        -0.0565079912357724
      ],
      [
        0.118486286236351,
        0.369828883508739,
        0.921513752961179,
        0.217162586430136
      ],
      [
        0.0,
        0.0,
        0.0,
        1.0
      ]
    ],
    "1": [
      [
        0.639953046208603,
        0.59649746737509,
        0.484407751861418,
        -0.204160532119596
      ],
      [
        0.159966918051039,
        -0.720006019044271,
        0.675279140555425,
        0.0753069121457314
      ],
      [
        0.751578794124463,
        -0.354657727894268,
        -0.556189906657153,
        0.0417654820381509
      ],
      [
        0.0,
        0.0,
        0.0,
        1.0
      ]
    ],
    "2": [
      [
        0.9900691805685,
        -0.0244058735794101,
        -0.138446274862293,
        -0.287365969541607
      ],
      [
        0.0826649534066209,
        0.897632772291736,
        0.432922523768553,
        0.0623506954460033
      ],
      [
        0.11370806113333,
        -0.44006790321799,
        0.8907360537166,
        0.212442820475494
      ],
      [
        0.0,
        0.0,
        0.0,
        1.0
      ]
    ],
    "3": [
      [
        0.664740739367624,
        -0.645713360468762,
        0.375731294327639,
        -0.213742773944038
      ],
      [
        -0.25566035881632,
        -0.669190678001871,
        -0.697726033200214,
        -0.0847215140337923
      ],
      [
        0.701966901181883,
        0.367747321659226,
        -0.609921615502821,
        0.0405695894264763
      ],
      [
        0.0,
        0.0,
        0.0,
        1.0
      ]
    ]
  },
  "simTime": 1.0859999999999,
  "state": [
    -0.25885934742411,
    -0.00191728646378636,
    0.116677699613503,
    -0.501912820929507,
    0.0234130944268061,
    0.864548087336094,
    -0.00958915426134835,
    -0.415383629289414,
    -0.056613958058395,
    0.860389488129554,
    -1.32569231080743,
    9.766776779551,
    -2.26826340645809,
    0.958078474852207,
    -0.162204865636372,
    0.132287600430633,
    0.195640507975879,
    0.981656570911109,
    -0.177066176155676,
    0.0705616301484002,
    0.00435917417058707,
    0.958973848201564,
    0.155465487644608,
    0.134451314037652,
    -0.195249800948573,
    0.981034499258346,
    0.190710437655198,
    0.00800595426215384,
    -0.0337156481569283,
    0.0442936940725719,
    0.389610385860028,
    1.4088543236327,
    1.84437716024455,
    11.7998081079545,
    -0.0110792382458186,
    -4.36912080016816,
    0.194320189320227,
    0.21597102206722,
    -0.918101219365396,
    -1.39938401327025,
    -4.45045601001201
  ]
}