{
  "T_WB": [
    [
      0.899173964531416,
      -0.00529508550610274,
      0.437559302927431,
      -0.0160903034821339
    ],
    [
      0.000349011171175746,
      0.999935145892634,
      0.0113834177591078,
      -6.69677934414497e-05
    ],
    [
      -0.437591201579806,
      -0.0100829597916008,
      0.899117497450574,
      0.309418007611422
    ],
    [
      0.0,
      0.0,
      0.0,
      1.0
    ]
  ],
  "T_WH": {
    "0": [
      [
        0.400093393982861,
        0.707581197743819,
        0.582455255526721,
        0.020046097835318
      ],
      [
        -0.888792180298525,
        0.454591073544788,
        0.058270199017952,
        -0.0320509320151587
      ],
      [
        -0.223548062687803,
        -0.540995198179078,
        0.810771520969817,
        0.292237014261561
      ],
      [
        0.0,
        0.0,
        0.0,
        1.0
      ]
    ],
    "1": [
      [
        -0.750525711750405,
        -0.531099724502975,
        0.393248316759795,
        -0.0522267047995858
      ],
      [
        0.582359205027476,
        -0.812816061632011,
        0.0137042428755864,
        0.0319169964282758
      ],
      [
        0.312360228456368,
        0.239297163764827,
        0.91933016653039,
        0.326599000961283
      ],
      [
        0.0,
        0.0,
        0.0,
        1.0
      ]
    ],
    "2": [
      [
        0.392583871113114,
        -0.711106877507696,
        0.583270874382646,
        0.0197072123629274
      ],
      [
        0.887354611730908,
        0.459607585775111,
        -0.0369142267677845,
        0.0319449173219699
      ],
      [
        -0.241825757895496,
        0.532060030315404,
        0.811438492406566,
        0.291591704834898
      ],
      [
        0.0,
        0.0,
        0.0,
        1.0
      ]
    ],
    "3": [
      [
        -0.742683913650738,
        0.53987485125988,
        0.396176411944914,
        -0.0518878193271953
      ],
      [
        -0.585876686297285,
        -0.810377920929203,
        0.00601113331876546,
        -0.0320788529088528
      ],
      [
        0.324297876739482,
        -0.227646151400777,
        0.918154734723226,
        0.327244310387945
      ],
      [
        0.0,
        0.0,
        0.0,
        1.0
      ]
    ]
  },
  "T_WP": {
    "0": [
      [
        -0.582455255526721,
        0.707581197743819,
        0.400093393982861,
        0.0480526354141183
      ],
      [
        -0.058270199017952,
        0.454591073544788,
        -0.888792180298525,
        -0.0942663846360555
      ],
      [
        -0.810771520969817,
        -0.540995198179078,
        -0.223548062687803,
        0.276588649873414
      ],
      [
        0.0,
        0.0,
        0.0,
        1.0
      ]
    ],
    "1": [
      [
        -0.393248316759795,
        -0.531099724502975,
        -0.750525711750405,
        -0.104763504622114
      ],
      [
        -0.0137042428755864,
        -0.812816061632011,
        0.582359205027476,
        0.0726821407801992
      ],
      [
        -0.91933016653039,
        0.239297163764827,
        0.312360228456368,
        0.348464216953228
      ],
      [
        0.0,
        0.0,
        0.0,
        1.0
      ]
    ],
    "2": [
      [
        -0.583270874382646,
        -0.711106877507696,
        0.392583871113115,
        0.0471880833408454
      ],
      [
        0.0369142267677845,
        0.459607585775111,
        0.887354611730908,
        0.0940597401431335
      ],
      [
        -0.811438492406566,
        0.532060030315404,
        -0.241825757895496,
        0.274663901782213
      ],
      [
        0.0,
        0.0,
        0.0,
        1.0
      ]
    ],
    "3": [
      [
        -0.396176411944914,
        0.53987485125988,
        -0.742683913650738,
        -0.103875693282747
      ],
      [
        -0.0060111333187655,
        -0.810377920929203,
        -0.585876686297285,
        -0.0730902209496627
      ],
      [
        -0.918154734723226,
        -0.227646151400777,
        0.324297876739483,
        0.349945161759709
      ],
      [
        0.0,
        0.0,
        0.0,
        1.0
      ]
    ]
  }
}