{
  "T_WB": [
    [
      0.68472464709781,
      -0.000468721117339424,
      0.728801713744756,
      -0.00242396231230625
    ],
    [
      0.00109025700370725,
      0.999999333020305,
      -0.000381180549054943,
      -1.53245569757322e-05
    ],
    [
      -0.728801048981439,
      0.00105558488965627,
      0.684724701426855,
      0.527719346021593
    ],
    [
      0.0,
      0.0,
      0.0,
      1.0
    ]
  ],
  "T_WH": {
    "0": [
      [
        0.588420202479217,
        0.338583006214366,
        0.734250102633401,
        0.024980022647361
      ],
      [
        -0.521371890360429,
        0.852978068810219,
        0.0244901219021623,
        -0.0319716929334772
      ],
      [
        -0.618007295471753,
        -0.397227846495726,
        0.678437189953541,
        0.498533525345866
      ],
      [
        0.0,
        0.0,
        0.0,
        1.0
      ]
    ],
    "1": [
      [
        -0.453064786653177,
        -0.454025622060975,
        0.767198171013889,
        -0.0298279472719735
      ],
      [
        0.73929379919859,
        -0.672267725776483,
        0.0387399450932778,
        0.0319410438195257
      ],
      [
        0.498173641977801,
        0.58473655554571,
        0.6402391608197,
        0.556905166697319
      ],
      [
        0.0,
        0.0,
        0.0,
        1.0
      ]
    ],
    "2": [
      [
        0.588135948411175,
        -0.33999740657672,
        0.733824140859097,
        0.0249500244958513
      ],
      [
        0.523280760873134,
        0.85180132836847,
        -0.0247334245454347,
        0.0320282643798223
      ],
      [
        -0.616663077771421,
        0.398542670878308,
        0.678889083726247,
        0.498601082778804
      ],
      [
        0.0,
        0.0,
        0.0,
        1.0
      ]
    ],
    "3": [
      [
        -0.452468051062085,
        0.454647582125019,
        0.767182011543514,
        -0.0297979491204638
      ],
      [
        -0.740636220701869,
        -0.670755407887265,
        -0.0393086679301346,
        -0.0320589134937738
      ],
      [
        0.496719892245651,
        -0.585988701988241,
        0.640223859122421,
        0.556837609264381
      ],
      [
        0.0,
        0.0,
        0.0,
        1.0
      ]
    ]
  },
  "T_WP": {
    "0": [
      [
        -0.734250102633401,
        0.338583006214366,
        0.588420202479217,
        0.0661694368209062
      ],
      [
        -0.0244901219021623,
        0.852978068810219,
        -0.521371890360429,
        -0.0684677252587072
      ],
      [
        -0.678437189953541,
        -0.397227846495726,
        -0.618007295471753,
        0.455273014662843
      ],
      [
        0.0,
        0.0,
        0.0,
        1.0
      ]
    ],
    "1": [
      [
        -0.767198171013889,
        -0.454025622060975,
        -0.453064786653177,
        -0.0615424823376959
      ],
      [
        -0.0387399450932777,
        -0.672267725776483,
        0.73929379919859,
        0.0836916097634271
      ],
      [
        -0.6402391608197,
        0.58473655554571,
        0.498173641977801,
        0.591777321635765
      ],
      [
        0.0,
        0.0,
        0.0,
        1.0
      ]
    ],
    "2": [
      [
        -0.733824140859097,
        -0.33999740657672,
        0.588135948411175,
        0.0661195408846336
      ],
      [
        0.0247334245454347,
        0.85180132836847,
        0.523280760873134,
        0.0686579176409417
      ],
      [
        -0.678889083726247,
        0.398542670878308,
        -0.616663077771421,
        0.455434667334805
      ],
      [
        0.0,
        0.0,
        0.0,
        1.0
      ]
    ],
    "3": [
      [
        -0.767182011543514,
        0.454647582125019,
        -0.452468051062085,
        -0.0614707126948097
      ],
      [
        0.0393086679301345,
        -0.670755407887265,
        -0.740636220701869,
        -0.0839034489429046
      ],
      [
        -0.640223859122421,
        -0.585988701988241,
        0.496719892245651,
        0.591608001721577
      ],
      [
        0.0,
        0.0,
        0.0,
        1.0
      ]
    ]
  }
}