{
  "T_WB": [
    [
      0.56554840979451,
      0.0265546460617734,
      0.824287478342013,
      -0.149093598217412
    ],
    [
      0.00582775184589128,
      0.999327859658182,
      -0.0361920739861527,
      -0.000327853069125759
    ],
    [
      -0.824694509189508,
      0.0252721127634867,
      0.565013528005433,
      0.145341811512156
    ],
    [
      0.0,
      0.0,
      0.0,
      1.0
    ]
  ],
  "T_WH": {
    "0": [
      [
        -0.214877463408743,
        -0.00579957723936056,
        0.976623796875168,
        -0.127321410499609
      ],
      [
        -0.857726280029849,
        0.479330329479782,
        -0.185871094543939,
        -0.0320732345043519
      ],
      [
        -0.467047432564597,
        -0.877615405598972,
        -0.107971735144755,
        0.111545323536144
      ],
      [
        0.0,
        0.0,
        0.0,
        1.0
      ]
    ],
    "1": [
      [
        -0.341981266690265,
        -0.610993473197827,
        0.713957834148892,
        -0.170865785935216
      ],
      [
        0.863066906367246,
        -0.50474877970538,
        -0.0185522106391974,
        0.0314175283661004
      ],
      [
        0.37170462516169,
        0.609848870701247,
        0.699942873767439,
        0.179138299488168
      ],
      [
        0.0,
        0.0,
        0.0,
        1.0
      ]
    ],
    "2": [
      [
        -0.163829395251336,
        0.0297210493804357,
        0.986040865519938,
        -0.125621913151655
      ],
      [
        0.889967219037123,
        0.435665920314093,
        0.134735128738587,
        0.0318837485137717
      ],
      [
        -0.425579931729529,
        0.899617621604091,
        -0.0978256439206457,
        0.113162738753007
      ],
      [
        0.0,
        0.0,
        0.0,
        1.0
      ]
    ],
    "3": [
      [
        -0.382930066211791,
        0.593486498473204,
        0.707911251867809,
        -0.172565283283169
      ],
      [
        -0.869644422592942,
        -0.490072954719486,
        -0.0595573446814173,
        -0.0325394546520232
      ],
      [
        0.311581678928692,
        -0.638437369819881,
        0.703785892280777,
        0.177520884271305
      ],
      [
        0.0,
        0.0,
        0.0,
        1.0
      ]
    ]
  },
  "T_WP": {
    "0": [
      [
        -0.976623796875168,
        -0.00579957723936056,
        -0.214877463408743,
        -0.142362832938221
      ],
      [
        0.185871094543939,
        0.479330329479782,
        -0.857726280029849,
        -0.0921140741064414
      ],
      [
        0.107971735144755,
        -0.877615405598972,
        -0.467047432564597,
        0.0788520032566224
      ],
      [
        0.0,
        0.0,
        0.0,
        1.0
      ]
    ],
    "1": [
      [
        -0.713957834148892,
        -0.610993473197827,
        -0.341981266690265,
        -0.194804474603535
      ],
      [
        0.0185522106391974,
        -0.50474877970538,
        0.863066906367246,
        0.0918322118118077
      ],
      [
        -0.699942873767439,
        0.609848870701247,
        0.37170462516169,
        0.205157623249486
      ],
      [
        0.0,
        0.0,
        0.0,
        1.0
      ]
    ],
    "2": [
      [
        -0.986040865519938,
        0.0297210493804357,
        -0.163829395251336,
        -0.137089970819249
      ],
      [
        -0.134735128738587,
        0.435665920314093,
        0.889967219037123,
        0.0941814538463704
      ],
      [
        0.0978256439206457,
        0.899617621604091,
        -0.425579931729529,
        0.0833721435319403
      ],
      [
        0.0,
        0.0,
        0.0,
        1.0
      ]
    ],
    "3": [
      [
        -0.707911251867809,
        0.593486498473204,
        -0.382930066211791,
        -0.199370387917995
      ],
      [
        0.0595573446814172,
        -0.490072954719486,
        -0.869644422592942,
        -0.0934145642335292
      ],
      [
        -0.703785892280777,
        -0.638437369819881,
        0.311581678928692,
        0.199331601796313
      ],
      [
        0.0,
        0.0,
        0.0,
        1.0
      ]
    ]
  },
  "simTime": 0.834999999999924,
  "state": [
    -0.149093598217412,
    -0.000327853069125759,
    0.145341811512156,
    0.884574727970753,
    0.0173711120174777,
    0.466038067613108,
    -0.00585786976512158,
    -0.39361679047074,
    -0.00259876153591816,
    0.961832716876519,
    0.490267364128065,
    13.039104672452,
    -0.202399474066274,
    0.920117259841581,
    -0.232527865354153,
    0.265632497490454,
    -0.169571212923792,
    0.987927555815639,
    -0.063446253318437,
    0.0603904282023524,
    -0.127776028978546,
    0.920947179405244,
    0.23263417276107,
    0.263752441405561,
    0.167846012946105,
    0.986416483103841,
    0.0652763671772487,
    0.0638418252444493,
    0.136549401678104,
    -2.49209228928412,
    -2.36471750728997,
    2.45454160443684,
    -1.40626200358018,
    -1.00368781062744,
    0.318759255997576,
    2.514633777268,
    -2.33689534039219,
    -2.40481173627502,
    1.45104596419932,
    -1.03759453822174,
    -0.359660872695979
  ]
}