{
  "T_WB": [
    [
      0.978235159379443,
      -0.00227707274476373,
      -0.207486837880361,
      -0.100801420407155
    ],
    [
      0.00277412696787905,
      0.999993937291009,
      0.00210466168113972,
      1.12263159981539e-05
    ],
    [
      0.207480787480292,
      -0.00263444888753337,
      0.978235545513256,
      0.176906532553803
    ],
    [
      0.0,
      0.0,
      0.0,
      1.0
    ]
  ],
  "T_WH": {
    "0": [
      [
        -0.171799904091695,
        0.97249438679351,
        -0.157287827275982,
        -0.0615991477041444
      ],
      [
        -0.86491769678616,
        -0.225332587250487,
        -0.448489245031724,
        -0.031877614598599
      ],
      [
        -0.471595346393716,
        0.058990616017435,
        0.879839722041279,
        0.185290066417416
      ],
      [
        0.0,
        0.0,
        0.0,
        1.0
      ]
    ],
    "1": [
      [
        -0.605981934930444,
        -0.772701272708344,
        -0.188993750406888,
        -0.140003693110165
      ],
      [
        0.780997783052391,
        -0.623041584244084,
        0.0431468094981743,
        0.0319000672305953
      ],
      [
        -0.151090560278282,
        -0.121457512972757,
        0.981029925709337,
        0.16852299869019
      ],
      [
        0.0,
        0.0,
        0.0,
        1.0
      ]
    ],
    "2": [
      [
        -0.175674337271933,
        -0.971426893558494,
        -0.159587962250798,
        -0.0617448803598093
      ],
      [
        0.861285642815197,
        -0.230175482391504,
        0.452997007480459,
        0.0321219973880256
      ],
      [
        -0.476786711962991,
        -0.0578708715774473,
        0.877111961791872,
        0.185121461688614
      ],
      [
        0.0,
        0.0,
        0.0,
        1.0
      ]
    ],
    "3": [
      [
        -0.6023582091329,
        0.775671677938878,
        -0.188409224651264,
        -0.1398579604545
      ],
      [
        -0.784559476104994,
        -0.618806696567588,
        -0.0393026810404372,
        -0.0320995447560293
      ],
      [
        -0.147074866459442,
        0.124143950020104,
        0.981303858817106,
        0.168691603418992
      ],
      [
        0.0,
        0.0,
        0.0,
        1.0
      ]
    ]
  },
  "T_WP": {
    "0": [
      [
        0.157287827275982,
        0.97249438679351,
        -0.171799904091695,
        -0.0736251409905631
      ],
      [
        0.448489245031724,
        -0.225332587250487,
        -0.86491769678616,
        -0.0924218533736302
      ],
      [
        -0.879839722041279,
        0.058990616017435,
        -0.471595346393716,
        0.152278392169856
      ],
      [
        0.0,
        0.0,
        0.0,
        1.0
      ]
    ],
    "1": [
      [
        0.188993750406888,
        -0.772701272708344,
        -0.605981934930444,
        -0.182422428555296
      ],
      [
        -0.0431468094981742,
        -0.623041584244084,
        0.780997783052391,
        0.0865699120442627
      ],
      [
        -0.981029925709337,
        -0.121457512972757,
        -0.151090560278282,
        0.157946659470711
      ],
      [
        0.0,
        0.0,
        0.0,
        1.0
      ]
    ],
    "2": [
      [
        0.159587962250798,
        -0.971426893558494,
        -0.175674337271933,
        -0.0740420839688446
      ],
      [
        -0.452997007480459,
        -0.230175482391504,
        0.861285642815197,
        0.0924119923850894
      ],
      [
        -0.877111961791872,
        -0.0578708715774473,
        -0.476786711962991,
        0.151746391851204
      ],
      [
        0.0,
        0.0,
        0.0,
        1.0
      ]
    ],
    "3": [
      [
        0.188409224651264,
        0.775671677938878,
        -0.6023582091329,
        -0.182023035093803
      ],
      [
        0.0393026810404372,
        -0.618806696567588,
        -0.784559476104994,
        -0.0870187080833789
      ],
      [
        -0.981303858817106,
        0.124143950020104,
        -0.147074866459442,
        0.158396362766832
      ],
      [
        0.0,
        0.0,
        0.0,
        1.0
      ]
    ]
  },
  "simTime": 0.68949999999994,
  "state": [
    -0.100801420407155,
    1.12263159981539e-05,
    0.176906532553803,
    0.994543191895619,
    -0.00119127821880723,
    -0.104311112061839,
    0.00126972859343974,
    -0.34080415620869,
    -0.000336691021051128,
    -1.90829740066646,
    -0.0118571553641636,
    -2.40249525910568,
    0.000326833705529282,
    0.841573603789498,
    0.0459147124616354,
    0.227378486354475,
    -0.487795789780386,
    0.998111161185016,
    0.0206561339758809,
    0.00904927150519485,
    -0.0571449449408666,
    0.841472994605174,
    -0.0461378060524795,
    0.22765621031629,
    0.487818769736559,
    0.998102993644938,
    -0.0209604924529487,
    0.00909077731592933,
    0.0571701810469015,
    -5.12540797074158,
    -2.5771342887606,
    -0.816511018382454,
    -0.534700864424143,
    0.0654918796503396,
    -0.380658492511804,
    5.12694649397226,
    -2.57960867717565,
    0.81690678077534,
    0.534496818938198,
    0.0652259409252071,
    0.383834029566699
  ]
}