{
  "T_WB": [
    [
      -0.914860627719398,
      0.0726769933621472,
      0.397175133265802,
      -0.209650813341044
    ],
    [
      0.0605678950053152,
      0.997238902106082,
      -0.0429662916817426,
      -0.000588505887486846
    ],
    [
      -0.399201154737175,
      -0.0152521068083686,
      -0.916736500470234,
      0.191777804798259
    ],
    [
      0.0,
      0.0,
      0.0,
      1.0
    ]
  ],
  "T_WH": {
    "0": [
      [
        -0.812523338528679,
        -0.541086756056441,
        -0.216866195536621,
        -0.248570902237408
      ],
      [
        -0.575178846204242,
        0.804636398568421,
        0.147409500976016,
        -0.0300774349546689
      ],
      [
        0.0947371058528099,
        0.244510507993336,
        -0.965007508911446,
        0.17629782602664
      ],
      [
        0.0,
        0.0,
        0.0,
        1.0
      ]
    ],
    "1": [
      [
        0.599571613379688,
        0.533470542064597,
        0.596592877244258,
        -0.170730724444679
      ],
      [
        0.760893162853709,
        -0.611058576499232,
        -0.218286533733099,
        0.0289004231796952
      ],
      [
        0.248103758842459,
        0.584821850511792,
        -0.772287464621954,
        0.207257783569879
      ],
      [
        0.0,
        0.0,
        0.0,
        1.0
      ]
    ],
    "2": [
      [
        -0.720810457738889,
        0.649451328124905,
        -0.24216782695282,
        -0.243919574662231
      ],
      [
        0.688994924869141,
        0.709470756692622,
        -0.14811225102119,
        0.0337458547801204
      ],
      [
        0.075619293297544,
        -0.273613263192403,
        -0.958862609911548,
        0.175321691190905
      ],
      [
        0.0,
        0.0,
        0.0,
        1.0
      ]
    ],
    "3": [
      [
        0.474419045720424,
        -0.615898330728602,
        0.628964081059836,
        -0.175382052019856
      ],
      [
        -0.836616046789897,
        -0.537732491336985,
        0.104486161830954,
        -0.0349228665550941
      ],
      [
        0.27386156961386,
        -0.575771668255951,
        -0.770380962071618,
        0.208233918405614
      ],
      [
        0.0,
        0.0,
        0.0,
        1.0
      ]
    ]
  },
  "T_WP": {
    "0": [
      [
        0.21686619553662,
        -0.541086756056441,
        -0.812523338528679,
        -0.305447535934416
      ],
      [
        -0.147409500976016,
        0.804636398568421,
        -0.575178846204242,
        -0.0703399541889659
      ],
      [
        0.965007508911446,
        0.244510507993336,
        0.0947371058528098,
        0.182929423436337
      ],
      [
        0.0,
        0.0,
        0.0,
        1.0
      ]
    ],
    "1": [
      [
        -0.596592877244258,
        0.533470542064597,
        0.599571613379688,
        -0.128760711508101
      ],
      [
        0.218286533733099,
        -0.611058576499232,
        0.760893162853709,
        0.0821629445794548
      ],
      [
        0.772287464621954,
        0.584821850511792,
        0.248103758842459,
        0.224625046688851
      ],
      [
        0.0,
        0.0,
        0.0,
        1.0
      ]
    ],
    "2": [
      [
        0.24216782695282,
        0.649451328124905,
        -0.720810457738889,
        -0.294376306703953
      ],
      [
        0.14811225102119,
        0.709470756692622,
        0.688994924869141,
        0.0819754995209603
      ],
      [
        0.958862609911548,
        -0.273613263192403,
        0.0756192932975439,
        0.180615041721733
      ],
      [
        0.0,
        0.0,
        0.0,
        1.0
      ]
    ],
    "3": [
      [
        -0.628964081059836,
        -0.615898330728602,
        0.474419045720424,
        -0.142172718819427
      ],
      [
        -0.104486161830954,
        -0.537732491336985,
        -0.836616046789897,
        -0.0934859898303869
      ],
      [
        0.770380962071618,
        -0.575771668255951,
        0.27386156961386,
        0.227404228278584
      ],
      [
        0.0,
        0.0,
        0.0,
        1.0
      ]
    ]
  },
  "simTime": 0.969999999999909,
  "state": [
    -0.209650813341044,
    -0.000588505887486846,
    0.191777804798259,
    0.203495561325333,
    0.0340476527999874,
    0.978370588056452,
    -0.0148763666857982,
    -0.462972939115427,
    -0.00334560302752838,
    -0.255875006138975,
    0.467740101327213,
    12.9195440464912,
    -0.252699372402449,
    0.944355327792821,
    -0.263630741257689,
    0.185482556605151,
    0.0654833439009716,
    0.986211203083615,
    -0.149617157238634,
    0.0213832462644239,
    -0.0674160659738776,
    0.9435011948598,
    0.26651302984565,
    0.185386705519269,
    -0.0663932951233355,
    0.985223633356358,
    0.153662800014218,
    0.0246944404344896,
    0.0715004949599273,
    0.401909093793801,
    -1.9718257479681,
    2.78015818779517,
    -1.0305787902161,
    -0.64764486779738,
    1.23326345960679,
    -0.356987868399689,
    -1.96112447650706,
    -2.81095078080792,
    1.0407701124147,
    -0.660124936852933,
    -1.29979319546511
  ]
}