{
  "T_WB": [
    [
      -2.22044604925031e-16,
      3.9298049297782e-20,
      1.0,
      -8.31788665127457e-37
    ],
    [
      -4.6388609551686e-19,
      1.0,
      -3.9298049297782e-20,
      5.21628543605486e-21
    ],
    [
      -1.0,
      -4.6388609551686e-19,
      -2.22044604925031e-16,
      0.421536167575001
    ],
    [
      0.0,
      0.0,
      0.0,
      1.0
    ]
  ],
  "T_WH": {
    "0": [
      [
        -1.57092644994491e-16,
        -1.5432975663152e-16,
        1.0,
        -8.88304173457878e-18
      ],
      [
        -0.707106779455507,
        0.707106782917588,
        -1.95365655803293e-18,
        -0.032
      ],
      [
        -0.707106782917588,
        -0.707106779455507,
        -2.20208892007936e-16,
        0.381536167575001
      ],
      [
        0.0,
        0.0,
        0.0,
        1.0
      ]
    ],
    "1": [
      [
        1.57092644994491e-16,
        1.54336437559111e-16,
        1.0,
        8.88304173457878e-18
      ],
      [
        0.707106779455507,
        -0.707106782917588,
        -1.94893242881779e-18,
        0.032
      ],
      [
        0.707106782917588,
        0.707106779455507,
        -2.20213616137128e-16,
        0.461536167575001
      ],
      [
        0.0,
        0.0,
        0.0,
        1.0
      ]
    ],
    "2": [
      [
        -1.57052683663019e-16,
        1.55461143242895e-16,
        1.0,
        -8.88052665942372e-18
      ],
      [
        0.707106779455507,
        0.707106782917588,
        1.12538848262848e-18,
        0.032
      ],
      [
        -0.707106782917588,
        0.707106779455507,
        -2.20980646222486e-16,
        0.381536167575001
      ],
      [
        0.0,
        0.0,
        0.0,
        1.0
      ]
    ],
    "3": [
      [
        1.57052683663019e-16,
        -1.54380282957002e-16,
        1.0,
        8.88052665942372e-18
      ],
      [
        -0.707106779455507,
        -0.707106782917588,
        1.88967212216972e-18,
        -0.032
      ],
      [
        0.707106782917588,
        -0.707106779455507,
        -2.20216362586686e-16,
        0.461536167575001
      ],
      [
        0.0,
        0.0,
        0.0,
        1.0
      ]
    ]
  },
  "T_WP": {
    "0": [
      [
        -1.0,
        -1.5432975663152e-16,
        -9.58603050371229e-17,
        -1.98795268841931e-17
      ],
      [
        -4.13441461477461e-17,
        0.707106782917588,
        -0.707106779455507,
        -0.0814974745618855
      ],
      [
        1.76911089090165e-16,
        -0.707106779455507,
        -0.707106782917588,
        0.33203869277077
      ],
      [
        0.0,
        0.0,
        0.0,
        1.0
      ]
    ],
    "1": [
      [
        -1.0,
        1.54336437559111e-16,
        2.18324984951858e-16,
        1.98795268841931e-17
      ],
      [
        4.52467351345968e-17,
        -0.707106782917588,
        0.707106779455507,
        0.0814974745618855
      ],
      [
        2.63511419054898e-16,
        0.707106779455507,
        0.707106782917588,
        0.511033642379232
      ],
      [
        0.0,
        0.0,
        0.0,
        1.0
      ]
    ],
    "2": [
      [
        -1.0,
        1.55461143242895e-16,
        -9.58203437056515e-17,
        -1.98742145158351e-17
      ],
      [
        4.21724142231505e-17,
        0.707106782917588,
        0.707106779455507,
        0.0814974745618855
      ],
      [
        1.77682843304715e-16,
        0.707106779455507,
        -0.707106782917588,
        0.33203869277077
      ],
      [
        0.0,
        0.0,
        0.0,
        1.0
      ]
    ],
    "3": [
      [
        -1.0,
        -1.54380282957002e-16,
        2.18285023620387e-16,
        1.98742145158351e-17
      ],
      [
        -4.51874748279487e-17,
        -0.707106782917588,
        -0.707106779455507,
        -0.0814974745618855
      ],
      [
        2.63514165504457e-16,
        -0.707106779455507,
        0.707106782917588,
        0.511033642379232
      ],
      [
        0.0,
        0.0,
        0.0,
        1.0
      ]
    ]
  },
  "simTime": 0.126500000000002,
  "state": [
    -8.31788665127457e-37,
    5.21628543605486e-21,
    0.421536167575001,
    0.707106781186548,
    -1.50114543346129e-19,
    0.707106781186548,
    -1.77902460491994e-19,
    -5.2641152962998e-35,
    1.52082545096063e-20,
    -1.24053489999998,
    6.74964790349793e-19,
    -5.84787906834032e-18,
    -1.06906482480472e-17,
    1.0,
    1.32585046763752e-18,
    2.78054123335802e-20,
    -2.94967278982061e-19,
    1.0,
    -1.32251000384247e-18,
    -2.78054123335798e-20,
    2.92754970060926e-19,
    1.0,
    -7.87945079164277e-19,
    3.56126636756677e-20,
    1.6941140220351e-19,
    1.0,
    1.32837522211082e-18,
    -3.56126636756672e-20,
    -2.87102708873643e-19,
    2.30297915057215e-17,
    5.99302471349018e-19,
    -1.17330847131799e-17,
    -2.31578194460657e-17,
    -5.99302471349013e-19,
    1.16965789616505e-17,
    -1.99908411000413e-17,
    6.7402616143854e-19,
    6.8666381281873e-18,
    2.309440805907e-17,
    -6.74026161438534e-19,
    -1.16287683841237e-17
  ]
}