{
  "T_WB": [
    [
      0.947689848828574,
      -0.00213388515417439,
      -0.319185521227739,
      -0.11892932858951
    ],
    [
      0.00305864243158144,
      0.9999924518655,
      0.00239602139013748,
      -8.31774894695722e-06
    ],
    [
      0.319177999138021,
      -0.00324695952778302,
      0.947689222329807,
      0.0614726820266095
    ],
    [
      0.0,
      0.0,
      0.0,
      1.0
    ]
  ],
  "T_WH": {
    "0": [
      [
        -0.134253861421541,
        0.990659977252132,
        0.0238476448357357,
        -0.0809534503114336
      ],
      [
        -0.920933274992464,
        -0.115847059212634,
        -0.372103966497857,
        -0.0318857305113797
      ],
      [
        -0.365865827462828,
        -0.0719184840120402,
        0.927884652288392,
        0.0743437046970194
      ],
      [
        0.0,
        0.0,
        0.0,
        1.0
      ]
    ],
    "1": [
      [
        -0.571860098090538,
        -0.752917616920513,
        -0.325716272762992,
        -0.156905206867587
      ],
      [
        0.790615783691098,
        -0.611758545992635,
        0.0260415818161656,
        0.0318690950134858
      ],
      [
        -0.218866879153497,
        -0.242624284719631,
        0.945108853875518,
        0.0486016593561996
      ],
      [
        0.0,
        0.0,
        0.0,
        1.0
      ]
    ],
    "2": [
      [
        -0.138081829437074,
        -0.990174264746315,
        0.0220982762541677,
        -0.0810900189613007
      ],
      [
        0.917743440002371,
        -0.119528177302556,
        0.378761129425055,
        0.0321137864080123
      ],
      [
        -0.372398156160748,
        0.0725805777382867,
        0.925230605321318,
        0.0741358992872413
      ],
      [
        0.0,
        0.0,
        0.0,
        1.0
      ]
    ],
    "3": [
      [
        -0.56827795933736,
        0.755829252412926,
        -0.325241913240412,
        -0.156768638217719
      ],
      [
        -0.794580772565086,
        -0.606769086782539,
        -0.0217410026207254,
        -0.0321304219059062
      ],
      [
        -0.213779224437821,
        0.246076038089859,
        0.945380889735329,
        0.0488094647659777
      ],
      [
        0.0,
        0.0,
        0.0,
        1.0
      ]
    ]
  },
  "T_WP": {
    "0": [
      [
        -0.0238476448357357,
        0.990659977252132,
        -0.134253861421541,
        -0.0903512206109414
      ],
      [
        0.372103966497857,
        -0.115847059212634,
        -0.920933274992464,
        -0.0963510597608522
      ],
      [
        -0.927884652288392,
        -0.0719184840120402,
        -0.365865827462828,
        0.0487330967746214
      ],
      [
        0.0,
        0.0,
        0.0,
        1.0
      ]
    ],
    "1": [
      [
        0.325716272762992,
        -0.752917616920513,
        -0.571860098090538,
        -0.196935413733924
      ],
      [
        -0.0260415818161655,
        -0.611758545992635,
        0.790615783691098,
        0.0872121998718627
      ],
      [
        -0.945108853875518,
        -0.242624284719631,
        -0.218866879153496,
        0.0332809778154549
      ],
      [
        0.0,
        0.0,
        0.0,
        1.0
      ]
    ],
    "2": [
      [
        -0.0220982762541677,
        -0.990174264746315,
        -0.138081829437074,
        -0.0907557470218959
      ],
      [
        -0.378761129425055,
        -0.119528177302556,
        0.917743440002371,
        0.0963558272081783
      ],
      [
        -0.925230605321318,
        0.0725805777382867,
        -0.372398156160748,
        0.0480680283559889
      ],
      [
        0.0,
        0.0,
        0.0,
        1.0
      ]
    ],
    "3": [
      [
        0.325241913240412,
        0.755829252412926,
        -0.56827795933736,
        -0.196548095371335
      ],
      [
        0.0217410026207254,
        -0.606769086782539,
        -0.794580772565086,
        -0.0877510759854623
      ],
      [
        -0.945380889735329,
        0.246076038089859,
        -0.213779224437821,
        0.0338449190553303
      ],
      [
        0.0,
        0.0,
        0.0,
        1.0
      ]
    ]
  },
  "simTime": 0.742499999999935,
  "state": [
    -0.11892932858951,
    -8.31774894695722e-06,
    0.0614726820266095,
    0.986834778854075,
    -0.00142956577910469,
    -0.161719959116924,
    0.00131545008775062,
    -0.341477689827119,
    -0.000397341644237402,
    -2.44766532773895,
    -0.0118642273783697,
    -1.98257534521623,
    0.000651746238864638,
    0.85302318074962,
    -0.100803125518879,
    0.233275124308544,
    -0.45582112650497,
    0.99781194470446,
    0.00519892052891129,
    0.0111837655350547,
    -0.0649555049160116,
    0.852981877110372,
    0.100625656088903,
    0.233520675634113,
    0.455811900578881,
    0.997802785748785,
    -0.00549236500695492,
    0.0112243030763649,
    0.0650649652197354,
    -4.92527316301431,
    -2.61065008247998,
    0.705107159800289,
    -0.626807793420578,
    0.0169790547773123,
    -0.217785157888959,
    4.92589362868714,
    -2.61285174780982,
    -0.705536028587691,
    0.62774228553581,
    0.0167682637505888,
    0.221008263006447
  ]
}