{
  "T_WB": [
    [
      0.942286398512435,
      -0.00210424133343445,
      0.334801307265779,
      -0.0470604367435615
    ],
    [
      0.00175766675251634,
      0.999997559992671,
      0.00133813911515242,
      4.2485294246947e-05
    ],
    [
      -0.334803306115772,
      -0.000672441161045525,
      0.942287797881748,
      0.354688896046506
    ],
    [
      0.0,
      0.0,
      0.0,
      1.0
    ]
  ],
  "T_WH": {
    "0": [
      [
        0.142441780973898,
        0.890350833051368,
        -0.432418469908165,
        -0.00930164508039417
      ],
      [
        -0.799374256272509,
        -0.154153227510656,
        -0.580721603573365,
        -0.0318871299554179
      ],
      [
        -0.583704666284035,
        0.428383212244344,
        0.689765674722554,
        0.341318281919028
      ],
      [
        0.0,
        0.0,
        0.0,
        1.0
      ]
    ],
    "1": [
      [
        -0.646707866465686,
        -0.645195553831805,
        0.406806628224111,
        -0.0848192284067288
      ],
      [
        0.722983255365252,
        -0.688475486109269,
        0.0574170487579162,
        0.0319721005439118
      ],
      [
        0.243031166546316,
        0.331246437478618,
        0.911708094592157,
        0.368059510173983
      ],
      [
        0.0,
        0.0,
        0.0,
        1.0
      ]
    ],
    "2": [
      [
        0.139383677532808,
        -0.889325428957466,
        -0.435514031745304,
        -0.00943631652573398
      ],
      [
        0.798789976642424,
        -0.158952704291642,
        0.580231515012732,
        0.0321127138841131
      ],
      [
        -0.58524077408621,
        -0.428759045628187,
        0.688228826146494,
        0.341275245684721
      ],
      [
        0.0,
        0.0,
        0.0,
        1.0
      ]
    ],
    "3": [
      [
        -0.643943532418094,
        0.647732113089662,
        0.407160701356734,
        -0.084684556961389
      ],
      [
        -0.725126883985548,
        -0.686430256930328,
        -0.0548133605243604,
        -0.0320277432956192
      ],
      [
        0.243983051006246,
        -0.330539879655942,
        0.911710293228457,
        0.36810254640829
      ],
      [
        0.0,
        0.0,
        0.0,
        1.0
      ]
    ]
  },
  "T_WP": {
    "0": [
      [
        0.432418469908165,
        0.890350833051368,
        0.142441780973898,
        0.000669279587778654
      ],
      [
        0.580721603573365,
        -0.154153227510656,
        -0.799374256272509,
        -0.0878433278944935
      ],
      [
        -0.689765674722554,
        0.428383212244344,
        -0.583704666284035,
        0.300458955279146
      ],
      [
        0.0,
        0.0,
        0.0,
        1.0
      ]
    ],
    "1": [
      [
        -0.406806628224111,
        -0.645195553831805,
        -0.646707866465686,
        -0.130088779059327
      ],
      [
        -0.0574170487579162,
        -0.688475486109269,
        0.722983255365252,
        0.0825809284194794
      ],
      [
        -0.911708094592157,
        0.331246437478618,
        0.243031166546316,
        0.385071691832225
      ],
      [
        0.0,
        0.0,
        0.0,
        1.0
      ]
    ],
    "2": [
      [
        0.435514031745304,
        -0.889325428957466,
        0.139383677532808,
        0.000320540901562583
      ],
      [
        -0.580231515012732,
        -0.158952704291642,
        0.798789976642424,
        0.0880280122490828
      ],
      [
        -0.688228826146494,
        -0.428759045628187,
        -0.58524077408621,
        0.300308391498687
      ],
      [
        0.0,
        0.0,
        0.0,
        1.0
      ]
    ],
    "3": [
      [
        -0.407160701356734,
        0.647732113089662,
        -0.643943532418094,
        -0.129760604230656
      ],
      [
        0.0548133605243604,
        -0.686430256930328,
        -0.725126883985548,
        -0.0827866251746075
      ],
      [
        -0.911710293228457,
        -0.330539879655942,
        0.243983051006246,
        0.385181359978727
      ],
      [
        0.0,
        0.0,
        0.0,
        1.0
      ]
    ]
  },
  "simTime": 0.518999999999959,
  "state": [
    -0.0470604367435615,
    4.2485294246947e-05,
    0.354688896046506,
    0.985465848772404,
    -0.000510058334010897,
    0.169870070641128,
    0.000979716367330633,
    -0.276244778398412,
    2.45533311446528e-06,
    -0.18114567360305,
    -0.0114259980773468,
    -4.09870520837196,
    0.00130809714303719,
    0.818960331122311,
    0.477433865921002,
    0.140903129771125,
    -0.285494636973205,
    0.998769932180542,
    0.0475692867140497,
    -0.00730377389400863,
    -0.0119348406146763,
    0.818713554910765,
    -0.477875587694589,
    0.141057536164533,
    0.285387121612241,
    0.99876462510121,
    -0.0477341815714116,
    -0.00723961764577891,
    0.0117583796710901,
    -2.57265248384033,
    -1.69336187247046,
    -5.11855581661748,
    -0.0852712916174655,
    0.254589254992719,
    -0.614869920752071,
    2.57257643115111,
    -1.69419258361005,
    5.12350834423705,
    0.0823902302346955,
    0.254018762971277,
    0.616137231827453
  ]
}