{
  "T_WB": [
    [
      0.482289256185093,
      0.0304773507381918,
      0.875481698529679,
      -0.152081942559316
    ],
    [
      0.0079935825544147,
      0.999199890167071,
      -0.0391877803410694,
      -0.000346443607819341
    ],
    [
      -0.875975556740241,
      0.0258980806643153,
      0.481659748589737,
      0.152285147866469
    ],
    [
      0.0,
      0.0,
      0.0,
      1.0
    ]
  ],
  "T_WH": {
    "0": [
      [
        -0.245586816075451,
        -0.10351842418533,
        0.963831443575125,
        -0.133765647535534
      ],
      [
        -0.849731748237286,
        0.501498207594399,
        -0.162651479603511,
        -0.032001096790989
      ],
      [
        -0.466522316516079,
        -0.858943236560945,
        -0.211124239628423,
        0.116417387015602
      ],
      [
        0.0,
        0.0,
        0.0,
        1.0
      ]
    ],
    "1": [
      [
        -0.298285658669881,
        -0.55663304095013,
        0.77536141479602,
        -0.170398237583097
      ],
      [
        0.860703924841239,
        -0.507997528893909,
        -0.0335747583843799,
        0.0313082095753503
      ],
      [
        0.412570502574726,
        0.657341743966023,
        0.630624620550883,
        0.188152908717337
      ],
      [
        0.0,
        0.0,
        0.0,
        1.0
      ]
    ],
    "2": [
      [
        -0.188487024016639,
        0.132419045573491,
        0.973107310704609,
        -0.13181509708829
      ],
      [
        0.885694604463639,
        0.451004050748976,
        0.110183546103822,
        0.0319476961797035
      ],
      [
        -0.42428493892825,
        0.882644063355904,
        -0.202291245537789,
        0.118074864178118
      ],
      [
        0.0,
        0.0,
        0.0,
        1.0
      ]
    ],
    "3": [
      [
        -0.347615702798657,
        0.534809776131268,
        0.770157014200493,
        -0.172348788030342
      ],
      [
        -0.869282238952343,
        -0.491686274545277,
        -0.0509214735233492,
        -0.0326405833953422
      ],
      [
        0.351442331271857,
        -0.687184917455418,
        0.6358185094915,
        0.186495431554821
      ],
      [
        0.0,
        0.0,
        0.0,
        1.0
      ]
    ]
  },
  "T_WP": {
    "0": [
      [
        -0.963831443575125,
        -0.10351842418533,
        -0.245586816075451,
        -0.150956724660816
      ],
      [
        0.162651479603511,
        0.501498207594399,
        -0.849731748237286,
        -0.091482319167599
      ],
      [
        0.211124239628423,
        -0.858943236560945,
        -0.466522316516079,
        0.0837608248594761
      ],
      [
        0.0,
        0.0,
        0.0,
        1.0
      ]
    ],
    "1": [
      [
        -0.77536141479602,
        -0.55663304095013,
        -0.298285658669881,
        -0.191278233689989
      ],
      [
        0.0335747583843799,
        -0.507997528893909,
        0.860703924841239,
        0.0915574843142371
      ],
      [
        -0.630624620550883,
        0.657341743966023,
        0.412570502574726,
        0.217032843897568
      ],
      [
        0.0,
        0.0,
        0.0,
        1.0
      ]
    ],
    "2": [
      [
        -0.973107310704609,
        0.132419045573491,
        -0.188487024016639,
        -0.145009188769455
      ],
      [
        -0.110183546103822,
        0.451004050748976,
        0.885694604463639,
        0.0939463184921583
      ],
      [
        0.202291245537789,
        0.882644063355904,
        -0.42428493892825,
        0.0883749184531403
      ],
      [
        0.0,
        0.0,
        0.0,
        1.0
      ]
    ],
    "3": [
      [
        -0.770157014200493,
        0.534809776131268,
        -0.347615702798657,
        -0.196681887226248
      ],
      [
        0.0509214735233492,
        -0.491686274545277,
        -0.869282238952343,
        -0.0934903401220062
      ],
      [
        -0.6358185094915,
        -0.687184917455418,
        0.351442331271857,
        0.211096394743851
      ],
      [
        0.0,
        0.0,
        0.0,
        1.0
      ]
    ]
  },
  "simTime": 0.842499999999924,
  "state": [
    -0.152081942559316,
    -0.000346443607819341,
    0.152285147866469,
    0.860689969579915,
    0.0189051410222521,
    0.508736396720404,
    -0.00653073957477133,
    -0.403187468424242,
    -0.00236116219680162,
    0.889856259882731,
    0.488988456516108,
    13.0501958933706,
    -0.204168983303684,
    0.921826459764983,
    -0.239885914461135,
    0.261159725546074,
    -0.156481065541499,
    0.987962247951965,
    -0.0689919926696041,
    0.0574598340119083,
    -0.125972493205863,
    0.922543113486902,
    0.240112705284993,
    0.259333313868155,
    0.154939745826484,
    0.98648345981089,
    0.0710174763717105,
    0.0608727452286315,
    0.134541482293235,
    -2.35505195879771,
    -2.36083386089828,
    2.52689399293033,
    -1.37449663673945,
    -0.980169646337614,
    0.357407325143491,
    2.3789360321228,
    -2.32888542915008,
    -2.47747947374685,
    1.42042838104088,
    -1.01429880698618,
    -0.403730035950559
  ]
}