{
  "arms": {
    "0": [
      [
        0.304581969976425,
        0.647358298301697,
        0.698682248592377,
        0.0303568616509438
      ],
      [
        -0.890700221061707,
        -0.0663101375102997,
        0.449728965759277,
        0.696328818798065
      ],
      [
        0.33746549487114,
        -0.75929582118988,
        0.556405365467072,
        0.0319857485592365
      ],
      [
        0.0,
        0.0,
        0.0,
        1.0
      ]
    ],
    "1": [
      [
        0.35892191529274,
        0.680054128170013,
        -0.639297485351562,
        -0.0438902862370014
      ],
      [
        -0.926899075508118,
        0.340197622776031,
        -0.158504605293274,
        0.666540563106537
      ],
      [
        0.109695769846439,
        0.649455070495605,
        0.752445995807648,
        0.0321269147098064
      ],
      [
        0.0,
        0.0,
        0.0,
        1.0
      ]
    ],
    "2": [
      [
        0.0342258512973785,
        -0.81531286239624,
        -0.578008115291595,
        -0.0440656691789627
      ],
      [
        -0.998375535011292,
        -0.00153255101758987,
        -0.0569555014371872,
        0.666674375534058
      ],
      [
        0.0455507300794125,
        0.579018592834473,
        -0.814040899276733,
        -0.0318727046251297
      ],
      [
        0.0,
        0.0,
        0.0,
        1.0
      ]
    ],
    "3": [
      [
        0.474104195833206,
        -0.582144618034363,
        0.660554826259613,
        0.0301814787089825
      ],
      [
        -0.880328238010406,
        -0.300015360116959,
        0.367441087961197,
        0.696462631225586
      ],
      [
        -0.0157272480428219,
        -0.755710542201996,
        -0.654716908931732,
        -0.0320138707756996
      ],
      [
        0.0,
        0.0,
        0.0,
        1.0
      ]
    ]
  },
  "base": [
    [
      0.928089380264282,
      -0.00274036219343543,
      -0.372347295284271,
      -0.00685440376400948
    ],
    [
      0.372353225946426,
      0.00209135026670992,
      0.92808872461319,
      0.681501626968384
    ],
    [
      -0.00176459073554724,
      -0.999994039535522,
      0.00296134292148054,
      5.65218833799008e-05
    ],
    [
      0.0,
      0.0,
      0.0,
      1.0
    ]
  ]
}