{
  "T_WB": [
    [
      0.758852883038918,
      0.0165905428075973,
      0.651050732119142,
      -0.141497433937922
    ],
    [
      0.00154068072946868,
      0.999626944334964,
      -0.0272690018598548,
      -0.00026912493046558
    ],
    [
      -0.651260261497976,
      0.0216962219958269,
      0.758544227942377,
      0.124154834180831
    ],
    [
      0.0,
      0.0,
      0.0,
      1.0
    ]
  ],
  "T_WH": {
    "0": [
      [
        -0.141917444145067,
        0.264945154670162,
        0.953762813315835,
        -0.111674215986208
      ],
      [
        -0.87383701196189,
        0.419129054538181,
        -0.246454280075325,
        -0.0321955599200057
      ],
      [
        -0.465046573552422,
        -0.868409408435177,
        0.172037158103758,
        0.0974101446170458
      ],
      [
        0.0,
        0.0,
        0.0,
        1.0
      ]
    ],
    "1": [
      [
        -0.434698411922999,
        -0.733455546830682,
        0.522570810029538,
        -0.171320651889635
      ],
      [
        0.867268297329371,
        -0.497287778682327,
        0.0234641347722547,
        0.0316573100590745
      ],
      [
        0.24265817752352,
        0.463408918770994,
        0.852272950928552,
        0.150899523744617
      ],
      [
        0.0,
        0.0,
        0.0,
        1.0
      ]
    ],
    "2": [
      [
        -0.106853279915033,
        -0.252353379450505,
        0.961717291334262,
        -0.110612421246522
      ],
      [
        0.896962824617654,
        0.392874960599707,
        0.202748505759472,
        0.031780564517432
      ],
      [
        -0.428998913547948,
        0.88428900095709,
        0.184371621897168,
        0.0987987028247787
      ],
      [
        0.0,
        0.0,
        0.0,
        1.0
      ]
    ],
    "3": [
      [
        -0.454152448071802,
        0.72660948678857,
        0.515542634143133,
        -0.172382446629322
      ],
      [
        -0.870514877436702,
        -0.48505602397384,
        -0.0832135912459883,
        -0.0323188143783632
      ],
      [
        0.189603275477387,
        -0.486579189151716,
        0.852813749075791,
        0.149510965536884
      ],
      [
        0.0,
        0.0,
        0.0,
        1.0
      ]
    ]
  },
  "T_WP": {
    "0": [
      [
        -0.953762813315835,
        0.264945154670162,
        -0.141917444145067,
        -0.121608437076363
      ],
      [
        0.246454280075325,
        0.419129054538181,
        -0.87383701196189,
        -0.0933641507573379
      ],
      [
        -0.172037158103758,
        -0.868409408435177,
        -0.465046573552422,
        0.0648568844683762
      ],
      [
        0.0,
        0.0,
        0.0,
        1.0
      ]
    ],
    "1": [
      [
        -0.522570810029538,
        -0.733455546830682,
        -0.434698411922999,
        -0.201749540724245
      ],
      [
        -0.0234641347722546,
        -0.497287778682327,
        0.867268297329371,
        0.0923660908721305
      ],
      [
        -0.852272950928552,
        0.463408918770994,
        0.24265817752352,
        0.167885596171263
      ],
      [
        0.0,
        0.0,
        0.0,
        1.0
      ]
    ],
    "2": [
      [
        -0.961717291334262,
        -0.252353379450505,
        -0.106853279915033,
        -0.118092150840574
      ],
      [
        -0.202748505759472,
        0.392874960599707,
        0.896962824617654,
        0.0945679622406678
      ],
      [
        -0.184371621897168,
        0.88428900095709,
        -0.428998913547948,
        0.0687687788764223
      ],
      [
        0.0,
        0.0,
        0.0,
        1.0
      ]
    ],
    "3": [
      [
        -0.515542634143133,
        0.72660948678857,
        -0.454152448071802,
        -0.204173117994348
      ],
      [
        0.0832135912459882,
        -0.48505602397384,
        -0.870514877436702,
        -0.0932548557989323
      ],
      [
        -0.852813749075791,
        -0.486579189151716,
        0.189603275477387,
        0.162783194820301
      ],
      [
        0.0,
        0.0,
        0.0,
        1.0
      ]
    ]
  },
  "simTime": 0.814999999999927,
  "state": [
    -0.141497433937922,
    -0.00026912493046558,
    0.124154834180831,
    0.937686522153894,
    0.0130547956856645,
    0.347213851017521,
    -0.00401249823969919,
    -0.365236821701987,
    -0.0032821922865222,
    1.15794190966499,
    0.493593631585157,
    13.0047710890983,
    -0.198278638091583,
    0.915186560228658,
    -0.210223072701403,
    0.276989337373946,
    -0.203756537715872,
    0.987709480446651,
    -0.0477614725703675,
    0.0684495836308417,
    -0.132149455066912,
    0.916288945233123,
    0.21000629136878,
    0.275084249231412,
    0.20159509481605,
    0.986121221063982,
    0.0491046780977492,
    0.0719963656531488,
    0.141315927230216,
    -2.79889835184839,
    -2.32141841079489,
    2.30704327994232,
    -1.55659230670089,
    -1.03740967522439,
    0.280432219217251,
    2.82198825308081,
    -2.31765805403893,
    -2.26698495560681,
    1.59134958160566,
    -1.06802776480394,
    -0.292168697912172
  ]
}