{
  "T_WB": [
    [
      0.993968100307577,
      -0.00308556567566076,
      0.109626159539631,
      -0.0083457492418998
    ],
    [
      0.00240539321649342,
      0.999977033212353,
      0.00633617639398658,
      -3.8210935059474e-06
    ],
    [
      -0.1096431924673,
      -0.0060342631930377,
      0.993952694052034,
      0.437776878086891
    ],
    [
      0.0,
      0.0,
      0.0,
      1.0
    ]
  ],
  "T_WH": {
    "0": [
      [
        0.453041777497833,
        0.891137747154586,
        0.0250332466502824,
        0.0398574621139242
      ],
      [
        -0.882630948127732,
        0.45231191374171,
        -0.127970864240474,
        -0.0319030493341355
      ],
      [
        -0.125362503360239,
        0.035881029577784,
        0.991461948068453,
        -0.00419263127651481
      ],
      [
        0.0,
        0.0,
        0.0,
        1.0
      ]
    ],
    "1": [
      [
        -0.758686271677985,
        -0.650895645879189,
        -0.0270185000115262,
        -0.0398574621139242
      ],
      [
        0.65128762055131,
        -0.756893987840794,
        -0.0541841903794215,
        0.0319030493341355
      ],
      [
        0.0148181133742539,
        -0.0587056159662259,
        0.998165354122279,
        0.00419263127651481
      ],
      [
        0.0,
        0.0,
        0.0,
        1.0
      ]
    ],
    "2": [
      [
        0.447892422595639,
        -0.893721245627636,
        0.0255873581128619,
        0.0396599859106819
      ],
      [
        0.883780348460158,
        0.446880696619547,
        0.138672054374592,
        0.032095480791455
      ],
      [
        -0.135368657587533,
        -0.0394965581109904,
        0.990007751707195,
        -0.00457882412086923
      ],
      [
        0.0,
        0.0,
        0.0,
        1.0
      ]
    ],
    "3": [
      [
        -0.755849653224861,
        0.654302372966514,
        -0.0240770938911954,
        -0.0396599859106819
      ],
      [
        -0.654333255078303,
        -0.753558884174248,
        0.0632218267744224,
        -0.032095480791455
      ],
      [
        0.0232226832749746,
        0.0635406390623412,
        0.997709022796256,
        0.00457882412086923
      ],
      [
        0.0,
        0.0,
        0.0,
        1.0
      ]
    ]
  },
  "T_WP": {
    "0": [
      [
        -0.0250332466502823,
        0.891137747154586,
        0.453041777497833,
        0.0715703865387725
      ],
      [
        0.127970864240474,
        0.45231191374171,
        -0.882630948127732,
        -0.0936872157030768
      ],
      [
        -0.991461948068453,
        0.035881029577784,
        -0.125362503360239,
        -0.0129680065117315
      ],
      [
        0.0,
        0.0,
        0.0,
        1.0
      ]
    ],
    "1": [
      [
        0.0270185000115261,
        -0.650895645879189,
        -0.758686271677985,
        -0.0929655011313831
      ],
      [
        0.0541841903794216,
        -0.756893987840794,
        0.65128762055131,
        0.0774931827727273
      ],
      [
        -0.998165354122279,
        -0.0587056159662259,
        0.014818113374254,
        0.00522989921271259
      ],
      [
        0.0,
        0.0,
        0.0,
        1.0
      ]
    ],
    "2": [
      [
        -0.0255873581128619,
        -0.893721245627636,
        0.447892422595639,
        0.0710124554923767
      ],
      [
        -0.138672054374592,
        0.446880696619547,
        0.883780348460158,
        0.0939601051836661
      ],
      [
        -0.990007751707195,
        -0.0394965581109904,
        -0.135368657587533,
        -0.0140546301519966
      ],
      [
        0.0,
        0.0,
        0.0,
        1.0
      ]
    ],
    "3": [
      [
        0.0240770938911954,
        0.654302372966514,
        -0.755849653224861,
        -0.0925694616364222
      ],
      [
        -0.0632218267744225,
        -0.753558884174248,
        -0.654333255078303,
        -0.0778988086469362
      ],
      [
        -0.997709022796256,
        0.0635406390623412,
        0.0232226832749747,
        0.00620441195011745
      ],
      [
        0.0,
        0.0,
        0.0,
        1.0
      ]
    ]
  }
}