{
  "arms": {
    "0": [
      [
        -0.878028333187103,
        -0.0266206115484238,
        0.477867603302002,
        0.0114070838317275
      ],
      [
        -0.34695291519165,
        -0.652364075183868,
        -0.673828542232513,
        0.306951344013214
      ],
      [
        0.329681396484375,
        -0.757438182830811,
        0.563558042049408,
        0.0319837108254433
      ],
      [
        0.0,
        0.0,
        0.0,
        1.0
      ]
    ],
    "1": [
      [
        -0.908454954624176,
        0.375990480184555,
        -0.18259397149086,
        -0.0215488187968731
      ],
      [
        -0.401113450527191,
        -0.661355435848236,
        0.63381153345108,
        0.379847854375839
      ],
      [
        0.117547601461411,
        0.649030148983002,
        0.751626551151276,
        0.0320520475506783
      ],
      [
        0.0,
        0.0,
        0.0,
        1.0
      ]
    ],
    "2": [
      [
        -0.99513828754425,
        -0.0457696579396725,
        -0.0872053205966949,
        -0.0215608328580856
      ],
      [
        -0.0880349203944206,
        0.81035178899765,
        0.579292476177216,
        0.379902422428131
      ],
      [
        0.0441529750823975,
        0.584153294563293,
        -0.810441493988037,
        -0.0319479294121265
      ],
      [
        0.0,
        0.0,
        0.0,
        1.0
      ]
    ],
    "3": [
      [
        -0.856519937515259,
        -0.331369310617447,
        0.395686537027359,
        0.0113950679078698
      ],
      [
        -0.516026675701141,
        0.563920021057129,
        -0.644756257534027,
        0.307005912065506
      ],
      [
        -0.00948312412947416,
        -0.756431460380554,
        -0.654004216194153,
        -0.0320162624120712
      ],
      [
        0.0,
        0.0,
        0.0,
        1.0
      ]
    ]
  },
  "base": [
    [
      0.411948770284653,
      -0.000187742232810706,
      0.911206901073456,
      -0.00507687497884035
    ],
    [
      -0.911206603050232,
      0.000852511555422097,
      0.411948800086975,
      0.343426883220673
    ],
    [
      -0.000854154699482024,
      -0.999999642372131,
      0.000180119153810665,
      1.78920254256809e-05
    ],
    [
      0.0,
      0.0,
      0.0,
      1.0
    ]
  ]
}