{
  "T_WB": [
    [
      -0.0216968314280181,
      0.0908703184359995,
      -0.995626351968109,
      -0.278555544210287
    ],
    [
      -0.129228717969841,
      0.987251446629176,
      0.0929221156693613,
      -0.00346646006525747
    ],
    [
      0.991377418523266,
      0.130679632521441,
      -0.00967717346158503,
      0.151747630160741
    ],
    [
      0.0,
      0.0,
      0.0,
      1.0
    ]
  ],
  "T_WH": {
    "0": [
      [
        0.254960507584359,
        0.248816027889629,
        -0.9343905627935,
        -0.28233126765736
      ],
      [
        -0.459689039463643,
        0.881333760718907,
        0.10925561410775,
        -0.0402276550761847
      ],
      [
        0.850694496613984,
        0.401673233465084,
        0.339083303847867,
        0.187220978660985
      ],
      [
        0.0,
        0.0,
        0.0,
        1.0
      ]
    ],
    "1": [
      [
        0.383180881029939,
        0.265778075582023,
        -0.884609759698047,
        -0.274779820763214
      ],
      [
        0.722000710141983,
        -0.683507892355487,
        0.107386850415834,
        0.0332947349456698
      ],
      [
        -0.576096681961971,
        -0.679837462653888,
        -0.453799115694082,
        0.116274281660496
      ],
      [
        0.0,
        0.0,
        0.0,
        1.0
      ]
    ],
    "2": [
      [
        0.293884055529121,
        0.00428288562595292,
        -0.95583148033347,
        -0.276515567277456
      ],
      [
        0.239188121151603,
        0.967845017679241,
        0.0778785236983639,
        0.0229564375080825
      ],
      [
        0.92543028079144,
        -0.251510792301614,
        0.28340980355325,
        0.195584475142358
      ],
      [
        0.0,
        0.0,
        0.0,
        1.0
      ]
    ],
    "3": [
      [
        0.0305505432438896,
        -0.418742044619524,
        -0.907591187911917,
        -0.280595521143118
      ],
      [
        -0.408389155572253,
        -0.833995129979216,
        0.371039648530897,
        -0.0298893576385975
      ],
      [
        -0.912296531791328,
        0.359314936008525,
        -0.19648871428839,
        0.107910785179124
      ],
      [
        0.0,
        0.0,
        0.0,
        1.0
      ]
    ]
  },
  "T_WP": {
    "0": [
      [
        0.9343905627935,
        0.248816027889629,
        0.254960507584359,
        -0.264484032126455
      ],
      [
        -0.10925561410775,
        0.881333760718907,
        -0.459689039463643,
        -0.0724058878386397
      ],
      [
        -0.339083303847867,
        0.401673233465084,
        0.850694496613984,
        0.246769593423964
      ],
      [
        0.0,
        0.0,
        0.0,
        1.0
      ]
    ],
    "1": [
      [
        0.884609759698047,
        0.265778075582023,
        0.383180881029939,
        -0.247957159091119
      ],
      [
        -0.107386850415834,
        -0.683507892355487,
        0.722000710141983,
        0.0838347846556086
      ],
      [
        0.453799115694082,
        -0.679837462653888,
        -0.576096681961971,
        0.0759475139231583
      ],
      [
        0.0,
        0.0,
        0.0,
        1.0
      ]
    ],
    "2": [
      [
        0.95583148033347,
        0.00428288562595292,
        0.293884055529121,
        -0.255943683390417
      ],
      [
        -0.0778785236983638,
        0.967845017679241,
        0.239188121151603,
        0.0396996059886947
      ],
      [
        -0.28340980355325,
        -0.251510792301614,
        0.92543028079144,
        0.260364594797758
      ],
      [
        0.0,
        0.0,
        0.0,
        1.0
      ]
    ],
    "3": [
      [
        0.907591187911917,
        -0.418742044619524,
        0.0305505432438896,
        -0.278456983116046
      ],
      [
        -0.371039648530897,
        -0.833995129979216,
        -0.408389155572253,
        -0.0584765985286552
      ],
      [
        0.19648871428839,
        0.359314936008525,
        -0.912296531791328,
        0.0440500279537311
      ],
      [
        0.0,
        0.0,
        0.0,
        1.0
      ]
    ]
  },
  "simTime": 1.14199999999989,
  "state": [
    -0.278555544210287,
    -0.00346646006525747,
    0.151747630160741,
    -0.699263441368769,
    -0.0134990314873932,
    0.710391696798108,
    0.078689598005799,
    -0.31084518565253,
    -0.0199112951495261,
    0.360163379644163,
    -1.87749968137694,
    8.83252882768121,
    -2.79601163780271,
    0.956962598881739,
    -0.119998404712775,
    0.130433898053522,
    0.229804189357942,
    0.973050749881097,
    -0.16949688156588,
    0.153997922421599,
    0.0269756405875497,
    0.970487630441411,
    0.0708888888376347,
    0.130008633675771,
    -0.190332025075499,
    0.977309722478845,
    0.172975954638626,
    0.00887947702426375,
    -0.121926946787633,
    2.08332468558587,
    -1.2892852584124,
    1.03301059171543,
    -0.125780414178646,
    -0.870043683882138,
    1.70097978747213,
    -2.14292730022372,
    -1.27108973067273,
    -0.463967385524419,
    -0.604395652010629,
    -0.250619425193409,
    -2.142267498665
  ]
}