{
  "T_WB": [
    [
      -0.960289573933497,
      0.0717986894449546,
      0.269608757996862,
      -0.214486270340063
    ],
    [
      0.0634829841861695,
      0.997202928876836,
      -0.0394490729710912,
      -0.000626751681550547
    ],
    [
      -0.271687034864459,
      -0.020766964955113,
      -0.962161570762994,
      0.188598610604891
    ],
    [
      0.0,
      0.0,
      0.0,
      1.0
    ]
  ],
  "T_WH": {
    "0": [
      [
        -0.814345707428915,
        -0.480229793176489,
        -0.325914735073099,
        -0.255195411359642
      ],
      [
        -0.547971164831117,
        0.82122181824158,
        0.159129908432142,
        -0.0299979260381625
      ],
      [
        0.191229368313892,
        0.308178634868902,
        -0.931910541685526,
        0.178395672088876
      ],
      [
        0.0,
        0.0,
        0.0,
        1.0
      ]
    ],
    "1": [
      [
        0.640238155793479,
        0.5928601588473,
        0.488479207252181,
        -0.173777129320485
      ],
      [
        0.749331695460764,
        -0.621984932415495,
        -0.227237219719809,
        0.0287444226750614
      ],
      [
        0.169106812530018,
        0.511518891048655,
        -0.842467394061214,
        0.198801549120905
      ],
      [
        0.0,
        0.0,
        0.0,
        1.0
      ]
    ],
    "2": [
      [
        -0.727509575751059,
        0.588743254756589,
        -0.352294191222526,
        -0.250600295235165
      ],
      [
        0.665551173542757,
        0.730303145593069,
        -0.153944635933595,
        0.033823061409955
      ],
      [
        0.166647690012115,
        -0.34646600917765,
        -0.923141295738708,
        0.177066586331749
      ],
      [
        0.0,
        0.0,
        0.0,
        1.0
      ]
    ],
    "3": [
      [
        0.518620642598034,
        -0.676307959052166,
        0.523106273709173,
        -0.178372245444962
      ],
      [
        -0.830092165849021,
        -0.544888725954483,
        0.118504314367802,
        -0.0350765647730561
      ],
      [
        0.204889300031224,
        -0.495685203380527,
        -0.843988479709481,
        0.200130634878033
      ],
      [
        0.0,
        0.0,
        0.0,
        1.0
      ]
    ]
  },
  "T_WP": {
    "0": [
      [
        0.325914735073099,
        -0.480229793176489,
        -0.814345707428915,
        -0.312199610879666
      ],
      [
        -0.159129908432142,
        0.82122181824158,
        -0.547971164831117,
        -0.0683559075763407
      ],
      [
        0.931910541685526,
        0.308178634868902,
        0.191229368313892,
        0.191781727870848
      ],
      [
        0.0,
        0.0,
        0.0,
        1.0
      ]
    ],
    "1": [
      [
        -0.488479207252181,
        0.5928601588473,
        0.640238155793479,
        -0.128960458414941
      ],
      [
        0.22723721971981,
        -0.621984932415495,
        0.749331695460764,
        0.0811976413573149
      ],
      [
        0.842467394061214,
        0.511518891048655,
        0.169106812530017,
        0.210639025998007
      ],
      [
        0.0,
        0.0,
        0.0,
        1.0
      ]
    ],
    "2": [
      [
        0.352294191222526,
        0.588743254756589,
        -0.727509575751059,
        -0.301525965537739
      ],
      [
        0.153944635933595,
        0.730303145593069,
        0.665551173542757,
        0.080411643557948
      ],
      [
        0.923141295738708,
        -0.34646600917765,
        0.166647690012114,
        0.188731924632597
      ],
      [
        0.0,
        0.0,
        0.0,
        1.0
      ]
    ],
    "3": [
      [
        -0.523106273709173,
        -0.676307959052166,
        0.518620642598034,
        -0.1420688004631
      ],
      [
        -0.118504314367802,
        -0.544888725954483,
        -0.830092165849021,
        -0.0931830163824875
      ],
      [
        0.843988479709481,
        -0.495685203380527,
        0.204889300031224,
        0.214472885880218
      ],
      [
        0.0,
        0.0,
        0.0,
        1.0
      ]
    ]
  },
  "simTime": 0.980499999999908,
  "state": [
    -0.214486270340063,
    -0.000626751681550547,
    0.188598610604891,
    0.136703862582907,
    0.0341652892299367,
    0.98990581288996,
    -0.0152075170036652,
    -0.457849392514693,
    -0.00395086660033766,
    -0.349830844741771,
    0.466629557687786,
    12.884479995501,
    -0.25765989455039,
    0.945856831218956,
    -0.257759053273011,
    0.179748469560134,
    0.0812749222271326,
    0.985899074245829,
    -0.154907013435668,
    0.0194333881929275,
    -0.0602426428122259,
    0.944913347826886,
    0.260820411741441,
    0.179781774190924,
    -0.0824014052451464,
    0.984945052887253,
    0.158978897850899,
    0.0227924474647793,
    0.0639488637084724,
    0.600706467167711,
    -1.93068263536481,
    2.70000600532482,
    -0.982245303309594,
    -0.62741922001428,
    1.2992162715711,
    -0.558617229732774,
    -1.92358411033044,
    -2.73752168043026,
    0.989326359844831,
    -0.638342251697441,
    -1.36520125738836
  ]
}