{
  "T_WB": [
    [
      -0.968516658582065,
      0.0714722888230133,
      0.238468433926654,
      -0.215629150449767
    ],
    [
      0.064095138239055,
      0.997198624209272,
      -0.0385579710209343,
      -0.000636820652253287
    ],
    [
      -0.240556220670237,
      -0.0220593700167195,
      -0.97038450569417,
      0.187695913828822
    ],
    [
      0.0,
      0.0,
      0.0,
      1.0
    ]
  ],
  "T_WH": {
    "0": [
      [
        -0.812816964323986,
        -0.464845227580249,
        -0.35106622865637,
        -0.256656930035386
      ],
      [
        -0.541574628690495,
        0.824986628427034,
        0.161536325559755,
        -0.0299833710973878
      ],
      [
        0.214535554316511,
        0.321428028199878,
        -0.922311508451264,
        0.178779564842547
      ],
      [
        0.0,
        0.0,
        0.0,
        1.0
      ]
    ],
    "1": [
      [
        0.648341756609611,
        0.605549152887948,
        0.461479349562959,
        -0.174601370864148
      ],
      [
        0.746541630229976,
        -0.624601331981999,
        -0.229235185824258,
        0.0287097297928812
      ],
      [
        0.14942744383122,
        0.493136288994231,
        -0.857022776539262,
        0.196612262815096
      ],
      [
        0.0,
        0.0,
        0.0,
        1.0
      ]
    ],
    "2": [
      [
        -0.727257859293037,
        0.573170571133238,
        -0.377586417238899,
        -0.252082703550713
      ],
      [
        0.659897026493262,
        0.73519647110378,
        -0.154990526490811,
        0.0338373408520056
      ],
      [
        0.188764192901779,
        -0.361886232486601,
        -0.912910967298999,
        0.177367765161477
      ],
      [
        0.0,
        0.0,
        0.0,
        1.0
      ]
    ],
    "3": [
      [
        0.527792672934309,
        -0.68910240920662,
        0.496560936867259,
        -0.179175597348821
      ],
      [
        -0.828418361159693,
        -0.546696302208303,
        0.121844868768676,
        -0.0351109821565122
      ],
      [
        0.187504435388462,
        -0.475669026506246,
        -0.859407391131968,
        0.198024062496166
      ],
      [
        0.0,
        0.0,
        0.0,
        1.0
      ]
    ]
  },
  "T_WP": {
    "0": [
      [
        0.35106622865637,
        -0.464845227580249,
        -0.812816964323986,
        -0.313554117538065
      ],
      [
        -0.161536325559755,
        0.824986628427034,
        -0.541574628690495,
        -0.0678935951057225
      ],
      [
        0.922311508451264,
        0.321428028199878,
        0.214535554316511,
        0.193797053644703
      ],
      [
        0.0,
        0.0,
        0.0,
        1.0
      ]
    ],
    "1": [
      [
        -0.461479349562959,
        0.605549152887948,
        0.648341756609611,
        -0.129217447901475
      ],
      [
        0.229235185824258,
        -0.624601331981999,
        0.746541630229976,
        0.0809676439089796
      ],
      [
        0.857022776539262,
        0.493136288994231,
        0.14942744383122,
        0.207072183883281
      ],
      [
        0.0,
        0.0,
        0.0,
        1.0
      ]
    ],
    "2": [
      [
        0.377586417238899,
        0.573170571133238,
        -0.727257859293037,
        -0.302990753701226
      ],
      [
        0.154990526490811,
        0.73519647110378,
        0.659897026493262,
        0.080030132706534
      ],
      [
        0.912910967298999,
        -0.361886232486601,
        0.188764192901779,
        0.190581258664602
      ],
      [
        0.0,
        0.0,
        0.0,
        1.0
      ]
    ],
    "3": [
      [
        -0.496560936867259,
        -0.68910240920662,
        0.527792672934309,
        -0.142230110243419
      ],
      [
        -0.121844868768676,
        -0.546696302208303,
        -0.828418361159693,
        -0.0931002674376907
      ],
      [
        0.859407391131968,
        -0.475669026506246,
        0.187504435388462,
        0.211149372973358
      ],
      [
        0.0,
        0.0,
        0.0,
        1.0
      ]
    ]
  },
  "simTime": 0.982999999999908,
  "state": [
    -0.215629150449767,
    -0.000636820652253287,
    0.187695913828822,
    0.120724334677228,
    0.0341658561389588,
    0.991980315894109,
    -0.015276850776776,
    -0.45644336619784,
    -0.00410491842825582,
    -0.372335765712275,
    0.466393681031903,
    12.8757464361787,
    -0.258845314313959,
    0.946208834107924,
    -0.256219419152357,
    0.178400039217927,
    0.0849345484028335,
    0.985821290521638,
    -0.156125050022292,
    0.0189896379456882,
    -0.058487140129102,
    0.945244903517336,
    0.259319978812109,
    0.178462826373636,
    -0.0861175973081209,
    0.984875063661546,
    0.160200399863115,
    0.0223610072339208,
    0.0621041561962574,
    0.646553183596059,
    -1.92078659442812,
    2.67914083322063,
    -0.970183462593628,
    -0.622677140084294,
    1.31460710381459,
    -0.605239665884567,
    -1.91455222681157,
    -2.71818138146509,
    0.976545824163126,
    -0.633250917743707,
    -1.38042287088378
  ]
}