{
  "T_WB": [
    [
      -2.22044604925031e-16,
      4.95701379911453e-21,
      1.0,
      7.36372599581711e-37
    ],
    [
      -3.18434857378915e-20,
      1.0,
      -4.95701379911453e-21,
      2.35797466372881e-21
    ],
    [
      -1.0,
      -3.18434857378915e-20,
      -2.22044604925031e-16,
      0.48234812
    ],
    [
      0.0,
      0.0,
      0.0,
      1.0
    ]
  ],
  "T_WH": {
    "0": [
      [
        -1.57028522327604e-16,
        -1.5598862639656e-16,
        1.0,
        -8.88194282144282e-18
      ],
      [
        -0.707106779455507,
        0.707106782917588,
        -7.35316922724174e-19,
        -0.032
      ],
      [
        -0.707106782917588,
        -0.707106779455507,
        -2.21336548492335e-16,
        0.44234812
      ],
      [
        0.0,
        0.0,
        0.0,
        1.0
      ]
    ],
    "1": [
      [
        1.57028522327604e-16,
        1.55996195201582e-16,
        1.0,
        8.88194282144282e-18
      ],
      [
        0.707106779455507,
        -0.707106782917588,
        -7.29964969354844e-19,
        0.032
      ],
      [
        0.707106782917588,
        0.707106779455507,
        -2.21341900445678e-16,
        0.52234812
      ],
      [
        0.0,
        0.0,
        0.0,
        1.0
      ]
    ],
    "2": [
      [
        -1.57025695298026e-16,
        1.56485786838368e-16,
        1.0,
        -8.88162557255968e-18
      ],
      [
        0.707106779455507,
        0.707106782917588,
        3.81772390343052e-19,
        0.032
      ],
      [
        -0.707106782917588,
        0.707106779455507,
        -2.21686094999424e-16,
        0.44234812
      ],
      [
        0.0,
        0.0,
        0.0,
        1.0
      ]
    ],
    "3": [
      [
        1.57025695298026e-16,
        -1.55994063208153e-16,
        1.0,
        8.88162557255968e-18
      ],
      [
        -0.707106779455507,
        -0.707106782917588,
        7.29473504589278e-19,
        -0.032
      ],
      [
        0.707106782917588,
        -0.707106779455507,
        -2.21338393886881e-16,
        0.52234812
      ],
      [
        0.0,
        0.0,
        0.0,
        1.0
      ]
    ]
  },
  "T_WP": {
    "0": [
      [
        -1.0,
        -1.5598862639656e-16,
        -9.57961823702367e-17,
        -1.98739393843751e-17
      ],
      [
        -4.25624857830548e-17,
        0.707106782917588,
        -0.707106779455507,
        -0.0814974745618855
      ],
      [
        1.78038745574565e-16,
        -0.707106779455507,
        -0.707106782917588,
        0.392850645195769
      ],
      [
        0.0,
        0.0,
        0.0,
        1.0
      ]
    ],
    "1": [
      [
        -1.0,
        1.55996195201582e-16,
        2.18260862284972e-16,
        1.98739393843751e-17
      ],
      [
        4.40277676751339e-17,
        -0.707106782917588,
        0.707106779455507,
        0.0814974745618855
      ],
      [
        2.64639703363449e-16,
        0.707106779455507,
        0.707106782917588,
        0.571845594804231
      ],
      [
        0.0,
        0.0,
        0.0,
        1.0
      ]
    ],
    "2": [
      [
        -1.0,
        1.56485786838368e-16,
        -9.57933553406586e-17,
        -1.98734242434215e-17
      ],
      [
        4.2916030315436e-17,
        0.707106782917588,
        0.707106779455507,
        0.0814974745618855
      ],
      [
        1.78388292081654e-16,
        0.707106779455507,
        -0.707106782917588,
        0.392850645195769
      ],
      [
        0.0,
        0.0,
        0.0,
        1.0
      ]
    ],
    "3": [
      [
        -1.0,
        -1.55994063208153e-16,
        2.18258035255394e-16,
        1.98734242434215e-17
      ],
      [
        -4.40272762103683e-17,
        -0.707106782917588,
        -0.707106779455507,
        -0.0814974745618855
      ],
      [
        2.64636196804651e-16,
        -0.707106779455507,
        0.707106782917588,
        0.571845594804231
      ],
      [
        0.0,
        0.0,
        0.0,
        1.0
      ]
    ]
  },
  "simTime": 0.0600000000000007,
  "state": [
    7.36372599581711e-37,
    2.35797466372881e-21,
    0.48234812,
    0.707106781186548,
    -9.50580331504551e-21,
    0.707106781186548,
    -1.30109413868347e-20,
    1.1034630437961e-35,
    6.86771544567846e-20,
    -0.588396000000002,
    2.79264554213945e-19,
    -2.08382029987169e-18,
    -2.28886080095295e-18,
    1.0,
    5.08556974684261e-19,
    7.88546839776339e-21,
    -3.81614899985382e-20,
    1.0,
    -5.04772572173479e-19,
    -7.88546839776322e-21,
    3.74326404689378e-20,
    1.0,
    -2.63481891860643e-19,
    9.97709167192024e-21,
    2.52578761824764e-20,
    1.0,
    5.09343706968384e-19,
    -9.97709167192008e-21,
    -3.62293897542266e-20,
    2.57003508408109e-17,
    5.27939798079924e-19,
    -3.73713309468678e-18,
    -2.55459691987498e-17,
    -5.27939798079916e-19,
    3.67590105357891e-18,
    -1.15364864397149e-17,
    7.26670306728224e-19,
    2.19196856051192e-18,
    2.57002455916046e-17,
    -7.26670306728217e-19,
    -3.55002266484853e-18
  ]
}