{
  "T_WB": [
    [
      0.266269014319384,
      -0.223489600214908,
      0.937631703073848,
      -0.0514019838211341
    ],
    [
      -0.222050589413979,
      0.932363683391584,
      0.285291951574844,
      0.00362612834102208
    ],
    [
      -0.93797353254465,
      -0.284166079059868,
      0.198633561508252,
      0.723133000771335
    ],
    [
      0.0,
      0.0,
      0.0,
      1.0
    ]
  ],
  "T_WH": {
    "0": [
      [
        0.031263111444237,
        -0.373131604699419,
        0.927251542698777,
        -0.0335995560414817
      ],
      [
        -0.530245248111664,
        0.780207418177263,
        0.331837854194137,
        -0.0350915331040677
      ],
      [
        -0.847267723165367,
        -0.502045008137324,
        -0.173459548848051,
        0.694707373999465
      ],
      [
        0.0,
        0.0,
        0.0,
        1.0
      ]
    ],
    "1": [
      [
        -0.401372503002082,
        0.140746876793179,
        0.905036148729325,
        -0.0692044116007865
      ],
      [
        0.810829487663091,
        -0.404956994178477,
        0.422569964386897,
        0.0423437897861119
      ],
      [
        0.425976121126353,
        0.903437961090245,
        0.0484168843612214,
        0.751558627543205
      ],
      [
        0.0,
        0.0,
        0.0,
        1.0
      ]
    ],
    "2": [
      [
        -0.122761579235685,
        -0.0895269382385355,
        0.9883898633602,
        -0.0479028904552358
      ],
      [
        -0.146905959156036,
        0.986590548558116,
        0.0711177098917099,
        0.0245797426329936
      ],
      [
        -0.981503048302962,
        -0.136469838519102,
        -0.13426745453223,
        0.676520744939633
      ],
      [
        0.0,
        0.0,
        0.0,
        1.0
      ]
    ],
    "3": [
      [
        -0.100978482962079,
        0.106034516273538,
        0.98922193027516,
        -0.0549010771870324
      ],
      [
        -0.531712732953486,
        -0.846141280638935,
        0.0364211863321061,
        -0.0173274859509494
      ],
      [
        0.840883413793977,
        -0.522304139900633,
        0.141821965325714,
        0.769745256603036
      ],
      [
        0.0,
        0.0,
        0.0,
        1.0
      ]
    ]
  },
  "T_WP": {
    "0": [
      [
        -0.927251542698777,
        -0.373131604699419,
        0.0312631114442371,
        -0.0314111382403851
      ],
      [
        -0.331837854194137,
        0.780207418177263,
        -0.530245248111664,
        -0.0722087004718843
      ],
      [
        0.173459548848051,
        -0.502045008137324,
        -0.847267723165367,
        0.635398633377889
      ],
      [
        0.0,
        0.0,
        0.0,
        1.0
      ]
    ],
    "1": [
      [
        -0.905036148729325,
        0.140746876793179,
        -0.401372503002082,
        -0.0973004868109323
      ],
      [
        -0.422569964386896,
        -0.404956994178477,
        0.810829487663091,
        0.0991018539225283
      ],
      [
        -0.0484168843612213,
        0.903437961090245,
        0.425976121126353,
        0.78137695602205
      ],
      [
        0.0,
        0.0,
        0.0,
        1.0
      ]
    ],
    "2": [
      [
        -0.9883898633602,
        -0.0895269382385355,
        -0.122761579235685,
        -0.0564962010017337
      ],
      [
        -0.0711177098917099,
        0.986590548558116,
        -0.146905959156036,
        0.0142963254920711
      ],
      [
        0.13426745453223,
        -0.136469838519102,
        -0.981503048302962,
        0.607815531558426
      ],
      [
        0.0,
        0.0,
        0.0,
        1.0
      ]
    ],
    "3": [
      [
        -0.98922193027516,
        0.106034516273538,
        -0.100978482962079,
        -0.061969570994378
      ],
      [
        -0.0364211863321061,
        -0.846141280638935,
        -0.531712732953486,
        -0.0545473772576935
      ],
      [
        -0.141821965325714,
        -0.522304139900633,
        0.840883413793977,
        0.828607095568615
      ],
      [
        0.0,
        0.0,
        0.0,
        1.0
      ]
    ]
  }
}