{
  "T_WB": [
    [
      -0.946718057605562,
      0.0589895596173126,
      -0.316615146920846,
      -0.235028332445987
    ],
    [
      0.0691516400889725,
      0.997386247983966,
      -0.0209457156829929,
      -0.000884760917322654
    ],
    [
      0.314552014898265,
      -0.0417241439531488,
      -0.948322796169542,
      0.162443661284285
    ],
    [
      0.0,
      0.0,
      0.0,
      1.0
    ]
  ],
  "T_WH": {
    "0": [
      [
        -0.660749992781514,
        -0.179577825116267,
        -0.728808103526396,
        -0.274784720657964
      ],
      [
        -0.437981612239165,
        0.880766720293225,
        0.180061355554984,
        -0.0300350552492507
      ],
      [
        0.609574896448018,
        0.438180087578644,
        -0.660618389442771,
        0.176360914486716
      ],
      [
        0.0,
        0.0,
        0.0,
        1.0
      ]
    ],
    "1": [
      [
        0.681673145770076,
        0.729339384225418,
        -0.0581874982587989,
        -0.195271944234011
      ],
      [
        0.695792559839343,
        -0.67079950354009,
        -0.256711393830861,
        0.0282655334146053
      ],
      [
        -0.226261874844491,
        0.134506835023566,
        -0.964734924901032,
        0.148526408081854
      ],
      [
        0.0,
        0.0,
        0.0,
        1.0
      ]
    ],
    "2": [
      [
        -0.601803447047568,
        0.271411196576794,
        -0.751111558621233,
        -0.271009388842456
      ],
      [
        0.558735331054466,
        0.815084498575022,
        -0.153140752297228,
        0.0337976646217231
      ],
      [
        0.57065527330703,
        -0.511833197981001,
        -0.642167685648711,
        0.173690569273715
      ],
      [
        0.0,
        0.0,
        0.0,
        1.0
      ]
    ],
    "3": [
      [
        0.591693346826529,
        -0.805886552525139,
        -0.0211151078701509,
        -0.199047276049519
      ],
      [
        -0.790750643487712,
        -0.585279169465342,
        0.179336871874495,
        -0.0355671864563685
      ],
      [
        -0.156883406212992,
        -0.089415648793186,
        -0.983561100596147,
        0.151196753294855
      ],
      [
        0.0,
        0.0,
        0.0,
        1.0
      ]
    ]
  },
  "T_WP": {
    "0": [
      [
        0.728808103526396,
        -0.179577825116267,
        -0.660749992781514,
        -0.32103722015267
      ],
      [
        -0.180061355554984,
        0.880766720293225,
        -0.437981612239165,
        -0.0606937681059922
      ],
      [
        0.660618389442771,
        0.438180087578644,
        0.609574896448018,
        0.219031157238077
      ],
      [
        0.0,
        0.0,
        0.0,
        1.0
      ]
    ],
    "1": [
      [
        0.0581874982587989,
        0.729339384225418,
        0.681673145770076,
        -0.147554824030106
      ],
      [
        0.256711393830861,
        -0.67079950354009,
        0.695792559839343,
        0.0769710126033593
      ],
      [
        0.964734924901032,
        0.134506835023566,
        -0.226261874844491,
        0.132688076842739
      ],
      [
        0.0,
        0.0,
        0.0,
        1.0
      ]
    ],
    "2": [
      [
        0.751111558621233,
        0.271411196576794,
        -0.601803447047568,
        -0.313135630135786
      ],
      [
        0.153140752297228,
        0.815084498575022,
        0.558735331054466,
        0.0729091377955358
      ],
      [
        0.642167685648711,
        -0.511833197981001,
        0.57065527330703,
        0.213636438405207
      ],
      [
        0.0,
        0.0,
        0.0,
        1.0
      ]
    ],
    "3": [
      [
        0.0211151078701509,
        -0.805886552525139,
        0.591693346826529,
        -0.157628741771662
      ],
      [
        -0.179336871874495,
        -0.585279169465342,
        -0.790750643487712,
        -0.0909197315005083
      ],
      [
        0.983561100596147,
        -0.089415648793186,
        -0.156883406212992,
        0.140214914859946
      ],
      [
        0.0,
        0.0,
        0.0,
        1.0
      ]
    ]
  },
  "simTime": 1.0269999999999,
  "state": [
    -0.235028332445987,
    -0.000884760917322654,
    0.162443661284285,
    -0.159957333536839,
    0.0324749541185784,
    0.98646174555315,
    -0.0158824860463799,
    -0.423055861818262,
    -0.00729451652799968,
    -0.779085615208767,
    0.464350445285251,
    12.7028678071047,
    -0.279553731649464,
    0.952087391439975,
    -0.221345985635297,
    0.155807991118438,
    0.142335602038982,
    0.984238033046909,
    -0.174656852097813,
    0.012445868954673,
    -0.0248108578085634,
    0.950812239095808,
    0.224876807835899,
    0.156297229961154,
    -0.144767686966475,
    0.983415393961792,
    0.178634498639697,
    0.0160778546417351,
    0.0269329056144651,
    1.34968466598636,
    -1.74242668932673,
    2.21919503284833,
    -0.724808557000404,
    -0.54319457636463,
    1.56282506364797,
    -1.32702342457912,
    -1.75135971582842,
    -2.2792901663804,
    0.719986816558678,
    -0.548895529909725,
    -1.62339666714166
  ]
}