{
  "T_WB": [
    [
      0.997308915346555,
      -0.000928586721514566,
      0.0733080152301077,
      -0.12595169597791
    ],
    [
      0.00117611343148512,
      0.999993752465233,
      -0.00333343481985096,
      -7.10119031630399e-05
    ],
    [
      -0.0733044618524231,
      0.00341068280591165,
      0.997303776747749,
      0.0556825522775345
    ],
    [
      0.0,
      0.0,
      0.0,
      1.0
    ]
  ],
  "T_WH": {
    "0": [
      [
        -0.00155409583509535,
        0.829187816539701,
        0.558967932611754,
        -0.0860296245889589
      ],
      [
        -0.901643474763866,
        0.240579641059821,
        -0.359389038123409,
        -0.0320237674447911
      ],
      [
        -0.432477316401539,
        -0.504548314048963,
        0.747257900318539,
        0.0526412319536484
      ],
      [
        0.0,
        0.0,
        0.0,
        1.0
      ]
    ],
    "1": [
      [
        -0.464142791078654,
        -0.885585754120633,
        -0.0175881092874282,
        -0.16587376736686
      ],
      [
        0.878058814221069,
        -0.462629196495983,
        0.122421180022783,
        0.031881743638465
      ],
      [
        -0.11655122589834,
        0.0413775137976071,
        0.992322383650355,
        0.0587238726014206
      ],
      [
        0.0,
        0.0,
        0.0,
        1.0
      ]
    ],
    "2": [
      [
        -0.00206217563437006,
        -0.830473100374948,
        0.557054913796902,
        -0.0860890541391358
      ],
      [
        0.9039007293997,
        0.236726181585223,
        0.356264208618788,
        0.0319758327129838
      ],
      [
        -0.427737324560698,
        0.504257022267118,
        0.750177070212063,
        0.0528595156532267
      ],
      [
        0.0,
        0.0,
        0.0,
        1.0
      ]
    ],
    "3": [
      [
        -0.451767615339952,
        0.891877732992121,
        -0.0214506671898179,
        -0.165814337816683
      ],
      [
        -0.882642440702998,
        -0.450329445220071,
        -0.134706023019153,
        -0.0321178565193099
      ],
      [
        -0.129801169485898,
        -0.041922549548163,
        0.990653398641258,
        0.0585055889018422
      ],
      [
        0.0,
        0.0,
        0.0,
        1.0
      ]
    ]
  },
  "T_WP": {
    "0": [
      [
        -0.558967932611754,
        0.829187816539701,
        -0.00155409583509532,
        -0.0861384112974156
      ],
      [
        0.359389038123409,
        0.240579641059821,
        -0.901643474763866,
        -0.0951388106782617
      ],
      [
        -0.747257900318539,
        -0.504548314048963,
        -0.432477316401539,
        0.0223678198055406
      ],
      [
        0.0,
        0.0,
        0.0,
        1.0
      ]
    ],
    "1": [
      [
        0.0175881092874282,
        -0.885585754120633,
        -0.464142791078654,
        -0.198363762742366
      ],
      [
        -0.122421180022783,
        -0.462629196495983,
        0.878058814221069,
        0.0933458606339399
      ],
      [
        -0.992322383650355,
        0.0413775137976071,
        -0.11655122589834,
        0.0505652867885367
      ],
      [
        0.0,
        0.0,
        0.0,
        1.0
      ]
    ],
    "2": [
      [
        -0.557054913796902,
        -0.830473100374948,
        -0.00206217563437003,
        -0.0862334064335417
      ],
      [
        -0.356264208618788,
        0.236726181585223,
        0.9039007293997,
        0.0952488837709628
      ],
      [
        -0.750177070212063,
        0.504257022267118,
        -0.427737324560698,
        0.0229179029339778
      ],
      [
        0.0,
        0.0,
        0.0,
        1.0
      ]
    ],
    "3": [
      [
        0.0214506671898179,
        0.891877732992121,
        -0.451767615339952,
        -0.19743807089048
      ],
      [
        0.134706023019153,
        -0.450329445220071,
        -0.882642440702998,
        -0.0939028273685198
      ],
      [
        -0.990653398641258,
        -0.041922549548163,
        -0.129801169485898,
        0.0494195070378293
      ],
      [
        0.0,
        0.0,
        0.0,
        1.0
      ]
    ]
  },
  "simTime": 0.766499999999932,
  "state": [
    -0.12595169597791,
    -7.10119031630399e-05,
    0.0556825522775345,
    0.999325578147525,
    0.00168716726891559,
    0.0366778556179634,
    0.000526530141683461,
    -0.269384701728976,
    -0.00484652186319024,
    1.68658964841853,
    0.469406587898866,
    14.5148455450098,
    -0.165689126531677,
    0.898058733145605,
    -0.151902133142478,
    0.288473159973905,
    -0.295295597228177,
    0.985252159061406,
    0.000791448010605483,
    0.0776186790081862,
    -0.152489007288748,
    0.898350869684224,
    0.150864804522666,
    0.288683381556742,
    0.294732812742152,
    0.984055125367378,
    -0.000301188353262728,
    0.0810583578284907,
    0.158319178086288,
    -3.68544057687125,
    -1.2355511997306,
    5.63922695710118,
    -2.36053701172922,
    0.938618364046055,
    0.605492728006765,
    3.66084695652187,
    -1.59462188866166,
    -5.88866719371555,
    2.44130794458622,
    1.00121397484828,
    -0.121358794691983
  ]
}