{
  "T_WB": [
    [
      0.4582095271077,
      -0.000740351622466062,
      0.888843901451325,
      -0.0112348982210562
    ],
    [
      0.000574838658896968,
      0.999999690809702,
      0.000536601356797674,
      1.5168325222445e-05
    ],
    [
      -0.8888440239031,
      0.000265065982335416,
      0.458209811016494,
      0.260741669767626
    ],
    [
      0.0,
      0.0,
      0.0,
      1.0
    ]
  ],
  "T_WH": {
    "0": [
      [
        0.521883834041041,
        0.849305919271032,
        0.0794777909721454,
        0.00711717411517076
      ],
      [
        -0.638553550643825,
        0.450751130044605,
        -0.623756989318497,
        -0.0319618282343322
      ],
      [
        -0.56558520730902,
        0.274777863472842,
        0.777567038279345,
        0.225179426700067
      ],
      [
        0.0,
        0.0,
        0.0,
        1.0
      ]
    ],
    "1": [
      [
        -0.27581919611853,
        -0.237675372270165,
        0.931361470358725,
        -0.0295869705572831
      ],
      [
        0.664299861607759,
        -0.747442187783401,
        0.00598913929336973,
        0.031992164884777
      ],
      [
        0.694715384110961,
        0.620355215451439,
        0.364046620286136,
        0.296303912835185
      ],
      [
        0.0,
        0.0,
        0.0,
        1.0
      ]
    ],
    "2": [
      [
        0.521597922693247,
        -0.849640578673401,
        0.0777592059734237,
        0.00706979161133293
      ],
      [
        0.639536490880545,
        0.449679101017091,
        0.623523682742411,
        0.0320381519774888
      ],
      [
        -0.564737712459765,
        -0.275498807946584,
        0.777927839163584,
        0.225196390922937
      ],
      [
        0.0,
        0.0,
        0.0,
        1.0
      ]
    ],
    "3": [
      [
        -0.275146535727618,
        0.238816375673763,
        0.93126855556662,
        -0.0295395880534452
      ],
      [
        -0.664826102364749,
        -0.746982302741336,
        -0.00486754617315535,
        -0.0320078153270439
      ],
      [
        0.694478680372254,
        -0.620470932519244,
        0.364300953069181,
        0.296286948612315
      ],
      [
        0.0,
        0.0,
        0.0,
        1.0
      ]
    ]
  },
  "T_WP": {
    "0": [
      [
        -0.0794777909721453,
        0.849305919271032,
        0.521883834041041,
        0.0436490424980436
      ],
      [
        0.623756989318497,
        0.450751130044605,
        -0.638553550643825,
        -0.0766605767793999
      ],
      [
        -0.777567038279345,
        0.274777863472842,
        -0.56558520730902,
        0.185588462188436
      ],
      [
        0.0,
        0.0,
        0.0,
        1.0
      ]
    ],
    "1": [
      [
        -0.931361470358725,
        -0.237675372270165,
        -0.275819196118529,
        -0.0488943142855801
      ],
      [
        -0.00598913929336969,
        -0.747442187783401,
        0.664299861607759,
        0.0784931551973202
      ],
      [
        -0.364046620286136,
        0.620355215451439,
        0.694715384110961,
        0.344933989722952
      ],
      [
        0.0,
        0.0,
        0.0,
        1.0
      ]
    ],
    "2": [
      [
        -0.0777592059734237,
        -0.849640578673401,
        0.521597922693247,
        0.0435816461998602
      ],
      [
        -0.623523682742411,
        0.449679101017091,
        0.639536490880545,
        0.076805706339127
      ],
      [
        -0.777927839163584,
        -0.275498807946584,
        -0.564737712459765,
        0.185664751050753
      ],
      [
        0.0,
        0.0,
        0.0,
        1.0
      ]
    ],
    "3": [
      [
        -0.93126855556662,
        0.238816375673763,
        -0.275146535727618,
        -0.0487998455543785
      ],
      [
        0.00486754617315531,
        -0.746982302741336,
        -0.664826102364749,
        -0.0785456424925763
      ],
      [
        -0.364300953069181,
        -0.620470932519244,
        0.694478680372254,
        0.344900456238373
      ],
      [
        0.0,
        0.0,
        0.0,
        1.0
      ]
    ]
  },
  "simTime": 0.361999999999976,
  "state": [
    -0.0112348982210562,
    1.5168325222445e-05,
    0.260741669767626,
    0.853876312608257,
    -7.95007925775644e-05,
    0.520475828613949,
    0.000385064634638253,
    -0.177941552658368,
    0.000300550302383785,
    1.36939069128268,
    -0.00979005555377316,
    -5.37227087254185,
    0.0050355167446749,
    0.840209208768047,
    0.531181995191911,
    -0.0674310364209707,
    0.0857159775800706,
    0.998232614036986,
    0.0374089669977717,
    -0.0357297392829331,
    0.0292506955783791,
    0.839979433784961,
    -0.531465843765747,
    -0.0677626961822666,
    -0.0859466388800012,
    0.998234713224706,
    -0.0373317251999155,
    -0.0356135467999485,
    -0.0294189546230902,
    2.12688096432024,
    0.640462172041789,
    -4.50796169952352,
    0.328591565335183,
    0.342303031696337,
    -0.390617496660726,
    -2.13010516412346,
    0.643903831333587,
    4.51053233528995,
    -0.331308920450001,
    0.341893282959889,
    0.389020579570629
  ]
}