{
  "T_WB": [
    [
      -2.22044604925031e-16,
      3.36173150799142e-21,
      1.0,
      9.34313489077652e-37
    ],
    [
      -3.118326346065e-20,
      1.0,
      -3.36173150799142e-21,
      1.84585884071358e-21
    ],
    [
      -1.0,
      -3.118326346065e-20,
      -2.22044604925031e-16,
      0.4851675175
    ],
    [
      0.0,
      0.0,
      0.0,
      1.0
    ]
  ],
  "T_WH": {
    "0": [
      [
        -1.57025172100287e-16,
        -1.56113135605043e-16,
        1.0,
        -8.88189177240951e-18
      ],
      [
        -0.707106779455507,
        0.707106782917588,
        -6.44906648422242e-19,
        -0.032
      ],
      [
        -0.707106782917588,
        -0.707106779455507,
        -2.21422220829297e-16,
        0.4451675175
      ],
      [
        0.0,
        0.0,
        0.0,
        1.0
      ]
    ],
    "1": [
      [
        1.57025172100287e-16,
        1.56125233918067e-16,
        1.0,
        8.88189177240951e-18
      ],
      [
        0.707106779455507,
        -0.707106782917588,
        -6.36351849220875e-19,
        0.032
      ],
      [
        0.707106782917588,
        0.707106779455507,
        -2.21430775628457e-16,
        0.5251675175
      ],
      [
        0.0,
        0.0,
        0.0,
        1.0
      ]
    ],
    "2": [
      [
        -1.57023377083745e-16,
        1.56504327454525e-16,
        1.0,
        -8.881676621593e-18
      ],
      [
        0.707106779455507,
        0.707106782917588,
        3.67022969864457e-19,
        0.032
      ],
      [
        -0.707106782917588,
        0.707106779455507,
        -2.21697565969762e-16,
        0.4451675175
      ],
      [
        0.0,
        0.0,
        0.0,
        1.0
      ]
    ],
    "3": [
      [
        1.57023377083745e-16,
        -1.56120090861731e-16,
        1.0,
        8.881676621593e-18
      ],
      [
        -0.707106779455507,
        -0.707106782917588,
        6.38719270874466e-19,
        -0.032
      ],
      [
        0.707106782917588,
        -0.707106779455507,
        -2.21425869670082e-16,
        0.5251675175
      ],
      [
        0.0,
        0.0,
        0.0,
        1.0
      ]
    ]
  },
  "T_WP": {
    "0": [
      [
        -1.0,
        -1.56113135605043e-16,
        -9.57928321429197e-17,
        -1.98736538194296e-17
      ],
      [
        -4.26528960573568e-17,
        0.707106782917588,
        -0.707106779455507,
        -0.0814974745618855
      ],
      [
        1.78124417911527e-16,
        -0.707106779455507,
        -0.707106782917588,
        0.395670042695769
      ],
      [
        0.0,
        0.0,
        0.0,
        1.0
      ]
    ],
    "1": [
      [
        -1.0,
        1.56125233918067e-16,
        2.18257512057655e-16,
        1.98736538194296e-17
      ],
      [
        4.39341545549999e-17,
        -0.707106782917588,
        0.707106779455507,
        0.0814974745618855
      ],
      [
        2.64728578546227e-16,
        0.707106779455507,
        0.707106782917588,
        0.574664992304231
      ],
      [
        0.0,
        0.0,
        0.0,
        1.0
      ]
    ],
    "2": [
      [
        -1.0,
        1.56504327454525e-16,
        -9.57910371263772e-17,
        -1.98733130174551e-17
      ],
      [
        4.29307797359146e-17,
        0.707106782917588,
        0.707106779455507,
        0.0814974745618855
      ],
      [
        1.78399763051991e-16,
        0.707106779455507,
        -0.707106782917588,
        0.395670042695769
      ],
      [
        0.0,
        0.0,
        0.0,
        1.0
      ]
    ],
    "3": [
      [
        -1.0,
        -1.56120090861731e-16,
        2.18255717041113e-16,
        1.98733130174551e-17
      ],
      [
        -4.39365219766535e-17,
        -0.707106782917588,
        -0.707106779455507,
        -0.0814974745618855
      ],
      [
        2.64723672587852e-16,
        -0.707106779455507,
        0.707106782917588,
        0.574664992304231
      ],
      [
        0.0,
        0.0,
        0.0,
        1.0
      ]
    ]
  }
}