{
  "T_WB": [
    [
      0.997331519266959,
      -0.00233225508420414,
      0.0729684950021666,
      -0.068340249624803
    ],
    [
      0.00221837602778983,
      0.999996191863668,
      0.0016416656058786,
      3.65343103562993e-05
    ],
    [
      -0.0729720459111455,
      -0.00147541329274251,
      0.997332895111335,
      0.315542660245648
    ],
    [
      0.0,
      0.0,
      0.0,
      1.0
    ]
  ],
  "T_WH": {
    "0": [
      [
        -0.0471498487173151,
        0.912553124482758,
        -0.40623107557484,
        -0.0283723566914301
      ],
      [
        -0.807667950402335,
        -0.274122801610153,
        -0.522043265956272,
        -0.0318746087881695
      ],
      [
        -0.58774941400126,
        0.303485559185536,
        0.749964760310121,
        0.31267099163457
      ],
      [
        0.0,
        0.0,
        0.0,
        1.0
      ]
    ],
    "1": [
      [
        -0.659032026763373,
        -0.740741912912974,
        0.130300445717537,
        -0.108308142558176
      ],
      [
        0.75098430054849,
        -0.657586498410887,
        0.060021474801975,
        0.0319476774088821
      ],
      [
        0.0412233917801003,
        0.137409663276414,
        0.989656110175857,
        0.318414328856726
      ],
      [
        0.0,
        0.0,
        0.0,
        1.0
      ]
    ],
    "2": [
      [
        -0.0507568677081766,
        -0.91104047628682,
        -0.40918087803261,
        -0.0285216210168192
      ],
      [
        0.805219983553854,
        -0.279699227413292,
        0.522866254667423,
        0.0321251474911053
      ],
      [
        -0.590799897144528,
        -0.302941566562746,
        0.747784654016465,
        0.312576565183834
      ],
      [
        0.0,
        0.0,
        0.0,
        1.0
      ]
    ],
    "3": [
      [
        -0.655702659768583,
        0.743592563213888,
        0.130859168213031,
        -0.108158878232787
      ],
      [
        -0.753773836464873,
        -0.654664610515784,
        -0.0569144199587722,
        -0.0320520788703927
      ],
      [
        0.0433477269696283,
        -0.135957153806691,
        0.989765945512044,
        0.318508755307461
      ],
      [
        0.0,
        0.0,
        0.0,
        1.0
      ]
    ]
  },
  "T_WP": {
    "0": [
      [
        0.40623107557484,
        0.912553124482758,
        -0.0471498487173151,
        -0.0316728461016422
      ],
      [
        0.522043265956272,
        -0.274122801610153,
        -0.807667950402335,
        -0.088411365316333
      ],
      [
        -0.749964760310121,
        0.303485559185536,
        -0.58774941400126,
        0.271528532654482
      ],
      [
        0.0,
        0.0,
        0.0,
        1.0
      ]
    ],
    "1": [
      [
        -0.130300445717537,
        -0.740741912912974,
        -0.659032026763373,
        -0.154440384431612
      ],
      [
        -0.060021474801975,
        -0.657586498410887,
        0.75098430054849,
        0.0845165784472764
      ],
      [
        -0.989656110175857,
        0.137409663276414,
        0.0412233917801004,
        0.321299966281333
      ],
      [
        0.0,
        0.0,
        0.0,
        1.0
      ]
    ],
    "2": [
      [
        0.40918087803261,
        -0.91104047628682,
        -0.0507568677081766,
        -0.0320746017563915
      ],
      [
        -0.522866254667423,
        -0.279699227413292,
        0.805219983553854,
        0.0884905463398751
      ],
      [
        -0.747784654016465,
        -0.302941566562746,
        -0.590799897144528,
        0.271220572383717
      ],
      [
        0.0,
        0.0,
        0.0,
        1.0
      ]
    ],
    "3": [
      [
        -0.130859168213031,
        0.743592563213888,
        -0.655702659768583,
        -0.154058064416588
      ],
      [
        0.0569144199587722,
        -0.654664610515784,
        -0.753773836464873,
        -0.0848162474229338
      ],
      [
        -0.989765945512044,
        -0.135957153806691,
        0.0433477269696283,
        0.321543096195335
      ],
      [
        0.0,
        0.0,
        0.0,
        1.0
      ]
    ]
  },
  "simTime": 0.590999999999951,
  "state": [
    -0.068340249624803,
    3.65343103562993e-05,
    0.315542660245648,
    0.999332352903923,
    -0.000779790349417616,
    0.0365095106971242,
    0.00113841783936307,
    -0.313080999077336,
    -0.000164156662425738,
    -0.907405667451558,
    -0.0117484942593143,
    -3.35283909638067,
    0.000517956202990266,
    0.823937997143274,
    0.322859162506616,
    0.192429841009378,
    -0.424097741491466,
    0.998600760948698,
    0.0410640087345113,
    0.00150635886791774,
    -0.0332866084528535,
    0.823734162642609,
    -0.323227096537545,
    0.19268782463442,
    0.424096304625545,
    0.998594066889251,
    -0.0413149670258909,
    0.00155707468496086,
    0.0331743664847065,
    -4.20469035927388,
    -2.25315986356132,
    -3.61743854083642,
    -0.288881543255619,
    0.172119670362871,
    -0.576509258341204,
    4.20629866241586,
    -2.25530837447786,
    3.62064059819075,
    0.28689280886703,
    0.17168274119871,
    0.578853301490334
  ]
}