{
  "T_WB": [
    [
      0.860869401616534,
      0.010548042761224,
      0.508716632472636,
      -0.136713685824196
    ],
    [
      -1.2124639204277e-05,
      0.999785532150863,
      -0.0207096488335291,
      -0.000221628931371175
    ],
    [
      -0.508825975372115,
      0.0178221349933828,
      0.860684900698794,
      0.10760501407257
    ],
    [
      0.0,
      0.0,
      0.0,
      1.0
    ]
  ],
  "T_WH": {
    "0": [
      [
        -0.0977156745956121,
        0.444159830846272,
        0.890602993258464,
        -0.102616447127894
      ],
      [
        -0.881262975439241,
        0.37718121372319,
        -0.284797998824214,
        -0.032215250945767
      ],
      [
        -0.462414548925853,
        -0.812684672352637,
        0.354565097358422,
        0.0866816667378974
      ],
      [
        0.0,
        0.0,
        0.0,
        1.0
      ]
    ],
    "1": [
      [
        -0.473851619037272,
        -0.795854974620704,
        0.376934347741401,
        -0.170810924520498
      ],
      [
        0.868881792062037,
        -0.49215779649245,
        0.0531519969028324,
        0.0317719930830246
      ],
      [
        0.143209896860583,
        0.352697551342755,
        0.924713665259688,
        0.128528361407243
      ],
      [
        0.0,
        0.0,
        0.0,
        1.0
      ]
    ],
    "2": [
      [
        -0.0729319319633525,
        -0.437453235757797,
        0.896278751184656,
        -0.101941372391176
      ],
      [
        0.898641298893958,
        0.360960974829988,
        0.249301003952982,
        0.0317710231118883
      ],
      [
        -0.432579182603917,
        0.823615104994328,
        0.366787962729026,
        0.0878222833774739
      ],
      [
        0.0,
        0.0,
        0.0,
        1.0
      ]
    ],
    "3": [
      [
        -0.480409807571681,
        0.79510651779989,
        0.370151377332401,
        -0.171485999257217
      ],
      [
        -0.871508528859515,
        -0.480122036944123,
        -0.0997783231255677,
        -0.0322142809746306
      ],
      [
        0.0983834382102227,
        -0.370524567326863,
        0.923597446993644,
        0.127387744767667
      ],
      [
        0.0,
        0.0,
        0.0,
        1.0
      ]
    ]
  },
  "T_WP": {
    "0": [
      [
        -0.890602993258464,
        0.444159830846272,
        -0.097715674595612,
        -0.109456544349587
      ],
      [
        0.284797998824214,
        0.37718121372319,
        -0.881262975439241,
        -0.0939036592265139
      ],
      [
        -0.354565097358423,
        -0.812684672352637,
        -0.462414548925853,
        0.0543126483130877
      ],
      [
        0.0,
        0.0,
        0.0,
        1.0
      ]
    ],
    "1": [
      [
        -0.376934347741401,
        -0.795854974620704,
        -0.473851619037272,
        -0.203980537853107
      ],
      [
        -0.0531519969028324,
        -0.49215779649245,
        0.868881792062037,
        0.0925937185273673
      ],
      [
        -0.924713665259688,
        0.352697551342755,
        0.143209896860583,
        0.138553054187484
      ],
      [
        0.0,
        0.0,
        0.0,
        1.0
      ]
    ],
    "2": [
      [
        -0.896278751184656,
        -0.437453235757797,
        -0.0729319319633524,
        -0.10704660762861
      ],
      [
        -0.249301003952982,
        0.360960974829988,
        0.898641298893958,
        0.0946759140344654
      ],
      [
        -0.366787962729026,
        0.823615104994328,
        -0.432579182603917,
        0.0575417405951997
      ],
      [
        0.0,
        0.0,
        0.0,
        1.0
      ]
    ],
    "3": [
      [
        -0.370151377332401,
        0.79510651779989,
        -0.480409807571681,
        -0.205114685787234
      ],
      [
        0.0997783231255676,
        -0.480122036944123,
        -0.871508528859515,
        -0.0932198779947967
      ],
      [
        -0.923597446993644,
        -0.370524567326863,
        0.0983834382102228,
        0.134274585442382
      ],
      [
        0.0,
        0.0,
        0.0,
        1.0
      ]
    ]
  },
  "simTime": 0.801499999999928,
  "state": [
    -0.136713685824196,
    -0.000221628931371175,
    0.10760501407257,
    0.964538728417137,
    0.00998710126708564,
    0.263738141835579,
    -0.00273710300304843,
    -0.342947125898447,
    -0.00375251069919633,
    1.29458392309008,
    0.495911604623547,
    12.9829681624901,
    -0.195938015373231,
    0.91146722546908,
    -0.193551229985887,
    0.283676219470431,
    -0.226480067055827,
    0.987398954917301,
    -0.0360358720426815,
    0.0737011866857589,
    -0.135324997082783,
    0.912680393322616,
    0.193091801818166,
    0.281916015019153,
    0.2241727373942,
    0.985782331349793,
    0.0371194388771748,
    0.0772961232815968,
    0.144501390241226,
    -2.94345486248151,
    -2.20222318989728,
    2.31781244064317,
    -1.74423019747003,
    -0.995617160513688,
    0.373092002044433,
    2.96986524184422,
    -2.23274196380493,
    -2.30138760643168,
    1.76566073637057,
    -1.021460156578,
    -0.338651520683895
  ]
}