{
  "T_WB": [
    [
      -2.22044604925031e-16,
      6.65825571486743e-22,
      1.0,
      1.41957027172599e-37
    ],
    [
      4.85057693581757e-22,
      1.0,
      -6.65825571486743e-22,
      6.3516716968691e-22
    ],
    [
      -1.0,
      4.85057693581757e-22,
      -2.22044604925031e-16,
      0.494497271575
    ],
    [
      0.0,
      0.0,
      0.0,
      1.0
    ]
  ],
  "T_WH": {
    "0": [
      [
        -1.57014106655819e-16,
        -1.56603652561437e-16,
        1.0,
        -8.88180550341954e-18
      ],
      [
        -0.707106779455507,
        0.707106782917588,
        -2.9023433061889e-19,
        -0.032
      ],
      [
        -0.707106782917588,
        -0.707106779455507,
        -2.21761244243762e-16,
        0.454497271575
      ],
      [
        0.0,
        0.0,
        0.0,
        1.0
      ]
    ],
    "1": [
      [
        1.57014106655819e-16,
        1.56628138935053e-16,
        1.0,
        8.88180550341954e-18
      ],
      [
        0.707106779455507,
        -0.707106782917588,
        -2.72919849746063e-19,
        0.032
      ],
      [
        0.707106782917588,
        0.707106779455507,
        -2.2177855872455e-16,
        0.534497271575
      ],
      [
        0.0,
        0.0,
        0.0,
        1.0
      ]
    ],
    "2": [
      [
        -1.5701385401609e-16,
        1.56760000933475e-16,
        1.0,
        -8.88176289058296e-18
      ],
      [
        0.707106779455507,
        0.707106782917588,
        1.79500692987422e-19,
        0.032
      ],
      [
        -0.707106782917588,
        0.707106779455507,
        -2.21871620594321e-16,
        0.454497271575
      ],
      [
        0.0,
        0.0,
        0.0,
        1.0
      ]
    ],
    "3": [
      [
        1.5701385401609e-16,
        -1.56603242804132e-16,
        1.0,
        8.88176289058296e-18
      ],
      [
        -0.707106779455507,
        -0.707106782917588,
        2.90345429522935e-19,
        -0.032
      ],
      [
        0.707106782917588,
        -0.707106779455507,
        -2.21760775858328e-16,
        0.534497271575
      ],
      [
        0.0,
        0.0,
        0.0,
        1.0
      ]
    ]
  },
  "T_WP": {
    "0": [
      [
        -1.0,
        -1.56603652561437e-16,
        -9.57817666984517e-17,
        -1.98727929693269e-17
      ],
      [
        -4.30075683751601e-17,
        0.707106782917588,
        -0.707106779455507,
        -0.0814974745618855
      ],
      [
        1.78463441325992e-16,
        -0.707106779455507,
        -0.707106782917588,
        0.404999796770768
      ],
      [
        0.0,
        0.0,
        0.0,
        1.0
      ]
    ],
    "1": [
      [
        -1.0,
        1.56628138935053e-16,
        2.18246446613187e-16,
        1.98727929693269e-17
      ],
      [
        4.35707225555251e-17,
        -0.707106782917588,
        0.707106779455507,
        0.0814974745618855
      ],
      [
        2.6507636164232e-16,
        0.707106779455507,
        0.707106782917588,
        0.583994746379231
      ],
      [
        0.0,
        0.0,
        0.0,
        1.0
      ]
    ],
    "2": [
      [
        -1.0,
        1.56760000933475e-16,
        -9.57815140587224e-17,
        -1.98727326717093e-17
      ],
      [
        4.31183020127916e-17,
        0.707106782917588,
        0.707106779455507,
        0.0814974745618855
      ],
      [
        1.7857381767655e-16,
        0.707106779455507,
        -0.707106782917588,
        0.404999796770768
      ],
      [
        0.0,
        0.0,
        0.0,
        1.0
      ]
    ],
    "3": [
      [
        -1.0,
        -1.56603242804132e-16,
        2.18246193973458e-16,
        1.98727326717093e-17
      ],
      [
        -4.3588148135302e-17,
        -0.707106782917588,
        -0.707106779455507,
        -0.0814974745618855
      ],
      [
        2.65058578776098e-16,
        -0.707106779455507,
        0.707106782917588,
        0.583994746379231
      ],
      [
        0.0,
        0.0,
        0.0,
        1.0
      ]
    ]
  },
  "simTime": 0.0334999999999999,
  "state": [
    1.41957027172599e-37,
    6.3516716968691e-22,
    0.494497271575,
    0.707106781186548,
    4.06898680542025e-22,
    0.707106781186548,
    -6.39110961436587e-23,
    3.0274915924481e-35,
    4.50950614759712e-20,
    -0.328521100000001,
    6.59804896287702e-20,
    -7.81844711760101e-19,
    3.41236306306222e-19,
    1.0,
    2.02561056397451e-19,
    2.19479664910996e-21,
    -6.59904755846106e-21,
    1.0,
    -1.90317869589523e-19,
    -2.1947966491099e-21,
    6.68899343338299e-21,
    1.0,
    -1.24857680156339e-19,
    2.53928655999458e-21,
    5.24798686706434e-21,
    1.0,
    2.0323674482756e-19,
    -2.53928655999451e-21,
    -6.28550907002306e-21,
    1.97037928410222e-17,
    3.14943218677541e-19,
    -1.21105486533857e-18,
    -1.81270030813751e-17,
    -3.14943218677533e-19,
    1.18880198436775e-18,
    -8.90056373952614e-18,
    3.78033759474521e-19,
    8.86769807283932e-19,
    1.97312017706461e-17,
    -3.78033759474514e-19,
    -1.15390517459248e-18
  ]
}