{
  "T_WB": [
    [
      0.995956553751577,
      -0.002324805694787,
      0.0898061151468156,
      -0.0667802821035765
    ],
    [
      0.00218814300655513,
      0.99999629352313,
      0.00162017597338821,
      3.73283189292288e-05
    ],
    [
      -0.0898095488768565,
      -0.00141711625612244,
      0.99595794926897,
      0.319953076841245
    ],
    [
      0.0,
      0.0,
      0.0,
      1.0
    ]
  ],
  "T_WH": {
    "0": [
      [
        -0.0357660838394984,
        0.910006905877095,
        -0.413047477298654,
        -0.0268676261712802
      ],
      [
        -0.806801596818325,
        -0.270195082872307,
        -0.525419642346028,
        -0.0318750273535487
      ],
      [
        -0.589738900377266,
        0.314455161267268,
        0.743858844764374,
        0.316406042606367
      ],
      [
        0.0,
        0.0,
        0.0,
        1.0
      ]
    ],
    "1": [
      [
        -0.660223889803035,
        -0.736218101361646,
        0.14861804251437,
        -0.106692938035873
      ],
      [
        0.749149229874387,
        -0.6596536206772,
        0.0602704911716661,
        0.0319496839914072
      ],
      [
        0.0536642032640243,
        0.151129110216776,
        0.987056303020817,
        0.323500111076123
      ],
      [
        0.0,
        0.0,
        0.0,
        1.0
      ]
    ],
    "2": [
      [
        -0.0393476912966647,
        -0.908505206186747,
        -0.416016886101031,
        -0.0270164137357466
      ],
      [
        0.804471777785124,
        -0.27575231468667,
        0.526104380985548,
        0.0321247354319316
      ],
      [
        -0.592686188414126,
        -0.313972851177485,
        0.741717015300725,
        0.316315347165975
      ],
      [
        0.0,
        0.0,
        0.0,
        1.0
      ]
    ],
    "3": [
      [
        -0.656923933734067,
        0.739053561014842,
        0.149166950892752,
        -0.106544150471406
      ],
      [
        -0.751896610425481,
        -0.656795125066263,
        -0.0571983471777322,
        -0.0320500787940731
      ],
      [
        0.0556994840014921,
        -0.149733087994847,
        0.987156304665829,
        0.323590806516515
      ],
      [
        0.0,
        0.0,
        0.0,
        1.0
      ]
    ]
  },
  "T_WP": {
    "0": [
      [
        0.413047477298654,
        0.910006905877095,
        -0.0357660838394984,
        -0.0293712520400451
      ],
      [
        0.525419642346028,
        -0.270195082872307,
        -0.806801596818325,
        -0.0883511391308315
      ],
      [
        -0.743858844764374,
        0.314455161267268,
        -0.589738900377266,
        0.275124319579958
      ],
      [
        0.0,
        0.0,
        0.0,
        1.0
      ]
    ],
    "1": [
      [
        -0.14861804251437,
        -0.736218101361646,
        -0.660223889803035,
        -0.152908610322085
      ],
      [
        -0.060270491171666,
        -0.6596536206772,
        0.749149229874387,
        0.0843901300826143
      ],
      [
        -0.987056303020817,
        0.151129110216776,
        0.0536642032640244,
        0.327256605304605
      ],
      [
        0.0,
        0.0,
        0.0,
        1.0
      ]
    ],
    "2": [
      [
        0.416016886101031,
        -0.908505206186747,
        -0.0393476912966647,
        -0.0297707521265131
      ],
      [
        -0.526104380985548,
        -0.27575231468667,
        0.804471777785124,
        0.0884377598768903
      ],
      [
        -0.741717015300725,
        -0.313972851177485,
        -0.592686188414126,
        0.274827313976986
      ],
      [
        0.0,
        0.0,
        0.0,
        1.0
      ]
    ],
    "3": [
      [
        -0.149166950892752,
        0.739053561014842,
        -0.656923933734067,
        -0.152528825832791
      ],
      [
        0.0571983471777321,
        -0.656795125066263,
        -0.751896610425481,
        -0.0846828415238568
      ],
      [
        -0.987156304665829,
        -0.149733087994847,
        0.0556994840014921,
        0.32748977039662
      ],
      [
        0.0,
        0.0,
        0.0,
        1.0
      ]
    ]
  },
  "simTime": 0.585999999999952,
  "state": [
    -0.0667802821035765,
    3.73283189292288e-05,
    0.319953076841245,
    0.998988337837795,
    -0.000760092013707724,
    0.0449493896025932,
    0.00112937972607116,
    -0.310895302183746,
    -0.000153419519179858,
    -0.856765065822573,
    -0.0117356865642446,
    -3.40469771639536,
    0.000554982456505041,
    0.82331344175802,
    0.335535246021525,
    0.189638510547434,
    -0.416663306058009,
    0.998619297663985,
    0.0417553826932912,
    0.000986615935696542,
    -0.0318592676975155,
    0.823105409938825,
    -0.335910401870766,
    0.189891975912454,
    0.416656601445992,
    0.998612681281923,
    -0.0420014463598728,
    0.00103808099032202,
    0.0317413559014843,
    -4.11396116167088,
    -2.22467059107119,
    -3.74321933345274,
    -0.274941366086461,
    0.177808236290157,
    -0.582097081864585,
    4.11549590699721,
    -2.2267625314165,
    3.74657256398145,
    0.272878660541493,
    0.177362671080861,
    0.584376503996337
  ]
}