{
  "T_WB": [
    [
      0.385971051078434,
      -0.157357639017893,
      0.908991155717218,
      -0.0441854058676927
    ],
    [
      -0.172704467269483,
      0.955597950020631,
      0.238758716912142,
      0.0031277581455699
    ],
    [
      -0.906200592978494,
      -0.249140786221531,
      0.341656777960491,
      0.626217823130479
    ],
    [
      0.0,
      0.0,
      0.0,
      1.0
    ]
  ],
  "T_WH": {
    "0": [
      [
        0.108613426288493,
        -0.367993816518034,
        0.923462871280901,
        0.0204742864917099
      ],
      [
        -0.568527449206194,
        0.739044571251088,
        0.361371915349539,
        -0.0374873130914395
      ],
      [
        -0.815462852084001,
        -0.564263832536507,
        -0.128944422765159,
        -0.0282755185600507
      ],
      [
        0.0,
        0.0,
        0.0,
        1.0
      ]
    ],
    "1": [
      [
        -0.44776755540278,
        0.0179401211123118,
        0.893970004185316,
        -0.0204742864917099
      ],
      [
        0.769509754521356,
        -0.501439276675889,
        0.395491326710516,
        0.0374873130914395
      ],
      [
        0.455366834568682,
        0.865006823014268,
        0.210723140906883,
        0.0282755185600507
      ],
      [
        0.0,
        0.0,
        0.0,
        1.0
      ]
    ],
    "2": [
      [
        -0.0513812528600808,
        0.0870102338267998,
        0.994881493477456,
        0.0104033975945648
      ],
      [
        0.0100820629978123,
        0.996191786650626,
        -0.0866041350949292,
        0.0236709557098809
      ],
      [
        -0.998628218537929,
        0.00558062892855615,
        -0.0520628247459278,
        -0.0442205288782287
      ],
      [
        0.0,
        0.0,
        0.0,
        1.0
      ]
    ],
    "3": [
      [
        -0.257175892058181,
        0.148743949281709,
        0.954848573385414,
        -0.0104033975945648
      ],
      [
        -0.535010150149413,
        -0.844753087821196,
        -0.0125043933742088,
        -0.0236709557098809
      ],
      [
        0.80475132791514,
        -0.514069507137542,
        0.296829651568343,
        0.0442205288782287
      ],
      [
        0.0,
        0.0,
        0.0,
        1.0
      ]
    ]
  },
  "T_WP": {
    "0": [
      [
        -0.923462871280901,
        -0.367993816518034,
        0.108613426288493,
        0.0280772263319044
      ],
      [
        -0.361371915349539,
        0.739044571251088,
        -0.568527449206194,
        -0.077284234535873
      ],
      [
        0.128944422765159,
        -0.564263832536507,
        -0.815462852084001,
        -0.0853579182059308
      ],
      [
        0.0,
        0.0,
        0.0,
        1.0
      ]
    ],
    "1": [
      [
        -0.893970004185316,
        0.0179401211123118,
        -0.44776755540278,
        -0.0518180153699045
      ],
      [
        -0.395491326710516,
        -0.501439276675889,
        0.769509754521356,
        0.0913529959079344
      ],
      [
        -0.210723140906883,
        0.865006823014268,
        0.455366834568682,
        0.0601511969798585
      ],
      [
        0.0,
        0.0,
        0.0,
        1.0
      ]
    ],
    "2": [
      [
        -0.994881493477456,
        0.0870102338267998,
        -0.0513812528600807,
        0.00680670989435913
      ],
      [
        0.0866041350949292,
        0.996191786650626,
        0.0100820629978123,
        0.0243767001197277
      ],
      [
        0.0520628247459277,
        0.00558062892855615,
        -0.998628218537929,
        -0.114124504175884
      ],
      [
        0.0,
        0.0,
        0.0,
        1.0
      ]
    ],
    "3": [
      [
        -0.954848573385414,
        0.148743949281709,
        -0.257175892058181,
        -0.0284057100386374
      ],
      [
        0.0125043933742087,
        -0.844753087821196,
        -0.535010150149413,
        -0.0611216662203398
      ],
      [
        -0.296829651568343,
        -0.514069507137542,
        0.80475132791514,
        0.100553121832289
      ],
      [
        0.0,
        0.0,
        0.0,
        1.0
      ]
    ]
  }
}