{
  "arms": {
    "0": [
      [
        -1.0,
        -3.45444090302517e-17,
        -5.74294757159969e-17,
        -8.88179144310342e-18
      ],
      [
        1.61821872629341e-17,
        0.70710676908493,
        -0.70710676908493,
        -0.0320000015199184
      ],
      [
        6.50353617437526e-17,
        -0.70710676908493,
        -0.70710676908493,
        0.274508148431778
      ],
      [
        0.0,
        0.0,
        0.0,
        1.0
      ]
    ],
    "1": [
      [
        -1.0,
        -1.58783618387099e-16,
        3.79068578538658e-16,
        8.881777381033e-18
      ],
      [
        -1.55764991486432e-16,
        -0.70710676908493,
        -0.70710676908493,
        -0.0320000015199184
      ],
      [
        3.80318931517704e-16,
        -0.70710676908493,
        0.70710676908493,
        0.3545081615448
      ],
      [
        0.0,
        0.0,
        0.0,
        1.0
      ]
    ],
    "2": [
      [
        -1.0,
        1.55250233682517e-16,
        3.79039091204182e-16,
        8.88179144310342e-18
      ],
      [
        1.5824260256182e-16,
        -0.70710676908493,
        0.70710676908493,
        0.0320000015199184
      ],
      [
        3.77799590834773e-16,
        0.70710676908493,
        0.70710676908493,
        0.3545081615448
      ],
      [
        0.0,
        0.0,
        0.0,
        1.0
      ]
    ],
    "3": [
      [
        -1.0,
        2.79474074023583e-16,
        1.87500192586057e-16,
        -8.881777381033e-18
      ],
      [
        3.30200680242936e-16,
        0.70710676908493,
        0.70710676908493,
        0.0320000015199184
      ],
      [
        6.50353617437526e-17,
        0.70710676908493,
        -0.70710676908493,
        0.274508148431778
      ],
      [
        0.0,
        0.0,
        0.0,
        1.0
      ]
    ]
  },
  "arms_in_parent_frame": {
    "0": [
      [
        2.22044591690142e-16,
        1.26880514983441e-08,
        0.999999940395355,
        1.49011611938477e-08
      ],
      [
        -4.91409067993851e-25,
        0.999999940395355,
        1.26880514983441e-08,
        0.0
      ],
      [
        -1.0,
        0.0,
        2.22044604925031e-16,
        0.0
      ],
      [
        0.0,
        0.0,
        0.0,
        1.0
      ]
    ],
    "1": [
      [
        2.22044591690142e-16,
        -1.26880514983441e-08,
        0.999999940395355,
        -2.98023223876953e-08
      ],
      [
        1.41930071241719e-23,
        0.999999940395355,
        -1.26880514983441e-08,
        1.49011611938477e-08
      ],
      [
        -1.0,
        -1.97513557722389e-23,
        2.22044631394811e-16,
        6.61744490042422e-24
      ],
      [
        0.0,
        0.0,
        0.0,
        1.0
      ]
    ],
    "2": [
      [
        2.22044591690142e-16,
        1.26880514983441e-08,
        0.999999940395355,
        -2.98023223876953e-08
      ],
      [
        1.20632152087072e-23,
        0.999999940395355,
        1.26880514983441e-08,
        -1.49011611938477e-08
      ],
      [
        -1.0,
        -1.19869370923378e-23,
        2.22044604925031e-16,
        -6.61744490042422e-24
      ],
      [
        0.0,
        0.0,
        0.0,
        1.0
      ]
    ],
    "3": [
      [
        2.22044591690142e-16,
        -1.26880514983441e-08,
        0.999999940395355,
        1.49011611938477e-08
      ],
      [
        7.10885396841807e-24,
        0.999999940395355,
        -1.26880514983441e-08,
        0.0
      ],
      [
        -1.0,
        -1.32348898008484e-23,
        2.22044604925031e-16,
        0.0
      ],
      [
        0.0,
        0.0,
        0.0,
        1.0
      ]
    ]
  },
  "arms_link_world": {
    "0": [
      [
        -1.0,
        -3.45444090302517e-17,
        -5.74294757159969e-17,
        -8.88179144310342e-18
      ],
      [
        1.61821872629341e-17,
        0.70710676908493,
        -0.70710676908493,
        -0.0320000015199184
      ],
      [
        6.50353617437526e-17,
        -0.70710676908493,
        -0.70710676908493,
        0.274508148431778
      ],
      [
        0.0,
        0.0,
        0.0,
        1.0
      ]
    ],
    "1": [
      [
        -1.0,
        -1.58783618387099e-16,
        3.79068578538658e-16,
        8.881777381033e-18
      ],
      [
        -1.55764991486432e-16,
        -0.70710676908493,
        -0.70710676908493,
        -0.0320000015199184
      ],
      [
        3.80318931517704e-16,
        -0.70710676908493,
        0.70710676908493,
        0.3545081615448
      ],
      [
        0.0,
        0.0,
        0.0,
        1.0
      ]
    ],
    "2": [
      [
        -1.0,
        1.55250233682517e-16,
        3.79039091204182e-16,
        8.88179144310342e-18
      ],
      [
        1.5824260256182e-16,
        -0.70710676908493,
        0.70710676908493,
        0.0320000015199184
      ],
      [
        3.77799590834773e-16,
        0.70710676908493,
        0.70710676908493,
        0.3545081615448
      ],
      [
        0.0,
        0.0,
        0.0,
        1.0
      ]
    ],
    "3": [
      [
        -1.0,
        2.79474074023583e-16,
        1.87500192586057e-16,
        -8.881777381033e-18
      ],
      [
        3.30200680242936e-16,
        0.70710676908493,
        0.70710676908493,
        0.0320000015199184
      ],
      [
        6.50353617437526e-17,
        0.70710676908493,
        -0.70710676908493,
        0.274508148431778
      ],
      [
        0.0,
        0.0,
        0.0,
        1.0
      ]
    ]
  },
  "arms_relative_to_base": {
    "0": [
      [
        1.57009243181279e-16,
        0.70710676908493,
        0.70710676908493,
        0.0400000214576721
      ],
      [
        1.61819655785299e-17,
        0.70710676908493,
        -0.70710676908493,
        -0.0320000015199184
      ],
      [
        -1.0,
        1.22464685258517e-16,
        9.95799262839594e-17,
        6.61744490042422e-24
      ],
      [
        0.0,
        0.0,
        0.0,
        1.0
      ]
    ],
    "1": [
      [
        -1.58274326592672e-16,
        0.70710676908493,
        -0.70710676908493,
        -0.0399999916553497
      ],
      [
        -1.55765216479558e-16,
        -0.70710676908493,
        -0.70710676908493,
        -0.0320000015199184
      ],
      [
        -1.0,
        -1.77421638714254e-18,
        2.22059480941167e-16,
        0.0
      ],
      [
        0.0,
        0.0,
        0.0,
        1.0
      ]
    ],
    "2": [
      [
        -1.55754985909742e-16,
        -0.70710676908493,
        -0.70710676908493,
        -0.0399999916553497
      ],
      [
        1.58242377568693e-16,
        -0.70710676908493,
        0.70710676908493,
        0.0320000015199184
      ],
      [
        -1.0,
        -1.75885068008375e-18,
        2.22029689204226e-16,
        0.0
      ],
      [
        0.0,
        0.0,
        0.0,
        1.0
      ]
    ],
    "3": [
      [
        1.57009243181279e-16,
        -0.70710676908493,
        0.70710676908493,
        0.0400000214576721
      ],
      [
        3.302004684847e-16,
        0.70710676908493,
        0.70710676908493,
        0.0320000015199184
      ],
      [
        -1.0,
        1.22464672023627e-16,
        3.44509263713768e-16,
        6.61744490042422e-24
      ],
      [
        0.0,
        0.0,
        0.0,
        1.0
      ]
    ]
  },
  "arms_view_frame": {
    "0": [
      [
        -0.999999940395355,
        -3.45444057215292e-17,
        -5.7429469098552e-17,
        -8.88179061592281e-18
      ],
      [
        6.50353617437526e-17,
        -0.707106828689575,
        -0.707106709480286,
        0.274508148431778
      ],
      [
        -1.61821905716565e-17,
        -0.707106709480286,
        0.707106828689575,
        0.0319999903440475
      ],
      [
        0.0,
        0.0,
        0.0,
        1.0
      ]
    ],
    "1": [
      [
        -0.999999940395355,
        -1.58783605152209e-16,
        3.79068552068879e-16,
        8.88177655385239e-18
      ],
      [
        3.80318931517704e-16,
        -0.707106709480286,
        0.707106828689575,
        0.3545081615448
      ],
      [
        1.55764978251542e-16,
        0.707106828689575,
        0.707106709480286,
        0.0319999866187572
      ],
      [
        0.0,
        0.0,
        0.0,
        1.0
      ]
    ],
    "2": [
      [
        -0.999999940395355,
        1.55250220447628e-16,
        3.79039064734402e-16,
        8.88179061592281e-18
      ],
      [
        3.77799590834773e-16,
        0.707106828689575,
        0.707106709480286,
        0.3545081615448
      ],
      [
        -1.5824261579671e-16,
        0.707106709480286,
        -0.707106828689575,
        -0.0320000164210796
      ],
      [
        0.0,
        0.0,
        0.0,
        1.0
      ]
    ],
    "3": [
      [
        -0.999999940395355,
        2.79474047553804e-16,
        1.87500179351167e-16,
        -8.88177655385239e-18
      ],
      [
        6.50353485088628e-17,
        0.707106709480286,
        -0.707106828689575,
        0.274508148431778
      ],
      [
        -3.30200680242936e-16,
        -0.707106828689575,
        -0.707106709480286,
        -0.0320000126957893
      ],
      [
        0.0,
        0.0,
        0.0,
        1.0
      ]
    ]
  },
  "arms_visual_world": {
    "0": [
      [
        -1.0,
        -3.45444090302517e-17,
        -5.74294757159969e-17,
        -8.88179144310342e-18
      ],
      [
        1.61821872629341e-17,
        0.70710676908493,
        -0.70710676908493,
        -0.0320000015199184
      ],
      [
        6.50353617437526e-17,
        -0.70710676908493,
        -0.70710676908493,
        0.274508148431778
      ],
      [
        0.0,
        0.0,
        0.0,
        1.0
      ]
    ],
    "1": [
      [
        -1.0,
        -1.58783618387099e-16,
        3.79068578538658e-16,
        8.881777381033e-18
      ],
      [
        -1.55764991486432e-16,
        -0.70710676908493,
        -0.70710676908493,
        -0.0320000015199184
      ],
      [
        3.80318931517704e-16,
        -0.70710676908493,
        0.70710676908493,
        0.3545081615448
      ],
      [
        0.0,
        0.0,
        0.0,
        1.0
      ]
    ],
    "2": [
      [
        -1.0,
        1.55250233682517e-16,
        3.79039091204182e-16,
        8.88179144310342e-18
      ],
      [
        1.5824260256182e-16,
        -0.70710676908493,
        0.70710676908493,
        0.0320000015199184
      ],
      [
        3.77799590834773e-16,
        0.70710676908493,
        0.70710676908493,
        0.3545081615448
      ],
      [
        0.0,
        0.0,
        0.0,
        1.0
      ]
    ],
    "3": [
      [
        -1.0,
        2.79474074023583e-16,
        1.87500192586057e-16,
        -8.881777381033e-18
      ],
      [
        3.30200680242936e-16,
        0.70710676908493,
        0.70710676908493,
        0.0320000015199184
      ],
      [
        6.50353617437526e-17,
        0.70710676908493,
        -0.70710676908493,
        0.274508148431778
      ],
      [
        0.0,
        0.0,
        0.0,
        1.0
      ]
    ]
  },
  "base": [
    [
      -2.22044604925031e-16,
      2.21169284303989e-22,
      1.0,
      1.04315071953438e-35
    ],
    [
      8.39223379994822e-19,
      1.0,
      -2.21169284303989e-22,
      7.57430477946472e-23
    ],
    [
      -1.0,
      8.39223379994822e-19,
      -2.22044604925031e-16,
      0.31450816988945
    ],
    [
      0.0,
      0.0,
      0.0,
      1.0
    ]
  ],
  "base_link_world": [
    [
      -2.22044604925031e-16,
      2.21169284303989e-22,
      1.0,
      1.04315071953438e-35
    ],
    [
      8.39223379994822e-19,
      1.0,
      -2.21169284303989e-22,
      7.57430477946472e-23
    ],
    [
      -1.0,
      8.39223379994822e-19,
      -2.22044604925031e-16,
      0.31450816988945
    ],
    [
      0.0,
      0.0,
      0.0,
      1.0
    ]
  ],
  "base_view_frame": [
    [
      -2.22044591690142e-16,
      2.2116925906044e-22,
      0.999999940395355,
      1.04315064778789e-35
    ],
    [
      -1.0,
      -4.37113882867379e-08,
      -2.22044604925031e-16,
      0.31450816988945
    ],
    [
      4.37113882867379e-08,
      -1.0,
      2.3087515120279e-22,
      -1.37475888450922e-08
    ],
    [
      0.0,
      0.0,
      0.0,
      1.0
    ]
  ],
  "base_visual_world": [
    [
      -1.1684941952722e-21,
      2.22044591690142e-16,
      1.0,
      1.04315071953438e-35
    ],
    [
      0.999999940395355,
      6.25848770141602e-06,
      -2.21169284303989e-22,
      7.57430477946472e-23
    ],
    [
      -6.25848770141602e-06,
      0.999999940395355,
      -2.22044604925031e-16,
      0.31450816988945
    ],
    [
      0.0,
      0.0,
      0.0,
      1.0
    ]
  ],
  "view_adjust": [
    [
      0.999999940395355,
      0.0,
      0.0,
      0.0
    ],
    [
      0.0,
      -4.37113882867379e-08,
      1.0,
      0.0
    ],
    [
      0.0,
      -1.0,
      -4.37113882867379e-08,
      0.0
    ],
    [
      0.0,
      0.0,
      0.0,
      1.0
    ]
  ]
}