{
  "T_WB": [
    [
      -2.22044604925031e-16,
      3.59545952764634e-20,
      1.0,
      -5.7719992935344e-37
    ],
    [
      -4.12147182843183e-19,
      1.0,
      -3.59545952764634e-20,
      5.12979605098127e-21
    ],
    [
      -1.0,
      -4.12147182843183e-19,
      -2.22044604925031e-16,
      0.427616259575001
    ],
    [
      0.0,
      0.0,
      0.0,
      1.0
    ]
  ],
  "T_WH": {
    "0": [
      [
        -1.57087271589085e-16,
        -1.54448198530495e-16,
        1.0,
        -8.8829347440501e-18
      ],
      [
        -0.707106779455507,
        0.707106782917588,
        -1.86610591649502e-18,
        -0.032
      ],
      [
        -0.707106782917588,
        -0.707106779455507,
        -2.20288843506262e-16,
        0.387616259575001
      ],
      [
        0.0,
        0.0,
        0.0,
        1.0
      ]
    ],
    "1": [
      [
        1.57087271589085e-16,
        1.5445506448791e-16,
        1.0,
        8.8829347440501e-18
      ],
      [
        0.707106779455507,
        -0.707106782917588,
        -1.86125095143552e-18,
        0.032
      ],
      [
        0.707106782917588,
        0.707106779455507,
        -2.20293698471298e-16,
        0.467616259575001
      ],
      [
        0.0,
        0.0,
        0.0,
        1.0
      ]
    ],
    "2": [
      [
        -1.57051617926789e-16,
        1.55557007913583e-16,
        1.0,
        -8.88063364995241e-18
      ],
      [
        0.707106779455507,
        0.707106782917588,
        1.05684833442885e-18,
        0.032
      ],
      [
        -0.707106782917588,
        0.707106779455507,
        -2.21047679191722e-16,
        0.387616259575001
      ],
      [
        0.0,
        0.0,
        0.0,
        1.0
      ]
    ],
    "3": [
      [
        1.57051617926789e-16,
        -1.54494387258004e-16,
        1.0,
        8.88063364995241e-18
      ],
      [
        -0.707106779455507,
        -0.707106782917588,
        1.80823460765754e-18,
        -0.032
      ],
      [
        0.707106782917588,
        -0.707106779455507,
        -2.20296292922173e-16,
        0.467616259575001
      ],
      [
        0.0,
        0.0,
        0.0,
        1.0
      ]
    ]
  },
  "T_WP": {
    "0": [
      [
        -1.0,
        -1.54448198530495e-16,
        -9.58549316317171e-17,
        -1.9879043755286e-17
      ],
      [
        -4.1431696789284e-17,
        0.707106782917588,
        -0.707106779455507,
        -0.0814974745618855
      ],
      [
        1.76991040588492e-16,
        -0.707106779455507,
        -0.707106782917588,
        0.33811878477077
      ],
      [
        0.0,
        0.0,
        0.0,
        1.0
      ]
    ],
    "1": [
      [
        -1.0,
        1.5445506448791e-16,
        2.18319611546452e-16,
        1.9879043755286e-17
      ],
      [
        4.51590536572145e-17,
        -0.707106782917588,
        0.707106779455507,
        0.0814974745618855
      ],
      [
        2.63591501389068e-16,
        0.707106779455507,
        0.707106782917588,
        0.517113734379232
      ],
      [
        0.0,
        0.0,
        0.0,
        1.0
      ]
    ],
    "2": [
      [
        -1.0,
        1.55557007913583e-16,
        -9.58192779694211e-17,
        -1.98742469048276e-17
      ],
      [
        4.22409543713502e-17,
        0.707106782917588,
        0.707106779455507,
        0.0814974745618855
      ],
      [
        1.77749876273952e-16,
        0.707106779455507,
        -0.707106782917588,
        0.33811878477077
      ],
      [
        0.0,
        0.0,
        0.0,
        1.0
      ]
    ],
    "3": [
      [
        -1.0,
        -1.54494387258004e-16,
        2.18283957884156e-16,
        1.98742469048276e-17
      ],
      [
        -4.51060373134366e-17,
        -0.707106782917588,
        -0.707106779455507,
        -0.0814974745618855
      ],
      [
        2.63594095839943e-16,
        -0.707106779455507,
        0.707106782917588,
        0.517113734379232
      ],
      [
        0.0,
        0.0,
        0.0,
        1.0
      ]
    ]
  },
  "simTime": 0.121500000000002,
  "state": [
    -5.7719992935344e-37,
    5.12979605098127e-21,
    0.427616259575001,
    0.707106781186548,
    -1.33004164850271e-19,
    0.707106781186548,
    -1.58427902985076e-19,
    -5.00686276039172e-35,
    1.95827105262501e-20,
    -1.19150189999998,
    6.61936828292273e-19,
    -5.56485378748482e-18,
    -1.00573682222139e-17,
    1.0,
    1.26781160765858e-18,
    2.6300799133284e-20,
    -2.66373709376339e-19,
    1.0,
    -1.26437862895099e-18,
    -2.63007991332836e-20,
    2.64253662095443e-19,
    1.0,
    -7.388306543116e-19,
    3.3897706057833e-20,
    1.52794718581617e-19,
    1.0,
    1.27014098210142e-18,
    -3.38977060578326e-20,
    -2.58789701212715e-19,
    2.33041835897099e-17,
    6.0429541942353e-19,
    -1.11408986636794e-17,
    -2.34081926618081e-17,
    -6.04295419423525e-19,
    1.11035828012666e-17,
    -1.93542890028535e-17,
    6.97795833009645e-19,
    6.42923201337044e-18,
    2.33633715569808e-17,
    -6.9779583300964e-19,
    -1.10208702687237e-17
  ]
}