{
  "T_WB": [
    [
      -0.0258817777620513,
      0.0513013336630901,
      0.998347788470663,
      -0.169324069761039
    ],
    [
      0.0236760065966979,
      0.998433659493786,
      -0.0506919549976139,
      -0.000421308821556144
    ],
    [
      -0.999384600787659,
      0.0223248909120581,
      -0.0270558487993964,
      0.180642608601559
    ],
    [
      0.0,
      0.0,
      0.0,
      1.0
    ]
  ],
  "T_WH": {
    "0": [
      [
        -0.447038755924911,
        -0.524246492644544,
        0.724790980663392,
        -0.17200098354874
      ],
      [
        -0.786890028984722,
        0.615800177751126,
        -0.0399277267835831,
        -0.0314241456614894
      ],
      [
        -0.425394443999367,
        -0.588180037090325,
        -0.687810883152407,
        0.139952828060867
      ],
      [
        0.0,
        0.0,
        0.0,
        1.0
      ]
    ],
    "1": [
      [
        -0.00617464750075251,
        -0.206950356071799,
        0.978331959945088,
        -0.166647155973338
      ],
      [
        0.840064431294827,
        -0.531791382571018,
        -0.107189909490136,
        0.0305815280183771
      ],
      [
        0.5424514955289,
        0.821200021642085,
        0.177135257511032,
        0.221332389142251
      ],
      [
        0.0,
        0.0,
        0.0,
        1.0
      ]
    ],
    "2": [
      [
        -0.360933154323521,
        0.584523461456925,
        0.726677081733344,
        -0.168717698194302
      ],
      [
        0.846628379428044,
        0.532131362546312,
        -0.00752330656354922,
        0.0324756085461129
      ],
      [
        -0.391085214828069,
        0.612510029306477,
        -0.68693800210926,
        0.141381621079239
      ],
      [
        0.0,
        0.0,
        0.0,
        1.0
      ]
    ],
    "3": [
      [
        -0.0983214738469698,
        0.160819243770661,
        0.982074365113759,
        -0.169930441327776
      ],
      [
        -0.865562717430689,
        -0.5007789352738,
        -0.00465190069107946,
        -0.0333182261892252
      ],
      [
        0.491054039770126,
        -0.850504337919021,
        0.188436464640919,
        0.21990359612388
      ],
      [
        0.0,
        0.0,
        0.0,
        1.0
      ]
    ]
  },
  "T_WP": {
    "0": [
      [
        -0.724790980663392,
        -0.524246492644544,
        -0.447038755924911,
        -0.203293696463483
      ],
      [
        0.039927726783583,
        0.615800177751126,
        -0.786890028984722,
        -0.0865064476904199
      ],
      [
        0.687810883152407,
        -0.588180037090325,
        -0.425394443999367,
        0.110175216980911
      ],
      [
        0.0,
        0.0,
        0.0,
        1.0
      ]
    ],
    "1": [
      [
        -0.978331959945088,
        -0.206950356071799,
        -0.00617464750075245,
        -0.167079381298391
      ],
      [
        0.107189909490136,
        -0.531791382571018,
        0.840064431294827,
        0.089386038209015
      ],
      [
        -0.177135257511032,
        0.821200021642085,
        0.5424514955289,
        0.259303993829274
      ],
      [
        0.0,
        0.0,
        0.0,
        1.0
      ]
    ],
    "2": [
      [
        -0.726677081733344,
        0.584523461456925,
        -0.360933154323521,
        -0.193983018996948
      ],
      [
        0.00752330656354927,
        0.532131362546312,
        0.846628379428044,
        0.091739595106076
      ],
      [
        0.68693800210926,
        0.612510029306477,
        -0.391085214828069,
        0.114005656041274
      ],
      [
        0.0,
        0.0,
        0.0,
        1.0
      ]
    ],
    "3": [
      [
        -0.982074365113759,
        0.160819243770661,
        -0.0983214738469698,
        -0.176812944497063
      ],
      [
        0.00465190069107941,
        -0.5007789352738,
        -0.865562717430689,
        -0.0939076164093735
      ],
      [
        -0.188436464640918,
        -0.850504337919021,
        0.491054039770126,
        0.254277378907789
      ],
      [
        0.0,
        0.0,
        0.0,
        1.0
      ]
    ]
  },
  "simTime": 0.882999999999919,
  "state": [
    -0.169324069761039,
    -0.000421308821556144,
    0.180642608601559,
    0.697405196591683,
    0.0261744701166967,
    0.71613045006745,
    -0.0099028969103618,
    -0.445480885786016,
    -0.00146909197706021,
    0.513886846136182,
    0.481737891536119,
    13.076318088151,
    -0.216080462773973,
    0.930098136824755,
    -0.268265126010404,
    0.236474998570718,
    -0.0838501824250913,
    0.987846286636854,
    -0.0972152700357933,
    0.043253396505801,
    -0.113305114360999,
    0.930219529485818,
    0.269243019890245,
    0.235130679795919,
    0.0831467775820212,
    0.986539184901521,
    0.100218906593974,
    0.0464922872759393,
    0.120561497331458,
    -1.49773860099434,
    -2.27260991839031,
    2.86207803736538,
    -1.28569707035733,
    -0.849140691626733,
    0.630555592014651,
    1.53544834486805,
    -2.23792129035265,
    -2.83018238227238,
    1.32492058048128,
    -0.878550318446316,
    -0.690498813664387
  ]
}