{
  "T_WB": [
    [
      0.855567506547454,
      -0.00607395986570841,
      0.51765562756694,
      -0.0179551077423063
    ],
    [
      -0.000403459297735515,
      0.999923041654016,
      0.0123995157153595,
      -8.9394662638206e-05
    ],
    [
      -0.517691103806862,
      -0.0108174757189531,
      0.855499212891691,
      0.237454686470811
    ],
    [
      0.0,
      0.0,
      0.0,
      1.0
    ]
  ],
  "T_WH": {
    "0": [
      [
        0.408765279270398,
        0.600094165613945,
        0.68760303872154,
        0.0164619592352945
      ],
      [
        -0.871008630510916,
        0.481475864739393,
        0.0975958874592174,
        -0.0321030703674762
      ],
      [
        -0.272497545013696,
        -0.638801991284903,
        0.719497813681148,
        0.217093201541543
      ],
      [
        0.0,
        0.0,
        0.0,
        1.0
      ]
    ],
    "1": [
      [
        -0.719382623703132,
        -0.487960246310211,
        0.494351533561773,
        -0.0523721747199071
      ],
      [
        0.578796641862393,
        -0.814575613017798,
        0.0382232657617782,
        0.0319242810421997
      ],
      [
        0.384035269321472,
        0.313626160735288,
        0.868421293624026,
        0.257816171400079
      ],
      [
        0.0,
        0.0,
        0.0,
        1.0
      ]
    ],
    "2": [
      [
        0.400134956154355,
        -0.604766713587465,
        0.688584954090611,
        0.0160732258038892
      ],
      [
        0.868686605011883,
        0.489696855204619,
        -0.0747032280134924,
        0.0318920042983809
      ],
      [
        -0.292019860859294,
        0.628055898897003,
        0.721297572936715,
        0.21640088309553
      ],
      [
        0.0,
        0.0,
        0.0,
        1.0
      ]
    ],
    "3": [
      [
        -0.71027120005991,
        0.498378252865182,
        0.497125677707865,
        -0.0519834412885018
      ],
      [
        -0.581771941126772,
        -0.813195241211639,
        -0.015965844429026,
        -0.0320707936236573
      ],
      [
        0.396303205744092,
        -0.300553849986641,
        0.867531643443145,
        0.258508489846092
      ],
      [
        0.0,
        0.0,
        0.0,
        1.0
      ]
    ]
  },
  "T_WP": {
    "0": [
      [
        -0.68760303872154,
        0.600094165613945,
        0.408765279270399,
        0.0450755287842224
      ],
      [
        -0.0975958874592175,
        0.481475864739393,
        -0.871008630510916,
        -0.0930736745032403
      ],
      [
        -0.719497813681148,
        -0.638801991284903,
        -0.272497545013696,
        0.198018373390584
      ],
      [
        0.0,
        0.0,
        0.0,
        1.0
      ]
    ],
    "1": [
      [
        -0.494351533561773,
        -0.487960246310211,
        -0.719382623703132,
        -0.102728958379126
      ],
      [
        -0.0382232657617782,
        -0.814575613017798,
        0.578796641862393,
        0.0724400459725673
      ],
      [
        -0.868421293624026,
        0.313626160735288,
        0.384035269321472,
        0.284698640252582
      ],
      [
        0.0,
        0.0,
        0.0,
        1.0
      ]
    ],
    "2": [
      [
        -0.688584954090611,
        -0.604766713587465,
        0.400134956154356,
        0.0440826727346941
      ],
      [
        0.0747032280134925,
        0.489696855204619,
        0.868686605011883,
        0.0927000666492127
      ],
      [
        -0.721297572936715,
        0.628055898897003,
        -0.292019860859294,
        0.195959492835379
      ],
      [
        0.0,
        0.0,
        0.0,
        1.0
      ]
    ],
    "3": [
      [
        -0.497125677707865,
        0.498378252865182,
        -0.71027120005991,
        -0.101702425292695
      ],
      [
        0.0159658444290259,
        -0.813195241211639,
        -0.581771941126772,
        -0.0727948295025313
      ],
      [
        -0.867531643443145,
        -0.300553849986641,
        0.396303205744092,
        0.286249714248178
      ],
      [
        0.0,
        0.0,
        0.0,
        1.0
      ]
    ]
  }
}