{
  "T_WB": [
    [
      0.975176928266559,
      -0.00226379029589172,
      -0.221415523010684,
      -0.10284815271896
    ],
    [
      0.00280638751486228,
      0.999993780783014,
      0.0021360206951594,
      9.1821920933591e-06
    ],
    [
      0.221409310476581,
      -0.00270437585959323,
      0.975177216502465,
      0.165273552879165
    ],
    [
      0.0,
      0.0,
      0.0,
      1.0
    ]
  ],
  "T_WH": {
    "0": [
      [
        -0.171666038504476,
        0.97554750189034,
        -0.137251021051561,
        -0.0637686342988289
      ],
      [
        -0.870870219960794,
        -0.21540336934329,
        -0.441799104187635,
        -0.0318783632923686
      ],
      [
        -0.460560344807951,
        0.0436859248622992,
        0.886552710649123,
        0.174216465325735
      ],
      [
        0.0,
        0.0,
        0.0,
        1.0
      ]
    ],
    "1": [
      [
        -0.60198533941014,
        -0.771559190796256,
        -0.205694108406355,
        -0.141927671139091
      ],
      [
        0.782351197436575,
        -0.621456575627925,
        0.0414527258255932,
        0.0318967276765553
      ],
      [
        -0.159813187831346,
        -0.135971098791765,
        0.977738004420685,
        0.156330640432595
      ],
      [
        0.0,
        0.0,
        0.0,
        1.0
      ]
    ],
    "2": [
      [
        -0.175543138123755,
        -0.974538748423776,
        -0.139494926353201,
        -0.063913516877766
      ],
      [
        0.867251392956632,
        -0.220137647360234,
        0.44655843697044,
        0.0321212386777443
      ],
      [
        -0.465896585169333,
        -0.042586899808766,
        0.883813740497529,
        0.174043385270721
      ],
      [
        0.0,
        0.0,
        0.0,
        1.0
      ]
    ],
    "3": [
      [
        -0.598359978013801,
        0.774526863945292,
        -0.205118194557175,
        -0.141782788560154
      ],
      [
        -0.785958033746228,
        -0.617137963996857,
        -0.0375593208615021,
        -0.0321028742935576
      ],
      [
        -0.155676927966501,
        0.138740298474832,
        0.978016269638715,
        0.156503720487609
      ],
      [
        0.0,
        0.0,
        0.0,
        1.0
      ]
    ]
  },
  "T_WP": {
    "0": [
      [
        0.137251021051561,
        0.97554750189034,
        -0.171666038504476,
        -0.0757852569941423
      ],
      [
        0.441799104187635,
        -0.21540336934329,
        -0.870870219960794,
        -0.0928392786896241
      ],
      [
        -0.886552710649123,
        0.0436859248622992,
        -0.460560344807951,
        0.141977241189179
      ],
      [
        0.0,
        0.0,
        0.0,
        1.0
      ]
    ],
    "1": [
      [
        0.205694108406355,
        -0.771559190796256,
        -0.60198533941014,
        -0.184066644897801
      ],
      [
        -0.0414527258255932,
        -0.621456575627925,
        0.782351197436575,
        0.0866613114971155
      ],
      [
        -0.977738004420685,
        -0.135971098791765,
        -0.159813187831346,
        0.145143717284401
      ],
      [
        0.0,
        0.0,
        0.0,
        1.0
      ]
    ],
    "2": [
      [
        0.139494926353201,
        -0.974538748423776,
        -0.175543138123755,
        -0.0762015365464289
      ],
      [
        -0.44655843697044,
        -0.220137647360234,
        0.867251392956632,
        0.0928288361847086
      ],
      [
        -0.883813740497529,
        -0.042586899808766,
        -0.465896585169333,
        0.141430624308868
      ],
      [
        0.0,
        0.0,
        0.0,
        1.0
      ]
    ],
    "3": [
      [
        0.205118194557175,
        0.774526863945292,
        -0.598359978013801,
        -0.18366798702112
      ],
      [
        0.037559320861502,
        -0.617137963996857,
        -0.785958033746228,
        -0.0871199366557935
      ],
      [
        -0.978016269638715,
        0.138740298474832,
        -0.155676927966501,
        0.145606335529954
      ],
      [
        0.0,
        0.0,
        0.0,
        1.0
      ]
    ]
  },
  "simTime": 0.69549999999994,
  "state": [
    -0.10284815271896,
    9.1821920933591e-06,
    0.165273552879165,
    0.993774109839862,
    -0.0012176802823764,
    -0.111399771110615,
    0.00127548548522033,
    -0.341417474748746,
    -0.000344635076913932,
    -1.96936280695447,
    -0.0118591616032496,
    -2.35114897930698,
    0.000348740253293711,
    0.8428481032604,
    0.0286922718932227,
    0.228431267379764,
    -0.486418528067369,
    0.998077194887664,
    0.0190372044751916,
    0.00935231518550052,
    -0.0582411546212212,
    0.842754337000795,
    -0.0289084754822278,
    0.228706554985616,
    0.486438833994836,
    0.99806892716334,
    -0.0193418258146823,
    0.00939359323355506,
    0.0582758166938636,
    -5.12638565268536,
    -2.58491173930423,
    -0.639429163717611,
    -0.546941050699268,
    0.0595914239860956,
    -0.36392569764618,
    5.12784052591462,
    -2.58736745976023,
    0.639698357114025,
    0.546862243179742,
    0.0593341924698362,
    0.367121532311862
  ]
}