{
  "T_WB": [
    [
      0.629624603278971,
      -0.0011605282016179,
      0.77689864983799,
      -0.0187038572568893
    ],
    [
      0.000884466927811135,
      0.999999306999379,
      0.000776993574336323,
      2.61736453262783e-05
    ],
    [
      -0.776899013169699,
      0.000197926891051009,
      0.629625193397543,
      0.306738594713339
    ],
    [
      0.0,
      0.0,
      0.0,
      1.0
    ]
  ],
  "T_WH": {
    "0": [
      [
        0.461434451475896,
        0.879690057605924,
        -0.114994128286732,
        0.00651826377672127
      ],
      [
        -0.701680946564946,
        0.282560808011181,
        -0.654066693085491,
        -0.0319384255015414
      ],
      [
        -0.542883133113251,
        0.382498094538202,
        0.747645043757922,
        0.275656300526037
      ],
      [
        0.0,
        0.0,
        0.0,
        1.0
      ]
    ],
    "1": [
      [
        -0.417658224118304,
        -0.357153166818449,
        0.835465871988736,
        -0.0439259782904999
      ],
      [
        0.676899560969957,
        -0.735687595971657,
        0.023890280285575,
        0.031990772792194
      ],
      [
        0.606109389619583,
        0.57550445399232,
        0.549022796657824,
        0.337820888900641
      ],
      [
        0.0,
        0.0,
        0.0,
        1.0
      ]
    ],
    "2": [
      [
        0.460355221612766,
        -0.879953238891944,
        -0.11728327799579,
        0.00644398997181772
      ],
      [
        0.702821829005556,
        0.28055950805581,
        0.65370317355262,
        0.0320615301464189
      ],
      [
        -0.542323286063899,
        -0.383364917282553,
        0.747607379304001,
        0.275668967847065
      ],
      [
        0.0,
        0.0,
        0.0,
        1.0
      ]
    ],
    "3": [
      [
        -0.416404949498412,
        0.358725567299673,
        0.83541779092784,
        -0.0438517044855964
      ],
      [
        -0.677828649505537,
        -0.734881624482897,
        -0.0223006705477334,
        -0.0320091828557663
      ],
      [
        0.605933362625566,
        -0.575556222590726,
        0.549162812555957,
        0.337808221579613
      ],
      [
        0.0,
        0.0,
        0.0,
        1.0
      ]
    ]
  },
  "T_WP": {
    "0": [
      [
        0.114994128286732,
        0.879690057605924,
        0.461434451475896,
        0.038818675380034
      ],
      [
        0.654066693085491,
        0.282560808011181,
        -0.701680946564946,
        -0.0810560917610876
      ],
      [
        -0.747645043757922,
        0.382498094538202,
        -0.542883133113251,
        0.23765448120811
      ],
      [
        0.0,
        0.0,
        0.0,
        1.0
      ]
    ],
    "1": [
      [
        -0.835465871988736,
        -0.357153166818449,
        -0.417658224118304,
        -0.0731620539787812
      ],
      [
        -0.0238902802855749,
        -0.735687595971657,
        0.676899560969957,
        0.079373742060091
      ],
      [
        -0.549022796657824,
        0.57550445399232,
        0.606109389619583,
        0.380248546174011
      ],
      [
        0.0,
        0.0,
        0.0,
        1.0
      ]
    ],
    "2": [
      [
        0.11728327799579,
        -0.879953238891944,
        0.460355221612766,
        0.0386688554847114
      ],
      [
        -0.65370317355262,
        0.28055950805581,
        0.702821829005556,
        0.0812590581768078
      ],
      [
        -0.747607379304001,
        -0.383364917282553,
        -0.542323286063899,
        0.237706337822592
      ],
      [
        0.0,
        0.0,
        0.0,
        1.0
      ]
    ],
    "3": [
      [
        -0.83541779092784,
        0.358725567299673,
        -0.416404949498412,
        -0.0730000509504852
      ],
      [
        0.0223006705477333,
        -0.734881624482897,
        -0.677828649505537,
        -0.0794571883211539
      ],
      [
        -0.549162812555957,
        -0.575556222590726,
        0.605933362625566,
        0.380223556963403
      ],
      [
        0.0,
        0.0,
        0.0,
        1.0
      ]
    ]
  },
  "simTime": 0.400999999999972,
  "state": [
    -0.0187038572568893,
    2.61736453262783e-05,
    0.306738594713339,
    0.902669527523209,
    -0.000160376158059247,
    0.43033403023781,
    0.000566374256323962,
    -0.203956941790187,
    0.000257207559933745,
    0.988961395591216,
    -0.0102128012624547,
    -5.13303679798871,
    0.00390695969412869,
    0.830898454674097,
    0.556355801942767,
    -0.00486192572020398,
    0.00723473172340549,
    0.99847193804541,
    0.0428056899788351,
    -0.0279811611400473,
    0.0209407846685505,
    0.830659705154718,
    -0.556707154893394,
    -0.00505686461274563,
    -0.00748505464693472,
    0.998471665126189,
    -0.0427856323582735,
    -0.0278784049074367,
    -0.0211309759276633,
    0.730495401645439,
    0.0647975164154427,
    -5.54176239559984,
    0.222437148987723,
    0.381271868018362,
    -0.498870393542111,
    -0.733461888103678,
    0.0682694676576365,
    5.5458771807544,
    -0.225739097575069,
    0.380373085949725,
    0.498152444195371
  ]
}