{
  "T_WB": [
    [
      -2.22044604925031e-16,
      1.35770924158426e-22,
      1.0,
      -1.55264689440669e-37
    ],
    [
      -6.75848769907308e-21,
      1.0,
      -1.35770924158425e-22,
      2.0198166851733e-22
    ],
    [
      -1.0,
      -6.75848769907308e-21,
      -2.22044604925031e-16,
      0.49803868
    ],
    [
      0.0,
      0.0,
      0.0,
      1.0
    ]
  ],
  "T_WH": {
    "0": [
      [
        -1.57010473589835e-16,
        -1.56837007392335e-16,
        1.0,
        -8.88178854167083e-18
      ],
      [
        -0.707106779455507,
        0.707106782917588,
        -1.22658581276462e-19,
        -0.032
      ],
      [
        -0.707106782917588,
        -0.707106779455507,
        -2.21923682061109e-16,
        0.45803868
      ],
      [
        0.0,
        0.0,
        0.0,
        1.0
      ]
    ],
    "1": [
      [
        1.57010473589835e-16,
        1.56834562481906e-16,
        1.0,
        8.88178854167083e-18
      ],
      [
        0.707106779455507,
        -0.707106782917588,
        -1.24387394024455e-19,
        0.032
      ],
      [
        0.707106782917588,
        0.707106779455507,
        -2.21921953248369e-16,
        0.53803868
      ],
      [
        0.0,
        0.0,
        0.0,
        1.0
      ]
    ],
    "2": [
      [
        -1.57010440091382e-16,
        1.5687672836057e-16,
        1.0,
        -8.88177985233168e-18
      ],
      [
        0.707106779455507,
        0.707106782917588,
        9.45479282303044e-20,
        0.032
      ],
      [
        -0.707106782917588,
        0.707106779455507,
        -2.21951745340051e-16,
        0.45803868
      ],
      [
        0.0,
        0.0,
        0.0,
        1.0
      ]
    ],
    "3": [
      [
        1.57010440091382e-16,
        -1.56836428170233e-16,
        1.0,
        8.88177985233168e-18
      ],
      [
        -0.707106779455507,
        -0.707106782917588,
        1.23044466170524e-19,
        -0.032
      ],
      [
        0.707106782917588,
        -0.707106779455507,
        -2.2192324880225e-16,
        0.53803868
      ],
      [
        0.0,
        0.0,
        0.0,
        1.0
      ]
    ]
  },
  "T_WP": {
    "0": [
      [
        -1.0,
        -1.56837007392335e-16,
        -9.57781336324675e-17,
        -1.98725216929593e-17
      ],
      [
        -4.31751441245026e-17,
        0.707106782917588,
        -0.707106779455507,
        -0.0814974745618855
      ],
      [
        1.78625879143338e-16,
        -0.707106779455507,
        -0.707106782917588,
        0.408541205195769
      ],
      [
        0.0,
        0.0,
        0.0,
        1.0
      ]
    ],
    "1": [
      [
        -1.0,
        1.56834562481906e-16,
        2.18242813547203e-16,
        1.98725216929593e-17
      ],
      [
        4.34221900998035e-17,
        -0.707106782917588,
        0.707106779455507,
        0.0814974745618855
      ],
      [
        2.6521975616614e-16,
        0.707106779455507,
        0.707106782917588,
        0.587536154804231
      ],
      [
        0.0,
        0.0,
        0.0,
        1.0
      ]
    ],
    "2": [
      [
        -1.0,
        1.5687672836057e-16,
        -9.57781001340145e-17,
        -1.98725106587284e-17
      ],
      [
        4.32032547775487e-17,
        0.707106782917588,
        0.707106779455507,
        0.0814974745618855
      ],
      [
        1.78653942422281e-16,
        0.707106779455507,
        -0.707106782917588,
        0.408541205195769
      ],
      [
        0.0,
        0.0,
        0.0,
        1.0
      ]
    ],
    "3": [
      [
        -1.0,
        -1.56836428170233e-16,
        2.1824278004875e-16,
        1.98725106587284e-17
      ],
      [
        -4.34208471719495e-17,
        -0.707106782917588,
        -0.707106779455507,
        -0.0814974745618855
      ],
      [
        2.6522105172002e-16,
        -0.707106779455507,
        0.707106782917588,
        0.587536154804231
      ],
      [
        0.0,
        0.0,
        0.0,
        1.0
      ]
    ]
  },
  "simTime": 0.0199999999999999,
  "state": [
    -1.55264689440669e-37,
    2.0198166851733e-22,
    0.49803868,
    0.707106781186548,
    -2.34148397071003e-21,
    0.707106781186548,
    -2.43748851187041e-21,
    1.29498564719361e-35,
    1.97926672801278e-20,
    -0.196131999999999,
    1.95113622697386e-20,
    -3.11925374871465e-19,
    3.25634383238168e-19,
    1.0,
    8.60710435665144e-20,
    5.65666274310822e-22,
    -1.30645726939838e-21,
    1.0,
    -8.72934987810292e-20,
    -5.65666274310803e-22,
    1.3768390814927e-21,
    1.0,
    -6.63065639904774e-20,
    6.44921588726604e-22,
    1.11289165551305e-21,
    1.0,
    8.64566591590176e-20,
    -6.44921588726583e-22,
    -1.23251885763205e-21,
    1.4389191651531e-17,
    1.62306792796603e-19,
    -4.21287397903631e-19,
    -1.28213112127643e-17,
    -1.62306792796598e-19,
    4.38010354786718e-19,
    -8.7260879813558e-18,
    1.83303241330408e-19,
    3.56051087855714e-19,
    1.44468696996669e-17,
    -1.83303241330403e-19,
    -4.02196947717577e-19
  ]
}