{
  "T_WB": [
    [
      0.995925914599375,
      -0.00241909852112979,
      -0.0901427789217926,
      -0.00424441455744711
    ],
    [
      0.00260304220553493,
      0.999994762962931,
      0.00192307513857982,
      3.44777133561398e-06
    ],
    [
      0.090137654732494,
      -0.00214988582429106,
      0.995926995913992,
      0.287035239060966
    ],
    [
      0.0,
      0.0,
      0.0,
      1.0
    ]
  ],
  "T_WH": {
    "0": [
      [
        0.635788509309823,
        0.721917005441293,
        -0.273146130641218,
        0.0399144477366512
      ],
      [
        -0.771609779576891,
        0.585382680764595,
        -0.248888459198408,
        -0.0318957107265924
      ],
      [
        -0.0197817969581798,
        0.369002648114526,
        0.929217803420475,
        0.00367430253567707
      ],
      [
        0.0,
        0.0,
        0.0,
        1.0
      ]
    ],
    "1": [
      [
        -0.658428732496655,
        -0.702396736003485,
        -0.270389403406455,
        -0.0399144477366512
      ],
      [
        0.732365486462903,
        -0.68074645284051,
        -0.0150020392953157,
        0.0318957107265924
      ],
      [
        -0.17352924382018,
        -0.207901640678262,
        0.962634151348519,
        -0.00367430253567707
      ],
      [
        0.0,
        0.0,
        0.0,
        1.0
      ]
    ],
    "2": [
      [
        0.631012953048423,
        -0.725841366200672,
        -0.27381921809298,
        0.0397596254312989
      ],
      [
        0.775436397645198,
        0.579757870579907,
        0.250158359260071,
        0.0321039541030352
      ],
      [
        -0.0228264384464076,
        -0.370182553090491,
        0.92867854023621,
        0.00353670984292245
      ],
      [
        0.0,
        0.0,
        0.0,
        1.0
      ]
    ],
    "3": [
      [
        -0.657985287427511,
        0.703325767871524,
        -0.269050600774031,
        -0.0397596254312989
      ],
      [
        -0.733403661278333,
        -0.679577982257664,
        0.0171124415013945,
        -0.0321039541030352
      ],
      [
        -0.170805243340103,
        0.208582430416691,
        0.962974007213587,
        -0.00353670984292245
      ],
      [
        0.0,
        0.0,
        0.0,
        1.0
      ]
    ]
  },
  "T_WP": {
    "0": [
      [
        0.273146130641218,
        0.721917005441293,
        0.635788509309823,
        0.0844196433883388
      ],
      [
        0.248888459198408,
        0.585382680764595,
        -0.771609779576891,
        -0.0859083952969748
      ],
      [
        -0.929217803420475,
        0.369002648114526,
        -0.0197817969581798,
        0.00228957674860449
      ],
      [
        0.0,
        0.0,
        0.0,
        1.0
      ]
    ],
    "1": [
      [
        0.270389403406455,
        -0.702396736003485,
        -0.658428732496655,
        -0.086004459011417
      ],
      [
        0.0150020392953158,
        -0.68074645284051,
        0.732365486462903,
        0.0831612947789956
      ],
      [
        -0.962634151348519,
        -0.207901640678262,
        -0.17352924382018,
        -0.0158213496030897
      ],
      [
        0.0,
        0.0,
        0.0,
        1.0
      ]
    ],
    "2": [
      [
        0.27381921809298,
        -0.725841366200672,
        0.631012953048423,
        0.0839305321446884
      ],
      [
        -0.250158359260071,
        0.579757870579907,
        0.775436397645198,
        0.086384501938199
      ],
      [
        -0.92867854023621,
        -0.370182553090491,
        -0.0228264384464075,
        0.00193885915167391
      ],
      [
        0.0,
        0.0,
        0.0,
        1.0
      ]
    ],
    "3": [
      [
        0.269050600774031,
        0.703325767871524,
        -0.657985287427511,
        -0.0858185955512246
      ],
      [
        -0.0171124415013946,
        -0.679577982257664,
        -0.733403661278333,
        -0.0834422103925185
      ],
      [
        -0.962974007213587,
        0.208582430416691,
        -0.170805243340103,
        -0.0154930768767297
      ],
      [
        0.0,
        0.0,
        0.0,
        1.0
      ]
    ]
  }
}