{
  "T_WB": [
    [
      0.861577963149462,
      -0.00596998644320963,
      0.507590162116143,
      -0.0177196240858561
    ],
    [
      -0.000303120003148339,
      0.999924612711998,
      0.0122750564570615,
      -8.64109843927905e-05
    ],
    [
      -0.507625178191043,
      -0.0107297788713584,
      0.861511201501109,
      0.247312184202643
    ],
    [
      0.0,
      0.0,
      0.0,
      1.0
    ]
  ],
  "T_WH": {
    "0": [
      [
        0.407738370621753,
        0.61457562252082,
        0.675311946677877,
        0.0169345340063051
      ],
      [
        -0.873633397352899,
        0.47765672139259,
        0.092783314976953,
        -0.0320961233913027
      ],
      [
        -0.265544926805896,
        -0.627806387918782,
        0.731672762330281,
        0.227350529998884
      ],
      [
        0.0,
        0.0,
        0.0,
        1.0
      ]
    ],
    "1": [
      [
        -0.723941942351721,
        -0.493786795416243,
        0.481749587209553,
        -0.0523737821780173
      ],
      [
        0.578962330122357,
        -0.814599580596888,
        0.035073402895424,
        0.0319233014225171
      ],
      [
        0.375114228473552,
        0.304305970963324,
        0.875606756274048,
        0.267273838406401
      ],
      [
        0.0,
        0.0,
        0.0,
        1.0
      ]
    ],
    "2": [
      [
        0.399258931912415,
        -0.619079227457553,
        0.676264160974628,
        0.0165524548739397
      ],
      [
        0.871438732685927,
        0.485474412339025,
        -0.0700651849267772,
        0.0318990518222652
      ],
      [
        -0.284933045578961,
        0.617296934298753,
        0.733319612749079,
        0.226663824151117
      ],
      [
        0.0,
        0.0,
        0.0,
        1.0
      ]
    ],
    "3": [
      [
        -0.714992040246597,
        0.503989336502057,
        0.484542187096465,
        -0.0519917030456519
      ],
      [
        -0.582021530817362,
        -0.813067316607646,
        -0.0131330243834708,
        -0.0320718737910508
      ],
      [
        0.387346511600431,
        -0.291403993378023,
        0.87466930470568,
        0.267960544254168
      ],
      [
        0.0,
        0.0,
        0.0,
        1.0
      ]
    ]
  },
  "T_WP": {
    "0": [
      [
        -0.675311946677877,
        0.61457562252082,
        0.407738370621753,
        0.0454762199498278
      ],
      [
        -0.0927833149769531,
        0.47765672139259,
        -0.873633397352899,
        -0.0932504612060056
      ],
      [
        -0.731672762330281,
        -0.627806387918782,
        -0.265544926805896,
        0.208762385122472
      ],
      [
        0.0,
        0.0,
        0.0,
        1.0
      ]
    ],
    "1": [
      [
        -0.481749587209553,
        -0.493786795416243,
        -0.723941942351721,
        -0.103049718142638
      ],
      [
        -0.035073402895424,
        -0.814599580596888,
        0.578962330122357,
        0.0724506645310821
      ],
      [
        -0.875606756274048,
        0.304305970963324,
        0.375114228473552,
        0.293531834399549
      ],
      [
        0.0,
        0.0,
        0.0,
        1.0
      ]
    ],
    "2": [
      [
        -0.676264160974628,
        -0.619079227457553,
        0.399258931912415,
        0.0445005801078087
      ],
      [
        0.0700651849267772,
        0.485474412339025,
        0.871438732685927,
        0.0928997631102801
      ],
      [
        -0.733319612749079,
        0.617296934298753,
        -0.284933045578961,
        0.20671851096059
      ],
      [
        0.0,
        0.0,
        0.0,
        1.0
      ]
    ],
    "3": [
      [
        -0.484542187096465,
        0.503989336502057,
        -0.714992040246597,
        -0.102041145862914
      ],
      [
        0.0131330243834707,
        -0.813067316607646,
        -0.582021530817362,
        -0.0728133809482662
      ],
      [
        -0.87466930470568,
        -0.291403993378023,
        0.387346511600432,
        0.295074800066198
      ],
      [
        0.0,
        0.0,
        0.0,
        1.0
      ]
    ]
  }
}