{
  "T_WB": [
    [
      0.999995317855838,
      -0.00168795627447131,
      0.00255246351906292,
      -0.124754834157902
    ],
    [
      0.00169173644109842,
      0.999997474470091,
      -0.0014795544104994,
      -4.83295828247257e-05
    ],
    [
      -0.00254995964958934,
      0.00148386557856213,
      0.999995647914895,
      0.0480007560853594
    ],
    [
      0.0,
      0.0,
      0.0,
      1.0
    ]
  ],
  "T_WH": {
    "0": [
      [
        -0.00189808749698262,
        0.872575364809807,
        0.48847582334327,
        -0.0847010068428856
      ],
      [
        -0.907549395422707,
        0.203628682202362,
        -0.367272997445236,
        -0.0319805793082237
      ],
      [
        -0.419941057925672,
        -0.444013054438224,
        0.791518739738173,
        0.0478512740008618
      ],
      [
        0.0,
        0.0,
        0.0,
        1.0
      ]
    ],
    "1": [
      [
        -0.457587874320342,
        -0.885966577641342,
        -0.0753429530711336,
        -0.164808661472919
      ],
      [
        0.877639851640935,
        -0.463630977131533,
        0.121633087010641,
        0.0318839201425743
      ],
      [
        -0.142694176779114,
        -0.0104661524233194,
        0.989711489054655,
        0.0481502381698569
      ],
      [
        0.0,
        0.0,
        0.0,
        1.0
      ]
    ],
    "2": [
      [
        -0.00592923056203603,
        -0.873805674644666,
        0.486239125517191,
        -0.0848090360444517
      ],
      [
        0.907598970576013,
        0.199426141977633,
        0.369450027074404,
        0.0320192590578621
      ],
      [
        -0.419796323035711,
        0.443500684164858,
        0.791882687215095,
        0.0479462413978898
      ],
      [
        0.0,
        0.0,
        0.0,
        1.0
      ]
    ],
    "3": [
      [
        -0.44557464605172,
        0.891819806707858,
        -0.078234692812348,
        -0.164700632271353
      ],
      [
        -0.882380025535794,
        -0.452253241361712,
        -0.129894173130583,
        -0.0321159182235116
      ],
      [
        -0.151224089785116,
        0.0111551800247043,
        0.988436561761694,
        0.048055270772829
      ],
      [
        0.0,
        0.0,
        0.0,
        1.0
      ]
    ]
  },
  "T_WP": {
    "0": [
      [
        -0.48847582334327,
        0.872575364809807,
        -0.00189808749698259,
        -0.0848338729676744
      ],
      [
        0.367272997445236,
        0.203628682202362,
        -0.907549395422707,
        -0.0955090369878132
      ],
      [
        -0.791518739738173,
        -0.444013054438224,
        -0.419941057925672,
        0.0184553999460647
      ],
      [
        0.0,
        0.0,
        0.0,
        1.0
      ]
    ],
    "1": [
      [
        0.0753429530711336,
        -0.885966577641342,
        -0.457587874320342,
        -0.196839812675343
      ],
      [
        -0.121633087010641,
        -0.463630977131533,
        0.877639851640935,
        0.0933187097574397
      ],
      [
        -0.989711489054655,
        -0.0104661524233194,
        -0.142694176779114,
        0.038161645795319
      ],
      [
        0.0,
        0.0,
        0.0,
        1.0
      ]
    ],
    "2": [
      [
        -0.486239125517191,
        -0.873805674644666,
        -0.005929230562036,
        -0.0852240821837943
      ],
      [
        -0.369450027074404,
        0.199426141977633,
        0.907598970576013,
        0.0955511869981831
      ],
      [
        -0.791882687215095,
        0.443500684164858,
        -0.419796323035711,
        0.01856049878539
      ],
      [
        0.0,
        0.0,
        0.0,
        1.0
      ]
    ],
    "3": [
      [
        0.078234692812348,
        0.891819806707858,
        -0.44557464605172,
        -0.195890857494973
      ],
      [
        0.129894173130583,
        -0.452253241361712,
        -0.882380025535794,
        -0.0938825200110172
      ],
      [
        -0.988436561761694,
        0.0111551800247043,
        -0.151224089785116,
        0.0374695844878708
      ],
      [
        0.0,
        0.0,
        0.0,
        1.0
      ]
    ]
  },
  "simTime": 0.761999999999932,
  "state": [
    -0.124754834157902,
    -4.83295828247257e-05,
    0.0480007560853594,
    0.999998555029059,
    0.00074085606778087,
    0.00127560763537903,
    0.000844924399783636,
    -0.262868580169209,
    -0.00547477668898865,
    1.64978339257267,
    0.378201156244801,
    17.4530169539679,
    -0.134489112249736,
    0.893634536282252,
    -0.147199018923708,
    0.285796593377427,
    -0.313161414617701,
    0.985693255034812,
    0.00511820121577959,
    0.0728446950576572,
    -0.151908727192182,
    0.893380349956986,
    0.146163482529917,
    0.286965804289292,
    0.313302431931289,
    0.984724352419454,
    -0.00491509859464503,
    0.0759174858399846,
    0.15662160419823,
    -5.07110100620215,
    -1.23798347547337,
    9.40703200550718,
    -1.94862307195194,
    2.91273842927737,
    -2.01363062575617,
    4.90834999998762,
    -1.97233743716773,
    -9.7650425830547,
    2.11462642122085,
    3.16518451972283,
    2.55576604904398
  ]
}