{
  "T_WB": [
    [
      -0.790214291345623,
      0.0465909995874159,
      -0.611056996122768,
      -0.24592160714228
    ],
    [
      0.0668187893543119,
      0.997711574617222,
      -0.0103374689381183,
      -0.00110662378901734
    ],
    [
      0.609177004771486,
      -0.0489989043986484,
      -0.791519099090712,
      0.138424687557125
    ],
    [
      0.0,
      0.0,
      0.0,
      1.0
    ]
  ],
  "T_WH": {
    "0": [
      [
        -0.466898128697266,
        -0.0330479834265769,
        -0.883693367752881,
        -0.279021090782902
      ],
      [
        -0.387251009722261,
        0.906030504819628,
        0.170720179842276,
        -0.030360642602596
      ],
      [
        0.79501119041689,
        0.421920081446388,
        -0.43582181219415,
        0.164359732688741
      ],
      [
        0.0,
        0.0,
        0.0,
        1.0
      ]
    ],
    "1": [
      [
        0.598462616259281,
        0.710918595358063,
        -0.369374129730569,
        -0.212822123501658
      ],
      [
        0.664317363717404,
        -0.698060737630861,
        -0.267195896004818,
        0.0281473950245613
      ],
      [
        -0.447800108534663,
        -0.0854748931112355,
        -0.890038822436397,
        0.112489642425509
      ],
      [
        0.0,
        0.0,
        0.0,
        1.0
      ]
    ],
    "2": [
      [
        -0.424517926627206,
        0.105413729812887,
        -0.899262183981443,
        -0.276039266809308
      ],
      [
        0.499837903088014,
        0.855424793984808,
        -0.135685269917647,
        0.0334928981729063
      ],
      [
        0.754948078087967,
        -0.507086153826925,
        -0.415832937594296,
        0.161223802807228
      ],
      [
        0.0,
        0.0,
        0.0,
        1.0
      ]
    ],
    "3": [
      [
        0.533808863755477,
        -0.775655400014731,
        -0.336759257339832,
        -0.215803947475252
      ],
      [
        -0.760129449770051,
        -0.614635034756066,
        0.21077711840399,
        -0.0357061457509409
      ],
      [
        -0.370474447929094,
        0.143465934905809,
        -0.917696141951809,
        0.115625572307022
      ],
      [
        0.0,
        0.0,
        0.0,
        1.0
      ]
    ]
  },
  "T_WP": {
    "0": [
      [
        0.883693367752881,
        -0.0330479834265769,
        -0.466898128697266,
        -0.311703959791711
      ],
      [
        -0.170720179842276,
        0.906030504819628,
        -0.387251009722261,
        -0.0574682132831542
      ],
      [
        0.43582181219415,
        0.421920081446388,
        0.79501119041689,
        0.220010516017924
      ],
      [
        0.0,
        0.0,
        0.0,
        1.0
      ]
    ],
    "1": [
      [
        0.369374129730569,
        0.710918595358063,
        0.598462616259281,
        -0.170929740363508
      ],
      [
        0.267195896004818,
        -0.698060737630861,
        0.664317363717404,
        0.0746496104847796
      ],
      [
        0.890038822436397,
        -0.0854748931112355,
        -0.447800108534663,
        0.0811436348280824
      ],
      [
        0.0,
        0.0,
        0.0,
        1.0
      ]
    ],
    "2": [
      [
        0.899262183981443,
        0.105413729812887,
        -0.424517926627206,
        -0.305755521673212
      ],
      [
        0.135685269917648,
        0.855424793984808,
        0.499837903088014,
        0.0684815513890673
      ],
      [
        0.415832937594296,
        -0.507086153826925,
        0.754948078087967,
        0.214070168273385
      ],
      [
        0.0,
        0.0,
        0.0,
        1.0
      ]
    ],
    "3": [
      [
        0.336759257339832,
        -0.775655400014731,
        0.533808863755477,
        -0.178437327012369
      ],
      [
        -0.21077711840399,
        -0.614635034756066,
        -0.760129449770051,
        -0.0889152072348445
      ],
      [
        0.917696141951809,
        0.143465934905809,
        -0.370474447929094,
        0.0896923609519858
      ],
      [
        0.0,
        0.0,
        0.0,
        1.0
      ]
    ]
  },
  "simTime": 1.0534999999999,
  "state": [
    -0.24592160714228,
    -0.00110662378901734,
    0.138424687557125,
    -0.32248185382316,
    0.0299717914373959,
    0.945971057307458,
    -0.0156813395289432,
    -0.398963495067669,
    -0.00946164665652459,
    -1.03508747566019,
    0.465345172092895,
    12.5870896255486,
    -0.291441154517618,
    0.955361163925781,
    -0.194604433657431,
    0.143308653634886,
    0.169931723514489,
    0.983092864629661,
    -0.18283967261799,
    0.00963861788099329,
    -0.00227391216554828,
    0.953938785842271,
    0.198125746990744,
    0.143961059818627,
    -0.173269138916978,
    0.982331026359028,
    0.186633060637212,
    0.0134532439472946,
    0.0035868589182957,
    1.67136920668186,
    -1.63355790481124,
    1.87999496794637,
    -0.54914442750735,
    -0.498628595682695,
    1.68844992080495,
    -1.66274982581272,
    -1.6511121946593,
    -1.94685226394854,
    0.538972903285801,
    -0.50238342543396,
    -1.74408971688524
  ]
}