{
  "T_WB": [
    [
      -2.22044604925031e-16,
      4.64119053758527e-22,
      1.0,
      4.36664513644978e-38
    ],
    [
      -1.17658404505899e-21,
      1.0,
      -4.64119053758527e-22,
      4.89314177095739e-22
    ],
    [
      -1.0,
      -1.17658404505899e-21,
      -2.22044604925031e-16,
      0.49558703
    ],
    [
      0.0,
      0.0,
      0.0,
      1.0
    ]
  ],
  "T_WH": {
    "0": [
      [
        -1.57012924570942e-16,
        -1.56670836705429e-16,
        1.0,
        -8.88179904881097e-18
      ],
      [
        -0.707106779455507,
        0.707106782917588,
        -2.41892106466441e-19,
        -0.032
      ],
      [
        -0.707106782917588,
        -0.707106779455507,
        -2.21807914747217e-16,
        0.45558703
      ],
      [
        0.0,
        0.0,
        0.0,
        1.0
      ]
    ],
    "1": [
      [
        1.57012924570942e-16,
        1.56688829366665e-16,
        1.0,
        8.88179904881097e-18
      ],
      [
        0.707106779455507,
        -0.707106782917588,
        -2.29169373664044e-19,
        0.032
      ],
      [
        0.707106782917588,
        0.707106779455507,
        -2.21820637479957e-16,
        0.53558703
      ],
      [
        0.0,
        0.0,
        0.0,
        1.0
      ]
    ],
    "2": [
      [
        -1.57012761621921e-16,
        1.56790542975753e-16,
        1.0,
        -8.88176934519153e-18
      ],
      [
        0.707106779455507,
        0.707106782917588,
        1.57131768405276e-19,
        0.032
      ],
      [
        -0.707106782917588,
        0.707106779455507,
        -2.21892444640148e-16,
        0.45558703
      ],
      [
        0.0,
        0.0,
        0.0,
        1.0
      ]
    ],
    "3": [
      [
        1.57012761621921e-16,
        -1.56670251986033e-16,
        1.0,
        8.88176934519153e-18
      ],
      [
        -0.707106779455507,
        -0.707106782917588,
        2.42190343160343e-19,
        -0.032
      ],
      [
        0.707106782917588,
        -0.707106779455507,
        -2.21807386065809e-16,
        0.53558703
      ],
      [
        0.0,
        0.0,
        0.0,
        1.0
      ]
    ]
  },
  "T_WP": {
    "0": [
      [
        -1.0,
        -1.56670836705429e-16,
        -9.57805846135744e-17,
        -1.98727037687769e-17
      ],
      [
        -4.30559105993126e-17,
        0.707106782917588,
        -0.707106779455507,
        -0.0814974745618855
      ],
      [
        1.78510111829446e-16,
        -0.707106779455507,
        -0.707106782917588,
        0.406089555195768
      ],
      [
        0.0,
        0.0,
        0.0,
        1.0
      ]
    ],
    "1": [
      [
        -1.0,
        1.56688829366665e-16,
        2.1824526452831e-16,
        1.98727037687769e-17
      ],
      [
        4.35269720794431e-17,
        -0.707106782917588,
        0.707106779455507,
        0.0814974745618855
      ],
      [
        2.65118440397727e-16,
        0.707106779455507,
        0.707106782917588,
        0.585084504804231
      ],
      [
        0.0,
        0.0,
        0.0,
        1.0
      ]
    ],
    "2": [
      [
        -1.0,
        1.56790542975753e-16,
        -9.57804216645533e-17,
        -1.9872662658726e-17
      ],
      [
        4.31406709373738e-17,
        0.707106782917588,
        0.707106779455507,
        0.0814974745618855
      ],
      [
        1.78594641722377e-16,
        0.707106779455507,
        -0.707106782917588,
        0.406089555195768
      ],
      [
        0.0,
        0.0,
        0.0,
        1.0
      ]
    ],
    "3": [
      [
        -1.0,
        -1.56670251986033e-16,
        2.18245101579289e-16,
        1.9872662658726e-17
      ],
      [
        -4.35399930489394e-17,
        -0.707106782917588,
        -0.707106779455507,
        -0.0814974745618855
      ],
      [
        2.65105188983579e-16,
        -0.707106779455507,
        0.707106782917588,
        0.585084504804231
      ],
      [
        0.0,
        0.0,
        0.0,
        1.0
      ]
    ]
  },
  "simTime": 0.0299999999999999,
  "state": [
    4.36664513644978e-38,
    4.89314177095739e-22,
    0.49558703,
    0.707106781186548,
    -2.51894413353286e-22,
    0.707106781186548,
    -5.80076143543824e-22,
    2.57509285644916e-35,
    3.82557581735113e-20,
    -0.294198,
    4.9797278251109e-20,
    -6.46552424124979e-19,
    5.78895581527831e-19,
    1.0,
    1.69040298424461e-19,
    1.67506823354746e-21,
    -4.69469269614144e-21,
    1.0,
    -1.60043967806684e-19,
    -1.67506823354741e-21,
    4.80891867312338e-21,
    1.0,
    -1.09515344993658e-19,
    1.9217754523412e-21,
    3.82553847012508e-21,
    1.0,
    1.69660839853789e-19,
    -1.92177545234115e-21,
    -4.46957523689567e-21,
    1.85749990249637e-17,
    2.78636619820823e-19,
    -9.69517532895886e-19,
    -1.65023876260648e-17,
    -2.78636619820816e-19,
    9.63547900582957e-19,
    -8.66291144755722e-18,
    3.27643801178062e-19,
    7.39776134243504e-19,
    1.86106077430361e-17,
    -3.27643801178056e-19,
    -9.25275964196421e-19
  ]
}