{
  "T_WB": [
    [
      -0.391973708586828,
      0.0355473465016135,
      -0.919289398357983,
      -0.263811332200108
    ],
    [
      0.0159169431927025,
      0.999365691000932,
      0.0318569705030154,
      -0.00245745581221093
    ],
    [
      0.919838715588819,
      -0.0021451822589095,
      -0.392290881230991,
      0.126880732847195
    ],
    [
      0.0,
      0.0,
      0.0,
      1.0
    ]
  ],
  "T_WH": {
    "0": [
      [
        -0.0542903616847285,
        0.143361119813035,
        -0.988180219369976,
        -0.280627795631633
      ],
      [
        -0.37317906982981,
        0.915014831699942,
        0.153248946521942,
        -0.0338004801965327
      ],
      [
        0.926169497699584,
        0.377088115823186,
        0.0038228831817077,
        0.163742927303033
      ],
      [
        0.0,
        0.0,
        0.0,
        1.0
      ]
    ],
    "1": [
      [
        0.499986911365209,
        0.533135514629908,
        -0.682480484339137,
        -0.246994868768584
      ],
      [
        0.698847305400235,
        -0.713813634181011,
        -0.0456348484398552,
        0.0288855685721108
      ],
      [
        -0.511493433191776,
        -0.45413282054659,
        -0.729477792056818,
        0.0900185383913571
      ],
      [
        0.0,
        0.0,
        0.0,
        1.0
      ]
    ],
    "2": [
      [
        -0.0313595328537195,
        -0.0154349621134954,
        -0.999388984151693,
        -0.27835276545553
      ],
      [
        0.398939437198964,
        0.916589222762422,
        -0.026674372778973,
        0.030158924027527
      ],
      [
        0.916440890154172,
        -0.399532174749835,
        -0.0225861947458383,
        0.163605635638463
      ],
      [
        0.0,
        0.0,
        0.0,
        1.0
      ]
    ],
    "3": [
      [
        0.318430521623837,
        -0.581228251575306,
        -0.748849599364976,
        -0.249269898944687
      ],
      [
        -0.631737048491193,
        -0.719094404724268,
        0.289502225652733,
        -0.0350738356519489
      ],
      [
        -0.706760429326661,
        0.380889690940781,
        -0.596165026543012,
        0.0901558300559273
      ],
      [
        0.0,
        0.0,
        0.0,
        1.0
      ]
    ]
  },
  "T_WP": {
    "0": [
      [
        0.988180219369976,
        0.143361119813035,
        -0.0542903616847285,
        -0.284428120949564
      ],
      [
        -0.153248946521942,
        0.915014831699942,
        -0.37317906982981,
        -0.0599230150846194
      ],
      [
        -0.00382288318170765,
        0.377088115823186,
        0.926169497699584,
        0.228574792142004
      ],
      [
        0.0,
        0.0,
        0.0,
        1.0
      ]
    ],
    "1": [
      [
        0.682480484339137,
        0.533135514629908,
        0.499986911365209,
        -0.211995784973019
      ],
      [
        0.0456348484398552,
        -0.713813634181011,
        0.698847305400235,
        0.0778048799501272
      ],
      [
        0.729477792056818,
        -0.45413282054659,
        -0.511493433191776,
        0.0542139980679328
      ],
      [
        0.0,
        0.0,
        0.0,
        1.0
      ]
    ],
    "2": [
      [
        0.999388984151693,
        -0.0154349621134954,
        -0.0313595328537196,
        -0.28054793275529
      ],
      [
        0.026674372778973,
        0.916589222762422,
        0.398939437198964,
        0.0580846846314545
      ],
      [
        0.0225861947458384,
        -0.399532174749835,
        0.916440890154172,
        0.227756497949255
      ],
      [
        0.0,
        0.0,
        0.0,
        1.0
      ]
    ],
    "3": [
      [
        0.748849599364976,
        -0.581228251575306,
        0.318430521623837,
        -0.226979762431018
      ],
      [
        -0.289502225652733,
        -0.719094404724268,
        -0.631737048491193,
        -0.0792954290463324
      ],
      [
        0.596165026543012,
        0.380889690940781,
        -0.706760429326661,
        0.040682600003061
      ],
      [
        0.0,
        0.0,
        0.0,
        1.0
      ]
    ]
  },
  "simTime": 1.0984999999999,
  "state": [
    -0.263811332200108,
    -0.00245745581221093,
    0.126880732847195,
    -0.551158121863207,
    0.0154230480388185,
    0.834210746876764,
    0.00890416131515481,
    -0.378722940841266,
    -0.0333164009179447,
    0.768842804451084,
    -1.84591121958706,
    9.1039081432372,
    -2.67970477343064,
    0.95616433804432,
    -0.160046146364228,
    0.135949435043443,
    0.204090031107831,
    0.977780129257205,
    -0.171002749985702,
    0.121254581958203,
    -0.00118519248783502,
    0.962929843564534,
    0.131386696609274,
    0.139170363957465,
    -0.190092772410818,
    0.980815540180894,
    0.184946855435546,
    0.0065975822590455,
    -0.0612536424427102,
    0.599223886697772,
    0.0188727138055267,
    1.54234434121146,
    0.302730901096898,
    5.43184719837374,
    1.06943331512408,
    -3.60289717594734,
    -0.312346526545489,
    0.147338959080252,
    -0.675285927063081,
    -0.838484650610093,
    -3.87369563808931
  ]
}