{
  "T_WB": [
    [
      0.993968100307577,
      -0.00308556567566076,
      0.109626159539631,
      -0.0083457492418998
    ],
    [
      0.00240539321649342,
      0.999977033212353,
      0.00633617639398658,
      -3.8210935059474e-06
    ],
    [
      -0.1096431924673,
      -0.0060342631930377,
      0.993952694052034,
      0.437776878086891
    ],
    [
      0.0,
      0.0,
      0.0,
      1.0
    ]
  ],
  "T_WH": {
    "0": [
      [
        0.453041777497833,
        0.891137747154586,
        0.0250332466502824,
        0.0315117128720244
      ],
      [
        -0.882630948127732,
        0.45231191374171,
        -0.127970864240474,
        -0.0319068704276415
      ],
      [
        -0.125362503360239,
        0.035881029577784,
        0.991461948068453,
        0.433584246810376
      ],
      [
        0.0,
        0.0,
        0.0,
        1.0
      ]
    ],
    "1": [
      [
        -0.758686271677985,
        -0.650895645879189,
        -0.0270185000115262,
        -0.048203211355824
      ],
      [
        0.65128762055131,
        -0.756893987840794,
        -0.0541841903794215,
        0.0318992282406296
      ],
      [
        0.0148181133742539,
        -0.0587056159662259,
        0.998165354122279,
        0.441969509363405
      ],
      [
        0.0,
        0.0,
        0.0,
        1.0
      ]
    ],
    "2": [
      [
        0.447892422595639,
        -0.893721245627636,
        0.0255873581128619,
        0.0313142366687821
      ],
      [
        0.883780348460158,
        0.446880696619547,
        0.138672054374592,
        0.0320916596979491
      ],
      [
        -0.135368657587533,
        -0.0394965581109904,
        0.990007751707195,
        0.433198053966021
      ],
      [
        0.0,
        0.0,
        0.0,
        1.0
      ]
    ],
    "3": [
      [
        -0.755849653224861,
        0.654302372966514,
        -0.0240770938911954,
        -0.0480057351525817
      ],
      [
        -0.654333255078303,
        -0.753558884174248,
        0.0632218267744224,
        -0.032099301884961
      ],
      [
        0.0232226832749746,
        0.0635406390623412,
        0.997709022796256,
        0.44235570220776
      ],
      [
        0.0,
        0.0,
        0.0,
        1.0
      ]
    ]
  },
  "T_WP": {
    "0": [
      [
        -0.0250332466502823,
        0.891137747154586,
        0.453041777497833,
        0.0632246372968727
      ],
      [
        0.127970864240474,
        0.45231191374171,
        -0.882630948127732,
        -0.0936910367965827
      ],
      [
        -0.991461948068453,
        0.035881029577784,
        -0.125362503360239,
        0.424808871575159
      ],
      [
        0.0,
        0.0,
        0.0,
        1.0
      ]
    ],
    "1": [
      [
        0.0270185000115261,
        -0.650895645879189,
        -0.758686271677985,
        -0.101311250373283
      ],
      [
        0.0541841903794216,
        -0.756893987840794,
        0.65128762055131,
        0.0774893616792213
      ],
      [
        -0.998165354122279,
        -0.0587056159662259,
        0.014818113374254,
        0.443006777299603
      ],
      [
        0.0,
        0.0,
        0.0,
        1.0
      ]
    ],
    "2": [
      [
        -0.0255873581128619,
        -0.893721245627636,
        0.447892422595639,
        0.0626667062504769
      ],
      [
        -0.138672054374592,
        0.446880696619547,
        0.883780348460158,
        0.0939562840901601
      ],
      [
        -0.990007751707195,
        -0.0394965581109904,
        -0.135368657587533,
        0.423722247934894
      ],
      [
        0.0,
        0.0,
        0.0,
        1.0
      ]
    ],
    "3": [
      [
        0.0240770938911954,
        0.654302372966514,
        -0.755849653224861,
        -0.100915210878322
      ],
      [
        -0.0632218267744225,
        -0.753558884174248,
        -0.654333255078303,
        -0.0779026297404422
      ],
      [
        -0.997709022796256,
        0.0635406390623412,
        0.0232226832749747,
        0.443981290037008
      ],
      [
        0.0,
        0.0,
        0.0,
        1.0
      ]
    ]
  }
}