{
  "T_WB": [
    [
      0.933153085571686,
      -0.00463412518948024,
      0.359449361902021,
      -0.0142725036386121
    ],
    [
      0.000987123076924179,
      0.999946167617675,
      0.0103289619399088,
      -4.77981428183925e-05
    ],
    [
      -0.359477877589251,
      -0.00928368194485927,
      0.933107426169931,
      0.365633620730442
    ],
    [
      0.0,
      0.0,
      0.0,
      1.0
    ]
  ],
  "T_WH": {
    "0": [
      [
        0.39411511596942,
        0.792954580637646,
        0.464646433764627,
        0.0232019117903187
      ],
      [
        -0.899450371540016,
        0.436663604380712,
        0.0177179498185304,
        -0.032006590583507
      ],
      [
        -0.188844657062194,
        -0.424909319331807,
        0.885319019249018,
        0.351551583449107
      ],
      [
        0.0,
        0.0,
        0.0,
        1.0
      ]
    ],
    "1": [
      [
        -0.769867325887139,
        -0.566812258122638,
        0.293305582240268,
        -0.0517469190675429
      ],
      [
        0.590759854588455,
        -0.806802461816874,
        -0.00851949604487947,
        0.0319109942978702
      ],
      [
        0.241468620607345,
        0.166714281476265,
        0.955980780985601,
        0.379715658011777
      ],
      [
        0.0,
        0.0,
        0.0,
        1.0
      ]
    ],
    "2": [
      [
        0.387501259536256,
        -0.795759358062536,
        0.465413598763204,
        0.0229053277781919
      ],
      [
        0.898658491675066,
        0.438645385405875,
        0.00177234376654388,
        0.0319899641440242
      ],
      [
        -0.205561886540552,
        0.417561097227738,
        0.88509154378734,
        0.350957427804636
      ],
      [
        0.0,
        0.0,
        0.0,
        1.0
      ]
    ],
    "3": [
      [
        -0.763241645814449,
        0.574129931103241,
        0.29637309646093,
        -0.0514503350554162
      ],
      [
        -0.594540882964696,
        -0.803653847882842,
        0.0257221940483559,
        -0.032085560429661
      ],
      [
        0.252949260876586,
        -0.156573672737437,
        0.954725801697796,
        0.380309813656247
      ],
      [
        0.0,
        0.0,
        0.0,
        1.0
      ]
    ]
  },
  "T_WP": {
    "0": [
      [
        -0.464646433764627,
        0.792954580637646,
        0.39411511596942,
        0.0507899699081781
      ],
      [
        -0.0177179498185305,
        0.436663604380712,
        -0.899450371540016,
        -0.0949681165913081
      ],
      [
        -0.885319019249018,
        -0.424909319331807,
        -0.188844657062194,
        0.338332457454754
      ],
      [
        0.0,
        0.0,
        0.0,
        1.0
      ]
    ],
    "1": [
      [
        -0.293305582240268,
        -0.566812258122638,
        -0.769867325887139,
        -0.105637631879643
      ],
      [
        0.00851949604487951,
        -0.806802461816874,
        0.590759854588455,
        0.0732641841190621
      ],
      [
        -0.955980780985601,
        0.166714281476265,
        0.241468620607345,
        0.396618461454291
      ],
      [
        0.0,
        0.0,
        0.0,
        1.0
      ]
    ],
    "2": [
      [
        -0.465413598763204,
        -0.795759358062536,
        0.387501259536256,
        0.0500304159457299
      ],
      [
        -0.00177234376654383,
        0.438645385405875,
        0.898658491675066,
        0.0948960585612788
      ],
      [
        -0.88509154378734,
        0.417561097227738,
        -0.205561886540552,
        0.336568095746798
      ],
      [
        0.0,
        0.0,
        0.0,
        1.0
      ]
    ],
    "3": [
      [
        -0.29637309646093,
        0.574129931103241,
        -0.763241645814449,
        -0.104877250262428
      ],
      [
        -0.025722194048356,
        -0.803653847882842,
        -0.594540882964696,
        -0.0737034222371897
      ],
      [
        -0.954725801697796,
        -0.156573672737437,
        0.252949260876586,
        0.398016261917609
      ],
      [
        0.0,
        0.0,
        0.0,
        1.0
      ]
    ]
  }
}