{
  "T_WB": [
    [
      0.993113676371489,
      -0.00236422827981914,
      -0.11713085088288,
      -0.00387188992310505
    ],
    [
      0.00252190308951082,
      0.99999610244779,
      0.00119795410434628,
      1.37049789537441e-06
    ],
    [
      0.117127562122301,
      -0.00148509725941021,
      0.993115768013688,
      0.240603587035245
    ],
    [
      0.0,
      0.0,
      0.0,
      1.0
    ]
  ],
  "T_WH": {
    "0": [
      [
        0.665770637288477,
        0.683414351497189,
        -0.29949003771774,
        0.0359283124367087
      ],
      [
        -0.746128469065843,
        0.613241507765539,
        -0.259282010179861,
        -0.0318976286568535
      ],
      [
        0.00646267544882746,
        0.396080392497693,
        0.918193093257032,
        0.245336212632439
      ],
      [
        0.0,
        0.0,
        0.0,
        1.0
      ]
    ],
    "1": [
      [
        -0.637670165459227,
        -0.709411827600215,
        -0.300185973929704,
        -0.0436720922829188
      ],
      [
        0.743551384997045,
        -0.668678369582727,
        0.000758894697608961,
        0.0319003696526442
      ],
      [
        -0.201266236493304,
        -0.222719772164728,
        0.953880393516249,
        0.235870961438052
      ],
      [
        0.0,
        0.0,
        0.0,
        1.0
      ]
    ],
    "2": [
      [
        0.661088548042998,
        -0.687550097087944,
        -0.300394400148802,
        0.0357770018268003
      ],
      [
        0.7502946606338,
        0.608160201729353,
        0.259227875154126,
        0.0321021218998051
      ],
      [
        0.00445576826274262,
        -0.396756894113852,
        0.917912911502131,
        0.245241166407836
      ],
      [
        0.0,
        0.0,
        0.0,
        1.0
      ]
    ],
    "3": [
      [
        -0.637380805982142,
        0.710078050654035,
        -0.299223779377441,
        -0.0435207816730104
      ],
      [
        -0.744239072295969,
        -0.66791324760791,
        0.000311348503682393,
        -0.0320993809040143
      ],
      [
        -0.199634444506931,
        0.222892475532979,
        0.954182913762969,
        0.235966007662654
      ],
      [
        0.0,
        0.0,
        0.0,
        1.0
      ]
    ]
  },
  "T_WP": {
    "0": [
      [
        0.29949003771774,
        0.683414351497189,
        0.665770637288477,
        0.0825322570469021
      ],
      [
        0.259282010179861,
        0.613241507765539,
        -0.746128469065843,
        -0.0841266214914625
      ],
      [
        -0.918193093257032,
        0.396080392497693,
        0.00646267544882752,
        0.245788599913857
      ],
      [
        0.0,
        0.0,
        0.0,
        1.0
      ]
    ],
    "1": [
      [
        0.300185973929704,
        -0.709411827600215,
        -0.637670165459227,
        -0.0883090038650647
      ],
      [
        -0.000758894697608916,
        -0.668678369582727,
        0.743551384997045,
        0.0839489666024374
      ],
      [
        -0.953880393516249,
        -0.222719772164728,
        -0.201266236493304,
        0.221782324883521
      ],
      [
        0.0,
        0.0,
        0.0,
        1.0
      ]
    ],
    "2": [
      [
        0.300394400148802,
        -0.687550097087944,
        0.661088548042998,
        0.0820532001898102
      ],
      [
        -0.259227875154126,
        0.608160201729353,
        0.7502946606338,
        0.0846227481441711
      ],
      [
        -0.917912911502131,
        -0.396756894113852,
        0.00445576826274268,
        0.245553070186228
      ],
      [
        0.0,
        0.0,
        0.0,
        1.0
      ]
    ],
    "3": [
      [
        0.299223779377441,
        0.710078050654035,
        -0.637380805982142,
        -0.0881374380917604
      ],
      [
        -0.000311348503682439,
        -0.66791324760791,
        -0.744239072295969,
        -0.0841961159647321
      ],
      [
        -0.954182913762969,
        0.222892475532979,
        -0.199634444506931,
        0.221991596547169
      ],
      [
        0.0,
        0.0,
        0.0,
        1.0
      ]
    ]
  }
}