{
  "T_WB": [
    [
      0.488759372862349,
      -0.105800938969997,
      0.865979466703611,
      -0.0377718518420838
    ],
    [
      -0.129163295121636,
      0.972904557730814,
      0.191764346894649,
      0.00259133223059791
    ],
    [
      -0.862804218019664,
      -0.205579383352702,
      0.461850623587106,
      0.523261509249245
    ],
    [
      0.0,
      0.0,
      0.0,
      1.0
    ]
  ],
  "T_WH": {
    "0": [
      [
        0.176450041049896,
        -0.329759611554478,
        0.927428693539795,
        0.0229360049615339
      ],
      [
        -0.61688123228676,
        0.697170546798392,
        0.365254396180524,
        -0.0362994776522515
      ],
      [
        -0.767022117194712,
        -0.636562508528637,
        -0.0804067439327745,
        -0.0279336284535001
      ],
      [
        0.0,
        0.0,
        0.0,
        1.0
      ]
    ],
    "1": [
      [
        -0.499687327892109,
        -0.0918612278064747,
        0.861321130107657,
        -0.0229360049615339
      ],
      [
        0.727312538753146,
        -0.584554904820274,
        0.359599825115384,
        0.0362994776522515
      ],
      [
        0.470456209775679,
        0.806137133542704,
        0.358906501204777,
        0.0279336284535001
      ],
      [
        0.0,
        0.0,
        0.0,
        1.0
      ]
    ],
    "2": [
      [
        0.0305427672859556,
        0.193470415284934,
        0.980630581705461,
        0.0161647448674541
      ],
      [
        0.185311844604653,
        0.962983558479845,
        -0.195760533169268,
        0.0259664140425206
      ],
      [
        -0.982204998773544,
        0.187701530379937,
        -0.00644017680602816,
        -0.041090708988073
      ],
      [
        0.0,
        0.0,
        0.0,
        1.0
      ]
    ],
    "3": [
      [
        -0.390422216998351,
        0.190814209369127,
        0.900644452587661,
        -0.0161647448674541
      ],
      [
        -0.537440535955234,
        -0.841526593954052,
        -0.0546869452451257,
        -0.0259664140425206
      ],
      [
        0.747481212329945,
        -0.50539383570729,
        0.43110196942583,
        0.041090708988073
      ],
      [
        0.0,
        0.0,
        0.0,
        1.0
      ]
    ]
  },
  "T_WP": {
    "0": [
      [
        -0.927428693539795,
        -0.329759611554478,
        0.176450041049896,
        0.0352875078350266
      ],
      [
        -0.365254396180524,
        0.697170546798392,
        -0.61688123228676,
        -0.0794811639123247
      ],
      [
        0.0804067439327745,
        -0.636562508528637,
        -0.767022117194712,
        -0.08162517665713
      ],
      [
        0.0,
        0.0,
        0.0,
        1.0
      ]
    ],
    "1": [
      [
        -0.861321130107657,
        -0.0918612278064747,
        -0.499687327892109,
        -0.0579141179139815
      ],
      [
        -0.359599825115384,
        -0.584554904820274,
        0.727312538753146,
        0.0872113553649717
      ],
      [
        -0.358906501204777,
        0.806137133542704,
        0.470456209775679,
        0.0608655631377977
      ],
      [
        0.0,
        0.0,
        0.0,
        1.0
      ]
    ],
    "2": [
      [
        -0.980630581705461,
        0.193470415284934,
        0.0305427672859556,
        0.018302738577471
      ],
      [
        0.195760533169268,
        0.962983558479845,
        0.185311844604653,
        0.0389382431648463
      ],
      [
        0.0064401768060281,
        0.187701530379937,
        -0.982204998773544,
        -0.109845058902221
      ],
      [
        0.0,
        0.0,
        0.0,
        1.0
      ]
    ],
    "3": [
      [
        -0.900644452587661,
        0.190814209369127,
        -0.390422216998351,
        -0.0434943000573386
      ],
      [
        0.0546869452451257,
        -0.841526593954052,
        -0.537440535955234,
        -0.063587251559387
      ],
      [
        -0.43110196942583,
        -0.50539383570729,
        0.747481212329945,
        0.0934143938511692
      ],
      [
        0.0,
        0.0,
        0.0,
        1.0
      ]
    ]
  }
}