{
  "T_WB": [
    [
      -2.22044604925031e-16,
      8.14434732981726e-20,
      1.0,
      -5.04286160626232e-36
    ],
    [
      -1.33824615535629e-18,
      1.0,
      -8.14434732981725e-20,
      4.86792790843751e-21
    ],
    [
      -1.0,
      -1.33824615535629e-18,
      -2.22044604925031e-16,
      0.325774718575002
    ],
    [
      0.0,
      0.0,
      0.0,
      1.0
    ]
  ],
  "T_WH": {
    "0": [
      [
        -1.57156326005784e-16,
        -1.53005423870062e-16,
        1.0,
        -8.88439038814679e-18
      ],
      [
        -0.707106779455507,
        0.707106782917588,
        -2.93513051130807e-18,
        -0.032
      ],
      [
        -0.707106782917588,
        -0.707106779455507,
        -2.19317476609082e-16,
        0.285774718575002
      ],
      [
        0.0,
        0.0,
        0.0,
        1.0
      ]
    ],
    "1": [
      [
        1.57156326005784e-16,
        1.53008615660926e-16,
        1.0,
        8.88439038814679e-18
      ],
      [
        0.707106779455507,
        -0.707106782917588,
        -2.93287357433864e-18,
        0.032
      ],
      [
        0.707106782917588,
        0.707106779455507,
        -2.1931973354604e-16,
        0.365774718575002
      ],
      [
        0.0,
        0.0,
        0.0,
        1.0
      ]
    ],
    "2": [
      [
        -1.57054739061295e-16,
        1.54127070088157e-16,
        1.0,
        -8.87917800585571e-18
      ],
      [
        0.707106779455507,
        0.707106782917588,
        2.07017404530685e-18,
        0.032
      ],
      [
        -0.707106782917588,
        0.707106779455507,
        -2.20038767436543e-16,
        0.285774718575002
      ],
      [
        0.0,
        0.0,
        0.0,
        1.0
      ]
    ],
    "3": [
      [
        1.57054739061295e-16,
        -1.53110344574624e-16,
        1.0,
        8.87917800585571e-18
      ],
      [
        -0.707106779455507,
        -0.707106782917588,
        2.78910755229115e-18,
        -0.032
      ],
      [
        0.707106782917588,
        -0.707106779455507,
        -2.19319833933079e-16,
        0.365774718575002
      ],
      [
        0.0,
        0.0,
        0.0,
        1.0
      ]
    ]
  },
  "T_WP": {
    "0": [
      [
        -1.0,
        -1.53005423870062e-16,
        -9.5923986048416e-17,
        -1.98853332085517e-17
      ],
      [
        -4.0362672194471e-17,
        0.707106782917588,
        -0.707106779455507,
        -0.0814974745618855
      ],
      [
        1.76019673691311e-16,
        -0.707106779455507,
        -0.707106782917588,
        0.236277243770771
      ],
      [
        0.0,
        0.0,
        0.0,
        1.0
      ]
    ],
    "1": [
      [
        -1.0,
        1.53008615660926e-16,
        2.18388665963151e-16,
        1.98853332085517e-17
      ],
      [
        4.62306762801177e-17,
        -0.707106782917588,
        0.707106779455507,
        0.0814974745618855
      ],
      [
        2.6261753646381e-16,
        0.707106779455507,
        0.707106782917588,
        0.415272193379233
      ],
      [
        0.0,
        0.0,
        0.0,
        1.0
      ]
    ],
    "2": [
      [
        -1.0,
        1.54127070088157e-16,
        -9.58223991039269e-17,
        -1.98730097401463e-17
      ],
      [
        4.12276286604722e-17,
        0.707106782917588,
        0.707106779455507,
        0.0814974745618855
      ],
      [
        1.76740964518773e-16,
        0.707106779455507,
        -0.707106782917588,
        0.236277243770771
      ],
      [
        0.0,
        0.0,
        0.0,
        1.0
      ]
    ],
    "3": [
      [
        -1.0,
        -1.53110344574624e-16,
        2.18287079018662e-16,
        1.98730097401463e-17
      ],
      [
        -4.60869102580702e-17,
        -0.707106782917588,
        -0.707106779455507,
        -0.0814974745618855
      ],
      [
        2.62617636850849e-16,
        -0.707106779455507,
        0.707106782917588,
        0.415272193379233
      ],
      [
        0.0,
        0.0,
        0.0,
        1.0
      ]
    ]
  },
  "simTime": 0.188499999999996,
  "state": [
    -5.04286160626232e-36,
    4.86792790843751e-21,
    0.325774718575002,
    0.707106781186548,
    -4.44346849548367e-19,
    0.707106781186548,
    -5.0193608180089e-19,
    -7.35335307706573e-35,
    -1.38599719005825e-20,
    -1.84854409999996,
    6.43456045424812e-19,
    -9.21143124316242e-18,
    -1.68684521395875e-17,
    1.0,
    1.97311619077693e-18,
    4.47452604632538e-20,
    -7.66370828885032e-19,
    1.0,
    -1.97152029534504e-18,
    -4.47452604632533e-20,
    7.63182161427311e-19,
    1.0,
    -1.46988231412296e-18,
    5.15410203302401e-20,
    4.78534239667175e-19,
    1.0,
    1.97824507088928e-18,
    -5.15410203302396e-20,
    -7.58377241270986e-19,
    1.83495444226133e-17,
    4.53213919159007e-19,
    -1.84639645121549e-17,
    -1.84168029932203e-17,
    -4.53213919159003e-19,
    1.84404660295651e-17,
    -2.12231432998408e-17,
    3.49739839517576e-19,
    1.32789016805862e-17,
    1.83705270831093e-17,
    -3.49739839517572e-19,
    -1.85358985978759e-17
  ]
}