{
  "T_WB": [
    [
      0.835562964705763,
      -0.00174543209974915,
      0.549391923383391,
      -0.0327733020700875
    ],
    [
      0.00136748746397402,
      0.999998463034521,
      0.00109722679170786,
      3.871083625682e-05
    ],
    [
      -0.549392994121833,
      -0.000165515502998647,
      0.835564067330846,
      0.349525798547591
    ],
    [
      0.0,
      0.0,
      0.0,
      1.0
    ]
  ],
  "T_WH": {
    "0": [
      [
        0.30218591599953,
        0.890759849651487,
        -0.339456274681121,
        0.000705070345334985
      ],
      [
        -0.774768811903791,
        0.022043309624032,
        -0.631860254013503,
        -0.0319065404822889
      ],
      [
        -0.555353005099202,
        0.453939404270745,
        0.696794128116481,
        0.327555375278814
      ],
      [
        0.0,
        0.0,
        0.0,
        1.0
      ]
    ],
    "1": [
      [
        -0.578140375822451,
        -0.528757758627849,
        0.621424925903949,
        -0.06625167448551
      ],
      [
        0.700786373855177,
        -0.711869794328112,
        0.046258557501968,
        0.0319839621548025
      ],
      [
        0.417914063011508,
        0.462230060266643,
        0.782106902746108,
        0.371496221816369
      ],
      [
        0.0,
        0.0,
        0.0,
        1.0
      ]
    ],
    "2": [
      [
        0.299896769933948,
        -0.890415204873673,
        -0.342377993324572,
        0.000593362690951033
      ],
      [
        0.775366067786378,
        0.0184251115749519,
        0.6312431989249,
        0.0320933611519204
      ],
      [
        -0.555760189568014,
        -0.454776074781014,
        0.695923367547102,
        0.327544782286622
      ],
      [
        0.0,
        0.0,
        0.0,
        1.0
      ]
    ],
    "3": [
      [
        -0.576003995791237,
        0.530912372182046,
        0.62157175764071,
        -0.066139966831126
      ],
      [
        -0.702381458655313,
        -0.71043484303631,
        -0.0440751668993737,
        -0.0320159394794068
      ],
      [
        0.418186182662415,
        -0.461967950039833,
        0.782116314729613,
        0.37150681480856
      ],
      [
        0.0,
        0.0,
        0.0,
        1.0
      ]
    ]
  },
  "T_WP": {
    "0": [
      [
        0.339456274681121,
        0.890759849651487,
        0.30218591599953,
        0.0218580844653021
      ],
      [
        0.631860254013503,
        0.022043309624032,
        -0.774768811903791,
        -0.0861403573155542
      ],
      [
        -0.696794128116481,
        0.453939404270745,
        -0.555353005099202,
        0.28868066492187
      ],
      [
        0.0,
        0.0,
        0.0,
        1.0
      ]
    ],
    "1": [
      [
        -0.621424925903949,
        -0.528757758627849,
        -0.578140375822451,
        -0.106721500793082
      ],
      [
        -0.046258557501968,
        -0.711869794328112,
        0.700786373855177,
        0.0810390083246649
      ],
      [
        -0.782106902746108,
        0.462230060266643,
        0.417914063011508,
        0.400750206227174
      ],
      [
        0.0,
        0.0,
        0.0,
        1.0
      ]
    ],
    "2": [
      [
        0.342377993324572,
        -0.890415204873673,
        0.299896769933948,
        0.0215861365863274
      ],
      [
        -0.6312431989249,
        0.0184251115749519,
        0.775366067786378,
        0.0863689858969669
      ],
      [
        -0.695923367547102,
        -0.454776074781014,
        -0.555760189568014,
        0.288641569016861
      ],
      [
        0.0,
        0.0,
        0.0,
        1.0
      ]
    ],
    "3": [
      [
        -0.62157175764071,
        0.530912372182046,
        -0.576003995791237,
        -0.106460246536513
      ],
      [
        0.0440751668993737,
        -0.71043484303631,
        -0.702381458655313,
        -0.0811826415852787
      ],
      [
        -0.782116314729613,
        -0.461967950039833,
        0.418186182662415,
        0.40077984759493
      ],
      [
        0.0,
        0.0,
        0.0,
        1.0
      ]
    ]
  },
  "simTime": 0.463999999999965,
  "state": [
    -0.0327733020700875,
    3.871083625682e-05,
    0.349525798547591,
    0.958009067685574,
    -0.000329522532014527,
    0.286736565072329,
    0.000812340840166468,
    -0.242873947749592,
    0.000133372113678346,
    0.367911155371688,
    -0.0109401992083715,
    -4.62683441039302,
    0.00230930236828951,
    0.821753341145856,
    0.54365870232054,
    0.0831929223311009,
    -0.149116060103466,
    0.998729211406903,
    0.047602441127422,
    -0.0159843523791959,
    0.00429771570407343,
    0.821501628996458,
    -0.544091303493552,
    0.0832100796596428,
    0.148915444672104,
    0.998725693510735,
    -0.0476844381778021,
    -0.0159052924052665,
    -0.00449501397904155,
    -1.03245166069587,
    -1.00859133661221,
    -5.69015763967988,
    0.0653377828510491,
    0.319399128002065,
    -0.587078334133529,
    1.03070121018525,
    -1.00761406320438,
    5.69538336623451,
    -0.0686314735718389,
    0.318670205052355,
    0.587411743029031
  ]
}