{
  "T_WB": [
    [
      0.0547111218912246,
      0.10799513986726,
      -0.992644822132496,
      -0.281320097550567
    ],
    [
      -0.161657849056699,
      0.981976345671147,
      0.0979244422026586,
      -0.00364473799492921
    ],
    [
      0.985329098819154,
      0.155111270729729,
      0.0711832895618321,
      0.154577743351853
    ],
    [
      0.0,
      0.0,
      0.0,
      1.0
    ]
  ],
  "T_WH": {
    "0": [
      [
        0.308702678374556,
        0.265643594883444,
        -0.913310536926941,
        -0.28258749715067
      ],
      [
        -0.479927316586208,
        0.872517235264218,
        0.0915611542153538,
        -0.0415342950186739
      ],
      [
        0.821201818774617,
        0.410057501655909,
        0.396838025114751,
        0.189027346641268
      ],
      [
        0.0,
        0.0,
        0.0,
        1.0
      ]
    ],
    "1": [
      [
        0.336992080761311,
        0.202340532718993,
        -0.919507828309883,
        -0.280052697950463
      ],
      [
        0.729602367788084,
        -0.673401476023224,
        0.119209215280383,
        0.0342448190288155
      ],
      [
        -0.595077072673938,
        -0.711047650237829,
        -0.374559096364084,
        0.120128140062438
      ],
      [
        0.0,
        0.0,
        0.0,
        1.0
      ]
    ],
    "2": [
      [
        0.356112486771088,
        0.0108684026349991,
        -0.934379887727618,
        -0.275675808199165
      ],
      [
        0.204174822915728,
        0.974866178110224,
        0.0891547893502984,
        0.0213121911042795
      ],
      [
        0.911864320199581,
        -0.222525981855892,
        0.34494296477248,
        0.19895446796797
      ],
      [
        0.0,
        0.0,
        0.0,
        1.0
      ]
    ],
    "3": [
      [
        -0.0382031036357862,
        -0.390909154614753,
        -0.919636099612761,
        -0.286964386901968
      ],
      [
        -0.361598929011541,
        -0.852531820429998,
        0.377406557563618,
        -0.0286016670941379
      ],
      [
        -0.931550716499268,
        0.346957530531753,
        -0.108782970160809,
        0.110201018735735
      ],
      [
        0.0,
        0.0,
        0.0,
        1.0
      ]
    ]
  },
  "T_WP": {
    "0": [
      [
        0.913310536926941,
        0.265643594883444,
        0.308702678374556,
        -0.260978309664451
      ],
      [
        -0.0915611542153538,
        0.872517235264218,
        -0.479927316586208,
        -0.0751292071797084
      ],
      [
        -0.396838025114751,
        0.410057501655909,
        0.821201818774617,
        0.246511473955491
      ],
      [
        0.0,
        0.0,
        0.0,
        1.0
      ]
    ],
    "1": [
      [
        0.919507828309883,
        0.202340532718993,
        0.336992080761311,
        -0.256463252297172
      ],
      [
        -0.119209215280383,
        -0.673401476023224,
        0.729602367788084,
        0.0853169847739814
      ],
      [
        0.374559096364084,
        -0.711047650237829,
        -0.595077072673938,
        0.0784727449752624
      ],
      [
        0.0,
        0.0,
        0.0,
        1.0
      ]
    ],
    "2": [
      [
        0.934379887727618,
        0.0108684026349991,
        0.356112486771088,
        -0.250747934125189
      ],
      [
        -0.0891547893502983,
        0.974866178110224,
        0.204174822915728,
        0.0356044287083805
      ],
      [
        -0.34494296477248,
        -0.222525981855892,
        0.911864320199581,
        0.262784970381941
      ],
      [
        0.0,
        0.0,
        0.0,
        1.0
      ]
    ],
    "3": [
      [
        0.919636099612761,
        -0.390909154614753,
        -0.0382031036357863,
        -0.289638604156473
      ],
      [
        -0.377406557563618,
        -0.852531820429998,
        -0.361598929011541,
        -0.0539135921249458
      ],
      [
        0.108782970160809,
        0.346957530531753,
        -0.931550716499268,
        0.0449924685807866
      ],
      [
        0.0,
        0.0,
        0.0,
        1.0
      ]
    ]
  },
  "simTime": 1.15099999999989,
  "state": [
    -0.281320097550567,
    -0.00364473799492921,
    0.154577743351853,
    -0.725925402008396,
    -0.0196944577117888,
    0.681190489917851,
    0.0928652545350797,
    -0.303763524335892,
    -0.0197177379562881,
    0.268596764021211,
    -1.85416603759271,
    8.79845550180309,
    -2.80968150758777,
    0.957824705637361,
    -0.108868669776358,
    0.127451832073565,
    0.233399821150149,
    0.973464199018124,
    -0.168496491804266,
    0.150768087671038,
    0.0352897891701874,
    0.971458302330613,
    0.0603326120222951,
    0.12634869693636,
    -0.191480415557246,
    0.976635971232401,
    0.169883538833586,
    0.00983252183658075,
    -0.131244369184572,
    2.1773126411979,
    -1.35191632269626,
    0.894590091380625,
    -0.017966986818251,
    -1.16844278322081,
    1.71267800549469,
    -2.07035407144691,
    -1.28895092032841,
    -0.439406320290679,
    -0.702902965906608,
    -0.219062207264717,
    -2.03308758790074
  ]
}