{
  "T_WB": [
    [
      -0.91741615625013,
      0.0726533733275558,
      0.391240442177652,
      -0.209882246459059
    ],
    [
      0.0607188594573431,
      0.997236538558833,
      -0.0428077828133677,
      -0.000590185488461348
    ],
    [
      -0.393269394127534,
      -0.0155168781436165,
      -0.919292342041007,
      0.191648753626172
    ],
    [
      0.0,
      0.0,
      0.0,
      1.0
    ]
  ],
  "T_WH": {
    "0": [
      [
        -0.812906376111449,
        -0.538350642943869,
        -0.222175176199488,
        -0.248903800655546
      ],
      [
        -0.573873067083967,
        0.805455046868291,
        0.148026586632397,
        -0.0300730003440503
      ],
      [
        0.099261908872392,
        0.24783210590301,
        -0.963704477903205,
        0.176414517961666
      ],
      [
        0.0,
        0.0,
        0.0,
        1.0
      ]
    ],
    "1": [
      [
        0.601743342344024,
        0.536515247492621,
        0.591655591668476,
        -0.170860692262572
      ],
      [
        0.760348804064844,
        -0.611576104947482,
        -0.218733545699851,
        0.0288926293671276
      ],
      [
        0.24448853981691,
        0.581486076415591,
        -0.775950576282405,
        0.206882989290677
      ],
      [
        0.0,
        0.0,
        0.0,
        1.0
      ]
    ],
    "2": [
      [
        -0.721406205614148,
        0.646756650814184,
        -0.247545796023721,
        -0.244253984762582
      ],
      [
        0.687891152538995,
        0.710471934819663,
        -0.148443228515747,
        0.033750138123715
      ],
      [
        0.0798676953465573,
        -0.277372429165599,
        -0.957437040634425,
        0.175421437760475
      ],
      [
        0.0,
        0.0,
        0.0,
        1.0
      ]
    ],
    "3": [
      [
        0.476723259435513,
        -0.61901241344951,
        0.624146269642456,
        -0.175510508155535
      ],
      [
        -0.836323516799118,
        -0.53805753834547,
        0.105152559067141,
        -0.0349305091006377
      ],
      [
        0.270735866042785,
        -0.572116873920902,
        -0.774199182002305,
        0.207876069491869
      ],
      [
        0.0,
        0.0,
        0.0,
        1.0
      ]
    ]
  },
  "T_WP": {
    "0": [
      [
        0.222175176199488,
        -0.538350642943869,
        -0.812906376111449,
        -0.305807246983347
      ],
      [
        -0.148026586632397,
        0.805455046868291,
        -0.573873067083967,
        -0.070244115039928
      ],
      [
        0.963704477903205,
        0.24783210590301,
        0.0992619088723919,
        0.183362851582734
      ],
      [
        0.0,
        0.0,
        0.0,
        1.0
      ]
    ],
    "1": [
      [
        -0.591655591668476,
        0.536515247492621,
        0.601743342344024,
        -0.12873865829849
      ],
      [
        0.218733545699851,
        -0.611576104947482,
        0.760348804064844,
        0.0821170456516666
      ],
      [
        0.775950576282405,
        0.581486076415591,
        0.24448853981691,
        0.223997187077861
      ],
      [
        0.0,
        0.0,
        0.0,
        1.0
      ]
    ],
    "2": [
      [
        0.247545796023721,
        0.646756650814184,
        -0.721406205614148,
        -0.294752419155573
      ],
      [
        0.148443228515747,
        0.710471934819663,
        0.687891152538995,
        0.0819025188014447
      ],
      [
        0.957437040634425,
        -0.277372429165599,
        0.0798676953465573,
        0.181012176434734
      ],
      [
        0.0,
        0.0,
        0.0,
        1.0
      ]
    ],
    "3": [
      [
        -0.624146269642456,
        -0.61901241344951,
        0.476723259435513,
        -0.14213987999505
      ],
      [
        -0.105152559067141,
        -0.53805753834547,
        -0.836323516799118,
        -0.093473155276576
      ],
      [
        0.774199182002305,
        -0.572116873920902,
        0.270735866042785,
        0.226827580114864
      ],
      [
        0.0,
        0.0,
        0.0,
        1.0
      ]
    ]
  },
  "simTime": 0.970499999999909,
  "state": [
    -0.209882246459059,
    -0.000590185488461348,
    0.191648753626172,
    0.200329753324174,
    0.0340574780042646,
    0.979023114748826,
    -0.0148935862898262,
    -0.462759033789879,
    -0.00337282729023714,
    -0.26032996668858,
    0.467683011009631,
    12.9179362423692,
    -0.252934676343638,
    0.944427693818084,
    -0.263373513568324,
    0.185206968447003,
    0.0662503006695297,
    0.986196875741454,
    -0.149875268233853,
    0.0212872255750784,
    -0.0670818923178393,
    0.943569177205961,
    0.266264828631034,
    0.185117454384594,
    -0.067169762118982,
    0.985210932447444,
    0.153922597330658,
    0.0246005510630126,
    0.0711481939645607,
    0.411597125797492,
    -1.96988305205355,
    2.77662565804252,
    -1.02836323938869,
    -0.646669889397736,
    1.23645039797395,
    -0.366794501700863,
    -1.95935211293717,
    -2.80774935958896,
    1.03840316558244,
    -0.659072506629403,
    -1.30296037332945
  ]
}