{
  "T_WB": [
    [
      -2.22044604925031e-16,
      3.36563238798983e-20,
      1.0,
      -4.01955878530104e-37
    ],
    [
      -3.77838477492821e-19,
      1.0,
      -3.36563238798984e-20,
      5.05596972542638e-21
    ],
    [
      -1.0,
      -3.77838477492821e-19,
      -2.22044604925031e-16,
      0.431726450800001
    ],
    [
      0.0,
      0.0,
      0.0,
      1.0
    ]
  ],
  "T_WH": {
    "0": [
      [
        -1.5708352587988e-16,
        -1.54531964680415e-16,
        1.0,
        -8.88286119936541e-18
      ],
      [
        -0.707106779455507,
        0.707106782917588,
        -1.80422568733533e-18,
        -0.032
      ],
      [
        -0.707106782917588,
        -0.707106779455507,
        -2.20345426502374e-16,
        0.391726450800001
      ],
      [
        0.0,
        0.0,
        0.0,
        1.0
      ]
    ],
    "1": [
      [
        1.5708352587988e-16,
        1.5453880782346e-16,
        1.0,
        8.88286119936541e-18
      ],
      [
        0.707106779455507,
        -0.707106782917588,
        -1.79938685447158e-18,
        0.032
      ],
      [
        0.707106782917588,
        0.707106779455507,
        -2.20350265335214e-16,
        0.471726450800001
      ],
      [
        0.0,
        0.0,
        0.0,
        1.0
      ]
    ],
    "2": [
      [
        -1.57050772484196e-16,
        1.55622224929206e-16,
        1.0,
        -8.8807071946371e-18
      ],
      [
        0.707106779455507,
        0.707106782917588,
        1.01013512213188e-18,
        0.032
      ],
      [
        -0.707106782917588,
        0.707106779455507,
        -2.21093196767413e-16,
        0.391726450800001
      ],
      [
        0.0,
        0.0,
        0.0,
        1.0
      ]
    ],
    "3": [
      [
        1.57050772484196e-16,
        -1.54575119257114e-16,
        1.0,
        8.8807071946371e-18
      ],
      [
        -0.707106779455507,
        -0.707106782917588,
        1.75055064529927e-18,
        -0.032
      ],
      [
        0.707106782917588,
        -0.707106779455507,
        -2.20352781247871e-16,
        0.471726450800001
      ],
      [
        0.0,
        0.0,
        0.0,
        1.0
      ]
    ]
  },
  "T_WP": {
    "0": [
      [
        -1.0,
        -1.54531964680415e-16,
        -9.58511859225126e-17,
        -1.9878708010957e-17
      ],
      [
        -4.14935770184437e-17,
        0.707106782917588,
        -0.707106779455507,
        -0.0814974745618855
      ],
      [
        1.77047623584604e-16,
        -0.707106779455507,
        -0.707106782917588,
        0.34222897599577
      ],
      [
        0.0,
        0.0,
        0.0,
        1.0
      ]
    ],
    "1": [
      [
        -1.0,
        1.5453880782346e-16,
        2.18315865837248e-16,
        1.9878708010957e-17
      ],
      [
        4.50971895602506e-17,
        -0.707106782917588,
        0.707106779455507,
        0.0814974745618855
      ],
      [
        2.63648068252985e-16,
        0.707106779455507,
        0.707106782917588,
        0.521223925604232
      ],
      [
        0.0,
        0.0,
        0.0,
        1.0
      ]
    ],
    "2": [
      [
        -1.0,
        1.55622224929206e-16,
        -9.58184325268286e-17,
        -1.98742612685308e-17
      ],
      [
        4.22876675836471e-17,
        0.707106782917588,
        0.707106779455507,
        0.0814974745618855
      ],
      [
        1.77795393849643e-16,
        0.707106779455507,
        -0.707106782917588,
        0.34222897599577
      ],
      [
        0.0,
        0.0,
        0.0,
        1.0
      ]
    ],
    "3": [
      [
        -1.0,
        -1.54575119257114e-16,
        2.18283112441564e-16,
        1.98742612685308e-17
      ],
      [
        -4.50483533510783e-17,
        -0.707106782917588,
        -0.707106779455507,
        -0.0814974745618855
      ],
      [
        2.63650584165641e-16,
        -0.707106779455507,
        0.707106782917588,
        0.521223925604232
      ],
      [
        0.0,
        0.0,
        0.0,
        1.0
      ]
    ]
  },
  "simTime": 0.118000000000002,
  "state": [
    -4.01955878530104e-37,
    5.05596972542638e-21,
    0.431726450800001,
    0.707106781186548,
    -1.21686767391544e-19,
    0.707106781186548,
    -1.45485382236831e-19,
    -4.9439769031287e-35,
    2.28412817770663e-20,
    -1.15717879999998,
    6.51132637142713e-19,
    -5.36650414038361e-18,
    -9.58997859578087e-18,
    1.0,
    1.22674109434532e-18,
    2.52405061738177e-20,
    -2.47242142324565e-19,
    1.0,
    -1.22331952282271e-18,
    -2.52405061738173e-20,
    2.45187867370353e-19,
    1.0,
    -7.05409584853669e-19,
    3.26624231188472e-20,
    1.41804679480054e-19,
    1.0,
    1.22896242089943e-18,
    -3.26624231188468e-20,
    -2.398775424111e-19,
    2.35808867101907e-17,
    6.07407889316527e-19,
    -1.07233661337857e-17,
    -2.35973085382833e-17,
    -6.07407889316522e-19,
    1.06854973362234e-17,
    -1.88829622385066e-17,
    7.13867926639121e-19,
    6.13203249352937e-18,
    2.36357949505566e-17,
    -7.13867926639115e-19,
    -1.05926869316118e-17
  ]
}