{
  "T_WB": [
    [
      -2.22044604925031e-16,
      1.12764161660021e-19,
      1.0,
      -9.12302740002999e-36
    ],
    [
      -2.34095049981565e-18,
      1.0,
      -1.12764161660021e-19,
      3.95462849494508e-21
    ],
    [
      -1.0,
      -2.34095049981565e-18,
      -2.22044604925031e-16,
      0.214028511575003
    ],
    [
      0.0,
      0.0,
      0.0,
      1.0
    ]
  ],
  "T_WH": {
    "0": [
      [
        -1.57195711719449e-16,
        -1.52152410307598e-16,
        1.0,
        -8.88539265017437e-18
      ],
      [
        -0.707106779455507,
        0.707106782917588,
        -3.56615209239355e-18,
        -0.032
      ],
      [
        -0.707106782917588,
        -0.707106779455507,
        -2.18742154841379e-16,
        0.174028511575003
      ],
      [
        0.0,
        0.0,
        0.0,
        1.0
      ]
    ],
    "1": [
      [
        1.57195711719449e-16,
        1.52150543138668e-16,
        1.0,
        8.88539265017437e-18
      ],
      [
        0.707106779455507,
        -0.707106782917588,
        -3.56747238020903e-18,
        0.032
      ],
      [
        0.707106782917588,
        0.707106779455507,
        -2.1874083455357e-16,
        0.254028511575003
      ],
      [
        0.0,
        0.0,
        0.0,
        1.0
      ]
    ],
    "2": [
      [
        -1.57043800237373e-16,
        1.53130928902532e-16,
        1.0,
        -8.87817574382813e-18
      ],
      [
        0.707106779455507,
        0.707106782917588,
        2.76681731785153e-18,
        0.032
      ],
      [
        -0.707106782917588,
        0.707106779455507,
        -2.19326654334301e-16,
        0.174028511575003
      ],
      [
        0.0,
        0.0,
        0.0,
        1.0
      ]
    ],
    "3": [
      [
        1.57043800237373e-16,
        -1.52297682214047e-16,
        1.0,
        8.87817574382813e-18
      ],
      [
        -0.707106779455507,
        -0.707106782917588,
        3.35601170312302e-18,
        -0.032
      ],
      [
        0.707106782917588,
        -0.707106779455507,
        -2.18737459951914e-16,
        0.254028511575003
      ],
      [
        0.0,
        0.0,
        0.0,
        1.0
      ]
    ]
  },
  "T_WP": {
    "0": [
      [
        -1.0,
        -1.52152410307598e-16,
        -9.59633717620817e-17,
        -1.98890924705358e-17
      ],
      [
        -3.97316506133855e-17,
        0.707106782917588,
        -0.707106779455507,
        -0.0814974745618855
      ],
      [
        1.75444351923609e-16,
        -0.707106779455507,
        -0.707106782917588,
        0.124531036770772
      ],
      [
        0.0,
        0.0,
        0.0,
        1.0
      ]
    ],
    "1": [
      [
        -1.0,
        1.52150543138668e-16,
        2.18428051676817e-16,
        1.98890924705358e-17
      ],
      [
        4.6865275085988e-17,
        -0.707106782917588,
        0.707106779455507,
        0.0814974745618855
      ],
      [
        2.6203863747134e-16,
        0.707106779455507,
        0.707106782917588,
        0.303525986379234
      ],
      [
        0.0,
        0.0,
        0.0,
        1.0
      ]
    ],
    "2": [
      [
        -1.0,
        1.53130928902532e-16,
        -9.58114602800052e-17,
        -1.98712417604442e-17
      ],
      [
        4.05309853879275e-17,
        0.707106782917588,
        0.707106779455507,
        0.0814974745618855
      ],
      [
        1.7602885141653e-16,
        0.707106779455507,
        -0.707106782917588,
        0.124531036770772
      ],
      [
        0.0,
        0.0,
        0.0,
        1.0
      ]
    ],
    "3": [
      [
        -1.0,
        -1.52297682214047e-16,
        2.18276140194741e-16,
        1.98712417604442e-17
      ],
      [
        -4.66538144089021e-17,
        -0.707106782917588,
        -0.707106779455507,
        -0.0814974745618855
      ],
      [
        2.62035262869684e-16,
        -0.707106779455507,
        0.707106782917588,
        0.303525986379234
      ],
      [
        0.0,
        0.0,
        0.0,
        1.0
      ]
    ]
  },
  "simTime": 0.24149999999999,
  "state": [
    -9.12302740002999e-36,
    3.95462849494508e-21,
    0.214028511575003,
    0.707106781186548,
    -7.87782834728533e-19,
    0.707106781186548,
    -8.67519138113149e-19,
    -7.28824635866113e-35,
    -2.02463451004269e-20,
    -2.36829390000002,
    5.31353315812262e-19,
    -1.15127611608502e-17,
    -2.10132214469431e-17,
    1.0,
    2.38854943641561e-18,
    5.33645817571795e-20,
    -1.31814337647609e-18,
    1.0,
    -2.38948302088076e-18,
    -5.33645817571789e-20,
    1.31464705405303e-18,
    1.0,
    -1.97902644252861e-18,
    5.71451439083153e-20,
    9.0234499338557e-19,
    1.0,
    2.39564978677121e-18,
    -5.71451439083146e-20,
    -1.31283626997636e-18,
    1.26557215452144e-17,
    1.92825938473974e-19,
    -2.29490891780998e-17,
    -1.3061420324827e-17,
    -1.92825938473972e-19,
    2.29496374670751e-17,
    -1.70841369600553e-17,
    7.5880122250498e-20,
    1.85511004193768e-17,
    1.27630967249819e-17,
    -7.58801222504967e-20,
    -2.30751681704613e-17
  ]
}