{
  "T_WB": [
    [
      0.991130141591357,
      -0.00233458636915005,
      -0.132874347168974,
      -0.00368371498823095
    ],
    [
      0.00245753212955429,
      0.999996690483425,
      0.000761287087296426,
      -1.76773269267477e-07
    ],
    [
      0.132872130128662,
      -0.00108107755598508,
      0.991132598750737,
      0.209757157017939
    ],
    [
      0.0,
      0.0,
      0.0,
      1.0
    ]
  ],
  "T_WH": {
    "0": [
      [
        0.682526063310126,
        0.660237059822294,
        -0.313440899915111,
        0.0360361974392361
      ],
      [
        -0.730467862391034,
        0.6303099935075,
        -0.262918265052941,
        -0.0319017695835567
      ],
      [
        0.0239765492983461,
        0.408407072565825,
        0.912484952293437,
        0.215106636704877
      ],
      [
        0.0,
        0.0,
        0.0,
        1.0
      ]
    ],
    "1": [
      [
        -0.625110862002389,
        -0.713720780126308,
        -0.315973192252959,
        -0.043403627415698
      ],
      [
        0.749840394875819,
        -0.661530493304776,
        0.0108068793097408,
        0.0319014160370182
      ],
      [
        -0.216738996073864,
        -0.230173965608264,
        0.948706568511602,
        0.204407677331001
      ],
      [
        0.0,
        0.0,
        0.0,
        1.0
      ]
    ],
    "2": [
      [
        0.6779063901438,
        -0.664492117914459,
        -0.314472815091796,
        0.0358867839116105
      ],
      [
        0.734801465631915,
        0.625600079171813,
        0.262090341381386,
        0.0320980186073825
      ],
      [
        0.0225772519893696,
        -0.408747802648257,
        0.912368073489439,
        0.215037447741294
      ],
      [
        0.0,
        0.0,
        0.0,
        1.0
      ]
    ],
    "3": [
      [
        -0.624858235803988,
        0.714260976160669,
        -0.315251396637566,
        -0.0432542138880724
      ],
      [
        -0.750325535473051,
        -0.660987128387287,
        -0.0103733756996723,
        -0.032098372153921
      ],
      [
        -0.215786412836875,
        0.230059283751679,
        0.948951500338483,
        0.204476866294584
      ],
      [
        0.0,
        0.0,
        0.0,
        1.0
      ]
    ]
  },
  "T_WP": {
    "0": [
      [
        0.313440899915111,
        0.660237059822294,
        0.682526063310126,
        0.0838130218709449
      ],
      [
        0.262918265052941,
        0.6303099935075,
        -0.730467862391034,
        -0.0830345199509291
      ],
      [
        -0.912484952293437,
        0.408407072565825,
        0.0239765492983462,
        0.216784995155761
      ],
      [
        0.0,
        0.0,
        0.0,
        1.0
      ]
    ],
    "1": [
      [
        0.315973192252959,
        -0.713720780126308,
        -0.625110862002389,
        -0.0871613877558653
      ],
      [
        -0.0108068793097407,
        -0.661530493304776,
        0.749840394875819,
        0.0843902436783255
      ],
      [
        -0.948706568511602,
        -0.230173965608264,
        -0.216738996073864,
        0.189235947605831
      ],
      [
        0.0,
        0.0,
        0.0,
        1.0
      ]
    ],
    "2": [
      [
        0.314472815091796,
        -0.664492117914459,
        0.6779063901438,
        0.0833402312216766
      ],
      [
        -0.262090341381386,
        0.625600079171813,
        0.734801465631915,
        0.0835341212016165
      ],
      [
        -0.912368073489439,
        -0.408747802648257,
        0.0225772519893696,
        0.21661785538055
      ],
      [
        0.0,
        0.0,
        0.0,
        1.0
      ]
    ],
    "3": [
      [
        0.315251396637566,
        0.714260976160669,
        -0.624858235803988,
        -0.0869942903943516
      ],
      [
        0.0103733756996723,
        -0.660987128387287,
        -0.750325535473051,
        -0.0846211596370346
      ],
      [
        -0.948951500338483,
        0.230059283751679,
        -0.215786412836875,
        0.189371817396003
      ],
      [
        0.0,
        0.0,
        0.0,
        1.0
      ]
    ]
  }
}