{
  "T_WB": [
    [
      0.980364086074867,
      -0.00353528386507658,
      0.197164298245358,
      -0.0104299442535863
    ],
    [
      0.00202300025946997,
      0.999966976464976,
      0.00787105135570907,
      -1.59913386133972e-05
    ],
    [
      -0.197185613584108,
      -0.00731763264227949,
      0.980338862867311,
      0.434672046279234
    ],
    [
      0.0,
      0.0,
      0.0,
      1.0
    ]
  ],
  "T_WH": {
    "0": [
      [
        0.413118122468193,
        0.891935925421461,
        0.183803486993355,
        0.0393276925266771
      ],
      [
        -0.89900748290936,
        0.431639041237282,
        -0.0739816447014881,
        -0.0319180232365004
      ],
      [
        -0.145323647632905,
        -0.134677552035671,
        0.980174981529495,
        -0.00765326029881138
      ],
      [
        0.0,
        0.0,
        0.0,
        1.0
      ]
    ],
    "1": [
      [
        -0.77567113224563,
        -0.625459389787074,
        0.0844680195574812,
        -0.0393276925266771
      ],
      [
        0.624120272515421,
        -0.78004815028929,
        -0.0447075906925612,
        0.0319180232365004
      ],
      [
        0.0938519048078324,
        0.01803981589258,
        0.995422716742241,
        0.00765326029881138
      ],
      [
        0.0,
        0.0,
        0.0,
        1.0
      ]
    ],
    "2": [
      [
        0.407679747896453,
        -0.894285542603827,
        0.184528023467612,
        0.0391014343593122
      ],
      [
        0.899362198887237,
        0.428204365680777,
        0.0882533649479593,
        0.032079863257258
      ],
      [
        -0.157939413598375,
        0.129978419369149,
        0.978856859878143,
        -0.00812158878791727
      ],
      [
        0.0,
        0.0,
        0.0,
        1.0
      ]
    ],
    "3": [
      [
        -0.771535233335938,
        0.630125455996774,
        0.0876087519949778,
        -0.0391014343593122
      ],
      [
        -0.627677613694383,
        -0.776411108988943,
        0.0566268761762841,
        -0.032079863257258
      ],
      [
        0.103702444465812,
        -0.0113004222671961,
        0.994544168686539,
        0.00812158878791727
      ],
      [
        0.0,
        0.0,
        0.0,
        1.0
      ]
    ]
  },
  "T_WP": {
    "0": [
      [
        -0.183803486993355,
        0.891935925421461,
        0.413118122468193,
        0.0682459610994506
      ],
      [
        0.073981644701488,
        0.431639041237282,
        -0.89900748290936,
        -0.0948485470401556
      ],
      [
        -0.980174981529495,
        -0.134677552035671,
        -0.145323647632905,
        -0.0178259156331147
      ],
      [
        0.0,
        0.0,
        0.0,
        1.0
      ]
    ],
    "1": [
      [
        -0.0844680195574812,
        -0.625459389787074,
        -0.77567113224563,
        -0.0936246717838712
      ],
      [
        0.0447075906925612,
        -0.78004815028929,
        0.624120272515421,
        0.0756064423125799
      ],
      [
        -0.995422716742241,
        0.01803981589258,
        0.0938519048078324,
        0.0142228936353597
      ],
      [
        0.0,
        0.0,
        0.0,
        1.0
      ]
    ],
    "2": [
      [
        -0.184528023467612,
        -0.894285542603827,
        0.407679747896453,
        0.0676390167120639
      ],
      [
        -0.0882533649479593,
        0.428204365680777,
        0.899362198887237,
        0.0950352171793646
      ],
      [
        -0.978856859878143,
        0.129978419369149,
        -0.157939413598375,
        -0.0191773477398036
      ],
      [
        0.0,
        0.0,
        0.0,
        1.0
      ]
    ],
    "3": [
      [
        -0.0876087519949779,
        0.630125455996774,
        -0.771535233335938,
        -0.0931089006928279
      ],
      [
        -0.0566268761762842,
        -0.776411108988943,
        -0.627677613694383,
        -0.0760172962158648
      ],
      [
        -0.994544168686539,
        -0.0113004222671961,
        0.103702444465812,
        0.0153807599005241
      ],
      [
        0.0,
        0.0,
        0.0,
        1.0
      ]
    ]
  }
}