{
  "arms": {
    "0": [
      [
        -0.999999940395355,
        -3.45445612314844e-17,
        -5.74293168973193e-17,
        -8.88178317129729e-18
      ],
      [
        6.50353617437526e-17,
        -0.707106828689575,
        -0.707106709480286,
        0.442642331123352
      ],
      [
        -1.61819705416136e-17,
        -0.707106709480286,
        0.707106828689575,
        0.0319999828934669
      ],
      [
        0.0,
        0.0,
        0.0,
        1.0
      ]
    ],
    "1": [
      [
        -0.999999940395355,
        -1.57527958217243e-16,
        3.79054073099437e-16,
        8.88178317129729e-18
      ],
      [
        3.79420838365598e-16,
        -0.707106709480286,
        0.707106828689575,
        0.522642314434052
      ],
      [
        1.56642623498905e-16,
        0.707106828689575,
        0.707106709480286,
        0.0319999791681767
      ],
      [
        0.0,
        0.0,
        0.0,
        1.0
      ]
    ],
    "2": [
      [
        -0.999999940395355,
        1.56495795631455e-16,
        3.79053570173624e-16,
        8.88178317129729e-18
      ],
      [
        3.78690616555726e-16,
        0.707106828689575,
        0.707106709480286,
        0.522642314434052
      ],
      [
        -1.57372130624728e-16,
        0.707106709480286,
        -0.707106828689575,
        -0.0320000238716602
      ],
      [
        0.0,
        0.0,
        0.0,
        1.0
      ]
    ],
    "3": [
      [
        -0.999999940395355,
        2.79473888735126e-16,
        1.8750002053249e-16,
        -8.88178317129729e-18
      ],
      [
        6.50353485088628e-17,
        0.707106709480286,
        -0.707106828689575,
        0.442642331123352
      ],
      [
        -3.302004684847e-16,
        -0.707106828689575,
        -0.707106709480286,
        -0.0320000201463699
      ],
      [
        0.0,
        0.0,
        0.0,
        1.0
      ]
    ]
  },
  "base": [
    [
      -2.22044591690142e-16,
      1.39539475600101e-24,
      0.999999940395355,
      3.66041687276793e-36
    ],
    [
      -1.0,
      -4.37113882867379e-08,
      -2.22044604925031e-16,
      0.482642322778702
    ],
    [
      4.37113882867379e-08,
      -1.0,
      1.11012726988544e-23,
      -2.10969659519833e-08
    ],
    [
      0.0,
      0.0,
      0.0,
      1.0
    ]
  ]
}