{
  "T_WB": [
    [
      -2.22044604925031e-16,
      1.17696561523487e-19,
      1.0,
      -9.78394353625063e-36
    ],
    [
      -2.54282974538242e-18,
      1.0,
      -1.17696561523487e-19,
      3.75787045441006e-21
    ],
    [
      -1.0,
      -2.54282974538242e-18,
      -2.22044604925031e-16,
      0.191087196700003
    ],
    [
      0.0,
      0.0,
      0.0,
      1.0
    ]
  ],
  "T_WH": {
    "0": [
      [
        -1.57200805070817e-16,
        -1.52032235154464e-16,
        1.0,
        -8.88555048697e-18
      ],
      [
        -0.707106779455507,
        0.707106782917588,
        -3.6547303015957e-18,
        -0.032
      ],
      [
        -0.707106782917588,
        -0.707106779455507,
        -2.18660779719176e-16,
        0.151087196700003
      ],
      [
        0.0,
        0.0,
        0.0,
        1.0
      ]
    ],
    "1": [
      [
        1.57200805070817e-16,
        1.52029719175225e-16,
        1.0,
        8.88555048697e-18
      ],
      [
        0.707106779455507,
        -0.707106782917588,
        -3.65650936758126e-18,
        0.032
      ],
      [
        0.707106782917588,
        0.707106779455507,
        -2.18659000653199e-16,
        0.231087196700003
      ],
      [
        0.0,
        0.0,
        0.0,
        1.0
      ]
    ],
    "2": [
      [
        -1.57040809209509e-16,
        1.52977397280146e-16,
        1.0,
        -8.8780179070325e-18
      ],
      [
        0.707106779455507,
        0.707106782917588,
        2.87326559335319e-18,
        0.032
      ],
      [
        -0.707106782917588,
        0.707106779455507,
        -2.1921597610716e-16,
        0.151087196700003
      ],
      [
        0.0,
        0.0,
        0.0,
        1.0
      ]
    ],
    "3": [
      [
        1.57040809209509e-16,
        -1.52184028593222e-16,
        1.0,
        8.8780179070325e-18
      ],
      [
        -0.707106779455507,
        -0.707106782917588,
        3.43426197323107e-18,
        -0.032
      ],
      [
        0.707106782917588,
        -0.707106779455507,
        -2.18654979730029e-16,
        0.231087196700003
      ],
      [
        0.0,
        0.0,
        0.0,
        1.0
      ]
    ]
  },
  "T_WP": {
    "0": [
      [
        -1.0,
        -1.52032235154464e-16,
        -9.59684651134497e-17,
        -1.98896068419272e-17
      ],
      [
        -3.96430724041833e-17,
        0.707106782917588,
        -0.707106779455507,
        -0.0814974745618855
      ],
      [
        1.75362976801405e-16,
        -0.707106779455507,
        -0.707106782917588,
        0.101589721895772
      ],
      [
        0.0,
        0.0,
        0.0,
        1.0
      ]
    ],
    "1": [
      [
        -1.0,
        1.52029719175225e-16,
        2.18433145028185e-16,
        1.98896068419272e-17
      ],
      [
        4.69543120733603e-17,
        -0.707106782917588,
        0.707106779455507,
        0.0814974745618855
      ],
      [
        2.61956803570969e-16,
        0.707106779455507,
        0.707106782917588,
        0.280584671504234
      ],
      [
        0.0,
        0.0,
        0.0,
        1.0
      ]
    ],
    "2": [
      [
        -1.0,
        1.52977397280146e-16,
        -9.58084692521413e-17,
        -1.98708745516981e-17
      ],
      [
        4.04245371124258e-17,
        0.707106782917588,
        0.707106779455507,
        0.0814974745618855
      ],
      [
        1.7591817318939e-16,
        0.707106779455507,
        -0.707106782917588,
        0.101589721895772
      ],
      [
        0.0,
        0.0,
        0.0,
        1.0
      ]
    ],
    "3": [
      [
        -1.0,
        -1.52184028593222e-16,
        2.18273149166877e-16,
        1.98708745516981e-17
      ],
      [
        -4.67320646790101e-17,
        -0.707106782917588,
        -0.707106779455507,
        -0.0814974745618855
      ],
      [
        2.61952782647799e-16,
        -0.707106779455507,
        0.707106782917588,
        0.280584671504234
      ],
      [
        0.0,
        0.0,
        0.0,
        1.0
      ]
    ]
  },
  "simTime": 0.250999999999989,
  "state": [
    -9.78394353625063e-36,
    3.75787045441006e-21,
    0.191087196700003,
    0.707106781186548,
    -8.57414059793587e-19,
    0.707106781186548,
    -9.40638096569184e-19,
    -6.72853807383123e-35,
    -2.11961199197449e-20,
    -2.46145660000004,
    5.06851087338507e-19,
    -1.18504951941643e-17,
    -2.16150866767572e-17,
    1.0,
    2.4468931462832e-18,
    5.41673907499425e-20,
    -1.42871572710572e-18,
    1.0,
    -2.44815113590269e-18,
    -5.41673907499419e-20,
    1.42523248709428e-18,
    1.0,
    -2.05753612042155e-18,
    5.73934966675995e-20,
    9.92458095950176e-19,
    1.0,
    2.45422046388321e-18,
    -5.73934966675988e-20,
    -1.42402518966938e-18,
    1.17143744522151e-17,
    1.45249498082172e-19,
    -2.35993864684121e-17,
    -1.18192106768653e-17,
    -1.45249498082169e-19,
    2.36042163346987e-17,
    -1.61153870519996e-17,
    2.88257970592091e-20,
    1.93846242902932e-17,
    1.17420363281964e-17,
    -2.88257970592077e-20,
    -2.37327827421331e-17
  ]
}