{
  "T_WB": [
    [
      0.945466475841419,
      -0.00212270674448303,
      -0.325712506938379,
      -0.120123930296417
    ],
    [
      0.00307756958730982,
      0.999992344783601,
      0.00241638979284236,
      -9.71425350499421e-06
    ],
    [
      0.325704884251744,
      -0.00328701844725783,
      0.945465770868668,
      0.0528435393219064
    ],
    [
      0.0,
      0.0,
      0.0,
      1.0
    ]
  ],
  "T_WH": {
    "0": [
      [
        -0.12886293487025,
        0.991020352247354,
        0.035679201899099,
        -0.082237344646937
      ],
      [
        -0.924607597215253,
        -0.10706600132301,
        -0.365564854071803,
        -0.0318863665030878
      ],
      [
        -0.358462180973757,
        -0.080097021119591,
        0.930101785838144,
        0.0659769192822884
      ],
      [
        0.0,
        0.0,
        0.0,
        1.0
      ]
    ],
    "1": [
      [
        -0.569771171423041,
        -0.750909187825287,
        -0.333910472813872,
        -0.158010515945898
      ],
      [
        0.791055810767293,
        -0.611242779621015,
        0.0247582029330697,
        0.0318669379960778
      ],
      [
        -0.222691527603804,
        -0.250035309507963,
        0.942279590956284,
        0.0397101593615244
      ],
      [
        0.0,
        0.0,
        0.0,
        1.0
      ]
    ],
    "2": [
      [
        -0.132681723748232,
        -0.990576410362849,
        0.0339696249000484,
        -0.082373197878584
      ],
      [
        0.921470245427083,
        -0.110656302181689,
        0.372354360226957,
        0.0321131435630626
      ],
      [
        -0.365086492458636,
        0.0807066169537962,
        0.927468756888405,
        0.0657665501016639
      ],
      [
        0.0,
        0.0,
        0.0,
        1.0
      ]
    ],
    "3": [
      [
        -0.566195968561063,
        0.753814311025505,
        -0.333445812206936,
        -0.157874662714251
      ],
      [
        -0.795048158427794,
        -0.606202286803565,
        -0.020425798753093,
        -0.0321325720700726
      ],
      [
        -0.217532873299125,
        0.253540474021944,
        0.94254797069802,
        0.0399205285421489
      ],
      [
        0.0,
        0.0,
        0.0,
        1.0
      ]
    ]
  },
  "T_WP": {
    "0": [
      [
        -0.035679201899099,
        0.991020352247354,
        -0.12886293487025,
        -0.0912577500878546
      ],
      [
        0.365564854071802,
        -0.10706600132301,
        -0.924607597215253,
        -0.0966088983081555
      ],
      [
        -0.930101785838144,
        -0.080097021119591,
        -0.358462180973757,
        0.0408845666141254
      ],
      [
        0.0,
        0.0,
        0.0,
        1.0
      ]
    ],
    "1": [
      [
        0.333910472813872,
        -0.750909187825287,
        -0.569771171423041,
        -0.19789449794551
      ],
      [
        -0.0247582029330697,
        -0.611242779621015,
        0.791055810767293,
        0.0872408447497884
      ],
      [
        -0.942279590956284,
        -0.250035309507963,
        -0.222691527603804,
        0.0241217524292581
      ],
      [
        0.0,
        0.0,
        0.0,
        1.0
      ]
    ],
    "2": [
      [
        -0.0339696249000484,
        -0.990576410362849,
        -0.132681723748232,
        -0.0916609185409602
      ],
      [
        -0.372354360226957,
        -0.110656302181689,
        0.921470245427083,
        0.0966160607429584
      ],
      [
        -0.927468756888405,
        0.0807066169537962,
        -0.365086492458636,
        0.0402104956295594
      ],
      [
        0.0,
        0.0,
        0.0,
        1.0
      ]
    ],
    "3": [
      [
        0.333445812206936,
        0.753814311025505,
        -0.566195968561063,
        -0.197508380513525
      ],
      [
        0.0204257987530929,
        -0.606202286803565,
        -0.795048158427794,
        -0.0877859431600182
      ],
      [
        -0.94254797069802,
        0.253540474021944,
        -0.217532873299125,
        0.0246932274112101
      ],
      [
        0.0,
        0.0,
        0.0,
        1.0
      ]
    ]
  },
  "simTime": 0.745999999999934,
  "state": [
    -0.120123930296417,
    -9.71425350499421e-06,
    0.0528435393219064,
    0.98627133582672,
    -0.00144569958411076,
    -0.165121241875109,
    0.00131816573768562,
    -0.341144131840388,
    -0.000400648041028636,
    -2.48327298466539,
    -0.0118636562008124,
    -1.95761315534789,
    0.000683348876774975,
    0.853781966425758,
    -0.109904027601041,
    0.233417348303924,
    -0.452209907049812,
    0.997792605656765,
    0.00409790192687937,
    0.0112843232020509,
    -0.0653129952333652,
    0.853744421850566,
    0.109728281456106,
    0.233660034793989,
    0.452198136382498,
    0.997783371043354,
    -0.00438955847542342,
    0.0113248648043137,
    0.0654280038127067,
    -4.89617674392576,
    -2.61034967248998,
    0.800619696806132,
    -0.63149530645526,
    0.0140835189023864,
    -0.205969506840523,
    4.89672671332774,
    -2.61252572432264,
    -0.801078503803792,
    0.632506328836568,
    0.0138742753839761,
    0.209185133261473
  ]
}