{
  "arms": {
    "0": [
      [
        0.253910005092621,
        0.642723023891449,
        0.722797811031342,
        0.0311450958251953
      ],
      [
        -0.90643846988678,
        -0.102627836167812,
        0.409679025411606,
        0.694299578666687
      ],
      [
        0.337489306926727,
        -0.759193360805511,
        0.556530654430389,
        0.0319824665784836
      ],
      [
        0.0,
        0.0,
        0.0,
        1.0
      ]
    ],
    "1": [
      [
        0.306016892194748,
        0.698158085346222,
        -0.647247076034546,
        -0.0446679182350636
      ],
      [
        -0.945637881755829,
        0.301535487174988,
        -0.121841751039028,
        0.668758153915405
      ],
      [
        0.11010317504406,
        0.649347007274628,
        0.752479732036591,
        0.0321275666356087
      ],
      [
        0.0,
        0.0,
        0.0,
        1.0
      ]
    ],
    "2": [
      [
        -0.0222009047865868,
        -0.813927710056305,
        -0.580541670322418,
        -0.0448360964655876
      ],
      [
        -0.998718023300171,
        0.0444782935082912,
        -0.0241665225476027,
        0.668893754482269
      ],
      [
        0.045491311699152,
        0.579260945320129,
        -0.813871800899506,
        -0.0318720676004887
      ],
      [
        0.0,
        0.0,
        0.0,
        1.0
      ]
    ],
    "3": [
      [
        0.423825860023499,
        -0.598041832447052,
        0.680233359336853,
        0.0309769194573164
      ],
      [
        -0.905610799789429,
        -0.266937226057053,
        0.329565793275833,
        0.694435179233551
      ],
      [
        -0.015514531172812,
        -0.755705237388611,
        -0.654728055000305,
        -0.0320171676576138
      ],
      [
        0.0,
        0.0,
        0.0,
        1.0
      ]
    ]
  },
  "base": [
    [
      0.947662711143494,
      -0.00262774969451129,
      -0.319262236356735,
      -0.00684550032019615
    ],
    [
      0.319267928600311,
      0.00211880914866924,
      0.947662115097046,
      0.681596696376801
    ],
    [
      -0.00181376317050308,
      -0.999994277954102,
      0.00284687289968133,
      5.52000892639626e-05
    ],
    [
      0.0,
      0.0,
      0.0,
      1.0
    ]
  ]
}