{
  "T_WB": [
    [
      -0.150410818435661,
      0.0662745806202425,
      -0.986399648043898,
      -0.273780738528248
    ],
    [
      -0.0763844917711207,
      0.993988852339904,
      0.0784319503829208,
      -0.00316295771343958
    ],
    [
      0.985668298726495,
      0.0871426496476457,
      -0.144444326638346,
      0.145216894967809
    ],
    [
      0.0,
      0.0,
      0.0,
      1.0
    ]
  ],
  "T_WH": {
    "0": [
      [
        0.158364795115678,
        0.219265474076471,
        -0.962726982870009,
        -0.281917957845522
      ],
      [
        -0.427717869769882,
        0.894034949704266,
        0.133262645129103,
        -0.0380259806591613
      ],
      [
        0.889931466770045,
        0.390671422790702,
        0.235367423122244,
        0.181855062128144
      ],
      [
        0.0,
        0.0,
        0.0,
        1.0
      ]
    ],
    "1": [
      [
        0.446835282954611,
        0.365956994765689,
        -0.816341661247874,
        -0.265643519210973
      ],
      [
        0.712722374586204,
        -0.697140930286626,
        0.0775972943039882,
        0.0317000652322822
      ],
      [
        -0.540707912528637,
        -0.616498176235066,
        -0.572332903149698,
        0.108578727807474
      ],
      [
        0.0,
        0.0,
        0.0,
        1.0
      ]
    ],
    "2": [
      [
        0.186810112867246,
        -0.0036830492936591,
        -0.982389137194843,
        -0.277676384685826
      ],
      [
        0.297594394392072,
        0.953219188418259,
        0.053016556448452,
        0.0255893058905925
      ],
      [
        0.936236913477002,
        -0.302257529234817,
        0.179167038999702,
        0.187432191705594
      ],
      [
        0.0,
        0.0,
        0.0,
        1.0
      ]
    ],
    "3": [
      [
        0.140495456401353,
        -0.468477777208687,
        -0.872232537223981,
        -0.269885092370669
      ],
      [
        -0.485241568707459,
        -0.800492185679009,
        0.351785276362111,
        -0.0319152213174717
      ],
      [
        -0.863018914467638,
        0.373819251682481,
        -0.339790406490016,
        0.103001598230025
      ],
      [
        0.0,
        0.0,
        0.0,
        1.0
      ]
    ]
  },
  "T_WP": {
    "0": [
      [
        0.962726982870009,
        0.219265474076471,
        0.158364795115678,
        -0.270832422187424
      ],
      [
        -0.133262645129103,
        0.894034949704266,
        -0.427717869769882,
        -0.0679662315430531
      ],
      [
        -0.235367423122243,
        0.390671422790702,
        0.889931466770045,
        0.244150264802048
      ],
      [
        0.0,
        0.0,
        0.0,
        1.0
      ]
    ],
    "1": [
      [
        0.816341661247874,
        0.365956994765689,
        0.44683528295461,
        -0.234365049404151
      ],
      [
        -0.0775972943039881,
        -0.697140930286626,
        0.712722374586204,
        0.0815906314533165
      ],
      [
        0.572332903149698,
        -0.616498176235066,
        -0.540707912528637,
        0.0707291739304695
      ],
      [
        0.0,
        0.0,
        0.0,
        1.0
      ]
    ],
    "2": [
      [
        0.982389137194843,
        -0.0036830492936591,
        0.186810112867246,
        -0.264599676785119
      ],
      [
        -0.053016556448452,
        0.953219188418259,
        0.297594394392072,
        0.0464209134980375
      ],
      [
        -0.179167038999702,
        -0.302257529234817,
        0.936236913477002,
        0.252968775648984
      ],
      [
        0.0,
        0.0,
        0.0,
        1.0
      ]
    ],
    "3": [
      [
        0.872232537223981,
        -0.468477777208687,
        0.140495456401353,
        -0.260050410422574
      ],
      [
        -0.351785276362111,
        -0.800492185679009,
        -0.485241568707459,
        -0.0658821311269938
      ],
      [
        0.339790406490016,
        0.373819251682481,
        -0.863018914467638,
        0.0425902742172901
      ],
      [
        0.0,
        0.0,
        0.0,
        1.0
      ]
    ]
  },
  "simTime": 1.12699999999989,
  "state": [
    -0.273780738528248,
    -0.00316295771343958,
    0.145216894967809,
    -0.651754115304594,
    -0.00334125211493834,
    0.756446296410709,
    0.0547212012327273,
    -0.326769190753415,
    -0.0207384318487029,
    0.509790627630384,
    -1.90561946887402,
    8.89994338143458,
    -2.76997617786347,
    0.955821051196674,
    -0.137285918604498,
    0.134567893301728,
    0.222373956961102,
    0.97303847571673,
    -0.170049799074231,
    0.155194485059918,
    0.013923448447292,
    0.968561363340056,
    0.089381130453571,
    0.135490217812582,
    -0.188526655517975,
    0.97852955050569,
    0.177262152561047,
    0.00756270467431389,
    -0.104884953899811,
    1.82608737361153,
    -1.07731820380036,
    1.26089136578769,
    -0.263616446292135,
    0.0837651510431131,
    1.64320811561579,
    -2.36600472176529,
    -1.1663859072003,
    -0.423830424846495,
    -0.468714558093389,
    -0.339643083128664,
    -2.44054593640949
  ]
}