{
  "T_WB": [
    [
      0.999902739462517,
      -0.00235318334783943,
      -0.0137467866603302,
      -0.0769415697585966
    ],
    [
      0.00237760232264876,
      0.999995624222785,
      0.00176026772899685,
      3.13482236607032e-05
    ],
    [
      0.0137425842747467,
      -0.00179278091630397,
      0.999903959045086,
      0.287347216846227
    ],
    [
      0.0,
      0.0,
      0.0,
      1.0
    ]
  ],
  "T_WH": {
    "0": [
      [
        -0.101761947164986,
        0.928145147768799,
        -0.358037834289095,
        -0.036870158312965
      ],
      [
        -0.815207012508371,
        -0.284076668649588,
        -0.504715734930197,
        -0.0318734076585625
      ],
      [
        -0.570159655593385,
        0.240514097304477,
        0.785538628032667,
        0.287954289206538
      ],
      [
        0.0,
        0.0,
        0.0,
        1.0
      ]
    ],
    "1": [
      [
        -0.649023466516809,
        -0.759980870597396,
        0.0346065923853958,
        -0.117012981204228
      ],
      [
        0.760467387979103,
        -0.646815615954338,
        0.057609988525002,
        0.0319361041058839
      ],
      [
        -0.0213984048644965,
        0.0637074193766699,
        0.997739180841176,
        0.286740144485915
      ],
      [
        0.0,
        0.0,
        0.0,
        1.0
      ]
    ],
    "2": [
      [
        -0.105483465078569,
        -0.926635396132519,
        -0.360860196238583,
        -0.0370207620472267
      ],
      [
        0.812196624726023,
        -0.289660998865879,
        0.506392287184231,
        0.0321263122916958
      ],
      [
        -0.573768142526817,
        -0.239673420241693,
        0.783164586948986,
        0.287839551227895
      ],
      [
        0.0,
        0.0,
        0.0,
        1.0
      ]
    ],
    "3": [
      [
        -0.645560332793024,
        0.76289743539203,
        0.0352045422697686,
        -0.116862377469966
      ],
      [
        -0.763478371091718,
        -0.643545658083826,
        -0.0543117191459866,
        -0.0320636158443744
      ],
      [
        -0.0187785409256673,
        -0.0619393980735968,
        0.997903240483256,
        0.286854882464559
      ],
      [
        0.0,
        0.0,
        0.0,
        1.0
      ]
    ]
  },
  "T_WP": {
    "0": [
      [
        0.358037834289095,
        0.928145147768799,
        -0.101761947164986,
        -0.043993494614514
      ],
      [
        0.504715734930197,
        -0.284076668649588,
        -0.815207012508371,
        -0.0889378985341484
      ],
      [
        -0.785538628032667,
        0.240514097304477,
        -0.570159655593385,
        0.248043113315001
      ],
      [
        0.0,
        0.0,
        0.0,
        1.0
      ]
    ],
    "1": [
      [
        -0.0346065923853959,
        -0.759980870597396,
        -0.649023466516809,
        -0.162444623860405
      ],
      [
        -0.057609988525002,
        -0.646815615954338,
        0.760467387979103,
        0.0851688212644211
      ],
      [
        -0.997739180841176,
        0.0637074193766699,
        -0.0213984048644965,
        0.2852422561454
      ],
      [
        0.0,
        0.0,
        0.0,
        1.0
      ]
    ],
    "2": [
      [
        0.360860196238583,
        -0.926635396132519,
        -0.105483465078569,
        -0.0444046046027265
      ],
      [
        -0.506392287184231,
        -0.289660998865879,
        0.812196624726023,
        0.0889800760225174
      ],
      [
        -0.783164586948986,
        -0.239673420241693,
        -0.573768142526817,
        0.247675781251018
      ],
      [
        0.0,
        0.0,
        0.0,
        1.0
      ]
    ],
    "3": [
      [
        -0.0352045422697686,
        0.76289743539203,
        -0.645560332793024,
        -0.162051600765478
      ],
      [
        0.0543117191459866,
        -0.643545658083826,
        -0.763478371091718,
        -0.0855071018207946
      ],
      [
        -0.997903240483256,
        -0.0619393980735968,
        -0.0187785409256672,
        0.285540384599762
      ],
      [
        0.0,
        0.0,
        0.0,
        1.0
      ]
    ]
  },
  "simTime": 0.617999999999948,
  "state": [
    -0.0769415697585966,
    3.13482236607032e-05,
    0.287347216846227,
    0.999975290036007,
    -0.000888284110793596,
    -0.00687251255330697,
    0.00118272564273009,
    -0.323714948892342,
    -0.000219116827685879,
    -1.18124455326924,
    -0.0118005876112734,
    -3.07656563794103,
    0.000363230613332251,
    0.82788168175566,
    0.250905356455283,
    0.205665243961639,
    -0.457558991324253,
    0.998486943547951,
    0.0367266678637078,
    0.00407842841420252,
    -0.0407227436891231,
    0.827702906697235,
    -0.251231949456398,
    0.205941241543838,
    0.457579076060814,
    0.998479849291863,
    -0.0370007502691983,
    0.00412556386935127,
    0.0406437542603488,
    -4.62469356263203,
    -2.38432503376679,
    -2.8985936175112,
    -0.362572718228528,
    0.141636292826776,
    -0.538770595998731,
    4.62656473821951,
    -2.38670249478624,
    2.90095854672575,
    0.361013387120404,
    0.141246824525747,
    0.541429718577042
  ]
}