{
  "arms": {
    "0": [
      [
        -0.999999940395355,
        -3.45445612314844e-17,
        -5.74293168973193e-17,
        -8.88178317129729e-18
      ],
      [
        6.50353617437526e-17,
        -0.707106828689575,
        -0.707106709480286,
        0.455734133720398
      ],
      [
        -1.61819688872524e-17,
        -0.707106709480286,
        0.707106828689575,
        0.0319999828934669
      ],
      [
        0.0,
        0.0,
        0.0,
        1.0
      ]
    ],
    "1": [
      [
        -0.999999940395355,
        -1.57240721403896e-16,
        3.79053887810979e-16,
        8.88178317129729e-18
      ],
      [
        3.79217576928036e-16,
        -0.707106709480286,
        0.707106828689575,
        0.535734117031097
      ],
      [
        1.56845580534001e-16,
        0.707106828689575,
        0.707106709480286,
        0.0319999791681767
      ],
      [
        0.0,
        0.0,
        0.0,
        1.0
      ]
    ],
    "2": [
      [
        -0.999999940395355,
        1.56781033976443e-16,
        3.79053781931861e-16,
        8.88178317129729e-18
      ],
      [
        3.78892448625189e-16,
        0.707106828689575,
        0.707106709480286,
        0.535734117031097
      ],
      [
        -1.57170576487951e-16,
        0.707106709480286,
        -0.707106828689575,
        -0.0320000238716602
      ],
      [
        0.0,
        0.0,
        0.0,
        1.0
      ]
    ],
    "3": [
      [
        -0.999999940395355,
        2.79473888735126e-16,
        1.8750002053249e-16,
        -8.88178317129729e-18
      ],
      [
        6.50353485088628e-17,
        0.707106709480286,
        -0.707106828689575,
        0.455734133720398
      ],
      [
        -3.302004684847e-16,
        -0.707106828689575,
        -0.707106709480286,
        -0.0320000201463699
      ],
      [
        0.0,
        0.0,
        0.0,
        1.0
      ]
    ]
  },
  "base": [
    [
      -2.22044591690142e-16,
      2.31358457485996e-25,
      0.999999940395355,
      1.42213391156497e-36
    ],
    [
      -1.0,
      -4.37113882867379e-08,
      -2.22044604925031e-16,
      0.495734125375748
    ],
    [
      4.37113882867379e-08,
      -1.0,
      9.93723664685839e-24,
      -2.16692264132234e-08
    ],
    [
      0.0,
      0.0,
      0.0,
      1.0
    ]
  ]
}