{
  "T_WB": [
    [
      0.960210508507651,
      -0.00217190708105634,
      0.27926879913644,
      -0.0511260392020828
    ],
    [
      0.00185498869426397,
      0.999997300781436,
      0.00139908784088113,
      4.22664975869033e-05
    ],
    [
      -0.279271084017702,
      -0.000825378382080571,
      0.960211945552702,
      0.351006577914604
    ],
    [
      0.0,
      0.0,
      0.0,
      1.0
    ]
  ],
  "T_WH": {
    "0": [
      [
        0.100964040861085,
        0.892214350135585,
        -0.440181571473792,
        -0.0126481178351829
      ],
      [
        -0.801595791101906,
        -0.189108742188307,
        -0.567170231337705,
        -0.0318834475796485
      ],
      [
        -0.589279602685101,
        0.410111493425986,
        0.696102085055918,
        0.339862146662123
      ],
      [
        0.0,
        0.0,
        0.0,
        1.0
      ]
    ],
    "1": [
      [
        -0.655173957457069,
        -0.669742901775459,
        0.349559052223556,
        -0.0896039605689826
      ],
      [
        0.72881901631756,
        -0.682157421085654,
        0.0590262171553747,
        0.0319679805748223
      ],
      [
        0.198921911623497,
        0.293437724873878,
        0.935053140039055,
        0.362151009167086
      ],
      [
        0.0,
        0.0,
        0.0,
        1.0
      ]
    ],
    "2": [
      [
        0.0977582162537815,
        -0.891039202417274,
        -0.443274712690074,
        -0.0127871198883705
      ],
      [
        0.800633720641488,
        -0.194145908209083,
        0.566827144460671,
        0.0321163796703634
      ],
      [
        -0.591125178390032,
        -0.41031269305404,
        0.694416674189276,
        0.33980932244567
      ],
      [
        0.0,
        0.0,
        0.0,
        1.0
      ]
    ],
    "3": [
      [
        -0.65227152349868,
        0.672359549716592,
        0.349963563157098,
        -0.089464958515795
      ],
      [
        -0.731099583532786,
        -0.679942292976921,
        -0.056319420979559,
        -0.0320318466751896
      ],
      [
        0.200088127061295,
        -0.292593769800705,
        0.935068782113335,
        0.362203833383539
      ],
      [
        0.0,
        0.0,
        0.0,
        1.0
      ]
    ]
  },
  "T_WP": {
    "0": [
      [
        0.440181571473792,
        0.892214350135585,
        0.100964040861085,
        -0.00558063497490696
      ],
      [
        0.567170231337705,
        -0.189108742188307,
        -0.801595791101906,
        -0.0879951529567819
      ],
      [
        -0.696102085055918,
        0.410111493425986,
        -0.589279602685101,
        0.298612574474166
      ],
      [
        0.0,
        0.0,
        0.0,
        1.0
      ]
    ],
    "1": [
      [
        -0.349559052223556,
        -0.669742901775459,
        -0.655173957457069,
        -0.135466137590977
      ],
      [
        -0.0590262171553747,
        -0.682157421085654,
        0.72881901631756,
        0.0829853117170515
      ],
      [
        -0.935053140039055,
        0.293437724873878,
        0.198921911623497,
        0.376075542980731
      ],
      [
        0.0,
        0.0,
        0.0,
        1.0
      ]
    ],
    "2": [
      [
        0.443274712690074,
        -0.891039202417274,
        0.0977582162537815,
        -0.0059440447506058
      ],
      [
        -0.566827144460671,
        -0.194145908209083,
        0.800633720641488,
        0.0881607401152676
      ],
      [
        -0.694416674189276,
        -0.41031269305404,
        -0.591125178390032,
        0.298430559958367
      ],
      [
        0.0,
        0.0,
        0.0,
        1.0
      ]
    ],
    "3": [
      [
        -0.349963563157098,
        0.672359549716592,
        -0.65227152349868,
        -0.135123965160703
      ],
      [
        0.056319420979559,
        -0.679942292976921,
        -0.731099583532786,
        -0.0832088175224847
      ],
      [
        -0.935068782113335,
        -0.292593769800705,
        0.200088127061295,
        0.37621000227783
      ],
      [
        0.0,
        0.0,
        0.0,
        1.0
      ]
    ]
  },
  "simTime": 0.533499999999958,
  "state": [
    -0.0511260392020828,
    4.22664975869033e-05,
    0.351006577914604,
    0.990002494295063,
    -0.000561732479407955,
    0.141045069677287,
    0.0010168903105107,
    -0.284473063254485,
    -3.25817511268954e-05,
    -0.326817518099611,
    -0.0115181289895228,
    -3.95076102394807,
    0.00110359745615089,
    0.819206702970708,
    0.451825254350551,
    0.153337603850354,
    -0.318185317989933,
    0.998754433947899,
    0.0468568010447892,
    -0.00529933935386785,
    -0.0163076015303567,
    0.818965275613966,
    -0.452258753096145,
    0.153519722646847,
    0.318103115899383,
    0.998748784217632,
    -0.0470414511654988,
    -0.00523836990643171,
    0.0161408604717915,
    -2.94978874490343,
    -1.83412737983549,
    -4.87726238736872,
    -0.126267066123827,
    0.237876073461809,
    -0.614297072898221,
    2.95013963480576,
    -1.83531650869529,
    4.88196321961348,
    0.123535419423587,
    0.237336181618406,
    0.615801776343689
  ]
}