{
  "T_WB": [
    [
      0.677552501472863,
      0.0209569374654393,
      0.735175771173083,
      -0.144845374982273
    ],
    [
      0.00318853804633458,
      0.999500856577245,
      -0.0314304140360982,
      -0.000297250264218382
    ],
    [
      -0.7354674982438,
      0.0236398915696148,
      0.677147483605738,
      0.134174519283909
    ],
    [
      0.0,
      0.0,
      0.0,
      1.0
    ]
  ],
  "T_WH": {
    "0": [
      [
        -0.173348125162908,
        0.142432298266406,
        0.974506781871247,
        -0.118413896922252
      ],
      [
        -0.867466545439718,
        0.446426643075074,
        -0.219556473135276,
        -0.0321537361528368
      ],
      [
        -0.466317724352598,
        -0.883411734562809,
        0.0461680321363639,
        0.10399934282393
      ],
      [
        0.0,
        0.0,
        0.0,
        1.0
      ]
    ],
    "1": [
      [
        -0.397636675889678,
        -0.68263115424068,
        0.613106663841982,
        -0.171276853042293
      ],
      [
        0.865726384309084,
        -0.500499762173133,
        0.00422085012256617,
        0.0315592356244001
      ],
      [
        0.30397845564863,
        0.53246098009589,
        0.789988862691619,
        0.164349695743889
      ],
      [
        0.0,
        0.0,
        0.0,
        1.0
      ]
    ],
    "2": [
      [
        -0.131166016749714,
        -0.125112621053866,
        0.983433936826997,
        -0.117072652924464
      ],
      [
        0.894571598528381,
        0.412583817950629,
        0.171802934409339,
        0.0318143186681068
      ],
      [
        -0.427243643786998,
        0.902286775486771,
        0.0578052214362592,
        0.105512295884385
      ],
      [
        0.0,
        0.0,
        0.0,
        1.0
      ]
    ],
    "3": [
      [
        -0.426525478973301,
        0.671173909307209,
        0.606301574508821,
        -0.172618097040081
      ],
      [
        -0.870106773065409,
        -0.487511316909362,
        -0.0724356221137205,
        -0.0324088191965436
      ],
      [
        0.246961979365849,
        -0.55844274491713,
        0.791928962342661,
        0.162836742683434
      ],
      [
        0.0,
        0.0,
        0.0,
        1.0
      ]
    ]
  },
  "T_WP": {
    "0": [
      [
        -0.974506781871247,
        0.142432298266406,
        -0.173348125162908,
        -0.130548265683656
      ],
      [
        0.219556473135276,
        0.446426643075074,
        -0.867466545439718,
        -0.0928763943336171
      ],
      [
        -0.0461680321363639,
        -0.883411734562809,
        -0.466317724352598,
        0.0713571021192477
      ],
      [
        0.0,
        0.0,
        0.0,
        1.0
      ]
    ],
    "1": [
      [
        -0.613106663841982,
        -0.68263115424068,
        -0.397636675889678,
        -0.199111420354571
      ],
      [
        -0.00422085012256612,
        -0.500499762173133,
        0.865726384309084,
        0.092160082526036
      ],
      [
        -0.789988862691619,
        0.53246098009589,
        0.30397845564863,
        0.185628187639293
      ],
      [
        0.0,
        0.0,
        0.0,
        1.0
      ]
    ],
    "2": [
      [
        -0.983433936826997,
        -0.125112621053866,
        -0.131166016749714,
        -0.126254274096944
      ],
      [
        -0.171802934409339,
        0.412583817950629,
        0.894571598528381,
        0.0944343305650935
      ],
      [
        -0.0578052214362592,
        0.902286775486771,
        -0.427243643786998,
        0.0756052408192951
      ],
      [
        0.0,
        0.0,
        0.0,
        1.0
      ]
    ],
    "3": [
      [
        -0.606301574508821,
        0.671173909307209,
        -0.426525478973301,
        -0.202474880568212
      ],
      [
        0.0724356221137204,
        -0.487511316909362,
        -0.870106773065409,
        -0.0933162933111222
      ],
      [
        -0.791928962342661,
        -0.55844274491713,
        0.246961979365849,
        0.180124081239043
      ],
      [
        0.0,
        0.0,
        0.0,
        1.0
      ]
    ]
  },
  "simTime": 0.823999999999926,
  "state": [
    -0.144845374982273,
    -0.000297250264218382,
    0.134174519283909,
    0.915723872362167,
    0.0150346374239583,
    0.401497469325351,
    -0.00485091629567056,
    -0.378576994803711,
    -0.00296877076452614,
    1.06889081499926,
    0.492105330167374,
    13.0206707996488,
    -0.200030794761004,
    0.91747951789539,
    -0.220697633189695,
    0.272018397258555,
    -0.188493714748786,
    0.987834212393608,
    -0.0550145817048417,
    0.0648047830682496,
    -0.130220216233954,
    0.918468014165366,
    0.220628931028881,
    0.270098244910815,
    0.186510910791512,
    0.986278008665813,
    0.0565668641762467,
    0.0683109307238725,
    0.139246171376819,
    -2.67283645926667,
    -2.35382370726525,
    2.35982993407316,
    -1.47417238839832,
    -1.03031208682395,
    0.28148814761744,
    2.69488358806108,
    -2.33628514936973,
    -2.31294917905621,
    1.51485593946163,
    -1.0629397902967,
    -0.310004826398356
  ]
}