{
  "T_WB": [
    [
      -0.993261188652451,
      0.0694051668307614,
      0.0928177457920289,
      -0.220837562657135
    ],
    [
      0.0664807173619525,
      0.997200034104582,
      -0.0342404176501968,
      -0.000688290691796978
    ],
    [
      -0.0949343211686885,
      -0.0278390876110175,
      -0.995094196478518,
      0.182815687840571
    ],
    [
      0.0,
      0.0,
      0.0,
      1.0
    ]
  ],
  "T_WH": {
    "0": [
      [
        -0.795835308757591,
        -0.391140831417395,
        -0.462228310830069,
        -0.262788975541817
      ],
      [
        -0.51269585991431,
        0.84142923805324,
        0.170703815352412,
        -0.0299394630886655
      ],
      [
        0.322163183125318,
        0.372834664894847,
        -0.870175382374904,
        0.179909165797376
      ],
      [
        0.0,
        0.0,
        0.0,
        1.0
      ]
    ],
    "1": [
      [
        0.67737363084398,
        0.65636839150513,
        0.332182929829654,
        -0.178886149772453
      ],
      [
        0.733548735963571,
        -0.636681529275147,
        -0.237787472853611,
        0.0285628817050716
      ],
      [
        0.0554185546860486,
        0.404743332141283,
        -0.912749483091434,
        0.185722209883766
      ],
      [
        0.0,
        0.0,
        0.0,
        1.0
      ]
    ],
    "2": [
      [
        -0.716616191988951,
        0.497504918418462,
        -0.488825213679384,
        -0.258347044864649
      ],
      [
        0.633625315059374,
        0.757304658207192,
        -0.158141122968056,
        0.0338813390940278
      ],
      [
        0.291513624887697,
        -0.42305851936479,
        -0.857928491016418,
        0.178127464190271
      ],
      [
        0.0,
        0.0,
        0.0,
        1.0
      ]
    ],
    "3": [
      [
        0.562790504182445,
        -0.739710700038718,
        0.368910461562557,
        -0.183328080449621
      ],
      [
        -0.820097996895955,
        -0.55553680092138,
        0.137179219670035,
        -0.0352579204776217
      ],
      [
        0.103470401030006,
        -0.379745892762869,
        -0.919286099666704,
        0.187503911490871
      ],
      [
        0.0,
        0.0,
        0.0,
        1.0
      ]
    ]
  },
  "T_WP": {
    "0": [
      [
        0.462228310830069,
        -0.391140831417395,
        -0.795835308757591,
        -0.318497447154849
      ],
      [
        -0.170703815352412,
        0.84142923805324,
        -0.51269585991431,
        -0.0658281732826672
      ],
      [
        0.870175382374904,
        0.372834664894847,
        0.322163183125318,
        0.202460588616148
      ],
      [
        0.0,
        0.0,
        0.0,
        1.0
      ]
    ],
    "1": [
      [
        -0.332182929829654,
        0.65636839150513,
        0.67737363084398,
        -0.131469995613374
      ],
      [
        0.237787472853611,
        -0.636681529275147,
        0.733548735963571,
        0.0799112932225216
      ],
      [
        0.912749483091434,
        0.404743332141283,
        0.0554185546860486,
        0.189601508711789
      ],
      [
        0.0,
        0.0,
        0.0,
        1.0
      ]
    ],
    "2": [
      [
        0.488825213679384,
        0.497504918418462,
        -0.716616191988951,
        -0.308510178303875
      ],
      [
        0.158141122968056,
        0.757304658207192,
        0.633625315059374,
        0.0782351111481839
      ],
      [
        0.857928491016418,
        -0.42305851936479,
        0.291513624887697,
        0.19853341793241
      ],
      [
        0.0,
        0.0,
        0.0,
        1.0
      ]
    ],
    "3": [
      [
        -0.368910461562557,
        -0.739710700038718,
        0.562790504182445,
        -0.14393274515685
      ],
      [
        -0.137179219670035,
        -0.55553680092138,
        -0.820097996895955,
        -0.0926647802603386
      ],
      [
        0.919286099666704,
        -0.379745892762869,
        0.103470401030006,
        0.194746839562972
      ],
      [
        0.0,
        0.0,
        0.0,
        1.0
      ]
    ]
  },
  "simTime": 0.994499999999907,
  "state": [
    -0.220837562657135,
    -0.000688290691796978,
    0.182815687840571,
    0.0470229969632242,
    0.0340329756320388,
    0.998192794408419,
    -0.015547974702123,
    -0.449151191355055,
    -0.00485814910054279,
    -0.476613261557131,
    0.465461196474679,
    12.8338358794389,
    -0.264304722971822,
    0.947801956007873,
    -0.248473482652648,
    0.172283695836024,
    0.101245783888491,
    0.985446455640955,
    -0.161512437465104,
    0.0170490249755863,
    -0.0501831282020397,
    0.946747952594103,
    0.251735670026574,
    0.172475329816273,
    -0.102711865429039,
    0.984535074628032,
    0.165590495666184,
    0.020481078358358,
    0.0533947563107212,
    0.849682317718771,
    -1.87484015452514,
    2.57498913666772,
    -0.912011748766026,
    -0.601199773847418,
    1.38375300603328,
    -0.812395527120896,
    -1.87259704604699,
    -2.62062804268359,
    0.915180157158797,
    -0.610271930534455,
    -1.44860153422903
  ]
}