{
  "T_WB": [
    [
      -0.107494048016506,
      -0.45559596890062,
      0.883672644570675,
      -0.0745402826988003
    ],
    [
      -0.376502733309026,
      0.841278176639697,
      0.387939069082528,
      0.0040694596013792
    ],
    [
      -0.920157987223856,
      -0.291004025111839,
      -0.261965524290604,
      0.898350697895923
    ],
    [
      0.0,
      0.0,
      0.0,
      1.0
    ]
  ],
  "T_WH": {
    "0": [
      [
        -0.142486238849412,
        -0.278969497851655,
        0.949670306478487,
        -0.0642609736146407
      ],
      [
        -0.577778841803894,
        0.802470299546346,
        0.149040357989872,
        -0.0379115513834522
      ],
      [
        -0.803659929138127,
        -0.527463209725943,
        -0.275523648138063,
        0.870856507210548
      ],
      [
        0.0,
        0.0,
        0.0,
        1.0
      ]
    ],
    "1": [
      [
        -0.345085830806186,
        0.47074329749714,
        0.811983076940845,
        -0.0848195917829599
      ],
      [
        0.885843957653025,
        -0.122529564389453,
        0.447511998208044,
        0.0460504705862106
      ],
      [
        0.310155206415158,
        0.873720352121919,
        -0.374721889167848,
        0.925844888581299
      ],
      [
        0.0,
        0.0,
        0.0,
        1.0
      ]
    ],
    "2": [
      [
        -0.335705914678614,
        -0.664074993011022,
        0.668061331396456,
        -0.0934191156242804
      ],
      [
        -0.310734263292233,
        0.747591739865129,
        0.586984504141006,
        0.0159302519214885
      ],
      [
        -0.889238863560308,
        -0.010535375780677,
        -0.457321822561675,
        0.85223224960339
      ],
      [
        0.0,
        0.0,
        0.0,
        1.0
      ]
    ],
    "3": [
      [
        0.378203407434477,
        0.00288039790728185,
        0.925718038018514,
        -0.0556614497733202
      ],
      [
        -0.506478207154493,
        -0.836408479657047,
        0.209524893116204,
        -0.00779133271873007
      ],
      [
        0.774881931833825,
        -0.548099040745085,
        -0.314873678245414,
        0.944469146188456
      ],
      [
        0.0,
        0.0,
        0.0,
        1.0
      ]
    ]
  },
  "T_WP": {
    "0": [
      [
        -0.949670306478487,
        -0.278969497851655,
        -0.142486238849412,
        -0.0742350103340996
      ],
      [
        -0.149040357989872,
        0.802470299546346,
        -0.577778841803894,
        -0.0783560703097248
      ],
      [
        0.275523648138063,
        -0.527463209725943,
        -0.803659929138127,
        0.814600312170879
      ],
      [
        0.0,
        0.0,
        0.0,
        1.0
      ]
    ],
    "1": [
      [
        -0.811983076940845,
        0.47074329749714,
        -0.345085830806186,
        -0.108975599939393
      ],
      [
        -0.447511998208044,
        -0.122529564389453,
        0.885843957653025,
        0.108059547621922
      ],
      [
        0.374721889167848,
        0.873720352121919,
        0.310155206415158,
        0.94755575303036
      ],
      [
        0.0,
        0.0,
        0.0,
        1.0
      ]
    ],
    "2": [
      [
        -0.668061331396456,
        -0.664074993011022,
        -0.335705914678614,
        -0.116918529651783
      ],
      [
        -0.586984504141006,
        0.747591739865129,
        -0.310734263292233,
        -0.00582114650896786
      ],
      [
        0.457321822561675,
        -0.010535375780677,
        -0.889238863560308,
        0.789985529154169
      ],
      [
        0.0,
        0.0,
        0.0,
        1.0
      ]
    ],
    "3": [
      [
        -0.925718038018514,
        0.00288039790728185,
        0.378203407434477,
        -0.0291872112529069
      ],
      [
        -0.209524893116204,
        -0.836408479657047,
        -0.506478207154493,
        -0.0432448072195446
      ],
      [
        0.314873678245414,
        -0.548099040745085,
        0.774881931833825,
        0.998710881416824
      ],
      [
        0.0,
        0.0,
        0.0,
        1.0
      ]
    ]
  }
}