{
  "T_WB": [
    [
      -2.22044604925031e-16,
      1.27286500475059e-19,
      1.0,
      -1.10631890750515e-35
    ],
    [
      -2.98922678698003e-18,
      1.0,
      -1.27286500475059e-19,
      3.31475565074927e-21
    ],
    [
      -1.0,
      -2.98922678698003e-18,
      -2.22044604925031e-16,
      0.139896744700002
    ],
    [
      0.0,
      0.0,
      0.0,
      1.0
    ]
  ],
  "T_WH": {
    "0": [
      [
        -1.5720950226839e-16,
        -1.51815084395418e-16,
        1.0,
        -8.88585736501645e-18
      ],
      [
        -0.707106779455507,
        0.707106782917588,
        -3.81442892359895e-18,
        -0.032
      ],
      [
        -0.707106782917588,
        -0.707106779455507,
        -2.18513380792686e-16,
        0.0998967447000015
      ],
      [
        0.0,
        0.0,
        0.0,
        1.0
      ]
    ],
    "1": [
      [
        1.5720950226839e-16,
        1.51810765918092e-16,
        1.0,
        8.88585736501645e-18
      ],
      [
        0.707106779455507,
        -0.707106782917588,
        -3.8174825482079e-18,
        0.032
      ],
      [
        0.707106782917588,
        0.707106779455507,
        -2.18510327168092e-16,
        0.179896744700002
      ],
      [
        0.0,
        0.0,
        0.0,
        1.0
      ]
    ],
    "2": [
      [
        -1.57033634709009e-16,
        1.52682453428648e-16,
        1.0,
        -8.87771102898605e-18
      ],
      [
        0.707106779455507,
        0.707106782917588,
        3.07674925338471e-18,
        0.032
      ],
      [
        -0.707106782917588,
        0.707106779455507,
        -2.1900234617224e-16,
        0.0998967447000015
      ],
      [
        0.0,
        0.0,
        0.0,
        1.0
      ]
    ],
    "3": [
      [
        1.57033634709009e-16,
        -1.51979601010488e-16,
        1.0,
        8.87771102898605e-18
      ],
      [
        -0.707106779455507,
        -0.707106782917588,
        3.57374096565541e-18,
        -0.032
      ],
      [
        0.707106782917588,
        -0.707106779455507,
        -2.18505354462403e-16,
        0.179896744700002
      ],
      [
        0.0,
        0.0,
        0.0,
        1.0
      ]
    ]
  },
  "T_WP": {
    "0": [
      [
        -1.0,
        -1.51815084395418e-16,
        -9.59771623110226e-17,
        -1.98905225238038e-17
      ],
      [
        -3.94833737821801e-17,
        0.707106782917588,
        -0.707106779455507,
        -0.0814974745618855
      ],
      [
        1.75215577874916e-16,
        -0.707106779455507,
        -0.707106782917588,
        0.0503992698957704
      ],
      [
        0.0,
        0.0,
        0.0,
        1.0
      ]
    ],
    "1": [
      [
        -1.0,
        1.51810765918092e-16,
        2.18441842225758e-16,
        1.98905225238038e-17
      ],
      [
        4.71152852539869e-17,
        -0.707106782917588,
        0.707106779455507,
        0.0814974745618855
      ],
      [
        2.61808130085863e-16,
        0.707106779455507,
        0.707106782917588,
        0.229394219504233
      ],
      [
        0.0,
        0.0,
        0.0,
        1.0
      ]
    ],
    "2": [
      [
        -1.0,
        1.52682453428648e-16,
        -9.58012947516418e-17,
        -1.98700654586167e-17
      ],
      [
        4.02210534523943e-17,
        0.707106782917588,
        0.707106779455507,
        0.0814974745618855
      ],
      [
        1.7570454325447e-16,
        0.707106779455507,
        -0.707106782917588,
        0.0503992698957704
      ],
      [
        0.0,
        0.0,
        0.0,
        1.0
      ]
    ],
    "3": [
      [
        -1.0,
        -1.51979601010488e-16,
        2.18265974666377e-16,
        1.98700654586167e-17
      ],
      [
        -4.68715436714344e-17,
        -0.707106782917588,
        -0.707106779455507,
        -0.0814974745618855
      ],
      [
        2.61803157380173e-16,
        -0.707106779455507,
        0.707106782917588,
        0.229394219504233
      ],
      [
        0.0,
        0.0,
        0.0,
        1.0
      ]
    ]
  },
  "simTime": 0.270999999999986,
  "state": [
    -1.10631890750515e-35,
    3.31475565074927e-21,
    0.139896744700002,
    0.707106781186548,
    -1.01184869196932e-18,
    0.707106781186548,
    -1.10185383960874e-18,
    -6.11079180674913e-35,
    -2.31674000879225e-20,
    -2.65758860000008,
    4.51258314848195e-19,
    -1.24789135831598e-17,
    -2.2947690798625e-17,
    1.0,
    2.55207797036601e-18,
    5.51254341127966e-20,
    -1.67090809168017e-18,
    1.0,
    -2.55423720902892e-18,
    -5.5125434112796e-20,
    1.66751394711854e-18,
    1.0,
    -2.20839860161066e-18,
    5.71968018414647e-20,
    1.19456128612842e-18,
    1.0,
    2.55982481069047e-18,
    -5.71968018414639e-20,
    -1.66762138960958e-18,
    9.43558703819363e-18,
    4.68109549021092e-20,
    -2.48002069720466e-17,
    -9.27741845350728e-18,
    -4.68109549021068e-20,
    2.48132032079592e-17,
    -1.39735967308779e-17,
    -6.75271346985743e-20,
    2.10045426131255e-17,
    9.46537233614291e-18,
    6.75271346985754e-20,
    -2.49472689179577e-17
  ]
}