{
  "T_WB": [
    [
      -2.22044604925031e-16,
      4.41729897444392e-21,
      1.0,
      7.13589792407697e-37
    ],
    [
      -2.74306309605203e-20,
      1.0,
      -4.41729897444392e-21,
      2.21910146357666e-21
    ],
    [
      -1.0,
      -2.74306309605203e-20,
      -2.22044604925031e-16,
      0.4835052988
    ],
    [
      0.0,
      0.0,
      0.0,
      1.0
    ]
  ],
  "T_WH": {
    "0": [
      [
        -1.57027097115372e-16,
        -1.56040348639252e-16,
        1.0,
        -8.88192555056843e-18
      ],
      [
        -0.707106779455507,
        0.707106782917588,
        -6.97735996857856e-19,
        -0.032
      ],
      [
        -0.707106782917588,
        -0.707106779455507,
        -2.21372113863554e-16,
        0.4435052988
      ],
      [
        0.0,
        0.0,
        0.0,
        1.0
      ]
    ],
    "1": [
      [
        1.57027097115372e-16,
        1.56047875907e-16,
        1.0,
        8.88192555056843e-18
      ],
      [
        0.707106779455507,
        -0.707106782917588,
        -6.92413414776064e-19,
        0.032
      ],
      [
        0.707106782917588,
        0.707106779455507,
        -2.2137743644561e-16,
        0.5235052988
      ],
      [
        0.0,
        0.0,
        0.0,
        1.0
      ]
    ],
    "2": [
      [
        -1.5702464315004e-16,
        1.5650831138097e-16,
        1.0,
        -8.88164284343407e-18
      ],
      [
        0.707106779455507,
        0.707106782917588,
        3.65101152513337e-19,
        0.032
      ],
      [
        -0.707106782917588,
        0.707106779455507,
        -2.21701278275224e-16,
        0.4435052988
      ],
      [
        0.0,
        0.0,
        0.0,
        1.0
      ]
    ],
    "3": [
      [
        1.5702464315004e-16,
        -1.56045086051976e-16,
        1.0,
        8.88164284343407e-18
      ],
      [
        -0.707106779455507,
        -0.707106782917588,
        6.9265092466409e-19,
        -0.032
      ],
      [
        0.707106782917588,
        -0.707106779455507,
        -2.21373728504677e-16,
        0.5235052988
      ],
      [
        0.0,
        0.0,
        0.0,
        1.0
      ]
    ]
  },
  "T_WP": {
    "0": [
      [
        -1.0,
        -1.56040348639252e-16,
        -9.57947571580043e-17,
        -1.98738223486445e-17
      ],
      [
        -4.26000667089212e-17,
        0.707106782917588,
        -0.707106779455507,
        -0.0814974745618855
      ],
      [
        1.78074310945784e-16,
        -0.707106779455507,
        -0.707106782917588,
        0.394007823995768
      ],
      [
        0.0,
        0.0,
        0.0,
        1.0
      ]
    ],
    "1": [
      [
        -1.0,
        1.56047875907e-16,
        2.1825943707274e-16,
        1.98738223486445e-17
      ],
      [
        4.39902161205551e-17,
        -0.707106782917588,
        0.707106779455507,
        0.0814974745618855
      ],
      [
        2.6467523936338e-16,
        0.707106779455507,
        0.707106782917588,
        0.573002773604231
      ],
      [
        0.0,
        0.0,
        0.0,
        1.0
      ]
    ],
    "2": [
      [
        -1.0,
        1.5650831138097e-16,
        -9.5792303192672e-17,
        -1.98733678639368e-17
      ],
      [
        4.29327015532657e-17,
        0.707106782917588,
        0.707106779455507,
        0.0814974745618855
      ],
      [
        1.78403475357454e-16,
        0.707106779455507,
        -0.707106782917588,
        0.394007823995768
      ],
      [
        0.0,
        0.0,
        0.0,
        1.0
      ]
    ],
    "3": [
      [
        -1.0,
        -1.56045086051976e-16,
        2.18256983107407e-16,
        1.98733678639368e-17
      ],
      [
        -4.39904536304431e-17,
        -0.707106782917588,
        -0.707106779455507,
        -0.0814974745618855
      ],
      [
        2.64671531422447e-16,
        -0.707106779455507,
        0.707106782917588,
        0.573002773604231
      ],
      [
        0.0,
        0.0,
        0.0,
        1.0
      ]
    ]
  },
  "simTime": 0.0580000000000006,
  "state": [
    7.13589792407697e-37,
    2.21910146357666e-21,
    0.4835052988,
    0.707106781186548,
    -8.13644155252595e-21,
    0.707106781186548,
    -1.12599436118836e-20,
    1.19403865618273e-35,
    7.04294956599925e-20,
    -0.568782800000002,
    2.60406347179516e-19,
    -1.97239918189862e-18,
    -2.08068488271567e-18,
    1.0,
    4.82886671345343e-19,
    7.36368028733599e-21,
    -3.45373585425476e-20,
    1.0,
    -4.791230374711e-19,
    -7.36368028733583e-21,
    3.3870951442346e-20,
    1.0,
    -2.52028802553398e-19,
    9.26019967285163e-21,
    2.31207400989723e-20,
    1.0,
    4.83641467050303e-19,
    -9.26019967285147e-21,
    -3.27886858035075e-20,
    2.57144998053463e-17,
    5.15474626524192e-19,
    -3.51169627692153e-18,
    -2.56916027317812e-17,
    -5.15474626524184e-19,
    3.44800092562846e-18,
    -1.13261724872185e-17,
    7.06740135414551e-19,
    2.08249811487304e-18,
    2.57128785081192e-17,
    -7.06740135414543e-19,
    -3.33214543380581e-18
  ]
}