{
  "T_WB": [
    [
      0.958622685610906,
      -0.0040836386245607,
      0.284650435671051,
      -0.012513661189667
    ],
    [
      0.00151375299318039,
      0.999956093999297,
      0.00924762810371473,
      -3.17787716773424e-05
    ],
    [
      -0.284675701780132,
      -0.00843409563930674,
      0.958586777942788,
      0.406127701028874
    ],
    [
      0.0,
      0.0,
      0.0,
      1.0
    ]
  ],
  "T_WH": {
    "0": [
      [
        0.395782730265397,
        0.853139589211663,
        0.339865961436893,
        0.0384755838604222
      ],
      [
        -0.903329733449628,
        0.428317765837492,
        -0.0232224919808969,
        -0.0319380448882503
      ],
      [
        -0.165382656555915,
        -0.297819967073625,
        0.940187132502234,
        -0.0111171370107475
      ],
      [
        0.0,
        0.0,
        0.0,
        1.0
      ]
    ],
    "1": [
      [
        -0.778360924989032,
        -0.596107007175485,
        0.197004331034892,
        -0.0384755838604222
      ],
      [
        0.603421918216421,
        -0.796952750304742,
        -0.027355116481614,
        0.0319380448882503
      ],
      [
        0.173309720056994,
        0.0975845775622053,
        0.980020913631833,
        0.0111171370107475
      ],
      [
        0.0,
        0.0,
        0.0,
        1.0
      ]
    ],
    "2": [
      [
        0.389825233034124,
        -0.855574801151697,
        0.340628899719512,
        0.0382142309884503
      ],
      [
        0.903058326262105,
        0.427600437504988,
        0.0405404145788821,
        0.0320591451277047
      ],
      [
        -0.18033842368884,
        0.291804087496692,
        0.939323388115961,
        -0.0116569191316631
      ],
      [
        0.0,
        0.0,
        0.0,
        1.0
      ]
    ],
    "3": [
      [
        -0.772889443331736,
        0.6021453466918,
        0.200157162859016,
        -0.0382142309884503
      ],
      [
        -0.607224038135922,
        -0.79341285106146,
        0.0421309302108325,
        -0.0320591451277047
      ],
      [
        0.184176208822595,
        -0.0889776894953825,
        0.978857545752087,
        0.0116569191316631
      ],
      [
        0.0,
        0.0,
        0.0,
        1.0
      ]
    ]
  },
  "T_WP": {
    "0": [
      [
        -0.339865961436893,
        0.853139589211663,
        0.395782730265397,
        0.066180374979
      ],
      [
        0.0232224919808969,
        0.428317765837492,
        -0.903329733449628,
        -0.0951711262297243
      ],
      [
        -0.940187132502234,
        -0.297819967073625,
        -0.165382656555915,
        -0.0226939229696615
      ],
      [
        0.0,
        0.0,
        0.0,
        1.0
      ]
    ],
    "1": [
      [
        -0.197004331034892,
        -0.596107007175485,
        -0.778360924989032,
        -0.0929608486096544
      ],
      [
        0.027355116481614,
        -0.796952750304742,
        0.603421918216421,
        0.0741775791633997
      ],
      [
        -0.980020913631833,
        0.0975845775622053,
        0.173309720056995,
        0.0232488174147371
      ],
      [
        0.0,
        0.0,
        0.0,
        1.0
      ]
    ],
    "2": [
      [
        -0.340628899719512,
        -0.855574801151697,
        0.389825233034124,
        0.065501997300839
      ],
      [
        -0.0405404145788821,
        0.427600437504988,
        0.903058326262105,
        0.0952732279660521
      ],
      [
        -0.939323388115961,
        0.291804087496692,
        -0.18033842368884,
        -0.0242806087898819
      ],
      [
        0.0,
        0.0,
        0.0,
        1.0
      ]
    ],
    "3": [
      [
        -0.200157162859016,
        0.6021453466918,
        -0.772889443331736,
        -0.0923164920216718
      ],
      [
        -0.0421309302108326,
        -0.79341285106146,
        -0.607224038135922,
        -0.0745648277972192
      ],
      [
        -0.978857545752087,
        -0.0889776894953825,
        0.184176208822595,
        0.0245492537492447
      ],
      [
        0.0,
        0.0,
        0.0,
        1.0
      ]
    ]
  }
}