{
  "T_WB": [
    [
      0.94535993678659,
      -0.00116771266864716,
      0.326026419736159,
      -0.00215575382724361
    ],
    [
      0.00159625750000342,
      0.999998177946491,
      -0.00104693156021644,
      -1.35891083898359e-05
    ],
    [
      -0.326024603183331,
      0.0015101492712892,
      0.945360078260305,
      0.443718424490557
    ],
    [
      0.0,
      0.0,
      0.0,
      1.0
    ]
  ],
  "T_WH": {
    "0": [
      [
        0.791078154570092,
        0.561521066846997,
        0.24267147514487,
        0.0378517642768603
      ],
      [
        -0.544615874524404,
        0.827155721115326,
        -0.138589185155999,
        -0.0319360913942876
      ],
      [
        -0.278547846119827,
        -0.0225278608215699,
        0.96015810828676,
        -0.0130893089040145
      ],
      [
        0.0,
        0.0,
        0.0,
        1.0
      ]
    ],
    "1": [
      [
        -0.610327708151708,
        -0.715980984096807,
        0.338926716376936,
        -0.0378517642768603
      ],
      [
        0.762694096998663,
        -0.646718832842131,
        0.00724331765883174,
        0.0319360913942876
      ],
      [
        0.214004212728812,
        0.262918203361959,
        0.940784893201013,
        0.0130893089040145
      ],
      [
        0.0,
        0.0,
        0.0,
        1.0
      ]
    ],
    "2": [
      [
        0.789506963754452,
        -0.564075911159731,
        0.241861780016076,
        0.0377770306660669
      ],
      [
        0.547842027921145,
        0.825354688863002,
        0.136597035162205,
        0.0320637919942878
      ],
      [
        -0.276672851263859,
        0.024657737551853,
        0.960647765495944,
        -0.012992659350652
      ],
      [
        0.0,
        0.0,
        0.0,
        1.0
      ]
    ],
    "3": [
      [
        -0.608704932013573,
        0.717337626034555,
        0.338976453485283,
        -0.0377770306660669
      ],
      [
        -0.764614263340283,
        -0.644420889997585,
        -0.00931369053145485,
        -0.0320637919942878
      ],
      [
        0.211762447187757,
        -0.264855520633096,
        0.940748754530785,
        0.012992659350652
      ],
      [
        0.0,
        0.0,
        0.0,
        1.0
      ]
    ]
  },
  "T_WP": {
    "0": [
      [
        -0.24267147514487,
        0.561521066846997,
        0.791078154570092,
        0.0932272350967668
      ],
      [
        0.138589185155999,
        0.827155721115326,
        -0.544615874524404,
        -0.0700592026109959
      ],
      [
        -0.96015810828676,
        -0.0225278608215699,
        -0.278547846119827,
        -0.0325876581324024
      ],
      [
        0.0,
        0.0,
        0.0,
        1.0
      ]
    ],
    "1": [
      [
        -0.338926716376936,
        -0.715980984096807,
        -0.610327708151708,
        -0.0805747038474798
      ],
      [
        -0.00724331765883169,
        -0.646718832842131,
        0.762694096998663,
        0.085324678184194
      ],
      [
        -0.940784893201013,
        0.262918203361959,
        0.214004212728812,
        0.0280696037950313
      ],
      [
        0.0,
        0.0,
        0.0,
        1.0
      ]
    ],
    "2": [
      [
        -0.241861780016076,
        -0.564075911159731,
        0.789506963754452,
        0.0930425181288785
      ],
      [
        -0.136597035162204,
        0.825354688863002,
        0.547842027921145,
        0.070412733948768
      ],
      [
        -0.960647765495944,
        0.024657737551853,
        -0.276672851263859,
        -0.0323597589391221
      ],
      [
        0.0,
        0.0,
        0.0,
        1.0
      ]
    ],
    "3": [
      [
        -0.338976453485283,
        0.717337626034555,
        -0.608704932013573,
        -0.080386375907017
      ],
      [
        0.0093136905314548,
        -0.644420889997585,
        -0.764614263340283,
        -0.0855867904281077
      ],
      [
        -0.940748754530785,
        -0.264855520633096,
        0.211762447187757,
        0.027816030653795
      ],
      [
        0.0,
        0.0,
        0.0,
        1.0
      ]
    ]
  }
}