{
  "T_WB": [
    [
      0.710348382986855,
      0.0192318981950101,
      0.703587456454261,
      -0.143529177191937
    ],
    [
      0.00249123101035428,
      0.999551673991268,
      -0.0298369701763843,
      -0.000286647769815226
    ],
    [
      -0.703845841470995,
      0.0229474424080368,
      0.70998200423033,
      0.13037314928412
    ],
    [
      0.0,
      0.0,
      0.0,
      1.0
    ]
  ],
  "T_WH": {
    "0": [
      [
        -0.160889173754858,
        0.190125096090787,
        0.968487027071064,
        -0.115730662614703
      ],
      [
        -0.870102918282625,
        0.435856456313294,
        -0.230108802713146,
        -0.0321726520971216
      ],
      [
        -0.465870781831764,
        -0.879705403715634,
        0.0953038158153918,
        0.101484997468223
      ],
      [
        0.0,
        0.0,
        0.0,
        1.0
      ]
    ],
    "1": [
      [
        -0.413013419877025,
        -0.703256976195274,
        0.57866185327371,
        -0.171327691769171
      ],
      [
        0.866386960225291,
        -0.499237501306225,
        0.0116426990469345,
        0.0315993565574912
      ],
      [
        0.280701888403097,
        0.506153675006116,
        0.815484461608398,
        0.159261301100017
      ],
      [
        0.0,
        0.0,
        0.0,
        1.0
      ]
    ],
    "2": [
      [
        -0.121495681659464,
        -0.174718433307326,
        0.977093786901102,
        -0.114499821130223
      ],
      [
        0.895640673620486,
        0.405028555961089,
        0.183792417179589,
        0.0317986550383195
      ],
      [
        -0.42786280873049,
        0.89745492249957,
        0.107275714803249,
        0.102953633782338
      ],
      [
        0.0,
        0.0,
        0.0,
        1.0
      ]
    ],
    "3": [
      [
        -0.438173382303276,
        0.69363498955334,
        0.57172947126088,
        -0.172558533253652
      ],
      [
        -0.87025555070198,
        -0.486608469042571,
        -0.0765994407841052,
        -0.03237195057795
      ],
      [
        0.225076350408701,
        -0.5311145819156,
        0.816858578557707,
        0.157792664785903
      ],
      [
        0.0,
        0.0,
        0.0,
        1.0
      ]
    ]
  },
  "T_WP": {
    "0": [
      [
        -0.968487027071064,
        0.190125096090787,
        -0.160889173754858,
        -0.126992904777543
      ],
      [
        0.230108802713146,
        0.435856456313294,
        -0.870102918282625,
        -0.0930798563769054
      ],
      [
        -0.0953038158153919,
        -0.879705403715634,
        -0.465870781831764,
        0.0688740427399997
      ],
      [
        0.0,
        0.0,
        0.0,
        1.0
      ]
    ],
    "1": [
      [
        -0.57866185327371,
        -0.703256976195274,
        -0.413013419877024,
        -0.200238631160563
      ],
      [
        -0.0116426990469345,
        -0.499237501306225,
        0.866386960225291,
        0.0922464437732615
      ],
      [
        -0.815484461608398,
        0.506153675006116,
        0.280701888403097,
        0.178910433288234
      ],
      [
        0.0,
        0.0,
        0.0,
        1.0
      ]
    ],
    "2": [
      [
        -0.977093786901102,
        -0.174718433307326,
        -0.121495681659463,
        -0.123004518846385
      ],
      [
        -0.183792417179589,
        0.405028555961089,
        0.895640673620486,
        0.0944935021917536
      ],
      [
        -0.107275714803249,
        0.89745492249957,
        -0.42786280873049,
        0.0730032371712033
      ],
      [
        0.0,
        0.0,
        0.0,
        1.0
      ]
    ],
    "3": [
      [
        -0.57172947126088,
        0.69363498955334,
        -0.438173382303276,
        -0.203230670014881
      ],
      [
        0.0765994407841052,
        -0.486608469042571,
        -0.87025555070198,
        -0.0932898391270886
      ],
      [
        -0.816858578557707,
        -0.5311145819156,
        0.225076350408701,
        0.173548009314512
      ],
      [
        0.0,
        0.0,
        0.0,
        1.0
      ]
    ]
  },
  "simTime": 0.820499999999926,
  "state": [
    -0.143529177191937,
    -0.000286647769815226,
    0.13037314928412,
    0.924646156809249,
    0.0142715167839362,
    0.380532944294605,
    -0.00452623607997903,
    -0.373511543094934,
    -0.00308998973047669,
    1.10335457749191,
    0.49268402818489,
    13.0144995123996,
    -0.199330316372404,
    0.916603468143212,
    -0.216700653682305,
    0.273985935546114,
    -0.194449520453041,
    0.987791708179344,
    -0.052237894364956,
    0.0662241409362445,
    -0.130969869823966,
    0.917638639791643,
    0.21657526921277,
    0.272065575878873,
    0.192392312602289,
    0.986222290061493,
    0.0537062736830119,
    0.0697466911847666,
    0.140059379627809,
    -2.72441792249883,
    -2.34438499803724,
    2.3356137289735,
    -1.50285461330486,
    -1.03522181689356,
    0.277008043430764,
    2.7467178226395,
    -2.331521998954,
    -2.29078768769776,
    1.54152667313648,
    -1.06717666891522,
    -0.299913556701584
  ]
}