{
  "T_WB": [
    [
      -2.22044604925031e-16,
      8.46390766938535e-20,
      1.0,
      -5.41323088828436e-36
    ],
    [
      -1.42355833454387e-18,
      1.0,
      -8.46390766938536e-20,
      4.7962152393116e-21
    ],
    [
      -1.0,
      -1.42355833454387e-18,
      -2.22044604925031e-16,
      0.316409415575002
    ],
    [
      0.0,
      0.0,
      0.0,
      1.0
    ]
  ],
  "T_WH": {
    "0": [
      [
        -1.57160795268176e-16,
        -1.52912592728017e-16,
        1.0,
        -8.88449264745546e-18
      ],
      [
        -0.707106779455507,
        0.707106782917588,
        -3.00393228725106e-18,
        -0.032
      ],
      [
        -0.707106782917588,
        -0.707106779455507,
        -2.19254995324949e-16,
        0.276409415575002
      ],
      [
        0.0,
        0.0,
        0.0,
        1.0
      ]
    ],
    "1": [
      [
        1.57160795268176e-16,
        1.52915401750165e-16,
        1.0,
        8.88449264745546e-18
      ],
      [
        0.707106779455507,
        -0.707106782917588,
        -3.00194600863647e-18,
        0.032
      ],
      [
        0.707106782917588,
        0.707106779455507,
        -2.19256981603554e-16,
        0.356409415575002
      ],
      [
        0.0,
        0.0,
        0.0,
        1.0
      ]
    ],
    "2": [
      [
        -1.57054162022152e-16,
        1.54024175831699e-16,
        1.0,
        -8.87907574654705e-18
      ],
      [
        0.707106779455507,
        0.707106782917588,
        2.14252324368154e-18,
        0.032
      ],
      [
        -0.707106782917588,
        0.707106779455507,
        -2.19965602181943e-16,
        0.276409415575002
      ],
      [
        0.0,
        0.0,
        0.0,
        1.0
      ]
    ],
    "3": [
      [
        1.57054162022152e-16,
        -1.53021603501e-16,
        1.0,
        8.87907574654705e-18
      ],
      [
        -0.707106779455507,
        -0.707106782917588,
        2.85144893908454e-18,
        -0.032
      ],
      [
        0.707106782917588,
        -0.707106779455507,
        -2.19256676490011e-16,
        0.356409415575002
      ],
      [
        0.0,
        0.0,
        0.0,
        1.0
      ]
    ]
  },
  "T_WP": {
    "0": [
      [
        -1.0,
        -1.52912592728017e-16,
        -9.59284553108082e-17,
        -1.98857483162278e-17
      ],
      [
        -4.0293870418528e-17,
        0.707106782917588,
        -0.707106779455507,
        -0.0814974745618855
      ],
      [
        1.75957192407179e-16,
        -0.707106779455507,
        -0.707106782917588,
        0.226911940770771
      ],
      [
        0.0,
        0.0,
        0.0,
        1.0
      ]
    ],
    "1": [
      [
        -1.0,
        1.52915401750165e-16,
        2.18393135225544e-16,
        1.98857483162278e-17
      ],
      [
        4.62997487144155e-17,
        -0.707106782917588,
        0.707106779455507,
        0.0814974745618855
      ],
      [
        2.62554784521324e-16,
        0.707106779455507,
        0.707106782917588,
        0.405906890379233
      ],
      [
        0.0,
        0.0,
        0.0,
        1.0
      ]
    ],
    "2": [
      [
        -1.0,
        1.54024175831699e-16,
        -9.58218220647839e-17,
        -1.98728670880977e-17
      ],
      [
        4.11552794620975e-17,
        0.707106782917588,
        0.707106779455507,
        0.0814974745618855
      ],
      [
        1.76667799264172e-16,
        0.707106779455507,
        -0.707106782917588,
        0.226911940770771
      ],
      [
        0.0,
        0.0,
        0.0,
        1.0
      ]
    ],
    "3": [
      [
        -1.0,
        -1.53021603501e-16,
        2.18286501979519e-16,
        1.98728670880977e-17
      ],
      [
        -4.61492516448636e-17,
        -0.707106782917588,
        -0.707106779455507,
        -0.0814974745618855
      ],
      [
        2.62554479407781e-16,
        -0.707106779455507,
        0.707106782917588,
        0.405906890379233
      ],
      [
        0.0,
        0.0,
        0.0,
        1.0
      ]
    ]
  },
  "simTime": 0.193499999999995,
  "state": [
    -5.41323088828436e-36,
    4.7962152393116e-21,
    0.316409415575002,
    0.707106781186548,
    -4.73379443343502e-19,
    0.707106781186548,
    -5.33228308427094e-19,
    -7.54946688811511e-35,
    -1.50585904139582e-20,
    -1.89757709999996,
    6.34724471450713e-19,
    -9.45613333470798e-18,
    -1.71789481552632e-17,
    1.0,
    2.01840194538134e-18,
    4.58500752465825e-20,
    -8.13133325986056e-19,
    1.0,
    -2.01699743430708e-18,
    -4.5850075246582e-20,
    8.09888231617991e-19,
    1.0,
    -1.52245925877024e-18,
    5.23823171715346e-20,
    5.12399224151166e-19,
    1.0,
    2.02374542411991e-18,
    -5.23823171715339e-20,
    -8.05327961077476e-19,
    1.80063745137153e-17,
    4.30493389027612e-19,
    -1.89442349077218e-17,
    -1.78228027938438e-17,
    -4.30493389027609e-19,
    1.89225883213601e-17,
    -2.07908316227674e-17,
    3.23312081987668e-19,
    1.38121969176203e-17,
    1.81101772032872e-17,
    -3.23312081987665e-19,
    -1.9022776777474e-17
  ]
}