{
  "T_WB": [
    [
      0.154576354501216,
      0.133292389487097,
      -0.97894805252063,
      -0.284919422803114
    ],
    [
      -0.205207436697938,
      0.973580020172408,
      0.100159134605668,
      -0.0038799139179259
    ],
    [
      0.966434715101324,
      0.185405186620856,
      0.177845039911462,
      0.157062845982736
    ],
    [
      0.0,
      0.0,
      0.0,
      1.0
    ]
  ],
  "T_WH": {
    "0": [
      [
        0.37556181796726,
        0.288356150807176,
        -0.880797395078344,
        -0.283001725086653
      ],
      [
        -0.50789906207743,
        0.858986882617984,
        0.0646535245064461,
        -0.0432427720313605
      ],
      [
        0.775236650079183,
        0.423074775638902,
        0.469058493785262,
        0.189787268614921
      ],
      [
        0.0,
        0.0,
        0.0,
        1.0
      ]
    ],
    "1": [
      [
        0.268704366145599,
        0.114749891479084,
        -0.95636312456087,
        -0.286837120519576
      ],
      [
        0.74195375249922,
        -0.657818791158073,
        0.129534038583141,
        0.0354829441955086
      ],
      [
        -0.614249617636526,
        -0.744383570751579,
        -0.261897893898579,
        0.12433842335055
      ],
      [
        0.0,
        0.0,
        0.0,
        1.0
      ]
    ],
    "2": [
      [
        0.436527071262701,
        0.0217020977257006,
        -0.899429338530333,
        -0.274471012159479
      ],
      [
        0.158419335006695,
        0.982234988253304,
        0.100586987961013,
        0.0190663492596736
      ],
      [
        0.885633914408682,
        -0.186395940957245,
        0.425334130824012,
        0.201653200558656
      ],
      [
        0.0,
        0.0,
        0.0,
        1.0
      ]
    ],
    "3": [
      [
        -0.131592127158416,
        -0.356177819333865,
        -0.925105871284199,
        -0.29536783344675
      ],
      [
        -0.298380699958754,
        -0.875711205024368,
        0.379603534344576,
        -0.0268261770955254
      ],
      [
        -0.945331936391682,
        0.325986573970988,
        0.00896011320299505,
        0.112472491406815
      ],
      [
        0.0,
        0.0,
        0.0,
        1.0
      ]
    ]
  },
  "T_WP": {
    "0": [
      [
        0.880797395078344,
        0.288356150807176,
        0.37556181796726,
        -0.256712397828945
      ],
      [
        -0.0646535245064461,
        0.858986882617984,
        -0.50789906207743,
        -0.0787957063767805
      ],
      [
        -0.469058493785262,
        0.423074775638902,
        0.775236650079183,
        0.244053834120464
      ],
      [
        0.0,
        0.0,
        0.0,
        1.0
      ]
    ],
    "1": [
      [
        0.95636312456087,
        0.114749891479084,
        0.268704366145599,
        -0.268027814889384
      ],
      [
        -0.129534038583141,
        -0.657818791158073,
        0.74195375249922,
        0.087419706870454
      ],
      [
        0.261897893898579,
        -0.744383570751579,
        -0.614249617636526,
        0.0813409501159933
      ],
      [
        0.0,
        0.0,
        0.0,
        1.0
      ]
    ],
    "2": [
      [
        0.899429338530333,
        0.0217020977257006,
        0.436527071262701,
        -0.24391411717109
      ],
      [
        -0.100586987961013,
        0.982234988253304,
        0.158419335006695,
        0.0301557027101423
      ],
      [
        -0.425334130824012,
        -0.186395940957245,
        0.885633914408682,
        0.263647574567264
      ],
      [
        0.0,
        0.0,
        0.0,
        1.0
      ]
    ],
    "3": [
      [
        0.925105871284199,
        -0.356177819333865,
        -0.131592127158416,
        -0.304579282347839
      ],
      [
        -0.379603534344576,
        -0.875711205024368,
        -0.298380699958754,
        -0.0477128260926382
      ],
      [
        -0.00896011320299511,
        0.325986573970988,
        -0.945331936391682,
        0.0462992558593976
      ],
      [
        0.0,
        0.0,
        0.0,
        1.0
      ]
    ]
  },
  "simTime": 1.16299999999989,
  "state": [
    -0.284919422803114,
    -0.0038799139179259,
    0.157062845982736,
    -0.759276203792975,
    -0.0280681956017257,
    0.640538567488276,
    0.111454772483997,
    -0.296490129614771,
    -0.0194646678787507,
    0.145439591191371,
    -1.81868597040485,
    8.75876882322404,
    -2.82671220681397,
    0.959072100744605,
    -0.0935493487311415,
    0.123180307912726,
    0.237183128969655,
    0.974241355583205,
    -0.16633647783045,
    0.144978891879418,
    0.0465518863610868,
    0.972600045386698,
    0.046654900535171,
    0.121313169192485,
    -0.192757845366465,
    0.975794364954917,
    0.165078087217668,
    0.0112602395321265,
    -0.142995767239681,
    2.25870876698664,
    -1.38759272405524,
    0.712810101166359,
    0.126796666615765,
    -1.37959670040241,
    1.71345497918346,
    -2.0119116694447,
    -1.28469236733277,
    -0.37075567573133,
    -0.837897833977487,
    -0.192142310806271,
    -1.93243750306722
  ]
}