{
  "T_WB": [
    [
      -0.77814128490471,
      0.0720688838746348,
      0.623940875968157,
      -0.200089446896113
    ],
    [
      0.0534462716096231,
      0.997389814306905,
      -0.0485495043009421,
      -0.000530336245271843
    ],
    [
      -0.625811183008004,
      -0.00443106013288157,
      -0.779962004797812,
      0.195160297210288
    ],
    [
      0.0,
      0.0,
      0.0,
      1.0
    ]
  ],
  "T_WH": {
    "0": [
      [
        -0.773134567031087,
        -0.6341828976431,
        0.00865988444810378,
        -0.233521302576289
      ],
      [
        -0.629058491985997,
        0.768486496398556,
        0.117106440955978,
        -0.0303089594387079
      ],
      [
        -0.0809219063168723,
        0.0850914636733547,
        -0.993081611897013,
        0.17026964381422
      ],
      [
        0.0,
        0.0,
        0.0,
        1.0
      ]
    ],
    "1": [
      [
        0.492191409633616,
        0.391680759256703,
        0.777389091196273,
        -0.166657591215936
      ],
      [
        0.782577654908558,
        -0.59018865778341,
        -0.198115022806549,
        0.0292482869481642
      ],
      [
        0.381208381755565,
        0.705877844284626,
        -0.597006397476102,
        0.220050950606356
      ],
      [
        0.0,
        0.0,
        0.0,
        1.0
      ]
    ],
    "2": [
      [
        -0.67471706300856,
        0.737972390265918,
        -0.0123950026345712,
        -0.228908894008313
      ],
      [
        0.732863740176814,
        0.667864940299425,
        -0.129873630321543,
        0.0335239886769341
      ],
      [
        -0.0875649657063523,
        -0.0967118024030847,
        -0.991453077082719,
        0.169986055965716
      ],
      [
        0.0,
        0.0,
        0.0,
        1.0
      ]
    ],
    "3": [
      [
        0.364842936313524,
        -0.469568920754323,
        0.803986729047032,
        -0.171269999783913
      ],
      [
        -0.847142770249614,
        -0.525699172753791,
        0.0773919025466451,
        -0.0345846611674777
      ],
      [
        0.3863143262111,
        -0.709327433860837,
        -0.589589546156023,
        0.220334538454861
      ],
      [
        0.0,
        0.0,
        0.0,
        1.0
      ]
    ]
  },
  "T_WP": {
    "0": [
      [
        -0.00865988444810383,
        -0.6341828976431,
        -0.773134567031087,
        -0.287640722268466
      ],
      [
        -0.117106440955978,
        0.768486496398556,
        -0.629058491985997,
        -0.0743430538777277
      ],
      [
        0.993081611897013,
        0.0850914636733547,
        -0.0809219063168724,
        0.164605110372039
      ],
      [
        0.0,
        0.0,
        0.0,
        1.0
      ]
    ],
    "1": [
      [
        -0.777389091196273,
        0.391680759256703,
        0.492191409633616,
        -0.132204192541583
      ],
      [
        0.198115022806549,
        -0.59018865778341,
        0.782577654908558,
        0.0840287227917633
      ],
      [
        0.597006397476102,
        0.705877844284626,
        0.381208381755565,
        0.246735537329246
      ],
      [
        0.0,
        0.0,
        0.0,
        1.0
      ]
    ],
    "2": [
      [
        0.0123950026345712,
        0.737972390265918,
        -0.67471706300856,
        -0.276139088418912
      ],
      [
        0.129873630321544,
        0.667864940299425,
        0.732863740176814,
        0.084824450489311
      ],
      [
        0.991453077082719,
        -0.0967118024030847,
        -0.0875649657063524,
        0.163856508366271
      ],
      [
        0.0,
        0.0,
        0.0,
        1.0
      ]
    ],
    "3": [
      [
        -0.803986729047032,
        -0.469568920754323,
        0.364842936313524,
        -0.145730994241966
      ],
      [
        -0.0773919025466451,
        -0.525699172753791,
        -0.847142770249614,
        -0.0938846550849507
      ],
      [
        0.589589546156023,
        -0.709327433860837,
        0.386314326211099,
        0.247376541289638
      ],
      [
        0.0,
        0.0,
        0.0,
        1.0
      ]
    ]
  },
  "simTime": 0.949499999999912,
  "state": [
    -0.200089446896113,
    -0.000530336245271843,
    0.195160297210288,
    0.331393468781592,
    0.0332825238909108,
    0.942800761562249,
    -0.0140487170232111,
    -0.468887541651776,
    -0.00237962866979024,
    -0.0744922559974189,
    0.470402392072228,
    12.9795710453861,
    -0.243183395262998,
    0.941308897972443,
    -0.272128654326596,
    0.196987651664111,
    0.0328545154303067,
    0.986751884552422,
    -0.138535288397852,
    0.0255971131531322,
    -0.0804579393160997,
    0.940645940457809,
    0.274604715216025,
    0.196617928385768,
    -0.0334492947408376,
    0.985695318078872,
    0.14247240033926,
    0.0288352247487687,
    0.0852929356550084,
    -0.0126299569144964,
    -2.04982877261824,
    2.89841262044243,
    -1.11385676441713,
    -0.688787552369198,
    1.09898414247064,
    0.0608945248714152,
    -2.03230431831655,
    -2.91485790648609,
    1.13051837533377,
    -0.704722176468979,
    -1.1657739309616
  ]
}