{
  "T_WB": [
    [
      -0.47904926527771,
      -0.702584887148966,
      0.52619984586349,
      -0.108616623721299
    ],
    [
      -0.573657406102454,
      0.704317939476341,
      0.418154780620294,
      -1.09862152261935e-06
    ],
    [
      -0.664401220544251,
      -0.101541698241047,
      -0.740446015356713,
      0.805150883025433
    ],
    [
      0.0,
      0.0,
      0.0,
      1.0
    ]
  ],
  "T_WH": {
    "0": [
      [
        -0.070328210431584,
        -0.430991103622916,
        0.899611366877604,
        0.00332074577765854
      ],
      [
        -0.915284374690995,
        0.386459513270635,
        0.113593829274036,
        -0.0454844703073411
      ],
      [
        -0.39662130081982,
        -0.815411376668565,
        -0.421658428749467,
        -0.0233267144780565
      ],
      [
        0.0,
        0.0,
        0.0,
        1.0
      ]
    ],
    "1": [
      [
        -0.349612495178696,
        0.745444626965226,
        0.567523930194667,
        -0.00332074577765854
      ],
      [
        0.89673096061626,
        0.0907879021598547,
        0.433164104114886,
        0.0454844703073411
      ],
      [
        0.271375546958758,
        0.660355862357629,
        -0.700203861430903,
        0.0233267144780565
      ],
      [
        0.0,
        0.0,
        0.0,
        1.0
      ]
    ],
    "2": [
      [
        -0.896840727702642,
        -0.421693486529679,
        0.133608804171879,
        -0.0416446869998753
      ],
      [
        -0.116052063401028,
        0.515759254056374,
        0.848837034085799,
        -0.000408122180855264
      ],
      [
        -0.426859025574205,
        0.74576604593777,
        -0.511492303961833,
        -0.0298253831654836
      ],
      [
        0.0,
        0.0,
        0.0,
        1.0
      ]
    ],
    "3": [
      [
        0.830994203165615,
        -0.0559019535210059,
        0.553465090044241,
        0.0416446869998753
      ],
      [
        -0.360320465519321,
        -0.812103500945254,
        0.458973927233782,
        0.000408122180855264
      ],
      [
        0.423813398128332,
        -0.580829471828864,
        -0.694995919572136,
        0.0298253831654836
      ],
      [
        0.0,
        0.0,
        0.0,
        1.0
      ]
    ]
  },
  "T_WP": {
    "0": [
      [
        -0.899611366877604,
        -0.430991103622916,
        -0.0703282104315839,
        -0.00160222895255234
      ],
      [
        -0.113593829274036,
        0.386459513270635,
        -0.915284374690995,
        -0.109554376535711
      ],
      [
        0.421658428749467,
        -0.815411376668565,
        -0.39662130081982,
        -0.0510902055354439
      ],
      [
        0.0,
        0.0,
        0.0,
        1.0
      ]
    ],
    "1": [
      [
        -0.567523930194667,
        0.745444626965226,
        -0.349612495178696,
        -0.0277936204401673
      ],
      [
        -0.433164104114886,
        0.0907879021598547,
        0.89673096061626,
        0.108255637550479
      ],
      [
        0.700203861430903,
        0.660355862357629,
        0.271375546958758,
        0.0423230027651696
      ],
      [
        0.0,
        0.0,
        0.0,
        1.0
      ]
    ],
    "2": [
      [
        -0.133608804171879,
        -0.421693486529679,
        -0.896840727702642,
        -0.10442353793906
      ],
      [
        -0.848837034085799,
        0.515759254056374,
        -0.116052063401028,
        -0.00853176661892722
      ],
      [
        0.511492303961833,
        0.74576604593777,
        -0.426859025574205,
        -0.0597055149556779
      ],
      [
        0.0,
        0.0,
        0.0,
        1.0
      ]
    ],
    "3": [
      [
        -0.553465090044241,
        -0.0559019535210059,
        0.830994203165615,
        0.0998142812214684
      ],
      [
        -0.458973927233782,
        -0.812103500945254,
        -0.360320465519321,
        -0.0248143104054972
      ],
      [
        0.694995919572136,
        -0.580829471828864,
        0.423813398128332,
        0.0594923210344668
      ],
      [
        0.0,
        0.0,
        0.0,
        1.0
      ]
    ]
  }
}