{
  "T_WB": [
    [
      0.999995682564399,
      -0.00235166588115523,
      0.0017619648535746,
      -0.075327498858547
    ],
    [
      0.00234860380628889,
      0.999995731814821,
      0.00173793334206192,
      3.24194549239839e-05
    ],
    [
      -0.00176604437172658,
      -0.00173378768128499,
      0.999996937529087,
      0.293126547278424
    ],
    [
      0.0,
      0.0,
      0.0,
      1.0
    ]
  ],
  "T_WH": {
    "0": [
      [
        -0.0926014552471076,
        0.925065700251652,
        -0.368345518099567,
        -0.0352524182477741
      ],
      [
        -0.813395134679757,
        -0.28364822915729,
        -0.50787009852445,
        -0.0318734998108987
      ],
      [
        -0.574293762255363,
        0.252580942103426,
        0.778710178642046,
        0.293111386709356
      ],
      [
        0.0,
        0.0,
        0.0,
        1.0
      ]
    ],
    "1": [
      [
        -0.651275469703321,
        -0.757064772229373,
        0.0518959845460691,
        -0.11540257946932
      ],
      [
        0.758770314594955,
        -0.648753798716927,
        0.0581903629463684,
        0.0319383387207467
      ],
      [
        -0.0103861567575196,
        0.0772750884803386,
        0.99695571037442,
        0.293141707847492
      ],
      [
        0.0,
        0.0,
        0.0,
        1.0
      ]
    ],
    "2": [
      [
        -0.0963044025159666,
        -0.923547669034587,
        -0.371194241707524,
        -0.035402924864168
      ],
      [
        0.810477910335384,
        -0.289243334576724,
        0.509375941973438,
        0.0321262270252498
      ],
      [
        -0.577798424119028,
        -0.251789587599882,
        0.776370391412404,
        0.293000424297754
      ],
      [
        0.0,
        0.0,
        0.0,
        1.0
      ]
    ],
    "3": [
      [
        -0.647833948751663,
        0.759971141056698,
        0.0524884711704188,
        -0.115252072852926
      ],
      [
        -0.761741031449148,
        -0.645549009327553,
        -0.0549279306273524,
        -0.0320613881154018
      ],
      [
        -0.00785976154957049,
        -0.0755668003636188,
        0.997109764685508,
        0.293252670259094
      ],
      [
        0.0,
        0.0,
        0.0,
        1.0
      ]
    ]
  },
  "T_WP": {
    "0": [
      [
        0.368345518099567,
        0.925065700251652,
        -0.0926014552471076,
        -0.0417345201150716
      ],
      [
        0.50787009852445,
        -0.28364822915729,
        -0.813395134679757,
        -0.0888111592384817
      ],
      [
        -0.778710178642046,
        0.252580942103426,
        -0.574293762255363,
        0.252910823351481
      ],
      [
        0.0,
        0.0,
        0.0,
        1.0
      ]
    ],
    "1": [
      [
        -0.0518959845460692,
        -0.757064772229373,
        -0.651275469703321,
        -0.160991862348552
      ],
      [
        -0.0581903629463683,
        -0.648753798716927,
        0.758770314594955,
        0.0850522607423936
      ],
      [
        -0.99695571037442,
        0.0772750884803386,
        -0.0103861567575196,
        0.292414676874466
      ],
      [
        0.0,
        0.0,
        0.0,
        1.0
      ]
    ],
    "2": [
      [
        0.371194241707524,
        -0.923547669034587,
        -0.0963044025159666,
        -0.0421442330402856
      ],
      [
        -0.509375941973438,
        -0.289243334576724,
        0.810477910335384,
        0.0888596807487267
      ],
      [
        -0.776370391412404,
        -0.251789587599882,
        -0.577798424119028,
        0.252554534609422
      ],
      [
        0.0,
        0.0,
        0.0,
        1.0
      ]
    ],
    "3": [
      [
        -0.0524884711704188,
        0.759971141056698,
        -0.647833948751663,
        -0.160600449265542
      ],
      [
        0.0549279306273524,
        -0.645549009327553,
        -0.761741031449148,
        -0.0853832603168422
      ],
      [
        -0.997109764685508,
        -0.0755668003636188,
        -0.00785976154957043,
        0.292702486950625
      ],
      [
        0.0,
        0.0,
        0.0,
        1.0
      ]
    ]
  },
  "simTime": 0.612999999999949,
  "state": [
    -0.075327498858547,
    3.24194549239839e-05,
    0.293126547278424,
    0.999998543987478,
    -0.000867931519555889,
    0.000882003590533567,
    0.0011750691327764,
    -0.321901185974502,
    -0.000209343820139141,
    -1.13049053088906,
    -0.0117928387699357,
    -3.12712406123278,
    0.000386118452230052,
    0.827084431393196,
    0.264619452333039,
    0.203441580390631,
    -0.452238225012127,
    0.998509619256384,
    0.0376058039462436,
    0.00363179843843395,
    -0.0393846899458519,
    0.826900741835219,
    -0.264953889223977,
    0.203715032759063,
    0.452255221269392,
    0.998502597476086,
    -0.037876042473685,
    0.003679537187886,
    0.0392992270423266,
    -4.55608578663729,
    -2.36278904927447,
    -3.03617012602543,
    -0.349168073775609,
    0.147241994195078,
    -0.5467146065437,
    4.55792552030629,
    -2.36513336221235,
    3.03869083267241,
    0.347525471046913,
    0.14684361738704,
    0.549319902202954
  ]
}