{
  "T_WB": [
    [
      -0.0585253832857886,
      0.0524795046192949,
      0.996905552751195,
      -0.170440313433916
    ],
    [
      0.024799514608828,
      0.998385506753315,
      -0.0511015066323227,
      -0.000424948845230142
    ],
    [
      -0.997977837222059,
      0.021732038556937,
      -0.0597323606911844,
      0.181899080286476
    ],
    [
      0.0,
      0.0,
      0.0,
      1.0
    ]
  ],
  "T_WH": {
    "0": [
      [
        -0.460988768006377,
        -0.542172529565931,
        0.702522813833147,
        -0.174460672913165
      ],
      [
        -0.781980002511131,
        0.62244213749353,
        -0.0327576120188497,
        -0.0313813044769831
      ],
      [
        -0.419519524509474,
        -0.564459682932771,
        -0.710906910149831,
        0.141284541563772
      ],
      [
        0.0,
        0.0,
        0.0,
        1.0
      ]
    ],
    "1": [
      [
        0.0137487509068871,
        -0.183424723183229,
        0.982937608789926,
        -0.166419953954667
      ],
      [
        0.83837894301904,
        -0.533603463203642,
        -0.111301805732687,
        0.0305314067865228
      ],
      [
        0.544914415069722,
        0.825604454313466,
        0.146443044447276,
        0.222513619009181
      ],
      [
        0.0,
        0.0,
        0.0,
        1.0
      ]
    ],
    "2": [
      [
        -0.373478629508744,
        0.604490722643292,
        0.703636752549539,
        -0.17110198461753
      ],
      [
        0.843373557076682,
        0.537150080241693,
        -0.0138142868135707,
        0.0325153679552291
      ],
      [
        -0.386309146311726,
        0.588269289980817,
        -0.710425566784706,
        0.142675392031416
      ],
      [
        0.0,
        0.0,
        0.0,
        1.0
      ]
    ],
    "3": [
      [
        -0.0807047340989148,
        0.135814625698003,
        0.987441711363529,
        -0.169778642250302
      ],
      [
        -0.865197107424835,
        -0.501428874912121,
        -0.00174605500017828,
        -0.0333652656456893
      ],
      [
        0.494894646564017,
        -0.854472627326865,
        0.1579741053192,
        0.221122768541537
      ],
      [
        0.0,
        0.0,
        0.0,
        1.0
      ]
    ]
  },
  "T_WP": {
    "0": [
      [
        -0.702522813833147,
        -0.542172529565931,
        -0.460988768006376,
        -0.206729886673611
      ],
      [
        0.0327576120188496,
        0.62244213749353,
        -0.781980002511131,
        -0.0861199046527622
      ],
      [
        0.710906910149831,
        -0.564459682932771,
        -0.419519524509474,
        0.111918174848109
      ],
      [
        0.0,
        0.0,
        0.0,
        1.0
      ]
    ],
    "1": [
      [
        -0.982937608789926,
        -0.183424723183229,
        0.0137487509068871,
        -0.165457541391185
      ],
      [
        0.111301805732687,
        -0.533603463203642,
        0.83837894301904,
        0.0892179327978556
      ],
      [
        -0.146443044447276,
        0.825604454313466,
        0.544914415069722,
        0.260657628064061
      ],
      [
        0.0,
        0.0,
        0.0,
        1.0
      ]
    ],
    "2": [
      [
        -0.703636752549539,
        0.604490722643292,
        -0.373478629508744,
        -0.197245488683142
      ],
      [
        0.0138142868135708,
        0.537150080241693,
        0.843373557076682,
        0.0915515169505968
      ],
      [
        0.710425566784706,
        0.588269289980817,
        -0.386309146311726,
        0.115633751789595
      ],
      [
        0.0,
        0.0,
        0.0,
        1.0
      ]
    ],
    "3": [
      [
        -0.987441711363529,
        0.135814625698003,
        -0.0807047340989147,
        -0.175427973637226
      ],
      [
        0.00174605500017823,
        -0.501428874912121,
        -0.865197107424835,
        -0.0939290631654278
      ],
      [
        -0.1579741053192,
        -0.854472627326865,
        0.494894646564017,
        0.255765393801018
      ],
      [
        0.0,
        0.0,
        0.0,
        1.0
      ]
    ]
  },
  "simTime": 0.885499999999919,
  "state": [
    -0.170440313433916,
    -0.000424948845230142,
    0.181899080286476,
    0.685588754789696,
    0.026558758687488,
    0.727434404384734,
    -0.0100935108026085,
    -0.447501029503918,
    -0.00144361063952072,
    0.491300793510578,
    0.481280147303302,
    13.0757913571582,
    -0.216945857346402,
    0.930565485116775,
    -0.269360055385235,
    0.234950330685342,
    -0.079318223524572,
    0.987824467933493,
    -0.0988851549760699,
    0.0424687580926299,
    -0.112343007184873,
    0.930652689935829,
    0.270390954994199,
    0.233641552500351,
    0.0786506650814646,
    0.986527495492563,
    0.101940539651615,
    0.0457004806990701,
    0.119511895125893,
    -1.44121125568112,
    -2.26535773546003,
    2.87600055274254,
    -1.28135997989385,
    -0.841926048324147,
    0.64854682193276,
    1.47980823141026,
    -2.23105133503897,
    -2.8456962896272,
    1.31980534415746,
    -0.870853129829717,
    -0.708972975743493
  ]
}