{
  "arms": {
    "0": [
      [
        -1.0,
        -3.45443494732476e-17,
        -5.7429535273001e-17,
        -8.88179392464526e-18
      ],
      [
        1.61822716353566e-17,
        0.70710676908493,
        -0.70710676908493,
        -0.0320000015199184
      ],
      [
        6.50353617437526e-17,
        -0.70710676908493,
        -0.70710676908493,
        0.212873682379723
      ],
      [
        0.0,
        0.0,
        0.0,
        1.0
      ]
    ],
    "1": [
      [
        -1.0,
        -1.59070219925736e-16,
        3.79071251986398e-16,
        8.88177407231055e-18
      ],
      [
        -1.55564231443042e-16,
        -0.70710676908493,
        -0.70710676908493,
        -0.0320000015199184
      ],
      [
        3.80523489974466e-16,
        -0.70710676908493,
        0.70710676908493,
        0.292873680591583
      ],
      [
        0.0,
        0.0,
        0.0,
        1.0
      ]
    ],
    "2": [
      [
        -1.0,
        1.54980599272605e-16,
        3.79036364816883e-16,
        8.88179392464526e-18
      ],
      [
        1.58431358560159e-16,
        -0.70710676908493,
        0.70710676908493,
        0.0320000015199184
      ],
      [
        3.77607023188171e-16,
        0.70710676908493,
        0.70710676908493,
        0.292873680591583
      ],
      [
        0.0,
        0.0,
        0.0,
        1.0
      ]
    ],
    "3": [
      [
        -1.0,
        2.79474153432922e-16,
        1.87500258760506e-16,
        -8.88177407231055e-18
      ],
      [
        3.30200759652275e-16,
        0.70710676908493,
        0.70710676908493,
        0.0320000015199184
      ],
      [
        6.50353617437526e-17,
        0.70710676908493,
        -0.70710676908493,
        0.212873682379723
      ],
      [
        0.0,
        0.0,
        0.0,
        1.0
      ]
    ]
  },
  "arms_in_parent_frame": {
    "0": [
      [
        2.22044604925031e-16,
        1.26880514983441e-08,
        0.999999940395355,
        0.0
      ],
      [
        -4.91409067993851e-25,
        0.999999940395355,
        1.26880514983441e-08,
        0.0
      ],
      [
        -1.0,
        0.0,
        2.22044604925031e-16,
        0.0
      ],
      [
        0.0,
        0.0,
        0.0,
        1.0
      ]
    ],
    "1": [
      [
        2.22044604925031e-16,
        -1.26880514983441e-08,
        0.999999940395355,
        0.0
      ],
      [
        3.9930087983934e-25,
        0.999999940395355,
        -1.26880514983441e-08,
        0.0
      ],
      [
        -1.0,
        -5.95764952790642e-24,
        2.22044604925031e-16,
        0.0
      ],
      [
        0.0,
        0.0,
        0.0,
        1.0
      ]
    ],
    "2": [
      [
        2.22044604925031e-16,
        1.26880514983441e-08,
        0.999999940395355,
        0.0
      ],
      [
        6.72306706474607e-24,
        0.999999940395355,
        1.26880514983441e-08,
        0.0
      ],
      [
        -1.0,
        2.71169121789641e-24,
        2.22044591690142e-16,
        0.0
      ],
      [
        0.0,
        0.0,
        0.0,
        1.0
      ]
    ],
    "3": [
      [
        2.22044591690142e-16,
        -1.26880514983441e-08,
        0.999999940395355,
        0.0
      ],
      [
        -1.60522023942058e-23,
        0.999999940395355,
        -1.26880514983441e-08,
        0.0
      ],
      [
        -1.0,
        1.32348898008484e-23,
        2.22044604925031e-16,
        0.0
      ],
      [
        0.0,
        0.0,
        0.0,
        1.0
      ]
    ]
  },
  "arms_link_world": {
    "0": [
      [
        -1.0,
        -3.45443494732476e-17,
        -5.7429535273001e-17,
        -8.88179392464526e-18
      ],
      [
        1.61822716353566e-17,
        0.70710676908493,
        -0.70710676908493,
        -0.0320000015199184
      ],
      [
        6.50353617437526e-17,
        -0.70710676908493,
        -0.70710676908493,
        0.212873682379723
      ],
      [
        0.0,
        0.0,
        0.0,
        1.0
      ]
    ],
    "1": [
      [
        -1.0,
        -1.59070219925736e-16,
        3.79071251986398e-16,
        8.88177407231055e-18
      ],
      [
        -1.55564231443042e-16,
        -0.70710676908493,
        -0.70710676908493,
        -0.0320000015199184
      ],
      [
        3.80523489974466e-16,
        -0.70710676908493,
        0.70710676908493,
        0.292873680591583
      ],
      [
        0.0,
        0.0,
        0.0,
        1.0
      ]
    ],
    "2": [
      [
        -1.0,
        1.54980599272605e-16,
        3.79036364816883e-16,
        8.88179392464526e-18
      ],
      [
        1.58431358560159e-16,
        -0.70710676908493,
        0.70710676908493,
        0.0320000015199184
      ],
      [
        3.77607023188171e-16,
        0.70710676908493,
        0.70710676908493,
        0.292873680591583
      ],
      [
        0.0,
        0.0,
        0.0,
        1.0
      ]
    ],
    "3": [
      [
        -1.0,
        2.79474153432922e-16,
        1.87500258760506e-16,
        -8.88177407231055e-18
      ],
      [
        3.30200759652275e-16,
        0.70710676908493,
        0.70710676908493,
        0.0320000015199184
      ],
      [
        6.50353617437526e-17,
        0.70710676908493,
        -0.70710676908493,
        0.212873682379723
      ],
      [
        0.0,
        0.0,
        0.0,
        1.0
      ]
    ]
  },
  "arms_relative_to_base": {
    "0": [
      [
        1.57009243181279e-16,
        0.70710676908493,
        0.70710676908493,
        0.0400000065565109
      ],
      [
        1.61819655785299e-17,
        0.70710676908493,
        -0.70710676908493,
        -0.0320000015199184
      ],
      [
        -1.0,
        1.22464672023627e-16,
        9.95799262839594e-17,
        0.0
      ],
      [
        0.0,
        0.0,
        0.0,
        1.0
      ]
    ],
    "1": [
      [
        -1.58478885049434e-16,
        0.70710676908493,
        -0.70710676908493,
        -0.0399999916553497
      ],
      [
        -1.55564535845508e-16,
        -0.70710676908493,
        -0.70710676908493,
        -0.0320000015199184
      ],
      [
        -1.0,
        -2.06076498622071e-18,
        2.22062233798246e-16,
        0.0
      ],
      [
        0.0,
        0.0,
        0.0,
        1.0
      ]
    ],
    "2": [
      [
        -1.5556241826314e-16,
        -0.70710676908493,
        -0.70710676908493,
        -0.0399999916553497
      ],
      [
        1.58431054157694e-16,
        -0.70710676908493,
        0.70710676908493,
        0.0320000015199184
      ],
      [
        -1.0,
        -2.02843215043724e-18,
        2.22026909877368e-16,
        0.0
      ],
      [
        0.0,
        0.0,
        0.0,
        1.0
      ]
    ],
    "3": [
      [
        1.57009243181279e-16,
        -0.70710676908493,
        0.70710676908493,
        0.0400000065565109
      ],
      [
        3.3020044201492e-16,
        0.70710676908493,
        0.70710676908493,
        0.0320000015199184
      ],
      [
        -1.0,
        1.22464698493407e-16,
        3.44509290183548e-16,
        0.0
      ],
      [
        0.0,
        0.0,
        0.0,
        1.0
      ]
    ]
  },
  "arms_view_frame": {
    "0": [
      [
        -0.999999940395355,
        -3.45443461645251e-17,
        -5.74295286555561e-17,
        -8.88179309746464e-18
      ],
      [
        6.50353617437526e-17,
        -0.707106828689575,
        -0.707106709480286,
        0.212873682379723
      ],
      [
        -1.6182274944079e-17,
        -0.707106709480286,
        0.707106828689575,
        0.0319999940693378
      ],
      [
        0.0,
        0.0,
        0.0,
        1.0
      ]
    ],
    "1": [
      [
        -0.999999940395355,
        -1.59070206690846e-16,
        3.79071225516619e-16,
        8.88177324512994e-18
      ],
      [
        3.80523489974466e-16,
        -0.707106709480286,
        0.707106828689575,
        0.292873680591583
      ],
      [
        1.55564218208153e-16,
        0.707106828689575,
        0.707106709480286,
        0.0319999903440475
      ],
      [
        0.0,
        0.0,
        0.0,
        1.0
      ]
    ],
    "2": [
      [
        -0.999999940395355,
        1.54980586037715e-16,
        3.79036338347104e-16,
        8.88179309746464e-18
      ],
      [
        3.77607023188171e-16,
        0.707106828689575,
        0.707106709480286,
        0.292873680591583
      ],
      [
        -1.58431371795049e-16,
        0.707106709480286,
        -0.707106828689575,
        -0.0320000126957893
      ],
      [
        0.0,
        0.0,
        0.0,
        1.0
      ]
    ],
    "3": [
      [
        -0.999999940395355,
        2.79474126963143e-16,
        1.87500245525616e-16,
        -8.88177324512994e-18
      ],
      [
        6.50353485088628e-17,
        0.707106709480286,
        -0.707106828689575,
        0.212873682379723
      ],
      [
        -3.30200759652275e-16,
        -0.707106828689575,
        -0.707106709480286,
        -0.032000008970499
      ],
      [
        0.0,
        0.0,
        0.0,
        1.0
      ]
    ]
  },
  "arms_visual_world": {
    "0": [
      [
        -1.0,
        -3.45443494732476e-17,
        -5.7429535273001e-17,
        -8.88179392464526e-18
      ],
      [
        1.61822716353566e-17,
        0.70710676908493,
        -0.70710676908493,
        -0.0320000015199184
      ],
      [
        6.50353617437526e-17,
        -0.70710676908493,
        -0.70710676908493,
        0.212873682379723
      ],
      [
        0.0,
        0.0,
        0.0,
        1.0
      ]
    ],
    "1": [
      [
        -1.0,
        -1.59070219925736e-16,
        3.79071251986398e-16,
        8.88177407231055e-18
      ],
      [
        -1.55564231443042e-16,
        -0.70710676908493,
        -0.70710676908493,
        -0.0320000015199184
      ],
      [
        3.80523489974466e-16,
        -0.70710676908493,
        0.70710676908493,
        0.292873680591583
      ],
      [
        0.0,
        0.0,
        0.0,
        1.0
      ]
    ],
    "2": [
      [
        -1.0,
        1.54980599272605e-16,
        3.79036364816883e-16,
        8.88179392464526e-18
      ],
      [
        1.58431358560159e-16,
        -0.70710676908493,
        0.70710676908493,
        0.0320000015199184
      ],
      [
        3.77607023188171e-16,
        0.70710676908493,
        0.70710676908493,
        0.292873680591583
      ],
      [
        0.0,
        0.0,
        0.0,
        1.0
      ]
    ],
    "3": [
      [
        -1.0,
        2.79474153432922e-16,
        1.87500258760506e-16,
        -8.88177407231055e-18
      ],
      [
        3.30200759652275e-16,
        0.70710676908493,
        0.70710676908493,
        0.0320000015199184
      ],
      [
        6.50353617437526e-17,
        0.70710676908493,
        -0.70710676908493,
        0.212873682379723
      ],
      [
        0.0,
        0.0,
        0.0,
        1.0
      ]
    ]
  },
  "base": [
    [
      -2.22044604925031e-16,
      3.06604384465265e-22,
      1.0,
      1.21620918756504e-35
    ],
    [
      1.03828248155054e-18,
      1.0,
      -3.06604384465265e-22,
      1.59376913452039e-22
    ],
    [
      -1.0,
      1.03828248155054e-18,
      -2.22044604925031e-16,
      0.252873688936234
    ],
    [
      0.0,
      0.0,
      0.0,
      1.0
    ]
  ],
  "base_link_world": [
    [
      -2.22044604925031e-16,
      3.06604384465265e-22,
      1.0,
      1.21620918756504e-35
    ],
    [
      1.03828248155054e-18,
      1.0,
      -3.06604384465265e-22,
      1.59376913452039e-22
    ],
    [
      -1.0,
      1.03828248155054e-18,
      -2.22044604925031e-16,
      0.252873688936234
    ],
    [
      0.0,
      0.0,
      0.0,
      1.0
    ]
  ],
  "base_view_frame": [
    [
      -2.22044591690142e-16,
      3.06604359221716e-22,
      0.999999940395355,
      1.21620904407208e-35
    ],
    [
      -1.0,
      -4.37113882867379e-08,
      -2.22044604925031e-16,
      0.252873688936234
    ],
    [
      4.37113882867379e-08,
      -1.0,
      3.16310251364066e-22,
      -1.10534603692258e-08
    ],
    [
      0.0,
      0.0,
      0.0,
      1.0
    ]
  ],
  "base_visual_world": [
    [
      -1.08305901938027e-21,
      2.22044591690142e-16,
      1.0,
      1.21620918756504e-35
    ],
    [
      0.999999940395355,
      6.25848770141602e-06,
      -3.06604384465265e-22,
      1.59376913452039e-22
    ],
    [
      -6.25848770141602e-06,
      0.999999940395355,
      -2.22044604925031e-16,
      0.252873688936234
    ],
    [
      0.0,
      0.0,
      0.0,
      1.0
    ]
  ],
  "view_adjust": [
    [
      0.999999940395355,
      0.0,
      0.0,
      0.0
    ],
    [
      0.0,
      -4.37113882867379e-08,
      1.0,
      0.0
    ],
    [
      0.0,
      -1.0,
      -4.37113882867379e-08,
      0.0
    ],
    [
      0.0,
      0.0,
      0.0,
      1.0
    ]
  ]
}