{
  "T_WB": [
    [
      -0.611867210506758,
      0.0690539570481734,
      0.787940396046978,
      -0.191640343115958
    ],
    [
      0.0459711970318994,
      0.99760245577764,
      -0.0517299649127604,
      -0.00049317110166113
    ],
    [
      -0.789623432878061,
      0.00457069386528534,
      -0.61357472487665,
      0.195077726682328
    ],
    [
      0.0,
      0.0,
      0.0,
      1.0
    ]
  ],
  "T_WH": {
    "0": [
      [
        -0.70577089072028,
        -0.675339889748555,
        0.214017483225816,
        -0.21832475816177
      ],
      [
        -0.675775236629641,
        0.732448520363563,
        0.0827465683601455,
        -0.0305776018052696
      ],
      [
        -0.212638847274095,
        -0.0862275961142197,
        -0.973318818424008,
        0.163346527163516
      ],
      [
        0.0,
        0.0,
        0.0,
        1.0
      ]
    ],
    "1": [
      [
        0.372992102776559,
        0.244065243278387,
        0.895158672130133,
        -0.164955928070146
      ],
      [
        0.800374507362829,
        -0.572663774861682,
        -0.177360787449979,
        0.0295912596019474
      ],
      [
        0.469337340545187,
        0.782616354278794,
        -0.408942664422949,
        0.226808926201139
      ],
      [
        0.0,
        0.0,
        0.0,
        1.0
      ]
    ],
    "2": [
      [
        -0.605275084746577,
        0.770849626328112,
        0.198577252913911,
        -0.213905304910687
      ],
      [
        0.768583343519022,
        0.630865548582184,
        -0.106246429009267,
        0.0332689553644993
      ],
      [
        -0.207175567695967,
        0.0883148526687907,
        -0.974309381535426,
        0.163639051570894
      ],
      [
        0.0,
        0.0,
        0.0,
        1.0
      ]
    ],
    "3": [
      [
        0.249046011896993,
        -0.31549906787438,
        0.915661740015712,
        -0.169375381321229
      ],
      [
        -0.854230818672443,
        -0.517063169772699,
        0.0541792109098768,
        -0.0342552975678216
      ],
      [
        0.456361471191873,
        -0.795679594205486,
        -0.398281547371433,
        0.226516401793761
      ],
      [
        0.0,
        0.0,
        0.0,
        1.0
      ]
    ]
  },
  "T_WP": {
    "0": [
      [
        -0.214017483225816,
        -0.675339889748555,
        -0.70577089072028,
        -0.26772872051219
      ],
      [
        -0.0827465683601455,
        0.732448520363563,
        -0.675775236629641,
        -0.0778818683693445
      ],
      [
        0.973318818424008,
        -0.0862275961142197,
        -0.212638847274095,
        0.148461807854329
      ],
      [
        0.0,
        0.0,
        0.0,
        1.0
      ]
    ],
    "1": [
      [
        -0.895158672130133,
        0.244065243278387,
        0.372992102776559,
        -0.138846480875787
      ],
      [
        0.177360787449979,
        -0.572663774861682,
        0.800374507362829,
        0.0856174751173455
      ],
      [
        0.408942664422949,
        0.782616354278794,
        0.469337340545187,
        0.259662540039302
      ],
      [
        0.0,
        0.0,
        0.0,
        1.0
      ]
    ],
    "2": [
      [
        -0.198577252913911,
        0.770849626328112,
        -0.605275084746577,
        -0.256274560842947
      ],
      [
        0.106246429009267,
        0.630865548582184,
        0.768583343519022,
        0.0870697894108309
      ],
      [
        0.974309381535426,
        0.0883148526687907,
        -0.207175567695967,
        0.149136761832177
      ],
      [
        0.0,
        0.0,
        0.0,
        1.0
      ]
    ],
    "3": [
      [
        -0.915661740015712,
        -0.31549906787438,
        0.249046011896993,
        -0.15194216048844
      ],
      [
        -0.0541792109098768,
        -0.517063169772699,
        -0.854230818672443,
        -0.0940514548748926
      ],
      [
        0.398281547371433,
        -0.795679594205486,
        0.456361471191873,
        0.258461704777192
      ],
      [
        0.0,
        0.0,
        0.0,
        1.0
      ]
    ]
  },
  "simTime": 0.931499999999914,
  "state": [
    -0.191640343115958,
    -0.00049317110166113,
    0.195077726682328,
    0.439363323570093,
    0.0320353655834133,
    0.897641965256896,
    -0.013134209649495,
    -0.469089081477697,
    -0.0017921297040781,
    0.0835911172919262,
    0.47317199094579,
    13.0217015821427,
    -0.235148520261521,
    0.938494389451475,
    -0.276061722841771,
    0.207392720117516,
    0.00254279216495972,
    0.987149969943829,
    -0.128074241665856,
    0.0297535584006891,
    -0.0908110743472944,
    0.93801835925536,
    0.278138436086528,
    0.206764656881539,
    -0.00299077513074418,
    0.986029415722413,
    0.131849267920618,
    0.0329534888292992,
    0.0963111076298616,
    -0.40031541172255,
    -2.11524131485909,
    2.95550621681221,
    -1.17463039735117,
    -0.727220087317907,
    0.976044788374243,
    0.448900739237676,
    -2.0921032839306,
    -2.95851717066748,
    1.19733691714802,
    -0.746600290700717,
    -1.04215325434893
  ]
}