{
  "T_WB": [
    [
      0.933703832392996,
      -0.00207291926536831,
      0.35804029993892,
      -0.0454134311369571
    ],
    [
      0.00171670969503943,
      0.999997664800038,
      0.00131274608864694,
      4.24268901435579e-05
    ],
    [
      -0.358042185059883,
      -0.000611064799808596,
      0.933705210608442,
      0.355595214277679
    ],
    [
      0.0,
      0.0,
      0.0,
      1.0
    ]
  ],
  "T_WH": {
    "0": [
      [
        0.159843107166906,
        0.889923967714986,
        -0.427183230918122,
        -0.00799894442474545
      ],
      [
        -0.798085891812006,
        -0.138178517886361,
        -0.586485810983832,
        -0.0318888299956561
      ],
      [
        -0.580955325633446,
        0.434674624151382,
        0.68814887977602,
        0.341293080948878
      ],
      [
        0.0,
        0.0,
        0.0,
        1.0
      ]
    ],
    "1": [
      [
        -0.642132699339649,
        -0.634261994606756,
        0.430554663935063,
        -0.0828279178491687
      ],
      [
        0.720556173439351,
        -0.691083562371268,
        0.0565889630464901,
        0.0319736837759432
      ],
      [
        0.261657022373213,
        0.346576444695389,
        0.900788749166578,
        0.369897347606481
      ],
      [
        0.0,
        0.0,
        0.0,
        1.0
      ]
    ],
    "2": [
      [
        0.15685266808792,
        -0.88896618714279,
        -0.430274747842016,
        -0.00813161125772903
      ],
      [
        0.797652758290901,
        -0.142869228877631,
        0.58595090291835,
        0.0321110205515464
      ],
      [
        -0.582363561449906,
        -0.435117801930375,
        0.686676911464672,
        0.34125397280169
      ],
      [
        0.0,
        0.0,
        0.0,
        1.0
      ]
    ],
    "3": [
      [
        -0.639428999770497,
        0.636762885477789,
        0.430886971177479,
        -0.0826952510161851
      ],
      [
        -0.72264214114729,
        -0.689107573230822,
        -0.0540285883027498,
        -0.0320261667712592
      ],
      [
        0.262524075258942,
        -0.345924529621603,
        0.900787061250055,
        0.369936455753669
      ],
      [
        0.0,
        0.0,
        0.0,
        1.0
      ]
    ]
  },
  "T_WP": {
    "0": [
      [
        0.427183230918122,
        0.889923967714986,
        0.159843107166906,
        0.00319007307693799
      ],
      [
        0.586485810983832,
        -0.138178517886361,
        -0.798085891812006,
        -0.0877548424224965
      ],
      [
        -0.68814887977602,
        0.434674624151382,
        -0.580955325633446,
        0.300626208154537
      ],
      [
        0.0,
        0.0,
        0.0,
        1.0
      ]
    ],
    "1": [
      [
        -0.430554663935063,
        -0.634261994606756,
        -0.642132699339649,
        -0.127777206802944
      ],
      [
        -0.0565889630464901,
        -0.691083562371268,
        0.720556173439351,
        0.0824126159166978
      ],
      [
        -0.900788749166578,
        0.346576444695389,
        0.261657022373213,
        0.388213339172606
      ],
      [
        0.0,
        0.0,
        0.0,
        1.0
      ]
    ],
    "2": [
      [
        0.430274747842016,
        -0.88896618714279,
        0.15685266808792,
        0.00284807550842534
      ],
      [
        -0.58595090291835,
        -0.142869228877631,
        0.797652758290901,
        0.0879467136319094
      ],
      [
        -0.686676911464672,
        -0.435117801930375,
        -0.582363561449906,
        0.300488523500197
      ],
      [
        0.0,
        0.0,
        0.0,
        1.0
      ]
    ],
    "3": [
      [
        -0.43088697117748,
        0.636762885477789,
        -0.639428999770497,
        -0.12745528100012
      ],
      [
        0.0540285883027498,
        -0.689107573230822,
        -0.72264214114729,
        -0.0826111166515695
      ],
      [
        -0.900787061250055,
        -0.345924529621603,
        0.262524075258942,
        0.388313141021794
      ],
      [
        0.0,
        0.0,
        0.0,
        1.0
      ]
    ]
  },
  "simTime": 0.51299999999996,
  "state": [
    -0.0454134311369571,
    4.24268901435579e-05,
    0.355595214277679,
    0.983286162289681,
    -0.000489127926903738,
    0.182063602759173,
    0.000963511210099612,
    -0.27274890490055,
    1.70146128680714e-05,
    -0.120970802935839,
    -0.0113833787608671,
    -4.15912539613904,
    0.00139972363968241,
    0.818979285477981,
    0.487086606755734,
    0.135432269785224,
    -0.271436305195128,
    0.998773292111974,
    0.0477767129855979,
    -0.00816745624348036,
    -0.0101286385369282,
    0.818730813709471,
    -0.48753049830005,
    0.135574170167268,
    0.27131810166922,
    0.99876814014139,
    -0.0479331360946355,
    -0.00810190126564337,
    0.00994866315263328,
    -2.4114957184693,
    -1.63050556349452,
    -5.20797780038514,
    -0.0684106200116977,
    0.261538055429017,
    -0.614099042576944,
    2.41123612104609,
    -1.63117328831181,
    5.21301440852954,
    0.0654723563130788,
    0.260953797496682,
    0.615266252846858
  ]
}