{
  "T_WB": [
    [
      0.91865429805608,
      -0.00201934687848205,
      0.395057214718673,
      -0.0428489694007174
    ],
    [
      0.00165104232337387,
      0.999997827737122,
      0.00127223436647728,
      4.21557742653961e-05
    ],
    [
      -0.395058925633047,
      -0.000516487387244282,
      0.918655636524613,
      0.356292362775321
    ],
    [
      0.0,
      0.0,
      0.0,
      1.0
    ]
  ],
  "T_WH": {
    "0": [
      [
        0.187564869597111,
        0.889602466759371,
        -0.416445519640518,
        -0.00603817837836277
      ],
      [
        -0.795480234234425,
        -0.111142319638094,
        -0.595700076991608,
        -0.0318917330203876
      ],
      [
        -0.57622097899622,
        0.443006586769436,
        0.686814783943627,
        0.340506533346391
      ],
      [
        0.0,
        0.0,
        0.0,
        1.0
      ]
    ],
    "1": [
      [
        -0.63352523360999,
        -0.61603513025622,
        0.468130854216649,
        -0.079659760423072
      ],
      [
        0.716706241725568,
        -0.695196387112753,
        0.0550830864874721,
        0.0319760445689184
      ],
      [
        0.291509762188197,
        0.370408830396329,
        0.881940676527285,
        0.372078192204251
      ],
      [
        0.0,
        0.0,
        0.0,
        1.0
      ]
    ],
    "2": [
      [
        0.184689677040396,
        -0.888757205409523,
        -0.419523960015837,
        -0.00616741657858563
      ],
      [
        0.795277874608033,
        -0.115649297607428,
        0.595112041654207,
        0.0321081279547883
      ],
      [
        -0.577427766351466,
        -0.443549174044507,
        0.685449709935596,
        0.340473478153608
      ],
      [
        0.0,
        0.0,
        0.0,
        1.0
      ]
    ],
    "3": [
      [
        -0.6309216340219,
        0.618476519400284,
        0.468427888445644,
        -0.0795305222228492
      ],
      [
        -0.718699751952862,
        -0.69332872414837,
        -0.0525922695240402,
        -0.0320238164062575
      ],
      [
        0.292247426448943,
        -0.369840607858715,
        0.881935012635662,
        0.372111247397035
      ],
      [
        0.0,
        0.0,
        0.0,
        1.0
      ]
    ]
  },
  "T_WP": {
    "0": [
      [
        0.416445519640518,
        0.889602466759371,
        0.187564869597111,
        0.00709136249343501
      ],
      [
        0.595700076991608,
        -0.111142319638094,
        -0.795480234234425,
        -0.0875753494167973
      ],
      [
        -0.686814783943627,
        0.443006586769436,
        -0.57622097899622,
        0.300171064816656
      ],
      [
        0.0,
        0.0,
        0.0,
        1.0
      ]
    ],
    "1": [
      [
        -0.468130854216649,
        -0.61603513025622,
        -0.63352523360999,
        -0.124006526775771
      ],
      [
        -0.0550830864874721,
        -0.695196387112753,
        0.716706241725568,
        0.0821454814897081
      ],
      [
        -0.881940676527285,
        0.370408830396329,
        0.291509762188197,
        0.392483875557425
      ],
      [
        0.0,
        0.0,
        0.0,
        1.0
      ]
    ],
    "2": [
      [
        0.419523960015837,
        -0.888757205409523,
        0.184689677040396,
        0.0067608608142421
      ],
      [
        -0.595112041654207,
        -0.115649297607428,
        0.795277874608033,
        0.0877775791773506
      ],
      [
        -0.685449709935596,
        -0.443549174044507,
        -0.577427766351466,
        0.300053534509005
      ],
      [
        0.0,
        0.0,
        0.0,
        1.0
      ]
    ],
    "3": [
      [
        -0.468427888445644,
        0.618476519400284,
        -0.6309216340219,
        -0.123695036604382
      ],
      [
        0.0525922695240401,
        -0.69332872414837,
        -0.718699751952862,
        -0.0823327990429578
      ],
      [
        -0.881935012635662,
        -0.369840607858715,
        0.292247426448943,
        0.392568567248461
      ],
      [
        0.0,
        0.0,
        0.0,
        1.0
      ]
    ]
  },
  "simTime": 0.503499999999961,
  "state": [
    -0.0428489694007174,
    4.21557742653961e-05,
    0.356292362775321,
    0.979452367693015,
    -0.000456561700375151,
    0.201672936432005,
    0.000936847294192849,
    -0.267119696944055,
    4.00529478890144e-05,
    -0.0258244775002738,
    -0.0113104801989766,
    -4.25363006459469,
    0.00155337215824146,
    0.819155243095254,
    0.501194879096895,
    0.126370073587787,
    -0.248634240156141,
    0.998774839778387,
    0.0480013980244294,
    -0.00957622099100611,
    -0.00727881892131952,
    0.818904700671161,
    -0.501640656571027,
    0.126490926401441,
    0.248499071289555,
    0.998769951216372,
    -0.0481440805999232,
    -0.00950834862196701,
    0.00709389575035705,
    -2.15133528717595,
    -1.52526358323913,
    -5.33656284015427,
    -0.0418798740048615,
    0.272593716991544,
    -0.61170292920175,
    2.15078040283286,
    -1.52565557124853,
    5.3417067920232,
    0.038856732530757,
    0.27198608553155,
    0.612709993979073
  ]
}