{
  "T_WB": [
    [
      -0.995351462163398,
      0.0689530864221345,
      0.067237925622733,
      -0.221734475778369
    ],
    [
      0.0668212372151556,
      0.99720382361563,
      -0.0334582788469985,
      -0.000698144598972859
    ],
    [
      -0.0693569681158456,
      -0.028809825393939,
      -0.997175814455279,
      0.18184419800358
    ],
    [
      0.0,
      0.0,
      0.0,
      1.0
    ]
  ],
  "T_WH": {
    "0": [
      [
        -0.79120447454,
        -0.377989008318167,
        -0.480749195588023,
        -0.263755033030413
      ],
      [
        -0.507779475007041,
        0.844146173320448,
        0.171980355942236,
        -0.0299358174660668
      ],
      [
        0.340815909589702,
        0.380186201300222,
        -0.859827289699188,
        0.179991833691552
      ],
      [
        0.0,
        0.0,
        0.0,
        1.0
      ]
    ],
    "1": [
      [
        0.681001375088298,
        0.663908327772769,
        0.308970644951608,
        -0.179713918526325
      ],
      [
        0.731265183561677,
        -0.638786964604571,
        -0.239170326674915,
        0.0285395282681211
      ],
      [
        0.0385792488049451,
        0.388814796741642,
        -0.920507846461073,
        0.183696562315608
      ],
      [
        0.0,
        0.0,
        0.0,
        1.0
      ]
    ],
    "2": [
      [
        -0.713154122448664,
        0.483831231287627,
        -0.50726574619737,
        -0.259342035499397
      ],
      [
        0.629023019665265,
        0.761074648838795,
        -0.158415338986149,
        0.0338852272453335
      ],
      [
        0.309420811138597,
        -0.432056383502898,
        -0.847104505423463,
        0.17814800486634
      ],
      [
        0.0,
        0.0,
        0.0,
        1.0
      ]
    ],
    "3": [
      [
        0.567622937168223,
        -0.747096250683699,
        0.345906625283297,
        -0.184126916057342
      ],
      [
        -0.818544471875744,
        -0.5571634070553,
        0.139835208013539,
        -0.0352815164432792
      ],
      [
        0.0882561542453522,
        -0.362513627403012,
        -0.92779023555162,
        0.18554039114082
      ],
      [
        0.0,
        0.0,
        0.0,
        1.0
      ]
    ]
  },
  "T_WP": {
    "0": [
      [
        0.480749195588023,
        -0.377989008318167,
        -0.79120447454,
        -0.319139346248213
      ],
      [
        -0.171980355942236,
        0.844146173320448,
        -0.507779475007041,
        -0.0654803807165597
      ],
      [
        0.859827289699188,
        0.380186201300222,
        0.340815909589702,
        0.203848947362831
      ],
      [
        0.0,
        0.0,
        0.0,
        1.0
      ]
    ],
    "1": [
      [
        -0.308970644951608,
        0.663908327772769,
        0.681001375088298,
        -0.132043822270144
      ],
      [
        0.239170326674915,
        -0.638786964604571,
        0.731265183561677,
        0.0797280911174385
      ],
      [
        0.920507846461073,
        0.388814796741642,
        0.038579248804945,
        0.186397109731954
      ],
      [
        0.0,
        0.0,
        0.0,
        1.0
      ]
    ],
    "2": [
      [
        0.50726574619737,
        0.483831231287627,
        -0.713154122448664,
        -0.309262824070803
      ],
      [
        0.158415338986149,
        0.761074648838795,
        0.629023019665265,
        0.0779168386219021
      ],
      [
        0.847104505423463,
        -0.432056383502898,
        0.309420811138597,
        0.199807461646042
      ],
      [
        0.0,
        0.0,
        0.0,
        1.0
      ]
    ],
    "3": [
      [
        -0.345906625283297,
        -0.747096250683699,
        0.567622937168223,
        -0.144393310455566
      ],
      [
        -0.13983520801354,
        -0.5571634070553,
        -0.818544471875744,
        -0.0925796294745813
      ],
      [
        0.92779023555162,
        -0.362513627403012,
        0.0882561542453522,
        0.191718321937995
      ],
      [
        0.0,
        0.0,
        0.0,
        1.0
      ]
    ]
  },
  "simTime": 0.996499999999907,
  "state": [
    -0.221734475778369,
    -0.000698144598972859,
    0.18184419800358,
    0.034192641741147,
    0.033987235384226,
    0.998715562639622,
    -0.0155870466452836,
    -0.447756133197732,
    -0.00499607785583066,
    -0.494883525032001,
    0.465325779538477,
    12.8262747572577,
    -0.265253668209041,
    0.948074756494774,
    -0.247019294642141,
    0.171234785621662,
    0.103992174537214,
    0.985378425974459,
    -0.162412119050882,
    0.0167283133762499,
    -0.0487013833590551,
    0.94700574386499,
    0.25030628979,
    0.17144764417613,
    -0.105511078492906,
    0.984472930453081,
    0.166488490255876,
    0.0201715503114259,
    0.0518434217184433,
    0.883667872270075,
    -1.86678612921167,
    2.55557757943849,
    -0.901450858908362,
    -0.597518492618397,
    1.39549012867902,
    -0.847153117030437,
    -1.86523821081361,
    -2.60229039358596,
    0.904082926403883,
    -0.60634682072149,
    -1.46013959307924
  ]
}