{
  "T_WB": [
    [
      -2.22044604925031e-16,
      9.73046316830435e-22,
      1.0,
      2.62251019544976e-37
    ],
    [
      9.74666033741802e-22,
      1.0,
      -9.73046316830435e-22,
      8.31250793067276e-22
    ],
    [
      -1.0,
      9.74666033741803e-22,
      -2.22044604925031e-16,
      0.493104734375
    ],
    [
      0.0,
      0.0,
      0.0,
      1.0
    ]
  ],
  "T_WH": {
    "0": [
      [
        -1.57015662006822e-16,
        -1.56522386504101e-16,
        1.0,
        -8.88181533448339e-18
      ],
      [
        -0.707106779455507,
        0.707106782917588,
        -3.48797910219801e-19,
        -0.032
      ],
      [
        -0.707106782917588,
        -0.707106779455507,
        -2.21704880262924e-16,
        0.453104734375
      ],
      [
        0.0,
        0.0,
        0.0,
        1.0
      ]
    ],
    "1": [
      [
        1.57015662006822e-16,
        1.56551353826103e-16,
        1.0,
        8.88181533448339e-18
      ],
      [
        0.707106779455507,
        -0.707106782917588,
        -3.28314920349695e-19,
        0.032
      ],
      [
        0.707106782917588,
        0.707106779455507,
        -2.21725363252694e-16,
        0.533104734375
      ],
      [
        0.0,
        0.0,
        0.0,
        1.0
      ]
    ],
    "2": [
      [
        -1.57015263390116e-16,
        1.56723740593423e-16,
        1.0,
        -8.88175305951911e-18
      ],
      [
        0.707106779455507,
        0.707106782917588,
        2.06137203317176e-19,
        0.032
      ],
      [
        -0.707106782917588,
        0.707106779455507,
        -2.21846977239978e-16,
        0.453104734375
      ],
      [
        0.0,
        0.0,
        0.0,
        1.0
      ]
    ],
    "3": [
      [
        1.57015263390116e-16,
        -1.56522320413941e-16,
        1.0,
        8.88175305951911e-18
      ],
      [
        -0.707106779455507,
        -0.707106782917588,
        3.48562778445544e-19,
        -0.032
      ],
      [
        0.707106782917588,
        -0.707106779455507,
        -2.21704551665547e-16,
        0.533104734375
      ],
      [
        0.0,
        0.0,
        0.0,
        1.0
      ]
    ]
  },
  "T_WP": {
    "0": [
      [
        -1.0,
        -1.56522386504101e-16,
        -9.57833220494541e-17,
        -1.98729116749609e-17
      ],
      [
        -4.29490047955592e-17,
        0.707106782917588,
        -0.707106779455507,
        -0.0814974745618855
      ],
      [
        1.78407077345154e-16,
        -0.707106779455507,
        -0.707106782917588,
        0.403607259570768
      ],
      [
        0.0,
        0.0,
        0.0,
        1.0
      ]
    ],
    "1": [
      [
        -1.0,
        1.56551353826103e-16,
        2.18248001964189e-16,
        1.98729116749609e-17
      ],
      [
        4.36261176261287e-17,
        -0.707106782917588,
        0.707106779455507,
        0.0814974745618855
      ],
      [
        2.65023166170465e-16,
        0.707106779455507,
        0.707106782917588,
        0.582602209179231
      ],
      [
        0.0,
        0.0,
        0.0,
        1.0
      ]
    ],
    "2": [
      [
        -1.0,
        1.56723740593423e-16,
        -9.57829234327483e-17,
        -1.98728214968272e-17
      ],
      [
        4.30916655024618e-17,
        0.707106782917588,
        0.707106779455507,
        0.0814974745618855
      ],
      [
        1.78549174322208e-16,
        0.707106779455507,
        -0.707106782917588,
        0.403607259570768
      ],
      [
        0.0,
        0.0,
        0.0,
        1.0
      ]
    ],
    "3": [
      [
        -1.0,
        -1.56522320413941e-16,
        2.18247603347484e-16,
        1.98728214968272e-17
      ],
      [
        -4.36463654842246e-17,
        -0.707106782917588,
        -0.707106779455507,
        -0.0814974745618855
      ],
      [
        2.65002354583318e-16,
        -0.707106779455507,
        0.707106782917588,
        0.582602209179231
      ],
      [
        0.0,
        0.0,
        0.0,
        1.0
      ]
    ]
  },
  "simTime": 0.0375,
  "state": [
    2.62251019544976e-37,
    8.31250793067276e-22,
    0.493104734375,
    0.707106781186548,
    6.88620305445209e-22,
    0.707106781186548,
    5.72656405815441e-25,
    2.88804363217473e-35,
    5.29536500023221e-20,
    -0.367747500000002,
    8.83181641105494e-20,
    -9.47530192947707e-19,
    -1.28851372374742e-19,
    1.0,
    2.43085466128599e-19,
    2.86385321440291e-21,
    -9.32192801371151e-21,
    1.0,
    -2.28601805127928e-19,
    -2.86385321440284e-21,
    9.34687770250947e-21,
    1.0,
    -1.43096469118495e-19,
    3.3525925088481e-21,
    7.19484154757942e-21,
    1.0,
    2.43806558859614e-19,
    -3.35259250884802e-21,
    -8.87738864396368e-21,
    2.07867982201489e-17,
    3.53636383075117e-19,
    -1.51700521617329e-18,
    -2.01907511208962e-17,
    -3.53636383075109e-19,
    1.47419799239781e-18,
    -9.37064465725868e-18,
    4.35182235731113e-19,
    1.06124390516276e-18,
    2.08047853193017e-17,
    -4.35182235731106e-19,
    -1.44276529113461e-18
  ]
}