{
  "T_WB": [
    [
      0.847365735201222,
      0.0113984381578647,
      0.530887357557564,
      -0.137403100100194
    ],
    [
      0.000146425247066766,
      0.999764533958217,
      -0.0216991981178095,
      -0.000229065237821925
    ],
    [
      -0.531009688580669,
      0.0184648922788696,
      0.847164540326489,
      0.110173641891112
    ],
    [
      0.0,
      0.0,
      0.0,
      1.0
    ]
  ],
  "T_WH": {
    "0": [
      [
        -0.104099758582918,
        0.418261098305738,
        0.902341894132737,
        -0.103873220713197
      ],
      [
        -0.880286495080806,
        0.383504520543732,
        -0.279320549370919,
        -0.0322156733146022
      ],
      [
        -0.462881115235141,
        -0.823396585107444,
        0.328266868252147,
        0.0883423777949618
      ],
      [
        0.0,
        0.0,
        0.0,
        1.0
      ]
    ],
    "1": [
      [
        -0.469399535022238,
        -0.787663053778781,
        0.399062639485072,
        -0.170932979487191
      ],
      [
        0.868667354629156,
        -0.492995441588689,
        0.0487085369761488,
        0.0317575428389584
      ],
      [
        0.158370147194761,
        0.369516451981044,
        0.91562901231495,
        0.132004905987263
      ],
      [
        0.0,
        0.0,
        0.0,
        1.0
      ]
    ],
    "2": [
      [
        -0.0778263483970265,
        -0.410776239477913,
        0.908408465711086,
        -0.103143720671093
      ],
      [
        0.898507079867544,
        0.365928596115046,
        0.242448530565086,
        0.0317692568587237
      ],
      [
        -0.432004730209153,
        0.835080321661129,
        0.340606473002586,
        0.0895241309008095
      ],
      [
        0.0,
        0.0,
        0.0,
        1.0
      ]
    ],
    "3": [
      [
        -0.477745591810319,
        0.786088007499002,
        0.392205040727496,
        -0.171662479529295
      ],
      [
        -0.871309049606679,
        -0.480991502910007,
        -0.0973021798413506,
        -0.0322273873343675
      ],
      [
        0.112159215311602,
        -0.388217488779963,
        0.91471716493464,
        0.130823152881415
      ],
      [
        0.0,
        0.0,
        0.0,
        1.0
      ]
    ]
  },
  "T_WP": {
    "0": [
      [
        -0.902341894132737,
        0.418261098305738,
        -0.104099758582918,
        -0.111160203814001
      ],
      [
        0.279320549370919,
        0.383504520543732,
        -0.880286495080806,
        -0.0938357279702587
      ],
      [
        -0.328266868252147,
        -0.823396585107444,
        -0.462881115235141,
        0.055940699728502
      ],
      [
        0.0,
        0.0,
        0.0,
        1.0
      ]
    ],
    "1": [
      [
        -0.399062639485072,
        -0.787663053778781,
        -0.469399535022238,
        -0.203790946938748
      ],
      [
        -0.0487085369761487,
        -0.492995441588689,
        0.868667354629156,
        0.0925642576629993
      ],
      [
        -0.91562901231495,
        0.369516451981044,
        0.158370147194761,
        0.143090816290896
      ],
      [
        0.0,
        0.0,
        0.0,
        1.0
      ]
    ],
    "2": [
      [
        -0.908408465711086,
        -0.410776239477913,
        -0.0778263483970265,
        -0.108591565058885
      ],
      [
        -0.242448530565086,
        0.365928596115046,
        0.898507079867544,
        0.0946647524494518
      ],
      [
        -0.340606473002586,
        0.835080321661129,
        -0.432004730209153,
        0.0592837997861688
      ],
      [
        0.0,
        0.0,
        0.0,
        1.0
      ]
    ],
    "3": [
      [
        -0.392205040727496,
        0.786088007499002,
        -0.477745591810319,
        -0.205104670956017
      ],
      [
        0.0973021798413506,
        -0.480991502910007,
        -0.871309049606679,
        -0.0932190208068351
      ],
      [
        -0.91471716493464,
        -0.388217488779963,
        0.112159215311602,
        0.138674297953227
      ],
      [
        0.0,
        0.0,
        0.0,
        1.0
      ]
    ]
  },
  "simTime": 0.803499999999928,
  "state": [
    -0.137403100100194,
    -0.000229065237821925,
    0.110173641891112,
    0.96102742019751,
    0.010448216552558,
    0.276240048884347,
    -0.00292707904954613,
    -0.346454051148346,
    -0.0036837105855519,
    1.27406224510964,
    0.495551545956769,
    12.985806167462,
    -0.196264470066844,
    0.912042518890268,
    -0.196070144151693,
    0.282766697887703,
    -0.223109696952675,
    0.987457337362864,
    -0.0378503180850504,
    0.0729585551255881,
    -0.134805079811887,
    0.913246105460858,
    0.195648542220885,
    0.280973253597248,
    0.220810392759023,
    0.985842588045499,
    0.0389673265939438,
    0.0765476040950649,
    0.144001400552837,
    -2.92570174985265,
    -2.22730869653931,
    2.30624289083835,
    -1.71073698055244,
    -1.00765477547546,
    0.34917409799614,
    2.95157869072245,
    -2.25146302972074,
    -2.28489157003519,
    1.73441917591692,
    -1.03433748938756,
    -0.323834809592102
  ]
}