{
  "T_WB": [
    [
      -0.618905601656788,
      0.0361344618568573,
      -0.784633772472333,
      -0.253530217463592
    ],
    [
      0.0627398412586867,
      0.998023685240788,
      -0.00352647376720333,
      -0.00130678103818077
    ],
    [
      0.78295566193539,
      -0.0514103526997365,
      -0.619949519782542,
      0.116359263399699
    ],
    [
      0.0,
      0.0,
      0.0,
      1.0
    ]
  ],
  "T_WH": {
    "0": [
      [
        -0.289196937474017,
        0.0489921526782173,
        -0.956015115116703,
        -0.279442744309283
      ],
      [
        -0.356858176129085,
        0.921183126803179,
        0.155157626376991,
        -0.0307339453155385
      ],
      [
        0.888266499134957,
        0.386032920706347,
        -0.248920088874832,
        0.149322621163506
      ],
      [
        0.0,
        0.0,
        0.0,
        1.0
      ]
    ],
    "1": [
      [
        0.490926531647575,
        0.656167946357488,
        -0.573092284625678,
        -0.227617690617901
      ],
      [
        0.640903360790435,
        -0.71758926555583,
        -0.272595906217553,
        0.028120383239177
      ],
      [
        -0.590113567588484,
        -0.233472208478955,
        -0.772823851350327,
        0.083395905635892
      ],
      [
        0.0,
        0.0,
        0.0,
        1.0
      ]
    ],
    "2": [
      [
        -0.257881727068785,
        0.00662671468106012,
        -0.966153767004278,
        -0.277130138750444
      ],
      [
        0.459535392696875,
        0.880469992476168,
        -0.116618245604821,
        0.0331395705398719
      ],
      [
        0.849896604124849,
        -0.474055565310179,
        -0.230102332225245,
        0.146032358590723
      ],
      [
        0.0,
        0.0,
        0.0,
        1.0
      ]
    ],
    "3": [
      [
        0.445675524432278,
        -0.709355163855772,
        -0.546066459721859,
        -0.22993029617674
      ],
      [
        -0.733749436316286,
        -0.638907441422566,
        0.231103972273094,
        -0.0357531326162335
      ],
      [
        -0.512820720747072,
        0.29767857297095,
        -0.805234360646906,
        0.0866861682086751
      ],
      [
        0.0,
        0.0,
        0.0,
        1.0
      ]
    ]
  },
  "T_WP": {
    "0": [
      [
        0.956015115116703,
        0.0489921526782173,
        -0.289196937474017,
        -0.299686529932464
      ],
      [
        -0.155157626376991,
        0.921183126803179,
        -0.356858176129085,
        -0.0557140176445745
      ],
      [
        0.248920088874832,
        0.386032920706347,
        0.888266499134957,
        0.211501276102953
      ],
      [
        0.0,
        0.0,
        0.0,
        1.0
      ]
    ],
    "1": [
      [
        0.573092284625678,
        0.656167946357488,
        0.490926531647575,
        -0.193252833402571
      ],
      [
        0.272595906217554,
        -0.71758926555583,
        0.640903360790435,
        0.0729836184945075
      ],
      [
        0.772823851350327,
        -0.233472208478955,
        -0.590113567588484,
        0.0420879559046981
      ],
      [
        0.0,
        0.0,
        0.0,
        1.0
      ]
    ],
    "2": [
      [
        0.966153767004278,
        0.00662671468106012,
        -0.257881727068785,
        -0.295181859645259
      ],
      [
        0.116618245604821,
        0.880469992476168,
        0.459535392696875,
        0.0653070480286532
      ],
      [
        0.230102332225245,
        -0.474055565310179,
        0.849896604124849,
        0.205525120879463
      ],
      [
        0.0,
        0.0,
        0.0,
        1.0
      ]
    ],
    "3": [
      [
        0.546066459721859,
        -0.709355163855772,
        0.445675524432278,
        -0.19873300946648
      ],
      [
        -0.231103972273094,
        -0.638907441422566,
        -0.733749436316286,
        -0.0871155931583735
      ],
      [
        0.805234360646906,
        0.29767857297095,
        -0.512820720747072,
        0.05078871775638
      ],
      [
        0.0,
        0.0,
        0.0,
        1.0
      ]
    ]
  },
  "simTime": 1.0729999999999,
  "state": [
    -0.253530217463592,
    -0.00130678103818077,
    0.116359263399699,
    -0.435651398425811,
    0.0274783227516068,
    0.899566396476675,
    -0.0152675852171976,
    -0.381569983228167,
    -0.0110621892894725,
    -1.22874354969628,
    0.467274385800031,
    12.4995766896765,
    -0.299691356049078,
    0.95764922856972,
    -0.172971588688366,
    0.134664736356023,
    0.186692777869434,
    0.982160439502325,
    -0.187253769372151,
    0.00810594281239794,
    0.0152049539178124,
    0.956135293839294,
    0.176350596264002,
    0.135390136003244,
    -0.190723040415156,
    0.981436522369408,
    0.190862839777373,
    0.0120601279496816,
    -0.0144319875760628,
    1.85787323672623,
    -1.55399138978243,
    1.61308858736916,
    -0.40797520849536,
    -0.467422827317706,
    1.7677722788496,
    -1.85991833868209,
    -1.57739521554682,
    -1.68202994877935,
    0.394536632932803,
    -0.470084742352612,
    -1.81911727800174
  ]
}