{
  "arms": {
    "0": [
      [
        0.578824520111084,
        -0.270473212003708,
        -0.769289433956146,
        -0.0409235842525959
      ],
      [
        0.74880450963974,
        0.54983788728714,
        0.370094746351242,
        0.212973088026047
      ],
      [
        0.322883784770966,
        -0.79026734828949,
        0.520791292190552,
        0.0320577323436737
      ],
      [
        0.0,
        0.0,
        0.0,
        1.0
      ]
    ],
    "1": [
      [
        0.840653359889984,
        -0.4429612159729,
        0.311588108539581,
        0.0203546974807978
      ],
      [
        0.532793164253235,
        0.573255598545074,
        -0.622502505779266,
        0.161543801426888
      ],
      [
        0.0971248745918274,
        0.689320981502533,
        0.717915952205658,
        0.0320449583232403
      ],
      [
        0.0,
        0.0,
        0.0,
        1.0
      ]
    ],
    "2": [
      [
        0.858814060688019,
        0.444244205951691,
        0.255118280649185,
        0.0201174560934305
      ],
      [
        0.510444402694702,
        -0.699862062931061,
        -0.499639481306076,
        0.161277025938034
      ],
      [
        -0.0434143394231796,
        0.559321165084839,
        -0.827813446521759,
        -0.0319540463387966
      ],
      [
        0.0,
        0.0,
        0.0,
        1.0
      ]
    ],
    "3": [
      [
        0.532433390617371,
        0.431748479604721,
        -0.728084981441498,
        -0.0411608256399632
      ],
      [
        0.791533768177032,
        -0.558771252632141,
        0.247485414147377,
        0.212706312537193
      ],
      [
        -0.299981504678726,
        -0.708073437213898,
        -0.639252007007599,
        -0.0319412723183632
      ],
      [
        0.0,
        0.0,
        0.0,
        1.0
      ]
    ]
  },
  "base": [
    [
      -0.765978515148163,
      -0.00370690366253257,
      -0.64285534620285,
      -0.0104030631482601
    ],
    [
      0.64286607503891,
      -0.00416842615231872,
      -0.7659672498703,
      0.18712505698204
    ],
    [
      0.000159671661094762,
      -0.999984443187714,
      0.00557596795260906,
      5.18426495546009e-05
    ],
    [
      0.0,
      0.0,
      0.0,
      1.0
    ]
  ]
}