{
  "T_WB": [
    [
      0.850405236490909,
      -0.001792189128268,
      0.526125195943864,
      -0.0342417590603618
    ],
    [
      0.00141162034923249,
      0.999998371179363,
      0.00112470734485041,
      3.94700044060798e-05
    ],
    [
      -0.526126354668563,
      -0.000213767982742284,
      0.850406381223953,
      0.351554498344679
    ],
    [
      0.0,
      0.0,
      0.0,
      1.0
    ]
  ],
  "T_WH": {
    "0": [
      [
        0.285082111370856,
        0.890542262862206,
        -0.354489305667458,
        -0.000168199548620879
      ],
      [
        -0.779098437465976,
        -0.000137986097172146,
        -0.626901591717481,
        -0.0319040130593642
      ],
      [
        -0.558331276675783,
        0.454900493532486,
        0.693780748125437,
        0.330516284733384
      ],
      [
        0.0,
        0.0,
        0.0,
        1.0
      ]
    ],
    "1": [
      [
        -0.588705787057503,
        -0.543152737802694,
        0.598674034598498,
        -0.0683153185721028
      ],
      [
        0.703181088826755,
        -0.709397858267654,
        0.0478647574075609,
        0.0319829530681764
      ],
      [
        0.398700203914452,
        0.449154519183213,
        0.799561358055698,
        0.372592711955974
      ],
      [
        0.0,
        0.0,
        0.0,
        1.0
      ]
    ],
    "2": [
      [
        0.282693250083033,
        -0.89012163894676,
        -0.357446491430851,
        -0.000282899652830029
      ],
      [
        0.779594117706589,
        -0.00390179032810655,
        0.626272933847154,
        0.032095882696115
      ],
      [
        -0.558853771567105,
        -0.455706313222638,
        0.692830583977247,
        0.330502603582489
      ],
      [
        0.0,
        0.0,
        0.0,
        1.0
      ]
    ],
    "3": [
      [
        -0.586493420511566,
        0.54535494518386,
        0.598843428168125,
        -0.0682006184678936
      ],
      [
        -0.704838014804449,
        -0.707899049946695,
        -0.0456323127957662,
        -0.0320169426873028
      ],
      [
        0.39903488642369,
        -0.448850664306154,
        0.799565032107306,
        0.372606393106869
      ],
      [
        0.0,
        0.0,
        0.0,
        1.0
      ]
    ]
  },
  "T_WP": {
    "0": [
      [
        0.354489305667458,
        0.890542262862206,
        0.285082111370856,
        0.019787548247339
      ],
      [
        0.626901591717481,
        -0.000137986097172146,
        -0.779098437465976,
        -0.0864409036819825
      ],
      [
        -0.693780748125437,
        0.454900493532486,
        -0.558331276675783,
        0.291433095366079
      ],
      [
        0.0,
        0.0,
        0.0,
        1.0
      ]
    ],
    "1": [
      [
        -0.598674034598498,
        -0.543152737802694,
        -0.588705787057503,
        -0.109524723666128
      ],
      [
        -0.0478647574075609,
        -0.709397858267654,
        0.703181088826755,
        0.0812056292860493
      ],
      [
        -0.799561358055698,
        0.449154519183213,
        0.398700203914452,
        0.400501726229985
      ],
      [
        0.0,
        0.0,
        0.0,
        1.0
      ]
    ],
    "2": [
      [
        0.357446491430851,
        -0.89012163894676,
        0.282693250083033,
        0.0195056278529823
      ],
      [
        -0.626272933847154,
        -0.00390179032810655,
        0.779594117706589,
        0.0866674709355762
      ],
      [
        -0.692830583977247,
        -0.455706313222638,
        -0.558853771567105,
        0.291382839572791
      ],
      [
        0.0,
        0.0,
        0.0,
        1.0
      ]
    ],
    "3": [
      [
        -0.598843428168125,
        0.54535494518386,
        -0.586493420511566,
        -0.109255157903703
      ],
      [
        0.0456323127957662,
        -0.707899049946695,
        -0.704838014804449,
        -0.0813556037236142
      ],
      [
        -0.799565032107306,
        -0.448850664306154,
        0.39903488642369,
        0.400538835156527
      ],
      [
        0.0,
        0.0,
        0.0,
        1.0
      ]
    ]
  },
  "simTime": 0.469999999999965,
  "state": [
    -0.0342417590603618,
    3.94700044060798e-05,
    0.351554498344679,
    0.961874470616388,
    -0.000347882017997362,
    0.273489832290206,
    0.000832699477783061,
    -0.24661028014956,
    0.000119647060584113,
    0.308309294569695,
    -0.0110027913995657,
    -4.57252366893923,
    0.00218201308226345,
    0.821174152007027,
    0.538930598728739,
    0.0903406895052389,
    -0.164515596978344,
    0.998741735845195,
    0.0477985338376732,
    -0.0149531209355824,
    0.00257864657954748,
    0.820921926018483,
    -0.539367366780748,
    0.0903752431741106,
    0.164323919303693,
    0.998737978193139,
    -0.0478900532852771,
    -0.014875938588756,
    -0.00277491659660488,
    -1.20393690402233,
    -1.09551442186418,
    -5.65599410969744,
    0.049442350683194,
    0.312222914145138,
    -0.592283144173364,
    1.20235694872095,
    -1.09476652080577,
    5.6612463749602,
    -0.052704420646821,
    0.31151489724926,
    0.592718623410253
  ]
}