{
  "T_WB": [
    [
      0.878636370479696,
      -0.00566945583613929,
      0.47745783661051,
      -0.0170172233748388
    ],
    [
      -1.28606827314188e-05,
      0.999929227147236,
      0.0118970807904175,
      -7.77695468392283e-05
    ],
    [
      -0.477491495531459,
      -0.0104593483187504,
      0.878574113964142,
      0.275406435859937
    ],
    [
      0.0,
      0.0,
      0.0,
      1.0
    ]
  ],
  "T_WH": {
    "0": [
      [
        0.404460413361448,
        0.656316303818451,
        0.636914973419194,
        0.0353268774059443
      ],
      [
        -0.880813675338338,
        0.466968744250228,
        0.0781502477944531,
        -0.0319982496960208
      ],
      [
        -0.246128103556777,
        -0.592612100142624,
        0.766962747077127,
        -0.0187649606750583
      ],
      [
        0.0,
        0.0,
        0.0,
        1.0
      ]
    ],
    "1": [
      [
        -0.736471163846342,
        -0.510511502461155,
        0.443833561909945,
        -0.0353268774059443
      ],
      [
        0.579944397931812,
        -0.814248989543785,
        0.025750307462893,
        0.0319982496960208
      ],
      [
        0.348245201159073,
        0.276363146750392,
        0.895739186922118,
        0.0187649606750583
      ],
      [
        0.0,
        0.0,
        0.0,
        1.0
      ]
    ],
    "2": [
      [
        0.396416102177214,
        -0.660357889099623,
        0.63779442788293,
        0.0349640322324314
      ],
      [
        0.878970681109566,
        0.473578068544516,
        -0.0559853082820071,
        0.0319972208414023
      ],
      [
        -0.265075113287555,
        0.582796080372488,
        0.768169195567002,
        -0.0194343589674584
      ],
      [
        0.0,
        0.0,
        0.0,
        1.0
      ]
    ],
    "3": [
      [
        -0.728000990825626,
        0.52008487327357,
        0.446683648624976,
        -0.0349640322324314
      ],
      [
        -0.583227345631096,
        -0.812295003768382,
        -0.00476341904825479,
        -0.0319972208414023
      ],
      [
        0.360361513851039,
        -0.263985892511205,
        0.894679287728317,
        0.0194343589674584
      ],
      [
        0.0,
        0.0,
        0.0,
        1.0
      ]
    ]
  },
  "T_WP": {
    "0": [
      [
        -0.636914973419194,
        0.656316303818451,
        0.404460413361448,
        0.0636391063412457
      ],
      [
        -0.0781502477944531,
        0.466968744250228,
        -0.880813675338338,
        -0.0936552069697045
      ],
      [
        -0.766962747077127,
        -0.592612100142624,
        -0.246128103556777,
        -0.0359939279240327
      ],
      [
        0.0,
        0.0,
        0.0,
        1.0
      ]
    ],
    "1": [
      [
        -0.443833561909945,
        -0.510511502461155,
        -0.736471163846342,
        -0.0868798588751882
      ],
      [
        -0.025750307462893,
        -0.814248989543785,
        0.579944397931812,
        0.0725943575512476
      ],
      [
        -0.895739186922118,
        0.276363146750392,
        0.348245201159073,
        0.0431421247561935
      ],
      [
        0.0,
        0.0,
        0.0,
        1.0
      ]
    ],
    "2": [
      [
        -0.63779442788293,
        -0.660357889099623,
        0.396416102177214,
        0.0627131593848364
      ],
      [
        0.0559853082820071,
        0.473578068544516,
        0.878970681109566,
        0.0935251685190719
      ],
      [
        -0.768169195567002,
        0.582796080372488,
        -0.265075113287555,
        -0.0379896168975872
      ],
      [
        0.0,
        0.0,
        0.0,
        1.0
      ]
    ],
    "3": [
      [
        -0.446683648624976,
        0.52008487327357,
        -0.728000990825626,
        -0.0859241015902252
      ],
      [
        0.00476341904825475,
        -0.812295003768382,
        -0.583227345631096,
        -0.0728231350355791
      ],
      [
        -0.894679287728317,
        -0.263985892511205,
        0.36036151385104,
        0.0446596649370311
      ],
      [
        0.0,
        0.0,
        0.0,
        1.0
      ]
    ]
  }
}