{
  "T_WB": [
    [
      0.724003952586363,
      -0.00141572961525368,
      0.689794369612408,
      -0.0241035085200064
    ],
    [
      0.00108383301163997,
      0.999998994216454,
      0.000914807129144564,
      3.21834881452268e-05
    ],
    [
      -0.689794970948126,
      8.52979316744632e-05,
      0.724004758809593,
      0.328768343399938
    ],
    [
      0.0,
      0.0,
      0.0,
      1.0
    ]
  ],
  "T_WH": {
    "0": [
      [
        0.402865128580298,
        0.888496444745861,
        -0.219712894132196,
        0.00490195293113626
      ],
      [
        -0.737094572018232,
        0.172648136199536,
        -0.653363767719091,
        -0.0319244310063157
      ],
      [
        -0.542578363073243,
        0.425166659959117,
        0.724459820268846,
        0.301173815028199
      ],
      [
        0.0,
        0.0,
        0.0,
        1.0
      ]
    ],
    "1": [
      [
        -0.493548956392968,
        -0.430650990420936,
        0.75561177339483,
        -0.053108969971149
      ],
      [
        0.686216105382429,
        -0.726597693062139,
        0.0341064385497612,
        0.0319887979826061
      ],
      [
        0.534337799858089,
        0.535346165472626,
        0.654131178554097,
        0.356362871771676
      ],
      [
        0.0,
        0.0,
        0.0,
        1.0
      ]
    ],
    "2": [
      [
        0.401269312755412,
        -0.888572016235401,
        -0.222312191757793,
        0.00481134623576003
      ],
      [
        0.738134456328868,
        0.169987226334736,
        0.652887331216582,
        0.0320755046235373
      ],
      [
        -0.542347179416365,
        -0.426079939502411,
        0.724096279601502,
        0.301179274095826
      ],
      [
        0.0,
        0.0,
        0.0,
        1.0
      ]
    ],
    "3": [
      [
        -0.491922414049271,
        0.432476687193651,
        0.755629706661896,
        -0.0530183632757728
      ],
      [
        -0.687416866354453,
        -0.725546400559556,
        -0.0322563557534925,
        -0.0320111376472469
      ],
      [
        0.534294291947201,
        -0.535300229468546,
        0.654204305950031,
        0.356357412704049
      ],
      [
        0.0,
        0.0,
        0.0,
        1.0
      ]
    ]
  },
  "T_WP": {
    "0": [
      [
        0.219712894132196,
        0.888496444745861,
        0.402865128580298,
        0.0331025119317571
      ],
      [
        0.653363767719091,
        0.172648136199536,
        -0.737094572018232,
        -0.0835210510475919
      ],
      [
        -0.724459820268846,
        0.425166659959117,
        -0.542578363073243,
        0.263193329613072
      ],
      [
        0.0,
        0.0,
        0.0,
        1.0
      ]
    ],
    "1": [
      [
        -0.75561177339483,
        -0.430650990420936,
        -0.493548956392968,
        -0.0876573969186568
      ],
      [
        -0.0341064385497611,
        -0.726597693062139,
        0.686216105382429,
        0.0800239253593762
      ],
      [
        -0.654131178554097,
        0.535346165472626,
        0.534337799858089,
        0.393766517761743
      ],
      [
        0.0,
        0.0,
        0.0,
        1.0
      ]
    ],
    "2": [
      [
        0.222312191757793,
        -0.888572016235401,
        0.401269312755412,
        0.0329001981286389
      ],
      [
        -0.652887331216582,
        0.169987226334736,
        0.738134456328868,
        0.0837449165665581
      ],
      [
        -0.724096279601502,
        -0.426079939502411,
        -0.542347179416365,
        0.263214971536681
      ],
      [
        0.0,
        0.0,
        0.0,
        1.0
      ]
    ],
    "3": [
      [
        -0.755629706661896,
        0.432476687193651,
        -0.491922414049271,
        -0.0874529322592218
      ],
      [
        0.0322563557534924,
        -0.725546400559556,
        -0.687416866354453,
        -0.0801303182920586
      ],
      [
        -0.654204305950031,
        -0.535300229468546,
        0.534294291947201,
        0.393758013140353
      ],
      [
        0.0,
        0.0,
        0.0,
        1.0
      ]
    ]
  },
  "simTime": 0.426499999999969,
  "state": [
    -0.0241035085200064,
    3.21834881452268e-05,
    0.328768343399938,
    0.928440588515551,
    -0.000223360871910063,
    0.371480242684755,
    0.000673054005235303,
    -0.219565318098104,
    0.000212593050849761,
    0.73863298433876,
    -0.0105144207587393,
    -4.94323444899496,
    0.00320650325036135,
    0.826613702435957,
    0.559190531203774,
    0.0335705326094521,
    -0.0537471496683998,
    0.998603421293181,
    0.0453307397598721,
    -0.0228933854313455,
    0.0145679071204174,
    0.826368877944772,
    -0.559581635820852,
    0.0334668912651313,
    0.0535054913574805,
    0.998601681648007,
    -0.0453519022772077,
    -0.0228009907140046,
    -0.0147648634288016,
    0.0239596761872331,
    -0.398600765105037,
    -5.72948978805791,
    0.160795121235034,
    0.362221998726709,
    -0.542757284627482,
    -0.026582048867108,
    -0.39608907758962,
    5.73423655841714,
    -0.164182810786852,
    0.361359398546802,
    0.542464526592575
  ]
}