{
  "T_WB": [
    [
      -2.22044604925031e-16,
      6.72373421367911e-20,
      1.0,
      -3.4797090318758e-36
    ],
    [
      -9.94059839189801e-19,
      1.0,
      -6.72373421367911e-20,
      5.14070921674573e-21
    ],
    [
      -1.0,
      -9.94059839189801e-19,
      -2.22044604925031e-16,
      0.363251866300002
    ],
    [
      0.0,
      0.0,
      0.0,
      1.0
    ]
  ],
  "T_WH": {
    "0": [
      [
        -1.57135594003738e-16,
        -1.53430235115468e-16,
        1.0,
        -8.88393579194963e-18
      ],
      [
        -0.707106779455507,
        0.707106782917588,
        -2.62008385902308e-18,
        -0.032
      ],
      [
        -0.707106782917588,
        -0.707106779455507,
        -2.19603203781427e-16,
        0.323251866300002
      ],
      [
        0.0,
        0.0,
        0.0,
        1.0
      ]
    ],
    "1": [
      [
        1.57135594003738e-16,
        1.53435297998803e-16,
        1.0,
        8.88393579194963e-18
      ],
      [
        0.707106779455507,
        -0.707106782917588,
        -2.61650385987637e-18,
        0.032
      ],
      [
        0.707106782917588,
        0.707106779455507,
        -2.19606783780556e-16,
        0.403251866300002
      ],
      [
        0.0,
        0.0,
        0.0,
        1.0
      ]
    ],
    "2": [
      [
        -1.57056036992383e-16,
        1.54587531460275e-16,
        1.0,
        -8.87963260205288e-18
      ],
      [
        0.707106779455507,
        0.707106782917588,
        1.74549646168218e-18,
        0.032
      ],
      [
        -0.707106782917588,
        0.707106779455507,
        -2.20365280570321e-16,
        0.323251866300002
      ],
      [
        0.0,
        0.0,
        0.0,
        1.0
      ]
    ],
    "3": [
      [
        1.57056036992383e-16,
        -1.53516840975339e-16,
        1.0,
        8.87963260205288e-18
      ],
      [
        -0.707106779455507,
        -0.707106782917588,
        2.50258896598604e-18,
        -0.032
      ],
      [
        0.707106782917588,
        -0.707106779455507,
        -2.19608188069724e-16,
        0.403251866300002
      ],
      [
        0.0,
        0.0,
        0.0,
        1.0
      ]
    ]
  },
  "T_WP": {
    "0": [
      [
        -1.0,
        -1.53430235115468e-16,
        -9.59032540463699e-17,
        -1.98834273722113e-17
      ],
      [
        -4.06777188467559e-17,
        0.707106782917588,
        -0.707106779455507,
        -0.0814974745618855
      ],
      [
        1.76305400863657e-16,
        -0.707106779455507,
        -0.707106782917588,
        0.27375439149577
      ],
      [
        0.0,
        0.0,
        0.0,
        1.0
      ]
    ],
    "1": [
      [
        -1.0,
        1.53435297998803e-16,
        2.18367933961105e-16,
        1.98834273722113e-17
      ],
      [
        4.59143065656554e-17,
        -0.707106782917588,
        0.707106779455507,
        0.0814974745618855
      ],
      [
        2.62904586698327e-16,
        0.707106779455507,
        0.707106782917588,
        0.452749341104233
      ],
      [
        0.0,
        0.0,
        0.0,
        1.0
      ]
    ],
    "2": [
      [
        -1.0,
        1.54587531460275e-16,
        -9.58236970350149e-17,
        -1.98735551915197e-17
      ],
      [
        4.15523062440968e-17,
        0.707106782917588,
        0.707106779455507,
        0.0814974745618855
      ],
      [
        1.77067477652551e-16,
        0.707106779455507,
        -0.707106782917588,
        0.27375439149577
      ],
      [
        0.0,
        0.0,
        0.0,
        1.0
      ]
    ],
    "3": [
      [
        -1.0,
        -1.53516840975339e-16,
        2.1828837694975e-16,
        1.98735551915197e-17
      ],
      [
        -4.58003916717651e-17,
        -0.707106782917588,
        -0.707106779455507,
        -0.0814974745618855
      ],
      [
        2.62905990987495e-16,
        -0.707106779455507,
        0.707106782917588,
        0.452749341104233
      ],
      [
        0.0,
        0.0,
        0.0,
        1.0
      ]
    ]
  },
  "simTime": 0.166999999999998,
  "state": [
    -3.4797090318758e-36,
    5.14070921674573e-21,
    0.363251866300002,
    0.707106781186548,
    -3.27681236311216e-19,
    0.707106781186548,
    -3.75225216885101e-19,
    -7.03405044793303e-35,
    -1.12480167101936e-20,
    -1.63770219999997,
    6.77013075951452e-19,
    -8.10241354716154e-18,
    -1.50783968414455e-17,
    1.0,
    1.76573319392535e-18,
    3.94018852672384e-20,
    -5.79449604498756e-19,
    1.0,
    -1.76320175225827e-18,
    -3.9401885267238e-20,
    5.76552959045323e-19,
    1.0,
    -1.23462900221231e-18,
    4.71673600471973e-20,
    3.48288135792147e-19,
    1.0,
    1.76997424468051e-18,
    -4.71673600471968e-20,
    -5.70876086966069e-19,
    2.02723352150464e-17,
    5.3560347494618e-19,
    -1.62813377596669e-17,
    -2.02179036963454e-17,
    -5.35603474946176e-19,
    1.62509200252994e-17,
    -2.24150324498229e-17,
    4.6409705576701e-19,
    1.0946463317644e-17,
    2.03697115447998e-17,
    -4.64097055767006e-19,
    -1.63132238442856e-17
  ]
}