{
  "T_WB": [
    [
      0.992514359551999,
      -0.000160691000121874,
      0.122127884864546,
      -0.126906736861943
    ],
    [
      0.000773690526736207,
      0.999987340630432,
      -0.00497191933220971,
      -8.77214835042337e-05
    ],
    [
      -0.122125539859827,
      0.00502919051932235,
      0.992501919271024,
      0.061507390102202
    ],
    [
      0.0,
      0.0,
      0.0,
      1.0
    ]
  ],
  "T_WH": {
    "0": [
      [
        -0.00700986171768761,
        0.796551701365774,
        0.604529775023521,
        -0.0872010203678595
      ],
      [
        -0.898199300870206,
        0.260708043810211,
        -0.353934078337937,
        -0.0320563687626086
      ],
      [
        -0.439532567342821,
        -0.545469250227676,
        0.713634653937914,
        0.0564614344111906
      ],
      [
        0.0,
        0.0,
        0.0,
        1.0
      ]
    ],
    "1": [
      [
        -0.471734295267476,
        -0.881443890456389,
        0.0228784318868888,
        -0.166612453356027
      ],
      [
        0.87673110233989,
        -0.466134245387648,
        0.11858094057128,
        0.0318809257956001
      ],
      [
        -0.0938580250078793,
        0.0759969292405473,
        0.99268078347857,
        0.0665533457932133
      ],
      [
        0.0,
        0.0,
        0.0,
        1.0
      ]
    ],
    "2": [
      [
        -0.00491559994934125,
        -0.797586758932191,
        0.603184216349518,
        -0.0872113045918673
      ],
      [
        0.902064309364161,
        0.256787971903823,
        0.346900445743272,
        0.031942821037739
      ],
      [
        -0.431573653793298,
        0.545816177354212,
        0.718212281912484,
        0.0567833026044272
      ],
      [
        0.0,
        0.0,
        0.0,
        1.0
      ]
    ],
    "3": [
      [
        -0.45970444802897,
        0.887879006404707,
        0.0185119001771858,
        -0.166602169132019
      ],
      [
        -0.881143110283503,
        -0.453419847981488,
        -0.134153869330546,
        -0.0321182640047475
      ],
      [
        -0.110718741242364,
        -0.0779827637509326,
        0.99078759020058,
        0.0662314775999767
      ],
      [
        0.0,
        0.0,
        0.0,
        1.0
      ]
    ]
  },
  "T_WP": {
    "0": [
      [
        -0.604529775023521,
        0.796551701365774,
        -0.00700986171768757,
        -0.0876917106880976
      ],
      [
        0.353934078337937,
        0.260708043810211,
        -0.898199300870206,
        -0.0949303198235231
      ],
      [
        -0.713634653937914,
        -0.545469250227676,
        -0.439532567342821,
        0.0256941546971931
      ],
      [
        0.0,
        0.0,
        0.0,
        1.0
      ]
    ],
    "1": [
      [
        -0.0228784318868888,
        -0.881443890456389,
        -0.471734295267476,
        -0.19963385402475
      ],
      [
        -0.11858094057128,
        -0.466134245387648,
        0.87673110233989,
        0.0932521029593924
      ],
      [
        -0.99268078347857,
        0.0759969292405473,
        -0.0938580250078792,
        0.0599832840426618
      ],
      [
        0.0,
        0.0,
        0.0,
        1.0
      ]
    ],
    "2": [
      [
        -0.603184216349518,
        -0.797586758932191,
        -0.00491559994934121,
        -0.0875553965883211
      ],
      [
        -0.346900445743272,
        0.256787971903823,
        0.902064309364161,
        0.0950873226932303
      ],
      [
        -0.718212281912484,
        0.545816177354212,
        -0.431573653793298,
        0.0265731468388964
      ],
      [
        0.0,
        0.0,
        0.0,
        1.0
      ]
    ],
    "3": [
      [
        -0.0185119001771859,
        0.887879006404707,
        -0.45970444802897,
        -0.198781480494047
      ],
      [
        0.134153869330546,
        -0.453419847981488,
        -0.881143110283503,
        -0.0937982817245927
      ],
      [
        -0.99078759020058,
        -0.0779827637509326,
        -0.110718741242364,
        0.0584811657130112
      ],
      [
        0.0,
        0.0,
        0.0,
        1.0
      ]
    ]
  },
  "simTime": 0.769999999999932,
  "state": [
    -0.126906736861943,
    -8.77214835042337e-05,
    0.061507390102202,
    0.998123692166138,
    0.00250497757192487,
    0.0611781452142197,
    0.000234034502484927,
    -0.27656990167924,
    -0.00471070739363889,
    1.642280669332,
    0.490730614524314,
    13.6387463797092,
    -0.178896639936814,
    0.90023460198848,
    -0.155527386555882,
    0.289610968303018,
    -0.285507233625224,
    0.985423836134372,
    -0.0030775582058351,
    0.0791800316384426,
    -0.150535425742394,
    0.900798399387644,
    0.154516282893839,
    0.289379955167318,
    0.284510462951174,
    0.984102660143918,
    0.00370750217042853,
    0.0827227373865415,
    0.157115108899804,
    -3.3215405177101,
    -1.26002774707855,
    4.29239074005583,
    -2.41927760630125,
    0.207679917687289,
    1.15788812796039,
    3.32280997235353,
    -1.52271052189154,
    -4.49564189888105,
    2.4608273643617,
    0.224112690766851,
    -0.748290441737101
  ]
}