{
  "T_WB": [
    [
      0.987179879067457,
      -0.00222250057694156,
      -0.159596199376885,
      -0.122956264526121
    ],
    [
      0.00222079612721237,
      0.999997516161445,
      -0.000189038363267679,
      -2.23622059888516e-05
    ],
    [
      0.159596223103563,
      -0.000167815752904302,
      0.987182362792686,
      0.0411492344794024
    ],
    [
      0.0,
      0.0,
      0.0,
      1.0
    ]
  ],
  "T_WH": {
    "0": [
      [
        -0.0292750596209966,
        0.955082297457984,
        0.294891125615142,
        -0.0833979493449605
      ],
      [
        -0.927348923680538,
        0.0841527490840285,
        -0.364612518394731,
        -0.0319334508780666
      ],
      [
        -0.373050860651379,
        -0.284141021156712,
        0.883230963827291,
        0.0475384535076379
      ],
      [
        0.0,
        0.0,
        0.0,
        1.0
      ]
    ],
    "1": [
      [
        -0.486419368902088,
        -0.848385628210729,
        -0.208897159871505,
        -0.162514579707281
      ],
      [
        0.854475098260314,
        -0.51181731024995,
        0.0889682380489476,
        0.0318887264660889
      ],
      [
        -0.182396557012245,
        -0.135221547003405,
        0.973882246072945,
        0.034760015451167
      ],
      [
        0.0,
        0.0,
        0.0,
        1.0
      ]
    ],
    "2": [
      [
        -0.035915109433666,
        -0.955397558892189,
        0.293130703573022,
        -0.0835401893818848
      ],
      [
        0.924992009460168,
        0.079249863206684,
        0.371630517606618,
        0.0320663901562659
      ],
      [
        -0.378285457491045,
        0.284490709241214,
        0.880888840323353,
        0.047527713299452
      ],
      [
        0.0,
        0.0,
        0.0,
        1.0
      ]
    ],
    "3": [
      [
        -0.47702931268179,
        0.853793305380889,
        -0.208518647916954,
        -0.162372339670357
      ],
      [
        -0.859598443354697,
        -0.50267182630129,
        -0.0917145093488929,
        -0.0321111145682436
      ],
      [
        -0.183121683654669,
        0.13549179580219,
        0.973708592057078,
        0.0347707556593528
      ],
      [
        0.0,
        0.0,
        0.0,
        1.0
      ]
    ]
  },
  "T_WP": {
    "0": [
      [
        -0.294891125615142,
        0.955082297457984,
        -0.0292750596209965,
        -0.0854472035184303
      ],
      [
        0.364612518394731,
        0.0841527490840285,
        -0.927348923680538,
        -0.0968478755357043
      ],
      [
        -0.883230963827291,
        -0.284141021156712,
        -0.373050860651379,
        0.0214248932620413
      ],
      [
        0.0,
        0.0,
        0.0,
        1.0
      ]
    ],
    "1": [
      [
        0.208897159871505,
        -0.848385628210729,
        -0.486419368902088,
        -0.196563935530428
      ],
      [
        -0.0889682380489476,
        -0.51181731024995,
        0.854475098260314,
        0.0917019833443108
      ],
      [
        -0.973882246072945,
        -0.135221547003405,
        -0.182396557012245,
        0.0219922564603098
      ],
      [
        0.0,
        0.0,
        0.0,
        1.0
      ]
    ],
    "2": [
      [
        -0.293130703573022,
        -0.955397558892189,
        -0.035915109433666,
        -0.0860542470422414
      ],
      [
        -0.371630517606618,
        0.079249863206684,
        0.924992009460168,
        0.0968158308184776
      ],
      [
        -0.880888840323353,
        0.284490709241214,
        -0.378285457491045,
        0.0210477312750789
      ],
      [
        0.0,
        0.0,
        0.0,
        1.0
      ]
    ],
    "3": [
      [
        0.208518647916954,
        0.853793305380889,
        -0.47702931268179,
        -0.195764391558082
      ],
      [
        0.0917145093488929,
        -0.50267182630129,
        -0.859598443354697,
        -0.0922830056030724
      ],
      [
        -0.973708592057078,
        0.13549179580219,
        -0.183121683654669,
        0.021952237803526
      ],
      [
        0.0,
        0.0,
        0.0,
        1.0
      ]
    ]
  },
  "simTime": 0.754999999999933,
  "state": [
    -0.122956264526121,
    -2.23622059888516e-05,
    0.0411492344794024,
    0.996789817115623,
    5.3227395582722e-06,
    -0.0800550971227024,
    0.00111440160901005,
    -0.265170943415681,
    -0.00193477264117704,
    0.721766026709749,
    0.126732601183338,
    32.8622669339481,
    -0.037749852624426,
    0.881668668543596,
    -0.135964493569515,
    0.262784950423847,
    -0.367584119934042,
    0.990874076276531,
    0.00740636782283628,
    0.0508357172920438,
    -0.124617175887628,
    0.880736677541139,
    0.13502933065315,
    0.265319648362426,
    0.368341511222936,
    0.990437369450781,
    -0.00788477501302492,
    0.0517280910147182,
    0.127655207956372,
    -14.2666816210273,
    2.69091538628351,
    25.6493288782809,
    0.342021354399269,
    12.3360207742644,
    -18.0924637224061,
    14.369530784354,
    2.70045077897453,
    -25.5156048498335,
    -0.00848887338104391,
    13.2063240412094,
    18.6149734883551
  ]
}