{
  "T_WB": [
    [
      -0.976525739754206,
      0.0624871692466768,
      -0.206137898691722,
      -0.231185372929647
    ],
    [
      0.0690295275749494,
      0.997308977322193,
      -0.0246926725029876,
      -0.000822319974384897
    ],
    [
      0.20404020172574,
      -0.0383426320444706,
      -0.978211346615659,
      0.169072200759701
    ],
    [
      0.0,
      0.0,
      0.0,
      1.0
    ]
  ],
  "T_WH": {
    "0": [
      [
        -0.710546296689542,
        -0.236357930951155,
        -0.662766089006722,
        -0.272245991935709
      ],
      [
        -0.457448214250445,
        0.870857064182518,
        0.179858569555317,
        -0.0299750261456971
      ],
      [
        0.534663531148194,
        0.430979004407285,
        -0.726905775338351,
        0.178460773054154
      ],
      [
        0.0,
        0.0,
        0.0,
        1.0
      ]
    ],
    "1": [
      [
        0.692286746157458,
        0.719796946098182,
        0.0512973438147761,
        -0.190124753923586
      ],
      [
        0.706365877561522,
        -0.661395921281236,
        -0.252195722266032,
        0.0283303861969273
      ],
      [
        -0.147601856734461,
        0.210826449242681,
        -0.966315631762347,
        0.159683628465248
      ],
      [
        0.0,
        0.0,
        0.0,
        1.0
      ]
    ],
    "2": [
      [
        -0.645825106477918,
        0.333424580503839,
        -0.686831843291082,
        -0.268246813103922
      ],
      [
        0.579377311326865,
        0.799898874702962,
        -0.156472749603847,
        0.0338527484029233
      ],
      [
        0.497224157661753,
        -0.498988816873459,
        -0.709773412909209,
        0.176006844603307
      ],
      [
        0.0,
        0.0,
        0.0,
        1.0
      ]
    ],
    "3": [
      [
        0.594549008560173,
        -0.799126168822601,
        0.0889316744643211,
        -0.194123932755373
      ],
      [
        -0.799768906971618,
        -0.576337497260437,
        0.167942801849318,
        -0.0354973883516931
      ],
      [
        -0.0829528291352317,
        -0.170975014415815,
        -0.981777150163912,
        0.162137556916094
      ],
      [
        0.0,
        0.0,
        0.0,
        1.0
      ]
    ]
  },
  "T_WP": {
    "0": [
      [
        0.662766089006722,
        -0.236357930951155,
        -0.710546296689542,
        -0.321984232703977
      ],
      [
        -0.179858569555317,
        0.870857064182518,
        -0.457448214250445,
        -0.0619964011432283
      ],
      [
        0.726905775338351,
        0.430979004407285,
        0.534663531148194,
        0.215887220234527
      ],
      [
        0.0,
        0.0,
        0.0,
        1.0
      ]
    ],
    "1": [
      [
        -0.051297343814776,
        0.719796946098182,
        0.692286746157458,
        -0.141664681692564
      ],
      [
        0.252195722266032,
        -0.661395921281236,
        0.706365877561522,
        0.0777759976262339
      ],
      [
        0.966315631762347,
        0.210826449242681,
        -0.147601856734461,
        0.149351498493836
      ],
      [
        0.0,
        0.0,
        0.0,
        1.0
      ]
    ],
    "2": [
      [
        0.686831843291082,
        0.333424580503839,
        -0.645825106477918,
        -0.313454570557376
      ],
      [
        0.156472749603847,
        0.799898874702962,
        0.579377311326865,
        0.0744091601958038
      ],
      [
        0.709773412909209,
        -0.498988816873459,
        0.497224157661753,
        0.21081253563963
      ],
      [
        0.0,
        0.0,
        0.0,
        1.0
      ]
    ],
    "3": [
      [
        -0.0889316744643211,
        -0.799126168822601,
        0.594549008560173,
        -0.152505502156161
      ],
      [
        -0.167942801849318,
        -0.576337497260437,
        -0.799768906971618,
        -0.0914812118397063
      ],
      [
        0.981777150163912,
        -0.170975014415815,
        -0.0829528291352318,
        0.156330858876628
      ],
      [
        0.0,
        0.0,
        0.0,
        1.0
      ]
    ]
  },
  "simTime": 1.0179999999999,
  "state": [
    -0.231185372929647,
    -0.000822319974384897,
    0.169072200759701,
    -0.103164784389258,
    0.0330780498943792,
    0.993987683989603,
    -0.015854146274341,
    -0.430880899973238,
    -0.0065846534151426,
    -0.694086634400222,
    0.464415218546159,
    12.7406675835918,
    -0.275382545273996,
    0.950931372781929,
    -0.229558741374528,
    0.16024679560535,
    0.131731822335513,
    0.984594504043919,
    -0.171342590057136,
    0.013591514795871,
    -0.0321037406632898,
    0.949712748168976,
    0.233044980070713,
    0.16066403642629,
    -0.133876064434175,
    0.983748805742897,
    0.175362966603749,
    0.0171647437506482,
    0.0345179477276898,
    1.22262001212176,
    -1.77934180837719,
    2.32557636956097,
    -0.779897933854111,
    -0.558881470871358,
    1.51583004282425,
    -1.19552423180743,
    -1.78522171573085,
    -2.38232998789513,
    0.777132418965086,
    -0.56539569599223,
    -1.57779849072033
  ]
}