{
  "T_WB": [
    [
      0.425084112084449,
      -0.137085705632008,
      0.894712806974814,
      -0.041775687125564
    ],
    [
      -0.156304833854185,
      0.962498423397893,
      0.221733136608822,
      0.00293631088640058
    ],
    [
      -0.89155610960118,
      -0.234103170136471,
      0.387715629250181,
      0.589461520589443
    ],
    [
      0.0,
      0.0,
      0.0,
      1.0
    ]
  ],
  "T_WH": {
    "0": [
      [
        0.13463211057929,
        -0.357806211946733,
        0.924039452346758,
        -0.0203855800619617
      ],
      [
        -0.585372259106606,
        0.723696108583457,
        0.365517798047633,
        -0.0341158320164994
      ],
      [
        -0.799508294559471,
        -0.5901174943293,
        -0.112017096093027,
        0.561290577649763
      ],
      [
        0.0,
        0.0,
        0.0,
        1.0
      ]
    ],
    "1": [
      [
        -0.466227856992394,
        -0.023481477758662,
        0.884352986972142,
        -0.0631657941891662
      ],
      [
        0.75417375603704,
        -0.533098000710193,
        0.38344291275727,
        0.0399884537893005
      ],
      [
        0.462443003049309,
        0.845727581341099,
        0.266254252716593,
        0.617632463529123
      ],
      [
        0.0,
        0.0,
        0.0,
        1.0
      ]
    ],
    "2": [
      [
        -0.0226033874902447,
        0.133768872570399,
        0.990754750483292,
        -0.0291590652224102
      ],
      [
        0.0725838566612388,
        0.988612214648606,
        -0.13182364279506,
        0.0274840670809658
      ],
      [
        -0.997106148123733,
        0.0689331399170484,
        -0.0320554456376767,
        0.546307974761029
      ],
      [
        0.0,
        0.0,
        0.0,
        1.0
      ]
    ],
    "3": [
      [
        -0.308088570839609,
        0.164078520288093,
        0.937101740313226,
        -0.0543923090287177
      ],
      [
        -0.535961290729628,
        -0.843762344569969,
        -0.0284710506518453,
        -0.0216114453081646
      ],
      [
        0.786019673645284,
        -0.511021863588886,
        0.347893270381453,
        0.632615066417857
      ],
      [
        0.0,
        0.0,
        0.0,
        1.0
      ]
    ]
  },
  "T_WP": {
    "0": [
      [
        -0.924039452346758,
        -0.357806211946733,
        0.13463211057929,
        -0.0109613323214115
      ],
      [
        -0.365517798047633,
        0.723696108583457,
        -0.585372259106606,
        -0.0750918901539618
      ],
      [
        0.112017096093027,
        -0.5901174943293,
        -0.799508294559471,
        0.5053249970306
      ],
      [
        0.0,
        0.0,
        0.0,
        1.0
      ]
    ],
    "1": [
      [
        -0.884352986972142,
        -0.023481477758662,
        -0.466227856992394,
        -0.0958017441786338
      ],
      [
        -0.38344291275727,
        -0.533098000710193,
        0.75417375603704,
        0.0927806167118933
      ],
      [
        -0.266254252716593,
        0.845727581341099,
        0.462443003049309,
        0.650003473742575
      ],
      [
        0.0,
        0.0,
        0.0,
        1.0
      ]
    ],
    "2": [
      [
        -0.990754750483292,
        0.133768872570399,
        -0.0226033874902446,
        -0.0307413023467274
      ],
      [
        0.13182364279506,
        0.988612214648606,
        0.0725838566612388,
        0.0325649370472525
      ],
      [
        0.0320554456376766,
        0.0689331399170484,
        -0.997106148123733,
        0.476510544392367
      ],
      [
        0.0,
        0.0,
        0.0,
        1.0
      ]
    ],
    "3": [
      [
        -0.937101740313226,
        0.164078520288093,
        -0.308088570839609,
        -0.0759585089874903
      ],
      [
        0.0284710506518453,
        -0.843762344569969,
        -0.535961290729628,
        -0.0591287356592386
      ],
      [
        -0.347893270381453,
        -0.511021863588886,
        0.786019673645284,
        0.687636443573027
      ],
      [
        0.0,
        0.0,
        0.0,
        1.0
      ]
    ]
  }
}