{
  "T_WB": [
    [
      0.934699888929768,
      -0.00111618064366124,
      0.35543617116924,
      -0.00217558488754741
    ],
    [
      0.00157255425468194,
      0.999998268442533,
      -0.000995080424970386,
      -1.39512840464992e-05
    ],
    [
      -0.355434445021574,
      0.00148904422593605,
      0.934700025697816,
      0.456348284778412
    ],
    [
      0.0,
      0.0,
      0.0,
      1.0
    ]
  ],
  "T_WH": {
    "0": [
      [
        0.785321580572157,
        0.552619892237329,
        0.279072158753345,
        0.0352481284502405
      ],
      [
        -0.539500987156245,
        0.831992309494258,
        -0.12933476640041,
        -0.0319509937040203
      ],
      [
        -0.303658854547479,
        -0.0489903219627533,
        0.951520492900126,
        0.442083257562319
      ],
      [
        0.0,
        0.0,
        0.0,
        1.0
      ]
    ],
    "1": [
      [
        -0.603906313442745,
        -0.705307516642444,
        0.371266038780363,
        -0.0395992982253353
      ],
      [
        0.762116351898482,
        -0.64736522247979,
        0.00984555192160867,
        0.0319230911359273
      ],
      [
        0.233400580018436,
        0.288893710023878,
        0.92847433650893,
        0.470613311994505
      ],
      [
        0.0,
        0.0,
        0.0,
        1.0
      ]
    ],
    "2": [
      [
        0.783849231306795,
        -0.555101280430827,
        0.278285736328334,
        0.0351766928890462
      ],
      [
        0.542672773343922,
        0.830212503121944,
        0.127489061221788,
        0.0320488954763018
      ],
      [
        -0.301805638865418,
        0.0510858896766292,
        0.951999783731585,
        0.442178556392779
      ],
      [
        0.0,
        0.0,
        0.0,
        1.0
      ]
    ],
    "3": [
      [
        -0.602362748769292,
        0.706601788486996,
        0.37131257910564,
        -0.039527862664141
      ],
      [
        -0.764006964838984,
        -0.645100135804073,
        -0.0117971379194389,
        -0.0320767980443948
      ],
      [
        0.231197916453906,
        -0.290791552993799,
        0.928432978806132,
        0.470518013164045
      ],
      [
        0.0,
        0.0,
        0.0,
        1.0
      ]
    ]
  },
  "T_WP": {
    "0": [
      [
        -0.279072158753345,
        0.552619892237329,
        0.785321580572157,
        0.0902206390902915
      ],
      [
        0.12933476640041,
        0.831992309494258,
        -0.539500987156245,
        -0.0697160628049574
      ],
      [
        -0.951520492900126,
        -0.0489903219627533,
        -0.303658854547478,
        0.420827137743996
      ],
      [
        0.0,
        0.0,
        0.0,
        1.0
      ]
    ],
    "1": [
      [
        -0.371266038780363,
        -0.705307516642444,
        -0.603906313442745,
        -0.0818727401663275
      ],
      [
        -0.00984555192160863,
        -0.64736522247979,
        0.762116351898482,
        0.085271235768821
      ],
      [
        -0.92847433650893,
        0.288893710023878,
        0.233400580018436,
        0.486951352595796
      ],
      [
        0.0,
        0.0,
        0.0,
        1.0
      ]
    ],
    "2": [
      [
        -0.278285736328334,
        -0.555101280430827,
        0.783849231306795,
        0.0900461390805218
      ],
      [
        -0.127489061221788,
        0.830212503121944,
        0.542672773343922,
        0.0700359896103764
      ],
      [
        -0.951999783731585,
        0.0510858896766292,
        -0.301805638865418,
        0.4210521616722
      ],
      [
        0.0,
        0.0,
        0.0,
        1.0
      ]
    ],
    "3": [
      [
        -0.37131257910564,
        0.706601788486996,
        -0.602362748769292,
        -0.0816932550779914
      ],
      [
        0.0117971379194388,
        -0.645100135804073,
        -0.764006964838984,
        -0.0855572855831237
      ],
      [
        -0.928432978806132,
        -0.290791552993799,
        0.231197916453906,
        0.486701867315819
      ],
      [
        0.0,
        0.0,
        0.0,
        1.0
      ]
    ]
  }
}