{
  "T_WB": [
    [
      0.481859750937942,
      -0.000795331456720033,
      0.876247994504923,
      -0.0121343556880144
    ],
    [
      0.00061448676916005,
      0.999999648900327,
      0.00056974137352447,
      1.66638310830151e-05
    ],
    [
      -0.876248139987775,
      0.000263907362780761,
      0.481860070477798,
      0.267467121983952
    ],
    [
      0.0,
      0.0,
      0.0,
      1.0
    ]
  ],
  "T_WH": {
    "0": [
      [
        0.517104691044598,
        0.854353320064766,
        0.0517990636400143,
        0.00716548495611833
      ],
      [
        -0.646743914667176,
        0.429654487383316,
        -0.630174047634744,
        -0.0319587454629611
      ],
      [
        -0.560646989950582,
        0.292365227011851,
        0.77472416168186,
        0.232408751348832
      ],
      [
        0.0,
        0.0,
        0.0,
        1.0
      ]
    ],
    "1": [
      [
        -0.295467828277518,
        -0.253290376233254,
        0.921163800721991,
        -0.0314341963321471
      ],
      [
        0.665753893735668,
        -0.746124297078456,
        0.00838369160788978,
        0.0319920731251271
      ],
      [
        0.685179184906229,
        0.615745498251344,
        0.389084779905922,
        0.302525492619072
      ],
      [
        0.0,
        0.0,
        0.0,
        1.0
      ]
    ],
    "2": [
      [
        0.516719761261001,
        -0.854693182856539,
        0.0500025149460771,
        0.00711458374288824
      ],
      [
        0.647767876177593,
        0.428472358840035,
        0.629927151583758,
        0.0320412320666599
      ],
      [
        -0.559819137681755,
        -0.293105784468023,
        0.775042922809209,
        0.23242564142005
      ],
      [
        0.0,
        0.0,
        0.0,
        1.0
      ]
    ],
    "3": [
      [
        -0.294722201621379,
        0.254489648485092,
        0.921072115898306,
        -0.031383295118917
      ],
      [
        -0.666329659855765,
        -0.745622550688476,
        -0.00719696472906786,
        -0.0320079044044939
      ],
      [
        0.684940587400066,
        -0.61585877497909,
        0.38932552062934,
        0.302508602547854
      ],
      [
        0.0,
        0.0,
        0.0,
        1.0
      ]
    ]
  },
  "T_WP": {
    "0": [
      [
        -0.0517990636400143,
        0.854353320064766,
        0.517104691044598,
        0.0433628133292402
      ],
      [
        0.630174047634744,
        0.429654487383316,
        -0.646743914667176,
        -0.0772308194896633
      ],
      [
        -0.77472416168186,
        0.292365227011851,
        -0.560646989950582,
        0.193163462052291
      ],
      [
        0.0,
        0.0,
        0.0,
        1.0
      ]
    ],
    "1": [
      [
        -0.921163800721991,
        -0.253290376233254,
        -0.295467828277518,
        -0.0521169443115733
      ],
      [
        -0.00838369160788974,
        -0.746124297078456,
        0.665753893735668,
        0.0785948456866239
      ],
      [
        -0.389084779905922,
        0.615745498251344,
        0.685179184906229,
        0.350488035562508
      ],
      [
        0.0,
        0.0,
        0.0,
        1.0
      ]
    ],
    "2": [
      [
        -0.050002514946077,
        -0.854693182856539,
        0.516719761261001,
        0.0432849670311583
      ],
      [
        -0.629927151583758,
        0.428472358840035,
        0.647767876177593,
        0.0773849833990914
      ],
      [
        -0.775042922809209,
        -0.293105784468023,
        -0.559819137681755,
        0.193238301782327
      ],
      [
        0.0,
        0.0,
        0.0,
        1.0
      ]
    ],
    "3": [
      [
        -0.921072115898306,
        0.254489648485092,
        -0.294722201621379,
        -0.0520138492324135
      ],
      [
        0.00719696472906781,
        -0.745622550688476,
        -0.666329659855765,
        -0.0786509805943974
      ],
      [
        -0.38932552062934,
        -0.61585877497909,
        0.684940587400066,
        0.350454443665859
      ],
      [
        0.0,
        0.0,
        0.0,
        1.0
      ]
    ]
  },
  "simTime": 0.366999999999976,
  "state": [
    -0.0121343556880144,
    1.66638310830151e-05,
    0.267467121983952,
    0.860772831575798,
    -8.88254134902892e-05,
    0.508989152017159,
    0.000409462919298684,
    -0.181793619941564,
    0.000297486867789167,
    1.32077999493367,
    -0.00983979208328413,
    -5.34594256527289,
    0.00489367221217683,
    0.838579367363605,
    0.535989346456684,
    -0.0595500311362773,
    0.0771612526379779,
    0.998261940627052,
    0.0382180912973851,
    -0.0347967383436626,
    0.028313643243836,
    0.838348189215836,
    -0.536281843335752,
    -0.0598658191557847,
    -0.0773962650503546,
    0.998263753550398,
    -0.0381474251847748,
    -0.0346816316842129,
    -0.0284857284085221,
    1.88233633457369,
    0.599701112073729,
    -4.73241931164026,
    0.312012498716984,
    0.356007275913346,
    -0.409113833773537,
    -1.88552054989767,
    0.603374358541299,
    4.73523609062202,
    -0.314851268446267,
    0.355455184030192,
    0.407672354032013
  ]
}