{
  "T_WB": [
    [
      0.880843695876047,
      -0.00189077467542905,
      0.47340343091971,
      -0.0376275102674645
    ],
    [
      0.00150955245429837,
      0.999998158240219,
      0.00118522890512919,
      4.08729882352602e-05
    ],
    [
      -0.473404800025109,
      -0.000329374098235004,
      0.880844927797106,
      0.354810029024181
    ],
    [
      0.0,
      0.0,
      0.0,
      1.0
    ]
  ],
  "T_WH": {
    "0": [
      [
        0.246047346703668,
        0.889960748067229,
        -0.383966886696891,
        -0.00233325764280889
      ],
      [
        -0.787210274061024,
        -0.0476292954418476,
        -0.614842609639638,
        -0.0318986859772798
      ],
      [
        -0.565473861104872,
        0.45354307084921,
        0.688867182620726,
        0.33588437699432
      ],
      [
        0.0,
        0.0,
        0.0,
        1.0
      ]
    ],
    "1": [
      [
        -0.609594756013361,
        -0.574089714154592,
        0.546639948725768,
        -0.0729217628921201
      ],
      [
        0.708608628371008,
        -0.703746694914612,
        0.0511312154648988,
        0.0319804319537503
      ],
      [
        0.355342152353432,
        0.418523105095356,
        0.835805219690672,
        0.373735681054041
      ],
      [
        0.0,
        0.0,
        0.0,
        1.0
      ]
    ],
    "2": [
      [
        0.243447729114112,
        -0.889366879817421,
        -0.386988057015985,
        -0.00245426722203636
      ],
      [
        0.787449601068366,
        -0.0517083385889054,
        0.614206295553576,
        0.0321011961500942
      ],
      [
        -0.566265246122746,
        -0.454260718975569,
        0.687743317109912,
        0.335863297052033
      ],
      [
        0.0,
        0.0,
        0.0,
        1.0
      ]
    ],
    "3": [
      [
        -0.607217797870961,
        0.576393767594429,
        0.546860832961221,
        -0.0728007533128927
      ],
      [
        -0.710403059602285,
        -0.702101741267918,
        -0.048791780212133,
        -0.0320194501736237
      ],
      [
        0.355828665029187,
        -0.418118846246921,
        0.835800569248843,
        0.373756760996328
      ],
      [
        0.0,
        0.0,
        0.0,
        1.0
      ]
    ]
  },
  "T_WP": {
    "0": [
      [
        0.383966886696891,
        0.889960748067229,
        0.246047346703668,
        0.0148900566264479
      ],
      [
        0.614842609639638,
        -0.0476292954418476,
        -0.787210274061024,
        -0.0870034051615515
      ],
      [
        -0.688867182620726,
        0.45354307084921,
        -0.565473861104872,
        0.296301206716979
      ],
      [
        0.0,
        0.0,
        0.0,
        1.0
      ]
    ],
    "1": [
      [
        -0.546639948725768,
        -0.574089714154592,
        -0.609594756013361,
        -0.115593395813055
      ],
      [
        -0.0511312154648988,
        -0.703746694914612,
        0.708608628371008,
        0.0815830359397209
      ],
      [
        -0.835805219690672,
        0.418523105095356,
        0.355342152353432,
        0.398609631718782
      ],
      [
        0.0,
        0.0,
        0.0,
        1.0
      ]
    ],
    "2": [
      [
        0.386988057015985,
        -0.889366879817421,
        0.243447729114112,
        0.0145870738159515
      ],
      [
        -0.614206295553576,
        -0.0517083385889054,
        0.787449601068366,
        0.0872226682248798
      ],
      [
        -0.687743317109912,
        -0.454260718975569,
        -0.566265246122746,
        0.29622472982344
      ],
      [
        0.0,
        0.0,
        0.0,
        1.0
      ]
    ],
    "3": [
      [
        -0.546860832961221,
        0.576393767594429,
        -0.607217797870961,
        -0.11530599916386
      ],
      [
        0.048791780212133,
        -0.702101741267918,
        -0.710403059602285,
        -0.0817476643457837
      ],
      [
        -0.835800569248843,
        -0.418118846246921,
        0.355828665029187,
        0.398664767548371
      ],
      [
        0.0,
        0.0,
        0.0,
        1.0
      ]
    ]
  },
  "simTime": 0.483499999999963,
  "state": [
    -0.0376275102674645,
    4.08729882352602e-05,
    0.354810029024181,
    0.9697534199364,
    -0.000390460856395725,
    0.244084787813101,
    0.00087659580771327,
    -0.25496807581209,
    8.80565494661534e-05,
    0.173928635645211,
    -0.0111358076159772,
    -4.44702322188719,
    0.00191209397621002,
    0.820105092242907,
    0.526020331123981,
    0.105640970996112,
    -0.198922683896202,
    0.998762480904298,
    0.048064262207145,
    -0.0127089654774669,
    -0.00134745421700225,
    0.819852555176919,
    -0.526463675659209,
    0.105712541312003,
    0.198752722221935,
    0.99875822673774,
    -0.0481768498721946,
    -0.0126357641002404,
    0.00115461061839718,
    -1.58918109054165,
    -1.27993884279729,
    -5.55308172273588,
    0.0131256975250038,
    0.296134091075576,
    -0.602107139674263,
    1.5880040237434,
    -1.27968052557625,
    5.55834235207032,
    -0.0163035123810363,
    0.295470018398457,
    0.602773224758279
  ]
}