{
  "arms": {
    "0": [
      [
        -1.0,
        -3.45444288825864e-17,
        -5.74294558636622e-17,
        -8.88179061592281e-18
      ],
      [
        1.61821607931545e-17,
        0.70710676908493,
        -0.70710676908493,
        -0.0320000015199184
      ],
      [
        6.50353617437526e-17,
        -0.70710676908493,
        -0.70710676908493,
        0.310694515705109
      ],
      [
        0.0,
        0.0,
        0.0,
        1.0
      ]
    ],
    "1": [
      [
        -1.0,
        -1.58594055060481e-16,
        3.79066725654086e-16,
        8.88177820821362e-18
      ],
      [
        -1.55897724196244e-16,
        -0.70710676908493,
        -0.70710676908493,
        -0.0320000015199184
      ],
      [
        3.801835915346e-16,
        -0.70710676908493,
        0.70710676908493,
        0.39069452881813
      ],
      [
        0.0,
        0.0,
        0.0,
        1.0
      ]
    ],
    "2": [
      [
        -1.0,
        1.55434053066961e-16,
        3.79040917618975e-16,
        8.88179061592281e-18
      ],
      [
        1.58113919728286e-16,
        -0.70710676908493,
        0.70710676908493,
        0.0320000015199184
      ],
      [
        3.77930880941598e-16,
        0.70710676908493,
        0.70710676908493,
        0.39069452881813
      ],
      [
        0.0,
        0.0,
        0.0,
        1.0
      ]
    ],
    "3": [
      [
        -1.0,
        2.79474074023583e-16,
        1.87500179351167e-16,
        -8.88177820821362e-18
      ],
      [
        3.30200653773157e-16,
        0.70710676908493,
        0.70710676908493,
        0.0320000015199184
      ],
      [
        6.50353617437526e-17,
        0.70710676908493,
        -0.70710676908493,
        0.310694515705109
      ],
      [
        0.0,
        0.0,
        0.0,
        1.0
      ]
    ]
  },
  "arms_in_parent_frame": {
    "0": [
      [
        2.22044604925031e-16,
        1.26880514983441e-08,
        0.999999940395355,
        0.0
      ],
      [
        -4.91409067993851e-25,
        0.999999940395355,
        1.26880514983441e-08,
        0.0
      ],
      [
        -1.0,
        0.0,
        2.22044604925031e-16,
        0.0
      ],
      [
        0.0,
        0.0,
        0.0,
        1.0
      ]
    ],
    "1": [
      [
        2.22044591690142e-16,
        -1.26880514983441e-08,
        0.999999940395355,
        2.98023223876953e-08
      ],
      [
        -7.11852303653337e-25,
        0.999999940395355,
        -1.26880514983441e-08,
        0.0
      ],
      [
        -1.0,
        -4.84649634441374e-24,
        2.22044604925031e-16,
        0.0
      ],
      [
        0.0,
        0.0,
        0.0,
        1.0
      ]
    ],
    "2": [
      [
        2.22044591690142e-16,
        1.26880514983441e-08,
        0.999999940395355,
        2.98023223876953e-08
      ],
      [
        1.86694014862921e-23,
        0.999999940395355,
        1.26880514983441e-08,
        0.0
      ],
      [
        -1.0,
        -9.23464320364964e-24,
        2.22044604925031e-16,
        -6.61744490042422e-24
      ],
      [
        0.0,
        0.0,
        0.0,
        1.0
      ]
    ],
    "3": [
      [
        2.22044604925031e-16,
        -1.26880514983441e-08,
        0.999999940395355,
        0.0
      ],
      [
        -1.27434807328546e-23,
        0.999999940395355,
        -1.26880514983441e-08,
        0.0
      ],
      [
        -1.0,
        1.32348898008484e-23,
        2.22044604925031e-16,
        0.0
      ],
      [
        0.0,
        0.0,
        0.0,
        1.0
      ]
    ]
  },
  "arms_link_world": {
    "0": [
      [
        -1.0,
        -3.45444288825864e-17,
        -5.74294558636622e-17,
        -8.88179061592281e-18
      ],
      [
        1.61821607931545e-17,
        0.70710676908493,
        -0.70710676908493,
        -0.0320000015199184
      ],
      [
        6.50353617437526e-17,
        -0.70710676908493,
        -0.70710676908493,
        0.310694515705109
      ],
      [
        0.0,
        0.0,
        0.0,
        1.0
      ]
    ],
    "1": [
      [
        -1.0,
        -1.58594055060481e-16,
        3.79066725654086e-16,
        8.88177820821362e-18
      ],
      [
        -1.55897724196244e-16,
        -0.70710676908493,
        -0.70710676908493,
        -0.0320000015199184
      ],
      [
        3.801835915346e-16,
        -0.70710676908493,
        0.70710676908493,
        0.39069452881813
      ],
      [
        0.0,
        0.0,
        0.0,
        1.0
      ]
    ],
    "2": [
      [
        -1.0,
        1.55434053066961e-16,
        3.79040917618975e-16,
        8.88179061592281e-18
      ],
      [
        1.58113919728286e-16,
        -0.70710676908493,
        0.70710676908493,
        0.0320000015199184
      ],
      [
        3.77930880941598e-16,
        0.70710676908493,
        0.70710676908493,
        0.39069452881813
      ],
      [
        0.0,
        0.0,
        0.0,
        1.0
      ]
    ],
    "3": [
      [
        -1.0,
        2.79474074023583e-16,
        1.87500179351167e-16,
        -8.88177820821362e-18
      ],
      [
        3.30200653773157e-16,
        0.70710676908493,
        0.70710676908493,
        0.0320000015199184
      ],
      [
        6.50353617437526e-17,
        0.70710676908493,
        -0.70710676908493,
        0.310694515705109
      ],
      [
        0.0,
        0.0,
        0.0,
        1.0
      ]
    ]
  },
  "arms_relative_to_base": {
    "0": [
      [
        1.57009243181279e-16,
        0.70710676908493,
        0.70710676908493,
        0.0399999916553497
      ],
      [
        1.61819655785299e-17,
        0.70710676908493,
        -0.70710676908493,
        -0.0320000015199184
      ],
      [
        -1.0,
        1.22464672023627e-16,
        9.95799262839594e-17,
        0.0
      ],
      [
        0.0,
        0.0,
        0.0,
        1.0
      ]
    ],
    "1": [
      [
        -1.58138986609569e-16,
        0.70710676908493,
        -0.70710676908493,
        -0.0400000214576721
      ],
      [
        -1.55897922719591e-16,
        -0.70710676908493,
        -0.70710676908493,
        -0.0320000015199184
      ],
      [
        -1.0,
        -1.58467953030459e-18,
        2.22057628056595e-16,
        -6.61744490042422e-24
      ],
      [
        0.0,
        0.0,
        0.0,
        1.0
      ]
    ],
    "2": [
      [
        -1.55886276016567e-16,
        -0.70710676908493,
        -0.70710676908493,
        -0.0400000214576721
      ],
      [
        1.58113721204939e-16,
        -0.70710676908493,
        0.70710676908493,
        0.0320000015199184
      ],
      [
        -1.0,
        -1.57505776541937e-18,
        2.22031542088798e-16,
        -6.61744490042422e-24
      ],
      [
        0.0,
        0.0,
        0.0,
        1.0
      ]
    ],
    "3": [
      [
        1.57009243181279e-16,
        -0.70710676908493,
        0.70710676908493,
        0.0399999916553497
      ],
      [
        3.302004684847e-16,
        0.70710676908493,
        0.70710676908493,
        0.0320000015199184
      ],
      [
        -1.0,
        1.22464698493407e-16,
        3.44509290183548e-16,
        0.0
      ],
      [
        0.0,
        0.0,
        0.0,
        1.0
      ]
    ]
  },
  "arms_view_frame": {
    "0": [
      [
        -0.999999940395355,
        -3.45444255738639e-17,
        -5.74294492462173e-17,
        -8.88178978874219e-18
      ],
      [
        6.50353617437526e-17,
        -0.707106828689575,
        -0.707106709480286,
        0.310694515705109
      ],
      [
        -1.61821641018769e-17,
        -0.707106709480286,
        0.707106828689575,
        0.0319999866187572
      ],
      [
        0.0,
        0.0,
        0.0,
        1.0
      ]
    ],
    "1": [
      [
        -0.999999940395355,
        -1.58594041825592e-16,
        3.79066699184307e-16,
        8.881777381033e-18
      ],
      [
        3.801835915346e-16,
        -0.707106709480286,
        0.707106828689575,
        0.39069452881813
      ],
      [
        1.55897710961354e-16,
        0.707106828689575,
        0.707106709480286,
        0.0319999828934669
      ],
      [
        0.0,
        0.0,
        0.0,
        1.0
      ]
    ],
    "2": [
      [
        -0.999999940395355,
        1.55434039832072e-16,
        3.79040891149195e-16,
        8.88178978874219e-18
      ],
      [
        3.77930880941598e-16,
        0.707106828689575,
        0.707106709480286,
        0.39069452881813
      ],
      [
        -1.58113932963176e-16,
        0.707106709480286,
        -0.707106828689575,
        -0.0320000201463699
      ],
      [
        0.0,
        0.0,
        0.0,
        1.0
      ]
    ],
    "3": [
      [
        -0.999999940395355,
        2.79474047553804e-16,
        1.87500166116278e-16,
        -8.881777381033e-18
      ],
      [
        6.50353485088628e-17,
        0.707106709480286,
        -0.707106828689575,
        0.310694515705109
      ],
      [
        -3.30200653773157e-16,
        -0.707106828689575,
        -0.707106709480286,
        -0.0320000164210796
      ],
      [
        0.0,
        0.0,
        0.0,
        1.0
      ]
    ]
  },
  "arms_visual_world": {
    "0": [
      [
        -1.0,
        -3.45444288825864e-17,
        -5.74294558636622e-17,
        -8.88179061592281e-18
      ],
      [
        1.61821607931545e-17,
        0.70710676908493,
        -0.70710676908493,
        -0.0320000015199184
      ],
      [
        6.50353617437526e-17,
        -0.70710676908493,
        -0.70710676908493,
        0.310694515705109
      ],
      [
        0.0,
        0.0,
        0.0,
        1.0
      ]
    ],
    "1": [
      [
        -1.0,
        -1.58594055060481e-16,
        3.79066725654086e-16,
        8.88177820821362e-18
      ],
      [
        -1.55897724196244e-16,
        -0.70710676908493,
        -0.70710676908493,
        -0.0320000015199184
      ],
      [
        3.801835915346e-16,
        -0.70710676908493,
        0.70710676908493,
        0.39069452881813
      ],
      [
        0.0,
        0.0,
        0.0,
        1.0
      ]
    ],
    "2": [
      [
        -1.0,
        1.55434053066961e-16,
        3.79040917618975e-16,
        8.88179061592281e-18
      ],
      [
        1.58113919728286e-16,
        -0.70710676908493,
        0.70710676908493,
        0.0320000015199184
      ],
      [
        3.77930880941598e-16,
        0.70710676908493,
        0.70710676908493,
        0.39069452881813
      ],
      [
        0.0,
        0.0,
        0.0,
        1.0
      ]
    ],
    "3": [
      [
        -1.0,
        2.79474074023583e-16,
        1.87500179351167e-16,
        -8.88177820821362e-18
      ],
      [
        3.30200653773157e-16,
        0.70710676908493,
        0.70710676908493,
        0.0320000015199184
      ],
      [
        6.50353617437526e-17,
        0.70710676908493,
        -0.70710676908493,
        0.310694515705109
      ],
      [
        0.0,
        0.0,
        0.0,
        1.0
      ]
    ]
  },
  "base": [
    [
      -2.22044604925031e-16,
      1.95191930611993e-22,
      1.0,
      9.29117220771852e-36
    ],
    [
      7.10597518525863e-19,
      1.0,
      -1.95191930611993e-22,
      4.74490525931757e-23
    ],
    [
      -1.0,
      7.10597518525863e-19,
      -2.22044604925031e-16,
      0.350694507360458
    ],
    [
      0.0,
      0.0,
      0.0,
      1.0
    ]
  ],
  "base_link_world": [
    [
      -2.22044604925031e-16,
      1.95191930611993e-22,
      1.0,
      9.29117220771852e-36
    ],
    [
      7.10597518525863e-19,
      1.0,
      -1.95191930611993e-22,
      4.74490525931757e-23
    ],
    [
      -1.0,
      7.10597518525863e-19,
      -2.22044604925031e-16,
      0.350694507360458
    ],
    [
      0.0,
      0.0,
      0.0,
      1.0
    ]
  ],
  "base_view_frame": [
    [
      -2.22044591690142e-16,
      1.95191917990219e-22,
      0.999999940395355,
      9.29117149025371e-36
    ],
    [
      -1.0,
      -4.37113882867379e-08,
      -2.22044604925031e-16,
      0.350694507360458
    ],
    [
      4.37113882867379e-08,
      -1.0,
      2.04897810132568e-22,
      -1.53293431282009e-08
    ],
    [
      0.0,
      0.0,
      0.0,
      1.0
    ]
  ],
  "base_visual_world": [
    [
      -1.19447152372064e-21,
      2.22044591690142e-16,
      1.0,
      9.29117220771852e-36
    ],
    [
      0.999999940395355,
      6.25848770141602e-06,
      -1.95191930611993e-22,
      4.74490525931757e-23
    ],
    [
      -6.25848770141602e-06,
      0.999999940395355,
      -2.22044604925031e-16,
      0.350694507360458
    ],
    [
      0.0,
      0.0,
      0.0,
      1.0
    ]
  ],
  "view_adjust": [
    [
      0.999999940395355,
      0.0,
      0.0,
      0.0
    ],
    [
      0.0,
      -4.37113882867379e-08,
      1.0,
      0.0
    ],
    [
      0.0,
      -1.0,
      -4.37113882867379e-08,
      0.0
    ],
    [
      0.0,
      0.0,
      0.0,
      1.0
    ]
  ]
}