{
  "T_WB": [
    [
      -2.22044604925031e-16,
      7.16074106973497e-20,
      1.0,
      -3.94292717378309e-36
    ],
    [
      -1.09418072506916e-18,
      1.0,
      -7.16074106973497e-20,
      5.06424959999689e-21
    ],
    [
      -1.0,
      -1.09418072506916e-18,
      -2.22044604925031e-16,
      0.352399637575002
    ],
    [
      0.0,
      0.0,
      0.0,
      1.0
    ]
  ],
  "T_WH": {
    "0": [
      [
        -1.57142098398889e-16,
        -1.53297566231636e-16,
        1.0,
        -8.88407563414357e-18
      ],
      [
        -0.707106779455507,
        0.707106782917588,
        -2.71849422857052e-18,
        -0.032
      ],
      [
        -0.707106782917588,
        -0.707106779455507,
        -2.19513992016177e-16,
        0.312399637575002
      ],
      [
        0.0,
        0.0,
        0.0,
        1.0
      ]
    ],
    "1": [
      [
        1.57142098398889e-16,
        1.53302045995813e-16,
        1.0,
        8.88407563414357e-18
      ],
      [
        0.707106779455507,
        -0.707106782917588,
        -2.71532655693496e-18,
        0.032
      ],
      [
        0.707106782917588,
        0.707106779455507,
        -2.19517159687797e-16,
        0.392399637575002
      ],
      [
        0.0,
        0.0,
        0.0,
        1.0
      ]
    ],
    "2": [
      [
        -1.57055851008859e-16,
        1.54445468558486e-16,
        1.0,
        -8.87949275985894e-18
      ],
      [
        0.707106779455507,
        0.707106782917588,
        1.84581859292792e-18,
        0.032
      ],
      [
        -0.707106782917588,
        0.707106779455507,
        -2.20264695419146e-16,
        0.312399637575002
      ],
      [
        0.0,
        0.0,
        0.0,
        1.0
      ]
    ],
    "3": [
      [
        1.57055851008859e-16,
        -1.53389746262972e-16,
        1.0,
        8.87949275985894e-18
      ],
      [
        -0.707106779455507,
        -0.707106782917588,
        2.59232698896342e-18,
        -0.032
      ],
      [
        0.707106782917588,
        -0.707106779455507,
        -2.19518187026766e-16,
        0.392399637575002
      ],
      [
        0.0,
        0.0,
        0.0,
        1.0
      ]
    ]
  },
  "T_WP": {
    "0": [
      [
        -1.0,
        -1.53297566231636e-16,
        -9.5909758441521e-17,
        -1.98840225220658e-17
      ],
      [
        -4.05793084772085e-17,
        0.707106782917588,
        -0.707106779455507,
        -0.0814974745618855
      ],
      [
        1.76216189098407e-16,
        -0.707106779455507,
        -0.707106782917588,
        0.262902162770771
      ],
      [
        0.0,
        0.0,
        0.0,
        1.0
      ]
    ],
    "1": [
      [
        -1.0,
        1.53302045995813e-16,
        2.18374438356256e-16,
        1.98840225220658e-17
      ],
      [
        4.6013129262714e-17,
        -0.707106782917588,
        0.707106779455507,
        0.0814974745618855
      ],
      [
        2.62814962605567e-16,
        0.707106779455507,
        0.707106782917588,
        0.441897112379233
      ],
      [
        0.0,
        0.0,
        0.0,
        1.0
      ]
    ],
    "2": [
      [
        -1.0,
        1.54445468558486e-16,
        -9.58235110514916e-17,
        -1.98734023304791e-17
      ],
      [
        4.14519841128511e-17,
        0.707106782917588,
        0.707106779455507,
        0.0814974745618855
      ],
      [
        1.76966892501376e-16,
        0.707106779455507,
        -0.707106782917588,
        0.262902162770771
      ],
      [
        0.0,
        0.0,
        0.0,
        1.0
      ]
    ],
    "3": [
      [
        -1.0,
        -1.53389746262972e-16,
        2.18288190966227e-16,
        1.98734023304791e-17
      ],
      [
        -4.58901296947424e-17,
        -0.707106782917588,
        -0.707106779455507,
        -0.0814974745618855
      ],
      [
        2.62815989944536e-16,
        -0.707106779455507,
        0.707106782917588,
        0.441897112379233
      ],
      [
        0.0,
        0.0,
        0.0,
        1.0
      ]
    ]
  },
  "simTime": 0.173499999999997,
  "state": [
    -3.94292717378309e-36,
    5.06424959999689e-21,
    0.352399637575002,
    0.707106781186548,
    -3.61534262426355e-19,
    0.707106781186548,
    -4.12168348113661e-19,
    -7.2442876413208e-35,
    -1.23142585910198e-20,
    -1.70144509999996,
    6.6751879571394e-19,
    -8.44705138231085e-18,
    -1.57145946425359e-17,
    1.0,
    1.83052258328094e-18,
    4.11090302898667e-20,
    -6.33471975180328e-19,
    1.0,
    -1.82828270119235e-18,
    -4.11090302898662e-20,
    6.30479267109446e-19,
    1.0,
    -1.30720550566724e-18,
    4.8619420838514e-20,
    3.85015250903726e-19,
    1.0,
    1.8350666534244e-18,
    -4.86194208385134e-20,
    -6.25026978769074e-19,
    1.96036757123498e-17,
    5.14289532601012e-19,
    -1.69605231759557e-17,
    -1.98088673387649e-17,
    -5.14289532601008e-19,
    1.69318834002416e-17,
    -2.22222399399599e-17,
    4.29474522946625e-19,
    1.16549415260227e-17,
    1.97023129757585e-17,
    -4.29474522946621e-19,
    -1.70072398755071e-17
  ]
}