{
  "T_WB": [
    [
      0.0525171454805604,
      0.0483950980715613,
      0.997446672215221,
      -0.166666449528389
    ],
    [
      0.0210303584029309,
      0.998549916632321,
      -0.0495559080133561,
      -0.000412273067556322
    ],
    [
      -0.998398554414027,
      0.0235791958350555,
      0.0514232249839911,
      0.177396072981879
    ],
    [
      0.0,
      0.0,
      0.0,
      1.0
    ]
  ],
  "T_WH": {
    "0": [
      [
        -0.414008035020318,
        -0.476896663442867,
        0.775349546550249,
        -0.166114406847456
      ],
      [
        -0.79821951339925,
        0.599624962439686,
        -0.0574065575336897,
        -0.0315246560636734
      ],
      [
        -0.437541946980263,
        -0.642665913843472,
        -0.628917775083877,
        0.136705596538597
      ],
      [
        0.0,
        0.0,
        0.0,
        1.0
      ]
    ],
    "1": [
      [
        -0.0534995539941336,
        -0.262890494787568,
        0.963341261170088,
        -0.167218492209321
      ],
      [
        0.843926140296304,
        -0.527596660294295,
        -0.0971104205061921,
        0.0307001099285607
      ],
      [
        0.533785038612934,
        0.807793508142183,
        0.250086346601197,
        0.218086549425162
      ],
      [
        0.0,
        0.0,
        0.0,
        1.0
      ]
    ],
    "2": [
      [
        -0.331512068944456,
        0.532270272097445,
        0.778966049058287,
        -0.163017120570876
      ],
      [
        0.85405925046073,
        0.52011305443384,
        0.00807510433100336,
        0.0323825386007952
      ],
      [
        -0.400852273096488,
        0.667960154536791,
        -0.627014104390456,
        0.13821466507204
      ],
      [
        0.0,
        0.0,
        0.0,
        1.0
      ]
    ],
    "3": [
      [
        -0.139889963628253,
        0.220344555467994,
        0.965338839450531,
        -0.170315778485901
      ],
      [
        -0.866363842744659,
        -0.499278989931223,
        -0.0115837039829911,
        -0.0332070847359078
      ],
      [
        0.479420994597436,
        -0.837955110425892,
        0.260742675544944,
        0.216577480891719
      ],
      [
        0.0,
        0.0,
        0.0,
        1.0
      ]
    ]
  },
  "T_WP": {
    "0": [
      [
        -0.775349546550249,
        -0.476896663442867,
        -0.414008035020318,
        -0.195094969298879
      ],
      [
        0.0574065575336897,
        0.599624962439686,
        -0.79821951339925,
        -0.0874000220016209
      ],
      [
        0.628917775083877,
        -0.642665913843472,
        -0.437541946980263,
        0.106077660249978
      ],
      [
        0.0,
        0.0,
        0.0,
        1.0
      ]
    ],
    "1": [
      [
        -0.963341261170088,
        -0.262890494787568,
        -0.0534995539941336,
        -0.170963460988911
      ],
      [
        0.0971104205061922,
        -0.527596660294295,
        0.843926140296304,
        0.089774939749302
      ],
      [
        -0.250086346601197,
        0.807793508142183,
        0.533785038612934,
        0.255451502128068
      ],
      [
        0.0,
        0.0,
        0.0,
        1.0
      ]
    ],
    "2": [
      [
        -0.778966049058287,
        0.532270272097445,
        -0.331512068944456,
        -0.186222965396988
      ],
      [
        -0.0080751043310033,
        0.52011305443384,
        0.85405925046073,
        0.0921666861330463
      ],
      [
        0.627014104390456,
        0.667960154536791,
        -0.400852273096488,
        0.110155005955286
      ],
      [
        0.0,
        0.0,
        0.0,
        1.0
      ]
    ],
    "3": [
      [
        -0.965338839450531,
        0.220344555467994,
        -0.139889963628253,
        -0.180108075939879
      ],
      [
        0.0115837039829911,
        -0.499278989931223,
        -0.866363842744659,
        -0.093852553728034
      ],
      [
        -0.260742675544944,
        -0.837955110425892,
        0.479420994597436,
        0.250136950513539
      ],
      [
        0.0,
        0.0,
        0.0,
        1.0
      ]
    ]
  },
  "simTime": 0.87699999999992,
  "state": [
    -0.166666449528389,
    -0.000412273067556322,
    0.177396072981879,
    0.724998325359596,
    0.0252190595792538,
    0.688224081634712,
    -0.00943613892316842,
    -0.440320381278041,
    -0.00154659626491436,
    0.568354751119572,
    0.482835594150405,
    13.0765319966027,
    -0.214063243835253,
    0.92895848451168,
    -0.265322418224082,
    0.240139907059813,
    -0.0947257804338024,
    0.987892089648851,
    -0.0931759857737429,
    0.0451790585117889,
    -0.115526220211283,
    0.929163382331073,
    0.266176058444952,
    0.238711934038941,
    0.0939272452123376,
    0.986560432570781,
    0.0960504638457843,
    0.0484372459140355,
    0.122990465032975,
    -1.63248093760079,
    -2.28948386318721,
    2.82480666801953,
    -1.2959261635634,
    -0.866964842006357,
    0.587505567137949,
    1.66798946489392,
    -2.25403496001076,
    -2.78925745962793,
    1.33692609428965,
    -0.897479929826353,
    -0.646195729906922
  ]
}