{
  "T_WB": [
    [
      -2.22044604925031e-16,
      1.68604393120961e-20,
      1.0,
      6.15539597790803e-37
    ],
    [
      -1.55078153799574e-19,
      1.0,
      -1.68604393120961e-20,
      4.065391165126e-21
    ],
    [
      -1.0,
      -1.55078153799574e-19,
      -2.22044604925031e-16,
      0.460723341175
    ],
    [
      0.0,
      0.0,
      0.0,
      1.0
    ]
  ],
  "T_WH": {
    "0": [
      [
        -1.57054151258797e-16,
        -1.55234118936464e-16,
        1.0,
        -8.88232373105924e-18
      ],
      [
        -0.707106779455507,
        0.707106782917588,
        -1.28695665651662e-18,
        -0.032
      ],
      [
        -0.707106782917588,
        -0.707106779455507,
        -2.20821153543236e-16,
        0.420723341175
      ],
      [
        0.0,
        0.0,
        0.0,
        1.0
      ]
    ],
    "1": [
      [
        1.57054151258797e-16,
        1.55242039200992e-16,
        1.0,
        8.88232373105924e-18
      ],
      [
        0.707106779455507,
        -0.707106782917588,
        -1.28135618374679e-18,
        0.032
      ],
      [
        0.707106782917588,
        0.707106779455507,
        -2.20826754015979e-16,
        0.500723341175
      ],
      [
        0.0,
        0.0,
        0.0,
        1.0
      ]
    ],
    "2": [
      [
        -1.5704074002524e-16,
        1.56097722463943e-16,
        1.0,
        -8.88124466294327e-18
      ],
      [
        0.707106779455507,
        0.707106782917588,
        6.66813570315424e-19,
        0.032
      ],
      [
        -0.707106782917588,
        0.707106779455507,
        -2.21422330278063e-16,
        0.420723341175
      ],
      [
        0.0,
        0.0,
        0.0,
        1.0
      ]
    ],
    "3": [
      [
        1.5704074002524e-16,
        -1.55255431348723e-16,
        1.0,
        8.88124466294327e-18
      ],
      [
        -0.707106779455507,
        -0.707106782917588,
        1.26240333107923e-18,
        -0.032
      ],
      [
        0.707106782917588,
        -0.707106779455507,
        -2.20826740520215e-16,
        0.500723341175
      ],
      [
        0.0,
        0.0,
        0.0,
        1.0
      ]
    ]
  },
  "T_WP": {
    "0": [
      [
        -1.0,
        -1.55234118936464e-16,
        -9.58218113014292e-17,
        -1.9876114319175e-17
      ],
      [
        -4.20108460492624e-17,
        0.707106782917588,
        -0.707106779455507,
        -0.0814974745618855
      ],
      [
        1.77523350625466e-16,
        -0.707106779455507,
        -0.707106782917588,
        0.371225866370769
      ],
      [
        0.0,
        0.0,
        0.0,
        1.0
      ]
    ],
    "1": [
      [
        -1.0,
        1.55242039200992e-16,
        2.18286491216165e-16,
        1.9876114319175e-17
      ],
      [
        4.45791588895258e-17,
        -0.707106782917588,
        0.707106779455507,
        0.0814974745618855
      ],
      [
        2.64124556933749e-16,
        0.707106779455507,
        0.707106782917588,
        0.550220815979231
      ],
      [
        0.0,
        0.0,
        0.0,
        1.0
      ]
    ],
    "2": [
      [
        -1.0,
        1.56097722463943e-16,
        -9.58084000678721e-17,
        -1.98740964647101e-17
      ],
      [
        4.26309891354636e-17,
        0.707106782917588,
        0.707106779455507,
        0.0814974745618855
      ],
      [
        1.78124527360293e-16,
        0.707106779455507,
        -0.707106782917588,
        0.371225866370769
      ],
      [
        0.0,
        0.0,
        0.0,
        1.0
      ]
    ],
    "3": [
      [
        -1.0,
        -1.55255431348723e-16,
        2.18273079982607e-16,
        1.98740964647101e-17
      ],
      [
        -4.45602060368583e-17,
        -0.707106782917588,
        -0.707106779455507,
        -0.0814974745618855
      ],
      [
        2.64124543437986e-16,
        -0.707106779455507,
        0.707106782917588,
        0.550220815979231
      ],
      [
        0.0,
        0.0,
        0.0,
        1.0
      ]
    ]
  },
  "simTime": 0.0895000000000015,
  "state": [
    6.15539597790803e-37,
    4.065391165126e-21,
    0.460723341175,
    0.707106781186548,
    -4.88673415971009e-20,
    0.707106781186548,
    -6.07894725684683e-20,
    -2.01359121062681e-35,
    4.59519249293504e-20,
    -0.877690699999992,
    5.12851107377705e-19,
    -3.74918072805077e-18,
    -5.99902933361174e-18,
    1.0,
    8.81602208272307e-19,
    1.64914375545513e-20,
    -1.18995634508271e-19,
    1.0,
    -8.77642076008607e-19,
    -1.6491437554551e-20,
    1.17523622240593e-19,
    1.0,
    -4.61722575533266e-19,
    2.17079517181688e-20,
    7.0316838038203e-20,
    1.0,
    8.82868133143638e-19,
    -2.17079517181685e-20,
    -1.14030485964815e-19,
    2.48456845257651e-17,
    6.13262325800459e-19,
    -7.26340835606415e-18,
    -2.47618772261993e-17,
    -6.13262325800452e-19,
    7.21937732627226e-18,
    -1.52788436226155e-17,
    8.1027372138537e-19,
    3.97942427347067e-18,
    2.49548944532697e-17,
    -8.10273721385363e-19,
    -7.06382199007733e-18
  ]
}