{
  "T_WB": [
    [
      -0.758534502739596,
      0.0445110063928413,
      -0.650110897050258,
      -0.247510174703834
    ],
    [
      0.0661347299411752,
      0.997771451812384,
      -0.00885027930717235,
      -0.00114513125958112
    ],
    [
      0.648268158750068,
      -0.0497081508216065,
      -0.759787795435472,
      0.134205653620669
    ],
    [
      0.0,
      0.0,
      0.0,
      1.0
    ]
  ],
  "T_WH": {
    "0": [
      [
        -0.432446033464977,
        -0.0143042659143406,
        -0.901546347181919,
        -0.279275907017989
      ],
      [
        -0.380518590123036,
        0.909367633347453,
        0.168095538283531,
        -0.0304284285199304
      ],
      [
        0.817432584811241,
        0.41574739373411,
        -0.398695465101009,
        0.161727040796963
      ],
      [
        0.0,
        0.0,
        0.0,
        1.0
      ]
    ],
    "1": [
      [
        0.579429274627673,
        0.702372225368776,
        -0.413442828859038,
        -0.215744442389679
      ],
      [
        0.659530820655433,
        -0.702106616768753,
        -0.268449986580566,
        0.0281381660007682
      ],
      [
        -0.478832760272332,
        -0.117130507213319,
        -0.87005725786866,
        0.106684266444375
      ],
      [
        0.0,
        0.0,
        0.0,
        1.0
      ]
    ],
    "2": [
      [
        -0.392434314256565,
        0.0833433911651823,
        -0.915996281729936,
        -0.276427202608847
      ],
      [
        0.491314847406799,
        0.860896776002527,
        -0.132160742227363,
        0.0334289443960622
      ],
      [
        0.777563521335469,
        -0.501906983630973,
        -0.378793281448926,
        0.15854571914438
      ],
      [
        0.0,
        0.0,
        0.0,
        1.0
      ]
    ],
    "3": [
      [
        0.518763502131614,
        -0.764910322237745,
        -0.381833246051588,
        -0.218593146798821
      ],
      [
        -0.75498043751698,
        -0.61943986366811,
        0.21517154613355,
        -0.0357192069152244
      ],
      [
        -0.401109670567555,
        0.176653486331243,
        -0.898835122780706,
        0.109865588096958
      ],
      [
        0.0,
        0.0,
        0.0,
        1.0
      ]
    ]
  },
  "T_WP": {
    "0": [
      [
        0.901546347181919,
        -0.0143042659143406,
        -0.432446033464977,
        -0.309547129360537
      ],
      [
        -0.168095538283531,
        0.909367633347453,
        -0.380518590123036,
        -0.0570647298285429
      ],
      [
        0.398695465101009,
        0.41574739373411,
        0.817432584811241,
        0.21894732173375
      ],
      [
        0.0,
        0.0,
        0.0,
        1.0
      ]
    ],
    "1": [
      [
        0.413442828859038,
        0.702372225368776,
        0.579429274627673,
        -0.175184393165742
      ],
      [
        0.268449986580566,
        -0.702106616768753,
        0.659530820655433,
        0.0743053234466485
      ],
      [
        0.87005725786866,
        -0.117130507213319,
        -0.478832760272332,
        0.0731659732253117
      ],
      [
        0.0,
        0.0,
        0.0,
        1.0
      ]
    ],
    "2": [
      [
        0.915996281729936,
        0.0833433911651823,
        -0.392434314256565,
        -0.303897604606806
      ],
      [
        0.132160742227363,
        0.860896776002527,
        0.491314847406799,
        0.0678209837145382
      ],
      [
        0.378793281448926,
        -0.501906983630973,
        0.777563521335469,
        0.212975165637863
      ],
      [
        0.0,
        0.0,
        0.0,
        1.0
      ]
    ],
    "3": [
      [
        0.381833246051588,
        -0.764910322237745,
        0.518763502131614,
        -0.182279701649608
      ],
      [
        -0.21517154613355,
        -0.61943986366811,
        -0.75498043751698,
        -0.088567837541413
      ],
      [
        0.898835122780706,
        0.176653486331243,
        -0.401109670567555,
        0.0817879111572289
      ],
      [
        0.0,
        0.0,
        0.0,
        1.0
      ]
    ]
  },
  "simTime": 1.0574999999999,
  "state": [
    -0.247510174703834,
    -0.00114513125958112,
    0.134205653620669,
    -0.346211334894352,
    0.0295035628504928,
    0.937562497915133,
    -0.0156145404330367,
    -0.395324171215463,
    -0.00979202770528989,
    -1.0744605651151,
    0.465656126505458,
    12.5692265250086,
    -0.293171992670005,
    0.955838793823862,
    -0.190283755883481,
    0.14149703880261,
    0.173617051231474,
    0.98290774865224,
    -0.183860066515096,
    0.00928763462024946,
    0.00125436183403951,
    0.954396533347666,
    0.193785160195814,
    0.142167660256497,
    -0.177095807965727,
    0.982154156918018,
    0.187618747563979,
    0.0131306682151604,
    -5.62441517208625e-05,
    1.71308084193994,
    -1.61717418280897,
    1.82616787429625,
    -0.520973593453135,
    -0.492114772697827,
    1.70566273162224,
    -1.70664814332021,
    -1.63596762634111,
    -1.8936481907703,
    0.510085857227686,
    -0.495625480508275,
    -1.76046313869583
  ]
}