{
  "arms": {
    "0": [
      [
        -0.999011158943176,
        -0.0326095931231976,
        0.0302187018096447,
        -0.000287567818304524
      ],
      [
        0.000383940670872107,
        -0.686008989810944,
        -0.727592945098877,
        0.0806532949209213
      ],
      [
        0.0444568172097206,
        -0.726861894130707,
        0.685343205928802,
        0.0320009589195251
      ],
      [
        0.0,
        0.0,
        0.0,
        1.0
      ]
    ],
    "1": [
      [
        -0.99992448091507,
        0.0122776953503489,
        0.000422371231252328,
        -0.000579535320866853
      ],
      [
        -0.00840520393103361,
        -0.708804845809937,
        0.705354571342468,
        0.160652756690979
      ],
      [
        0.0089595066383481,
        0.705297768115997,
        0.708854556083679,
        0.0320017337799072
      ],
      [
        0.0,
        0.0,
        0.0,
        1.0
      ]
    ],
    "2": [
      [
        -0.999163210391998,
        0.0322133339941502,
        0.0252000577747822,
        -0.000579735089559108
      ],
      [
        0.0407264158129692,
        0.727073788642883,
        0.685350358486176,
        0.160653382539749
      ],
      [
        0.00375511986203492,
        0.685803174972534,
        -0.727777361869812,
        -0.0319982655346394
      ],
      [
        0.0,
        0.0,
        0.0,
        1.0
      ]
    ],
    "3": [
      [
        -0.999909460544586,
        -0.0122433258220553,
        0.00557504361495376,
        -0.000287767586996779
      ],
      [
        -0.0125877242535353,
        0.705268859863281,
        -0.708828210830688,
        0.0806539133191109
      ],
      [
        0.00474650971591473,
        -0.708834230899811,
        -0.705359160900116,
        -0.0319990403950214
      ],
      [
        0.0,
        0.0,
        0.0,
        1.0
      ]
    ]
  },
  "base": [
    [
      0.00364959402941167,
      -3.12139832203684e-06,
      0.99999326467514,
      -0.000433651468483731
    ],
    [
      -0.999993324279785,
      9.66210700426018e-06,
      0.00364959426224232,
      0.120653338730335
    ],
    [
      -9.67343385127606e-06,
      -1.0,
      -3.08611515720258e-06,
      1.34772915316717e-06
    ],
    [
      0.0,
      0.0,
      0.0,
      1.0
    ]
  ]
}