{
  "T_WB": [
    [
      0.396717577385291,
      -0.000144361400544942,
      0.917940707754772,
      -0.00231238212026426
    ],
    [
      0.000608779299084719,
      0.999999809093131,
      -0.000105836983684355,
      -1.08002406301337e-05
    ],
    [
      -0.91794051723481,
      0.000600810692433305,
      0.396717589533413,
      0.425100959116001
    ],
    [
      0.0,
      0.0,
      0.0,
      1.0
    ]
  ],
  "T_WH": {
    "0": [
      [
        0.357139070246743,
        0.102774848288132,
        0.928379779542103,
        0.0135609405399648
      ],
      [
        -0.572895327133698,
        0.809121995977292,
        0.130814906543931,
        -0.0319864429596469
      ],
      [
        -0.737728018074186,
        -0.578583551602597,
        0.347848307690665,
        0.388364112484451
      ],
      [
        0.0,
        0.0,
        0.0,
        1.0
      ]
    ],
    "1": [
      [
        -0.255120810352326,
        -0.204621547044504,
        0.945009732547918,
        -0.0181857047804933
      ],
      [
        0.708175989643698,
        -0.704983581304219,
        0.0385346309654754,
        0.0319648424783867
      ],
      [
        0.658331329816029,
        0.679064188848588,
        0.324764049128084,
        0.461837805747551
      ],
      [
        0.0,
        0.0,
        0.0,
        1.0
      ]
    ],
    "2": [
      [
        0.357433934935903,
        -0.103524911191039,
        0.928182942592205,
        0.0135517014103299
      ],
      [
        0.573575279145355,
        0.808661292146824,
        -0.13068402249991,
        0.0320135448223134
      ],
      [
        -0.737056565881863,
        0.579093694790676,
        0.348422317517289,
        0.388402564368767
      ],
      [
        0.0,
        0.0,
        0.0,
        1.0
      ]
    ],
    "3": [
      [
        -0.254947316590729,
        0.204963095912994,
        0.944982536916396,
        -0.0181764656508585
      ],
      [
        -0.708966362617999,
        -0.704188631779292,
        -0.0385365741732769,
        -0.0320351453035737
      ],
      [
        0.657547384178045,
        -0.679785628111223,
        0.324842942626187,
        0.461799353863236
      ],
      [
        0.0,
        0.0,
        0.0,
        1.0
      ]
    ]
  },
  "T_WP": {
    "0": [
      [
        -0.928379779542103,
        0.102774848288132,
        0.357139070246743,
        0.0385606754572368
      ],
      [
        -0.130814906543931,
        0.809121995977292,
        -0.572895327133698,
        -0.0720891158590058
      ],
      [
        -0.347848307690665,
        -0.578583551602597,
        -0.737728018074186,
        0.336723151219258
      ],
      [
        0.0,
        0.0,
        0.0,
        1.0
      ]
    ],
    "1": [
      [
        -0.945009732547918,
        -0.204621547044504,
        -0.255120810352326,
        -0.0360441615051562
      ],
      [
        -0.0385346309654754,
        -0.704983581304219,
        0.708175989643698,
        0.0815371617534456
      ],
      [
        -0.324764049128084,
        0.679064188848588,
        0.658331329816029,
        0.507920998834673
      ],
      [
        0.0,
        0.0,
        0.0,
        1.0
      ]
    ],
    "2": [
      [
        -0.928182942592205,
        -0.103524911191039,
        0.357433934935903,
        0.0385720768558431
      ],
      [
        0.13068402249991,
        0.808661292146824,
        0.573575279145355,
        0.0721638143624883
      ],
      [
        -0.348422317517289,
        0.579093694790676,
        -0.737056565881863,
        0.336808604757036
      ],
      [
        0.0,
        0.0,
        0.0,
        1.0
      ]
    ],
    "3": [
      [
        -0.944982536916396,
        0.204963095912994,
        -0.254947316590729,
        -0.0360227778122095
      ],
      [
        0.0385365741732768,
        -0.704188631779292,
        -0.708966362617999,
        -0.0816627906868337
      ],
      [
        -0.324842942626187,
        -0.679785628111223,
        0.657547384178045,
        0.507827670755699
      ],
      [
        0.0,
        0.0,
        0.0,
        1.0
      ]
    ]
  }
}