{
  "T_WB": [
    [
      0.990817457748242,
      -0.00232781300156968,
      -0.135186340685512,
      -0.0909807297809212
    ],
    [
      0.00261662553019054,
      0.999994658249448,
      0.00195876068089789,
      2.0389865367377e-05
    ],
    [
      0.135181058925222,
      -0.00229450630855522,
      0.99081825606347,
      0.227968046418485
    ],
    [
      0.0,
      0.0,
      0.0,
      1.0
    ]
  ],
  "T_WH": {
    "0": [
      [
        -0.158491378126881,
        0.955498613994598,
        -0.248802897318026,
        -0.0512735414549413
      ],
      [
        -0.8395278961447,
        -0.263043545627536,
        -0.475395629658654,
        -0.0318747741774073
      ],
      [
        -0.519685861510871,
        0.133530864440012,
        0.843857875229951,
        0.233448712977368
      ],
      [
        0.0,
        0.0,
        0.0,
        1.0
      ]
    ],
    "1": [
      [
        -0.625006877108355,
        -0.773693319167933,
        -0.103754765876888,
        -0.130687918106901
      ],
      [
        0.773594760870497,
        -0.631677973387561,
        0.0503396850477111,
        0.0319155539081421
      ],
      [
        -0.104487078248845,
        -0.0488014939514174,
        0.993328175713912,
        0.222487379859603
      ],
      [
        0.0,
        0.0,
        0.0,
        1.0
      ]
    ],
    "2": [
      [
        -0.162329245833234,
        -0.954187253069043,
        -0.251348168936573,
        -0.0514225214870418
      ],
      [
        0.835976747135697,
        -0.268315096618243,
        0.478696027950058,
        0.0321248839505573
      ],
      [
        -0.524206156197763,
        -0.132414859465613,
        0.841233743258715,
        0.23330186457362
      ],
      [
        0.0,
        0.0,
        0.0,
        1.0
      ]
    ],
    "3": [
      [
        -0.621415953258767,
        0.776661730151268,
        -0.103144413100937,
        -0.130538938074801
      ],
      [
        -0.776937222875121,
        -0.627841758066094,
        -0.0467255662306083,
        -0.0320841042198226
      ],
      [
        -0.10104832876695,
        0.051100721588977,
        0.993568292321415,
        0.22263422826335
      ],
      [
        0.0,
        0.0,
        0.0,
        1.0
      ]
    ]
  },
  "T_WP": {
    "0": [
      [
        0.248802897318026,
        0.955498613994598,
        -0.158491378126881,
        -0.062367937923823
      ],
      [
        0.475395629658654,
        -0.263043545627536,
        -0.8395278961447,
        -0.0906417269075363
      ],
      [
        -0.843857875229951,
        0.133530864440012,
        -0.519685861510871,
        0.197070702671607
      ],
      [
        0.0,
        0.0,
        0.0,
        1.0
      ]
    ],
    "1": [
      [
        0.103754765876888,
        -0.773693319167933,
        -0.625006877108355,
        -0.174438399504486
      ],
      [
        -0.0503396850477111,
        -0.631677973387561,
        0.773594760870497,
        0.0860671871690768
      ],
      [
        -0.993328175713912,
        -0.0488014939514174,
        -0.104487078248845,
        0.215173284382183
      ],
      [
        0.0,
        0.0,
        0.0,
        1.0
      ]
    ],
    "2": [
      [
        0.251348168936573,
        -0.954187253069043,
        -0.162329245833234,
        -0.0627855686953681
      ],
      [
        -0.478696027950058,
        -0.268315096618243,
        0.835976747135697,
        0.0906432562500561
      ],
      [
        -0.841233743258715,
        -0.132414859465613,
        -0.524206156197763,
        0.196607433639777
      ],
      [
        0.0,
        0.0,
        0.0,
        1.0
      ]
    ],
    "3": [
      [
        0.103144413100937,
        0.776661730151268,
        -0.621415953258767,
        -0.174038054802914
      ],
      [
        0.0467255662306083,
        -0.627841758066094,
        -0.776937222875121,
        -0.086469709821081
      ],
      [
        -0.993568292321415,
        0.051100721588977,
        -0.10104832876695,
        0.215560845249664
      ],
      [
        0.0,
        0.0,
        0.0,
        1.0
      ]
    ]
  },
  "simTime": 0.660499999999944,
  "state": [
    -0.0909807297809212,
    2.0389865367377e-05,
    0.227968046418485,
    0.997701154161551,
    -0.00106576678089229,
    -0.0677475911707114,
    0.00123895780593625,
    -0.335978623422618,
    -0.000294112461567155,
    -1.61321003942198,
    -0.0118430148355817,
    -2.66310303777159,
    0.000275572825380894,
    0.835613000524733,
    0.129923958513783,
    0.220710415175996,
    -0.485960482952062,
    0.998272152815365,
    0.0279250916917473,
    0.00734361032155094,
    -0.0511758688722492,
    0.835479519347392,
    -0.130185326039008,
    0.220994707150081,
    0.48599083638153,
    0.998264440031789,
    -0.0282230239015448,
    0.00738673129660421,
    0.0511566700501765,
    -5.03159233448085,
    -2.52268415791134,
    -1.67538903035298,
    -0.470122371413916,
    0.0952390790454994,
    -0.454381530772802,
    5.0334278430567,
    -2.52519582865308,
    1.67649731436019,
    0.469334857675074,
    0.0949257103992559,
    0.457407211510514
  ]
}