{
  "T_WB": [
    [
      0.982059456844527,
      -0.00141016519343349,
      0.188566260652216,
      -0.00209851419706974
    ],
    [
      0.0016846668297627,
      0.999997741831559,
      -0.00129546495705475,
      -1.16338856597452e-05
    ],
    [
      -0.188564008018246,
      0.00158989493661948,
      0.982059614847381,
      0.374713941622773
    ],
    [
      0.0,
      0.0,
      0.0,
      1.0
    ]
  ],
  "T_WH": {
    "0": [
      [
        0.802860808306393,
        0.591450831715224,
        0.0748360618216639,
        0.039327503559971
      ],
      [
        -0.57312722071766,
        0.800288309316163,
        -0.176249286081756,
        -0.0319325410654194
      ],
      [
        -0.164133212233408,
        0.098613060165718,
        0.981496690267825,
        -0.00759343695870166
      ],
      [
        0.0,
        0.0,
        0.0,
        1.0
      ]
    ],
    "1": [
      [
        -0.633516437117323,
        -0.750783288447425,
        0.187033092500348,
        -0.039327503559971
      ],
      [
        0.76365507773122,
        -0.645605628775378,
        -0.00492892978983789,
        0.0319325410654194
      ],
      [
        0.124450175401631,
        0.139706212752404,
        0.982341248223286,
        0.00759343695870166
      ],
      [
        0.0,
        0.0,
        0.0,
        1.0
      ]
    ],
    "2": [
      [
        0.80081687688268,
        -0.594328949444349,
        0.0739285435555624,
        0.0392372529875912
      ],
      [
        0.576533742408214,
        0.798427780529555,
        0.173556685677701,
        0.0320673144118004
      ],
      [
        -0.162176365616721,
        -0.0963648230996484,
        0.982045135064741,
        -0.00749168368275801
      ],
      [
        0.0,
        0.0,
        0.0,
        1.0
      ]
    ],
    "3": [
      [
        -0.631517198833329,
        0.75245138305061,
        0.18709073660374,
        -0.0392372529875912
      ],
      [
        -0.765694067405196,
        -0.643200864261871,
        0.00228983695260639,
        -0.0320673144118004
      ],
      [
        0.122059914460865,
        -0.141808195665857,
        0.98233996809852,
        0.00749168368275801
      ],
      [
        0.0,
        0.0,
        0.0,
        1.0
      ]
    ]
  },
  "T_WP": {
    "0": [
      [
        -0.0748360618216639,
        0.591450831715224,
        0.802860808306393,
        0.0955277601414184
      ],
      [
        0.176249286081756,
        0.800288309316163,
        -0.57312722071766,
        -0.0720514465156556
      ],
      [
        -0.981496690267825,
        0.098613060165718,
        -0.164133212233408,
        -0.0190827618150402
      ],
      [
        0.0,
        0.0,
        0.0,
        1.0
      ]
    ],
    "1": [
      [
        -0.187033092500348,
        -0.750783288447425,
        -0.633516437117323,
        -0.0836736541581836
      ],
      [
        0.00492892978983793,
        -0.645605628775378,
        0.76365507773122,
        0.0853883965066048
      ],
      [
        -0.982341248223286,
        0.139706212752404,
        0.124450175401631,
        0.0163049492368159
      ],
      [
        0.0,
        0.0,
        0.0,
        1.0
      ]
    ],
    "2": [
      [
        -0.0739285435555623,
        -0.594328949444349,
        0.80081687688268,
        0.0952944343693788
      ],
      [
        -0.173556685677701,
        0.798427780529555,
        0.576533742408214,
        0.0724246763803754
      ],
      [
        -0.982045135064741,
        -0.0963648230996484,
        -0.162176365616721,
        -0.0188440292759285
      ],
      [
        0.0,
        0.0,
        0.0,
        1.0
      ]
    ],
    "3": [
      [
        -0.18709073660374,
        0.75245138305061,
        -0.631517198833329,
        -0.0834434569059242
      ],
      [
        -0.00228983695260643,
        -0.643200864261871,
        -0.765694067405196,
        -0.0856658991301641
      ],
      [
        -0.98233996809852,
        -0.141808195665857,
        0.122059914460865,
        0.0160358776950185
      ],
      [
        0.0,
        0.0,
        0.0,
        1.0
      ]
    ]
  }
}