{
  "T_WB": [
    [
      0.570912870804569,
      0.0262955317721168,
      0.820589446043823,
      -0.148896953959356
    ],
    [
      0.00569358231126114,
      0.999336124105898,
      -0.0359846380760763,
      -0.000326549607160318
    ],
    [
      -0.820990911685477,
      0.0252161865836788,
      0.570384139737446,
      0.144859688555278
    ],
    [
      0.0,
      0.0,
      0.0,
      1.0
    ]
  ],
  "T_WH": {
    "0": [
      [
        -0.212903081838875,
        0.000837092579964201,
        0.977072964020355,
        -0.126901896143881
      ],
      [
        -0.858219286527088,
        0.477844643739173,
        -0.187414387608633,
        -0.0320775622860986
      ],
      [
        -0.46704596559273,
        -0.87844396276928,
        -0.101016188295535,
        0.111213134117181
      ],
      [
        0.0,
        0.0,
        0.0,
        1.0
      ]
    ],
    "1": [
      [
        -0.344737214218736,
        -0.614464761162591,
        0.709640268320581,
        -0.170892011774831
      ],
      [
        0.863208192638645,
        -0.50454346474919,
        -0.017535915727655,
        0.031424463071778
      ],
      [
        0.368819561973371,
        0.606522010703885,
        0.704345924413201,
        0.178506242993374
      ],
      [
        0.0,
        0.0,
        0.0,
        1.0
      ]
    ],
    "2": [
      [
        -0.162259488890263,
        0.0227656649267812,
        0.98648547012387,
        -0.125218982110466
      ],
      [
        0.890218906154078,
        0.434633972358902,
        0.13639504828753,
        0.0318799496566789
      ],
      [
        -0.425654974587291,
        0.90031940697286,
        -0.0907899115382898,
        0.112826970058536
      ],
      [
        0.0,
        0.0,
        0.0,
        1.0
      ]
    ],
    "3": [
      [
        -0.385129993196693,
        0.597240704311271,
        0.703547034287042,
        -0.172574925808247
      ],
      [
        -0.869666625168254,
        -0.489962796553086,
        -0.0601366698640558,
        -0.0325330488709995
      ],
      [
        0.308795805361366,
        -0.635011810211161,
        0.708099676234617,
        0.176892407052019
      ],
      [
        0.0,
        0.0,
        0.0,
        1.0
      ]
    ]
  },
  "T_WP": {
    "0": [
      [
        -0.977072964020355,
        0.000837092579964201,
        -0.212903081838875,
        -0.141805111872602
      ],
      [
        0.187414387608633,
        0.477844643739173,
        -0.858219286527088,
        -0.0921529123429948
      ],
      [
        0.101016188295535,
        -0.87844396276928,
        -0.46704596559273,
        0.0785199165256897
      ],
      [
        0.0,
        0.0,
        0.0,
        1.0
      ]
    ],
    "1": [
      [
        -0.709640268320581,
        -0.614464761162591,
        -0.344737214218736,
        -0.195023616770143
      ],
      [
        0.017535915727655,
        -0.50454346474919,
        0.863208192638645,
        0.0918490365564831
      ],
      [
        -0.704345924413201,
        0.606522010703885,
        0.368819561973371,
        0.20432361233151
      ],
      [
        0.0,
        0.0,
        0.0,
        1.0
      ]
    ],
    "2": [
      [
        -0.98648547012387,
        0.0227656649267812,
        -0.162259488890263,
        -0.136577146332784
      ],
      [
        -0.136395048287529,
        0.434633972358902,
        0.890218906154078,
        0.0941952730874643
      ],
      [
        0.0907899115382898,
        0.90031940697286,
        -0.425654974587291,
        0.0830311218374259
      ],
      [
        0.0,
        0.0,
        0.0,
        1.0
      ]
    ],
    "3": [
      [
        -0.703547034287042,
        0.597240704311271,
        -0.385129993196693,
        -0.199534025332015
      ],
      [
        0.0601366698640557,
        -0.489962796553086,
        -0.869666625168254,
        -0.0934097126327773
      ],
      [
        -0.708099676234617,
        -0.635011810211161,
        0.308795805361366,
        0.198508113427315
      ],
      [
        0.0,
        0.0,
        0.0,
        1.0
      ]
    ]
  },
  "simTime": 0.834499999999924,
  "state": [
    -0.148896953959356,
    -0.000326549607160318,
    0.144859688555278,
    0.886091577469269,
    0.0172670709822534,
    0.46315200354848,
    -0.00581259036444519,
    -0.392959855116911,
    -0.00261509516194903,
    0.966659691170988,
    0.490351807387248,
    13.0383150069532,
    -0.202286081468777,
    0.920000880839978,
    -0.232016070450003,
    0.265927919339224,
    -0.170438446433062,
    0.987924475106748,
    -0.0630713312800107,
    0.0605884969064564,
    -0.127891644364437,
    0.920838261155601,
    0.23211442865726,
    0.264044949389875,
    0.168701077360938,
    0.986411276287963,
    0.0648885104209295,
    0.0640424481173362,
    0.136677869702606,
    -2.50086256906268,
    -2.36470732502206,
    2.44984445531408,
    -1.40873773918558,
    -1.0051497536083,
    0.316486556976102,
    2.5233412938979,
    -2.33723188702307,
    -2.40014880254039,
    1.45340186583673,
    -1.03902406196799,
    -0.35695695272303
  ]
}