{
  "T_WB": [
    [
      -2.22044604925031e-16,
      7.85308082436896e-20,
      1.0,
      -4.71089044668969e-36
    ],
    [
      -1.26312147358333e-18,
      1.0,
      -7.85308082436896e-20,
      4.92996049938733e-21
    ],
    [
      -1.0,
      -1.26312147358333e-18,
      -2.22044604925031e-16,
      0.333993875200002
    ],
    [
      0.0,
      0.0,
      0.0,
      1.0
    ]
  ],
  "T_WH": {
    "0": [
      [
        -1.57152182567087e-16,
        -1.53090936760412e-16,
        1.0,
        -8.88429718286505e-18
      ],
      [
        -0.707106779455507,
        0.707106782917588,
        -2.87173391292223e-18,
        -0.032
      ],
      [
        -0.707106782917588,
        -0.707106779455507,
        -2.19375013499972e-16,
        0.293993875200002
      ],
      [
        0.0,
        0.0,
        0.0,
        1.0
      ]
    ],
    "1": [
      [
        1.57152182567087e-16,
        1.5309453317553e-16,
        1.0,
        8.88429718286505e-18
      ],
      [
        0.707106779455507,
        -0.707106782917588,
        -2.8691908633985e-18,
        0.032
      ],
      [
        0.707106782917588,
        0.707106779455507,
        -2.19377556549484e-16,
        0.373993875200002
      ],
      [
        0.0,
        0.0,
        0.0,
        1.0
      ]
    ],
    "2": [
      [
        -1.57055171165041e-16,
        1.54221169130445e-16,
        1.0,
        -8.87927121113745e-18
      ],
      [
        0.707106779455507,
        0.707106782917588,
        2.00394151772721e-18,
        0.032
      ],
      [
        -0.707106782917588,
        0.707106779455507,
        -2.20105611050775e-16,
        0.293993875200002
      ],
      [
        0.0,
        0.0,
        0.0,
        1.0
      ]
    ],
    "3": [
      [
        1.57055171165041e-16,
        -1.53192091826834e-16,
        1.0,
        8.87927121113745e-18
      ],
      [
        -0.707106779455507,
        -0.707106782917588,
        2.73160905925718e-18,
        -0.032
      ],
      [
        0.707106782917588,
        -0.707106779455507,
        -2.19377943512808e-16,
        0.373993875200002
      ],
      [
        0.0,
        0.0,
        0.0,
        1.0
      ]
    ]
  },
  "T_WP": {
    "0": [
      [
        -1.0,
        -1.53090936760412e-16,
        -9.59198426097198e-17,
        -1.98849499625612e-17
      ],
      [
        -4.04260687928568e-17,
        0.707106782917588,
        -0.707106779455507,
        -0.0814974745618855
      ],
      [
        1.76077210582202e-16,
        -0.707106779455507,
        -0.707106782917588,
        0.244496400395771
      ],
      [
        0.0,
        0.0,
        0.0,
        1.0
      ]
    ],
    "1": [
      [
        -1.0,
        1.5309453317553e-16,
        2.18384522524455e-16,
        1.98849499625612e-17
      ],
      [
        4.61669935691775e-17,
        -0.707106782917588,
        0.707106779455507,
        0.0814974745618855
      ],
      [
        2.62675359467254e-16,
        0.707106779455507,
        0.707106782917588,
        0.423491350004233
      ],
      [
        0.0,
        0.0,
        0.0,
        1.0
      ]
    ],
    "2": [
      [
        -1.0,
        1.54221169130445e-16,
        -9.58228312076732e-17,
        -1.98731331926903e-17
      ],
      [
        4.12938611880518e-17,
        0.707106782917588,
        0.707106779455507,
        0.0814974745618855
      ],
      [
        1.76807808133005e-16,
        0.707106779455507,
        -0.707106782917588,
        0.244496400395771
      ],
      [
        0.0,
        0.0,
        0.0,
        1.0
      ]
    ],
    "3": [
      [
        -1.0,
        -1.53192091826834e-16,
        2.18287511122409e-16,
        1.98731331926903e-17
      ],
      [
        -4.60294117650362e-17,
        -0.707106782917588,
        -0.707106779455507,
        -0.0814974745618855
      ],
      [
        2.62675746430578e-16,
        -0.707106779455507,
        0.707106782917588,
        0.423491350004233
      ],
      [
        0.0,
        0.0,
        0.0,
        1.0
      ]
    ]
  },
  "simTime": 0.183999999999996,
  "state": [
    -4.71089044668969e-36,
    4.92996049938733e-21,
    0.333993875200002,
    0.707106781186548,
    -4.18816046195972e-19,
    0.707106781186548,
    -4.74345713237145e-19,
    -7.48807150403215e-35,
    -1.33190762457512e-20,
    -1.80441439999996,
    6.510063379182e-19,
    -8.98676728952092e-18,
    -1.6514591125559e-17,
    1.0,
    1.93138952821004e-18,
    4.37033237183002e-20,
    -7.25321872518156e-19,
    1.0,
    -1.92959132065132e-18,
    -4.37033237182997e-20,
    7.22187897496204e-19,
    1.0,
    -1.42180301037063e-18,
    5.07272896002314e-20,
    4.49200694873109e-19,
    1.0,
    1.93634166217621e-18,
    -5.07272896002309e-20,
    -7.17173696812555e-19,
    1.87663583216959e-17,
    4.72808217944227e-19,
    -1.80225679673613e-17,
    -1.88351470652839e-17,
    -4.72808217944224e-19,
    1.7997465901565e-17,
    -2.15321706877369e-17,
    3.73581427295442e-19,
    1.2794793513638e-17,
    1.87863192963693e-17,
    -3.73581427295438e-19,
    -1.80879460346322e-17
  ]
}