{
  "T_WB": [
    [
      0.650958841714362,
      -0.03841705894728,
      0.758140300983754,
      -0.0270643403605654
    ],
    [
      -0.0559346908228688,
      0.993576279600968,
      0.0983742190660214,
      0.00142269737033125
    ],
    [
      -0.757049467839749,
      -0.106443911033655,
      0.644628417809371,
      0.304824886952688
    ],
    [
      0.0,
      0.0,
      0.0,
      1.0
    ]
  ],
  "T_WH": {
    "0": [
      [
        0.272372203698732,
        -0.159994126346707,
        0.948796744401482,
        0.0272676995548874
      ],
      [
        -0.71714595094866,
        0.62366353579274,
        0.311039353073592,
        -0.0340318285801457
      ],
      [
        -0.641494401916523,
        -0.765144217554476,
        0.0551294717253031,
        -0.026875773560513
      ],
      [
        0.0,
        0.0,
        0.0,
        1.0
      ]
    ],
    "1": [
      [
        -0.598712302023655,
        -0.267342120847247,
        0.755030972759682,
        -0.0272676995548874
      ],
      [
        0.648510751050968,
        -0.71503794011012,
        0.261064264069954,
        0.0340318285801457
      ],
      [
        0.470082317447536,
        0.645948089728558,
        0.601476250735789,
        0.026875773560513
      ],
      [
        0.0,
        0.0,
        0.0,
        1.0
      ]
    ],
    "2": [
      [
        0.197675287944714,
        0.199054055552261,
        0.959844760106639,
        0.0248090077822615
      ],
      [
        0.522911432401061,
        0.806805127030349,
        -0.275007492373959,
        0.0295570533143162
      ],
      [
        -0.829149030271546,
        0.556275983631992,
        0.0553977944869228,
        -0.0336881838666669
      ],
      [
        0.0,
        0.0,
        0.0,
        1.0
      ]
    ],
    "3": [
      [
        -0.586864369275343,
        0.274176401917981,
        0.761851371795289,
        -0.0248090077822615
      ],
      [
        -0.542304179628691,
        -0.831798518367296,
        -0.118395108003768,
        -0.0295570533143162
      ],
      [
        0.601245697558249,
        -0.482637053564355,
        0.636839921561465,
        0.0336881838666669
      ],
      [
        0.0,
        0.0,
        0.0,
        1.0
      ]
    ]
  },
  "T_WP": {
    "0": [
      [
        -0.948796744401482,
        -0.159994126346707,
        0.272372203698733,
        0.0463337538137987
      ],
      [
        -0.311039353073592,
        0.62366353579274,
        -0.71714595094866,
        -0.084232045146552
      ],
      [
        -0.0551294717253032,
        -0.765144217554476,
        -0.641494401916523,
        -0.0717803816946696
      ],
      [
        0.0,
        0.0,
        0.0,
        1.0
      ]
    ],
    "1": [
      [
        -0.755030972759682,
        -0.267342120847247,
        -0.598712302023655,
        -0.0691775606965433
      ],
      [
        -0.261064264069954,
        -0.71503794011012,
        0.648510751050968,
        0.0794275811537135
      ],
      [
        -0.601476250735789,
        0.645948089728558,
        0.470082317447536,
        0.0597815357818405
      ],
      [
        0.0,
        0.0,
        0.0,
        1.0
      ]
    ],
    "2": [
      [
        -0.959844760106639,
        0.199054055552261,
        0.197675287944714,
        0.0386462779383915
      ],
      [
        0.275007492373959,
        0.806805127030349,
        0.522911432401061,
        0.0661608535823905
      ],
      [
        -0.0553977944869228,
        0.556275983631992,
        -0.829149030271546,
        -0.0917286159856751
      ],
      [
        0.0,
        0.0,
        0.0,
        1.0
      ]
    ],
    "3": [
      [
        -0.761851371795289,
        0.274176401917981,
        -0.586864369275343,
        -0.0658895136315355
      ],
      [
        0.118395108003768,
        -0.831798518367296,
        -0.542304179628691,
        -0.0675183458883246
      ],
      [
        -0.636839921561465,
        -0.482637053564355,
        0.601245697558249,
        0.0757753826957444
      ],
      [
        0.0,
        0.0,
        0.0,
        1.0
      ]
    ]
  }
}