{
  "T_WB": [
    [
      0.541142770999127,
      -0.000937227988841831,
      0.840930212918458,
      -0.0145574370874515
    ],
    [
      0.00071786560471732,
      0.999999529415279,
      0.00065256278918852,
      2.04589250442458e-05
    ],
    [
      -0.840930428789659,
      0.000250545239829379,
      0.541143189149344,
      0.283814514803941
    ],
    [
      0.0,
      0.0,
      0.0,
      1.0
    ]
  ],
  "T_WH": {
    "0": [
      [
        0.49989011929341,
        0.865942774782544,
        -0.0159053272436732,
        0.00711826504815654
      ],
      [
        -0.668245086255665,
        0.373950817074571,
        -0.643124631082048,
        -0.031950811392056
      ],
      [
        -0.550961317451578,
        0.332120305328008,
        0.765596322784306,
        0.25016928020468
      ],
      [
        0.0,
        0.0,
        0.0,
        1.0
      ]
    ],
    "1": [
      [
        -0.344722901153299,
        -0.293583441215393,
        0.891613640802215,
        -0.0362331392230595
      ],
      [
        0.669789514586133,
        -0.742409332010875,
        0.0145048231164135,
        0.0319917292421445
      ],
      [
        0.65768391159502,
        0.602193612376696,
        0.452564609356256,
        0.317459749403202
      ],
      [
        0.0,
        0.0,
        0.0,
        1.0
      ]
    ],
    "2": [
      [
        0.499242560359712,
        -0.86627738901754,
        -0.0178983575345482,
        0.00705828245687066
      ],
      [
        0.669347222826753,
        0.372468296566775,
        0.642838753768593,
        0.0320491584905219
      ],
      [
        -0.55021010643171,
        -0.332912681238789,
        0.765792390567318,
        0.250185315100029
      ],
      [
        0.0,
        0.0,
        0.0,
        1.0
      ]
    ],
    "3": [
      [
        -0.343784184752473,
        0.294930100812675,
        0.891531642707483,
        -0.0361731566317736
      ],
      [
        -0.670497784170137,
        -0.741794879928262,
        -0.0131558935520024,
        -0.0320082406404334
      ],
      [
        0.657453538842871,
        -0.602292779092395,
        0.45276732712967,
        0.317443714507853
      ],
      [
        0.0,
        0.0,
        0.0,
        1.0
      ]
    ]
  },
  "T_WP": {
    "0": [
      [
        0.0159053272436733,
        0.865942774782544,
        0.49989011929341,
        0.0421105733986953
      ],
      [
        0.643124631082048,
        0.373950817074571,
        -0.668245086255665,
        -0.0787279674299525
      ],
      [
        -0.765596322784306,
        0.332120305328008,
        -0.550961317451578,
        0.21160198798307
      ],
      [
        0.0,
        0.0,
        0.0,
        1.0
      ]
    ],
    "1": [
      [
        -0.891613640802215,
        -0.293583441215393,
        -0.344722901153298,
        -0.0603637423037904
      ],
      [
        -0.0145048231164135,
        -0.742409332010875,
        0.669789514586133,
        0.0788769952631738
      ],
      [
        -0.452564609356255,
        0.602193612376696,
        0.65768391159502,
        0.363497623214854
      ],
      [
        0.0,
        0.0,
        0.0,
        1.0
      ]
    ],
    "2": [
      [
        0.0178983575345482,
        -0.86627738901754,
        0.499242560359712,
        0.0420052616820505
      ],
      [
        -0.642838753768593,
        0.372468296566775,
        0.669347222826753,
        0.0789034640883946
      ],
      [
        -0.765792390567318,
        -0.332912681238789,
        -0.55021010643171,
        0.21167060764981
      ],
      [
        0.0,
        0.0,
        0.0,
        1.0
      ]
    ],
    "3": [
      [
        -0.891531642707483,
        0.294930100812675,
        -0.343784184752473,
        -0.0602380495644467
      ],
      [
        0.0131558935520024,
        -0.741794879928262,
        -0.670497784170137,
        -0.078943085532343
      ],
      [
        -0.45276732712967,
        -0.602292779092395,
        0.657453538842871,
        0.363465462226854
      ],
      [
        0.0,
        0.0,
        0.0,
        1.0
      ]
    ]
  },
  "simTime": 0.379999999999974,
  "state": [
    -0.0145574370874515,
    2.04589250442458e-05,
    0.283814514803941,
    0.877821948000241,
    -0.000114492907780152,
    0.478986839398226,
    0.000471363696627091,
    -0.190797627749744,
    0.000285507009615085,
    1.19415132888179,
    -0.00997581145231794,
    -5.27096768159857,
    0.00451681280908459,
    0.835160048373918,
    0.546133277810604,
    -0.0385655250955875,
    0.0525246298608858,
    0.998343029319502,
    0.0401473118412371,
    -0.0322476091519652,
    0.0256803595197822,
    0.834925884698502,
    -0.546448466552278,
    -0.038836756492338,
    -0.0527688052569252,
    0.9983440545178,
    -0.0400950074659533,
    -0.0321365549497816,
    -0.0258608008620261,
    1.37257502048755,
    0.42935633353978,
    -5.15910096057582,
    0.274729329600353,
    0.376914496664264,
    -0.449486768421526,
    -1.37568561443759,
    0.433228011008296,
    5.16248589350631,
    -0.27780885270813,
    0.376132760121628,
    0.448369238965442
  ]
}