{
  "T_WB": [
    [
      -0.470128755607092,
      0.0312473499063795,
      -0.882044531911601,
      -0.260090651005801
    ],
    [
      0.0426672410893118,
      0.999009259387027,
      0.0126493555887626,
      -0.00207527150442662
    ],
    [
      0.881565913411558,
      -0.0316875808924049,
      -0.470996218167443,
      0.119228997979427
    ],
    [
      0.0,
      0.0,
      0.0,
      1.0
    ]
  ],
  "T_WH": {
    "0": [
      [
        -0.13666366775848,
        0.106922430142034,
        -0.984830257378053,
        -0.279895716427089
      ],
      [
        -0.356524747170972,
        0.922230871791176,
        0.1496005473585,
        -0.032336878161239
      ],
      [
        0.924236520902239,
        0.371561318018722,
        -0.0879149610857876,
        0.155505637104447
      ],
      [
        0.0,
        0.0,
        0.0,
        1.0
      ]
    ],
    "1": [
      [
        0.490811643250202,
        0.581726333628808,
        -0.648612676111731,
        -0.240285585584513
      ],
      [
        0.68387351835589,
        -0.718480709402797,
        -0.126895551961405,
        0.0281863351523858
      ],
      [
        -0.539834179856715,
        -0.381287218483441,
        -0.750465932124563,
        0.0829523588544082
      ],
      [
        0.0,
        0.0,
        0.0,
        1.0
      ]
    ],
    "2": [
      [
        -0.111800806615312,
        -0.0224795684840568,
        -0.993476345285048,
        -0.27789588603308
      ],
      [
        0.425622486458917,
        0.902318486900175,
        -0.0683143265992427,
        0.0315997144395307
      ],
      [
        0.89796774923195,
        -0.430483469135517,
        -0.0913121248266399,
        0.153477631927333
      ],
      [
        0.0,
        0.0,
        0.0,
        1.0
      ]
    ],
    "3": [
      [
        0.362990347839951,
        -0.629212783558411,
        -0.687262162774663,
        -0.242285415978521
      ],
      [
        -0.682330078315533,
        -0.681783725472263,
        0.263811705401941,
        -0.0357502574483839
      ],
      [
        -0.634557855203882,
        0.373178542641237,
        -0.67681171954334,
        0.0849803640315221
      ],
      [
        0.0,
        0.0,
        0.0,
        1.0
      ]
    ]
  },
  "T_WP": {
    "0": [
      [
        0.984830257378053,
        0.106922430142034,
        -0.13666366775848,
        -0.289462173170182
      ],
      [
        -0.1496005473585,
        0.922230871791176,
        -0.356524747170972,
        -0.057293610463207
      ],
      [
        0.0879149610857877,
        0.371561318018722,
        0.924236520902239,
        0.220202193567603
      ],
      [
        0.0,
        0.0,
        0.0,
        1.0
      ]
    ],
    "1": [
      [
        0.648612676111731,
        0.581726333628808,
        0.490811643250202,
        -0.205928770556999
      ],
      [
        0.126895551961405,
        -0.718480709402797,
        0.68387351835589,
        0.0760574814372981
      ],
      [
        0.750465932124563,
        -0.381287218483441,
        -0.539834179856715,
        0.0451639662644382
      ],
      [
        0.0,
        0.0,
        0.0,
        1.0
      ]
    ],
    "2": [
      [
        0.993476345285048,
        -0.0224795684840568,
        -0.111800806615312,
        -0.285721942496152
      ],
      [
        0.0683143265992427,
        0.902318486900175,
        0.425622486458917,
        0.0613932884916549
      ],
      [
        0.0913121248266399,
        -0.430483469135517,
        0.89796774923195,
        0.216335374373569
      ],
      [
        0.0,
        0.0,
        0.0,
        1.0
      ]
    ],
    "3": [
      [
        0.687262162774663,
        -0.629212783558411,
        0.362990347839951,
        -0.216876091629725
      ],
      [
        -0.263811705401941,
        -0.681783725472263,
        -0.682330078315533,
        -0.0835133629304712
      ],
      [
        0.67681171954334,
        0.373178542641237,
        -0.634557855203882,
        0.0405613141672504
      ],
      [
        0.0,
        0.0,
        0.0,
        1.0
      ]
    ]
  },
  "simTime": 1.0889999999999,
  "state": [
    -0.260090651005801,
    -0.00207527150442662,
    0.119228997979427,
    -0.514267509573688,
    0.0215534404059093,
    0.857340981343124,
    -0.00555153250513485,
    -0.405592028100891,
    -0.0489739427403841,
    0.84025999371431,
    -1.57894882880998,
    9.4370450943685,
    -2.4856386708112,
    0.957569216785771,
    -0.162034326533999,
    0.133277241036092,
    0.197593646433194,
    0.980806146819357,
    -0.174802246910101,
    0.0863759680775731,
    0.00163369985258855,
    0.960009653577208,
    0.149332255344423,
    0.135951910299335,
    -0.193903121785797,
    0.981069870437147,
    0.189184640758891,
    0.00740615792102416,
    -0.0406968038820889,
    0.018296216346031,
    0.459796771381351,
    1.46227287970783,
    1.29394761026583,
    9.70658146551102,
    0.373464828098491,
    -4.29034554833409,
    0.188975632962978,
    0.334635502121896,
    -0.957274189612057,
    -1.23336141206808,
    -4.49799533238942
  ]
}