{
  "T_WB": [
    [
      0.580205656102593,
      -0.0010340444148103,
      0.814469353247075,
      -0.0163006708852586
    ],
    [
      0.000789420334733273,
      0.999999438320013,
      0.000707230650800015,
      2.29804932566942e-05
    ],
    [
      -0.814469627083844,
      0.000232619445707012,
      0.580206146508375,
      0.294166696815731
    ],
    [
      0.0,
      0.0,
      0.0,
      1.0
    ]
  ],
  "T_WH": {
    "0": [
      [
        0.48476224661111,
        0.872599110152429,
        -0.0598026522968574,
        0.00694064478011908
      ],
      [
        -0.682902434505396,
        0.334884335901227,
        -0.649227807872243,
        -0.0319454247195944
      ],
      [
        -0.546488635935966,
        0.355560507549958,
        0.758239339696684,
        0.261580467910114
      ],
      [
        0.0,
        0.0,
        0.0,
        1.0
      ]
    ],
    "1": [
      [
        -0.377057076288777,
        -0.321101622358803,
        0.868747206809383,
        -0.0395419865506362
      ],
      [
        0.672760026076127,
        -0.7396264910381,
        0.0186172250541599,
        0.0319913857061078
      ],
      [
        0.636570427002864,
        0.591478149954175,
        0.494905738087748,
        0.326752925721347
      ],
      [
        0.0,
        0.0,
        0.0,
        1.0
      ]
    ],
    "2": [
      [
        0.483930120974391,
        -0.87291281606253,
        -0.0619261945181122,
        0.00687446593757122
      ],
      [
        0.68403450252407,
        0.333183690478352,
        0.648910955182507,
        0.0320545393328864
      ],
      [
        -0.545809891235364,
        -0.356387210703484,
        0.758340107522101,
        0.261595355554639
      ],
      [
        0.0,
        0.0,
        0.0,
        1.0
      ]
    ],
    "3": [
      [
        -0.375983404942379,
        0.322546895704584,
        0.868677143292761,
        -0.0394758077080883
      ],
      [
        -0.673562233146421,
        -0.738931244167141,
        -0.0171620066544358,
        -0.0320085783463731
      ],
      [
        0.636357130302428,
        -0.591560746217104,
        0.495081292565495,
        0.326738038076822
      ],
      [
        0.0,
        0.0,
        0.0,
        1.0
      ]
    ]
  },
  "T_WP": {
    "0": [
      [
        0.0598026522968574,
        0.872599110152429,
        0.48476224661111,
        0.0408740020428968
      ],
      [
        0.649227807872243,
        0.334884335901227,
        -0.682902434505396,
        -0.0797485951349721
      ],
      [
        -0.758239339696684,
        0.355560507549958,
        -0.546488635935966,
        0.223326263394597
      ],
      [
        0.0,
        0.0,
        0.0,
        1.0
      ]
    ],
    "1": [
      [
        -0.868747206809383,
        -0.321101622358803,
        -0.377057076288777,
        -0.0659359818908506
      ],
      [
        -0.0186172250541598,
        -0.7396264910381,
        0.672760026076127,
        0.0790845875314367
      ],
      [
        -0.494905738087748,
        0.591478149954175,
        0.636570427002864,
        0.371312855611547
      ],
      [
        0.0,
        0.0,
        0.0,
        1.0
      ]
    ],
    "2": [
      [
        0.0619261945181123,
        -0.87291281606253,
        0.483930120974391,
        0.0407495744057786
      ],
      [
        -0.648910955182507,
        0.333183690478352,
        0.68403450252407,
        0.0799369545095713
      ],
      [
        -0.758340107522101,
        -0.356387210703484,
        -0.545809891235364,
        0.223388663168164
      ],
      [
        0.0,
        0.0,
        0.0,
        1.0
      ]
    ],
    "3": [
      [
        -0.868677143292761,
        0.322546895704584,
        -0.375983404942379,
        -0.0657946460540548
      ],
      [
        0.0171620066544358,
        -0.738931244167141,
        -0.673562233146421,
        -0.0791579346666225
      ],
      [
        -0.495081292565495,
        -0.591560746217104,
        0.636357130302428,
        0.371283037197992
      ],
      [
        0.0,
        0.0,
        0.0,
        1.0
      ]
    ]
  },
  "simTime": 0.388999999999973,
  "state": [
    -0.0163006708852586,
    2.29804932566942e-05,
    0.294166696815731,
    0.888877275124494,
    -0.000133486145493631,
    0.458145074105639,
    0.000512856161523586,
    -0.196545925706492,
    0.000274523026834125,
    1.10631007836195,
    -0.0100751906106968,
    -5.21414994899813,
    0.00425381730665766,
    0.833211018449187,
    0.551398597178587,
    -0.0239857247781269,
    0.0338182017739226,
    0.99839964971484,
    0.0413520974143926,
    -0.0304262597163532,
    0.0237146833921155,
    0.832974936311779,
    -0.551729467529901,
    -0.024224529626727,
    -0.0340664394958258,
    0.998400115423905,
    -0.0413133129222914,
    -0.0303186230056877,
    -0.0238998074460262,
    1.08175299360349,
    0.280241651262024,
    -5.35843083224673,
    0.251698213460857,
    0.382174719396191,
    -0.472574929790187,
    -1.08481252607171,
    0.284017558202223,
    5.36215453457873,
    -0.254894307511126,
    0.381315724031906,
    0.471640071250019
  ]
}