{
  "T_WB": [
    [
      0.999978583375469,
      -0.00175368312952997,
      -0.00630534581700617,
      -0.124623643289645
    ],
    [
      0.00174545193049057,
      0.999997617731561,
      -0.00131069781482344,
      -4.55794484925305e-05
    ],
    [
      0.0063076293446256,
      0.00129966406607176,
      0.999979262127653,
      0.04719545342169
    ],
    [
      0.0,
      0.0,
      0.0,
      1.0
    ]
  ],
  "T_WH": {
    "0": [
      [
        -0.00265270494585005,
        0.877717174252706,
        0.479171707405932,
        -0.0845683820944812
      ],
      [
        -0.908382085968154,
        0.198243743052659,
        -0.368159482062619,
        -0.0319756851386829
      ],
      [
        -0.418132693111427,
        -0.436247613589251,
        0.796776675480067,
        0.0474061693453607
      ],
      [
        0.0,
        0.0,
        0.0,
        1.0
      ]
    ],
    "1": [
      [
        -0.45748401810688,
        -0.885375804626989,
        -0.0825715311587189,
        -0.164678904484809
      ],
      [
        0.877249516531067,
        -0.464560426281551,
        0.120900355992495,
        0.0318845262416978
      ],
      [
        -0.14540171568036,
        -0.0171258551382171,
        0.98922446702606,
        0.0469847374980192
      ],
      [
        0.0,
        0.0,
        0.0,
        1.0
      ]
    ],
    "2": [
      [
        -0.00712662103330838,
        -0.878895005032819,
        0.476962033500581,
        -0.0846806178147711
      ],
      [
        0.90816247952729,
        0.193957417178866,
        0.370973625882148,
        0.032024162396137
      ],
      [
        -0.418557190896886,
        0.43580281142928,
        0.796797206005921,
        0.0474893478455893
      ],
      [
        0.0,
        0.0,
        0.0,
        1.0
      ]
    ],
    "3": [
      [
        -0.445566904457872,
        0.891174322500778,
        -0.0853138943379604,
        -0.164566668764519
      ],
      [
        -0.882008277688141,
        -0.453308265445157,
        -0.12873622088869,
        -0.0321153212931221
      ],
      [
        -0.153399907892501,
        0.0178869615749142,
        0.988002289908373,
        0.0469015589977906
      ],
      [
        0.0,
        0.0,
        0.0,
        1.0
      ]
    ]
  },
  "T_WP": {
    "0": [
      [
        -0.479171707405932,
        0.877717174252706,
        -0.00265270494585002,
        -0.0847540714406907
      ],
      [
        0.368159482062619,
        0.198243743052659,
        -0.908382085968154,
        -0.0955624311564537
      ],
      [
        -0.796776675480067,
        -0.436247613589251,
        -0.418132693111427,
        0.0181368808275608
      ],
      [
        0.0,
        0.0,
        0.0,
        1.0
      ]
    ],
    "1": [
      [
        0.0825715311587189,
        -0.885375804626989,
        -0.45748401810688,
        -0.19670278575229
      ],
      [
        -0.120900355992495,
        -0.464560426281551,
        0.877249516531067,
        0.0932919923988725
      ],
      [
        -0.98922446702606,
        -0.0171258551382171,
        -0.14540171568036,
        0.036806617400394
      ],
      [
        0.0,
        0.0,
        0.0,
        1.0
      ]
    ],
    "2": [
      [
        -0.476962033500581,
        -0.878895005032819,
        -0.00712662103330835,
        -0.0851794812871027
      ],
      [
        -0.370973625882148,
        0.193957417178866,
        0.90816247952729,
        0.0955955359630473
      ],
      [
        -0.796797206005921,
        0.43580281142928,
        -0.418557190896886,
        0.0181903444828072
      ],
      [
        0.0,
        0.0,
        0.0,
        1.0
      ]
    ],
    "3": [
      [
        0.0853138943379604,
        0.891174322500778,
        -0.445566904457872,
        -0.19575635207657
      ],
      [
        0.12873622088869,
        -0.453308265445157,
        -0.882008277688141,
        -0.093855900731292
      ],
      [
        -0.988002289908373,
        0.0178869615749142,
        -0.153399907892501,
        0.0361635654453156
      ],
      [
        0.0,
        0.0,
        0.0,
        1.0
      ]
    ]
  },
  "simTime": 0.761499999999932,
  "state": [
    -0.124623643289645,
    -4.55794484925305e-05,
    0.04719545342169,
    0.999994432888839,
    0.000652594103287715,
    -0.00315326134496437,
    0.000874788635050709,
    -0.261877207585294,
    -0.00550847551533542,
    1.56747093374838,
    0.357885272239442,
    17.9851451515285,
    -0.129662282960311,
    0.892983397736983,
    -0.146632341920918,
    0.285286310634392,
    -0.315739336531763,
    0.985831982519859,
    0.00551372689474863,
    0.0720175908717266,
    -0.151388135802403,
    0.89263755450057,
    0.1456052117813,
    0.286627988305986,
    0.315977396212179,
    0.98489419865836,
    -0.00535024909407415,
    0.075014268429585,
    0.155973240704016,
    -5.39249870564332,
    -1.04998490424798,
    9.96402577923475,
    -1.86497553189387,
    3.18976722498568,
    -2.53362161452884,
    5.20930105114428,
    -1.8324237215932,
    -10.3307609819505,
    2.04334984626601,
    3.48465740330077,
    3.07345594329046
  ]
}