{
  "T_WB": [
    [
      -2.22044604925031e-16,
      3.30068529513068e-20,
      1.0,
      -3.53505733638807e-37
    ],
    [
      -3.68295539866931e-19,
      1.0,
      -3.30068529513068e-20,
      5.03293028572105e-21
    ],
    [
      -1.0,
      -3.68295539866931e-19,
      -2.22044604925031e-16,
      0.432878726300001
    ],
    [
      0.0,
      0.0,
      0.0,
      1.0
    ]
  ],
  "T_WH": {
    "0": [
      [
        -1.57082458811272e-16,
        -1.54555978211072e-16,
        1.0,
        -8.88284041629569e-18
      ],
      [
        -0.707106779455507,
        0.707106782917588,
        -1.78649102547911e-18,
        -0.032
      ],
      [
        -0.707106782917588,
        -0.707106779455507,
        -2.2036165210125e-16,
        0.392878726300001
      ],
      [
        0.0,
        0.0,
        0.0,
        1.0
      ]
    ],
    "1": [
      [
        1.57082458811272e-16,
        1.54562885810605e-16,
        1.0,
        8.88284041629569e-18
      ],
      [
        0.707106779455507,
        -0.707106782917588,
        -1.78160661499573e-18,
        0.032
      ],
      [
        0.707106782917588,
        0.707106779455507,
        -2.2036653651171e-16,
        0.472878726300001
      ],
      [
        0.0,
        0.0,
        0.0,
        1.0
      ]
    ],
    "2": [
      [
        -1.57050515612715e-16,
        1.5564060132837e-16,
        1.0,
        -8.88072797770681e-18
      ],
      [
        0.707106779455507,
        0.707106782917588,
        9.96959410070683e-19,
        0.032
      ],
      [
        -0.707106782917588,
        0.707106779455507,
        -2.21106009208278e-16,
        0.392878726300001
      ],
      [
        0.0,
        0.0,
        0.0,
        1.0
      ]
    ],
    "3": [
      [
        1.57050515612715e-16,
        -1.5459829753387e-16,
        1.0,
        8.88072797770681e-18
      ],
      [
        -0.707106779455507,
        -0.707106782917588,
        1.73397949302258e-18,
        -0.032
      ],
      [
        0.707106782917588,
        -0.707106779455507,
        -2.20368989128934e-16,
        0.472878726300001
      ],
      [
        0.0,
        0.0,
        0.0,
        1.0
      ]
    ]
  },
  "T_WP": {
    "0": [
      [
        -1.0,
        -1.54555978211072e-16,
        -9.58501188539048e-17,
        -1.98786125330848e-17
      ],
      [
        -4.15113116802999e-17,
        0.707106782917588,
        -0.707106779455507,
        -0.0814974745618855
      ],
      [
        1.7706384918348e-16,
        -0.707106779455507,
        -0.707106782917588,
        0.34338125149577
      ],
      [
        0.0,
        0.0,
        0.0,
        1.0
      ]
    ],
    "1": [
      [
        -1.0,
        1.54562885810605e-16,
        2.1831479876864e-16,
        1.98786125330848e-17
      ],
      [
        4.50794093207748e-17,
        -0.707106782917588,
        0.707106779455507,
        0.0814974745618855
      ],
      [
        2.6366433942948e-16,
        0.707106779455507,
        0.707106782917588,
        0.522376201104232
      ],
      [
        0.0,
        0.0,
        0.0,
        1.0
      ]
    ],
    "2": [
      [
        -1.0,
        1.5564060132837e-16,
        -9.58181756553469e-17,
        -1.98742640705968e-17
      ],
      [
        4.23008432957083e-17,
        0.707106782917588,
        0.707106779455507,
        0.0814974745618855
      ],
      [
        1.77808206290507e-16,
        0.707106779455507,
        -0.707106782917588,
        0.34338125149577
      ],
      [
        0.0,
        0.0,
        0.0,
        1.0
      ]
    ],
    "3": [
      [
        -1.0,
        -1.5459829753387e-16,
        2.18282855570082e-16,
        1.98742640705968e-17
      ],
      [
        -4.50317821988016e-17,
        -0.707106782917588,
        -0.707106779455507,
        -0.0814974745618855
      ],
      [
        2.63666792046704e-16,
        -0.707106779455507,
        0.707106782917588,
        0.522376201104232
      ],
      [
        0.0,
        0.0,
        0.0,
        1.0
      ]
    ]
  },
  "simTime": 0.117000000000002,
  "state": [
    -3.53505733638807e-37,
    5.03293028572105e-21,
    0.432878726300001,
    0.707106781186548,
    -1.18542452086585e-19,
    0.707106781186548,
    -1.41881821634082e-19,
    -4.75830896722459e-35,
    2.33276106570455e-20,
    -1.14737219999998,
    6.47790270812362e-19,
    -5.30980452589952e-18,
    -9.52869912368568e-18,
    1.0,
    1.2149639516662e-18,
    2.49365945182335e-20,
    -2.41910377945752e-19,
    1.0,
    -1.21151015189976e-18,
    -2.49365945182332e-20,
    2.39875083168562e-19,
    1.0,
    -6.95991762621811e-19,
    3.23043647296584e-20,
    1.38759580130152e-19,
    1.0,
    1.21714365987196e-18,
    -3.2304364729658e-20,
    -2.34611864385329e-19,
    2.35014736624695e-17,
    6.08234079986227e-19,
    -1.06036612456575e-17,
    -2.3715823132133e-17,
    -6.08234079986222e-19,
    1.05656091749535e-17,
    -1.88214562887992e-17,
    7.1835737171996e-19,
    6.04846407840516e-18,
    2.36371952602667e-17,
    -7.18357371719954e-19,
    -1.04700007653665e-17
  ]
}