{
  "T_WB": [
    [
      0.988160198831522,
      -0.00231776482336836,
      -0.153408113903634,
      -0.0933377245793296
    ],
    [
      0.0026549500316393,
      0.999994489300774,
      0.00199314033989737,
      1.82926214104739e-05
    ],
    [
      0.153402648887092,
      -0.0023768328314343,
      0.98816090692767,
      0.2164263358432
    ],
    [
      0.0,
      0.0,
      0.0,
      1.0
    ]
  ],
  "T_WH": {
    "0": [
      [
        -0.163750290523489,
        0.959864489066137,
        -0.22769717825058,
        -0.0537371481517209
      ],
      [
        -0.845069467710761,
        -0.255568725753874,
        -0.469619229972105,
        -0.0318753330349487
      ],
      [
        -0.508963099936061,
        0.115519647880111,
        0.853001625940497,
        0.222638500449289
      ],
      [
        0.0,
        0.0,
        0.0,
        1.0
      ]
    ],
    "1": [
      [
        -0.620507790951386,
        -0.774170928664028,
        -0.125017817050637,
        -0.132938301006938
      ],
      [
        0.775507212094898,
        -0.62945293908376,
        0.0487602447452338,
        0.0319119182777697
      ],
      [
        -0.116441596336662,
        -0.0666961070100153,
        0.99095559131188,
        0.21021417123711
      ],
      [
        0.0,
        0.0,
        0.0,
        1.0
      ]
    ],
    "2": [
      [
        -0.167600358842044,
        -0.958605166496311,
        -0.230187433372456,
        -0.0538854851004165
      ],
      [
        0.841476661264106,
        -0.260752015255603,
        0.47320758139315,
        0.0321243142803008
      ],
      [
        -0.513641069487079,
        -0.11438759245094,
        0.850346006299463,
        0.222486383148077
      ],
      [
        0.0,
        0.0,
        0.0,
        1.0
      ]
    ],
    "3": [
      [
        -0.616905070934945,
        0.777142187740975,
        -0.124411227338703,
        -0.132789964058243
      ],
      [
        -0.778902888689318,
        -0.625521398218179,
        -0.0450917992833522,
        -0.0320877290374799
      ],
      [
        -0.112864624423187,
        0.0690869047240187,
        0.991205617492893,
        0.210366288538322
      ],
      [
        0.0,
        0.0,
        0.0,
        1.0
      ]
    ]
  },
  "T_WP": {
    "0": [
      [
        0.22769717825058,
        0.959864489066137,
        -0.163750290523489,
        -0.0651996684883652
      ],
      [
        0.469619229972105,
        -0.255568725753874,
        -0.845069467710761,
        -0.091030195774702
      ],
      [
        -0.853001625940497,
        0.115519647880111,
        -0.508963099936061,
        0.187011083453765
      ],
      [
        0.0,
        0.0,
        0.0,
        1.0
      ]
    ],
    "1": [
      [
        0.125017817050637,
        -0.774170928664028,
        -0.620507790951386,
        -0.176373846373535
      ],
      [
        -0.0487602447452338,
        -0.62945293908376,
        0.775507212094898,
        0.0861974231244125
      ],
      [
        -0.99095559131188,
        -0.0666961070100153,
        -0.116441596336662,
        0.202063259493544
      ],
      [
        0.0,
        0.0,
        0.0,
        1.0
      ]
    ],
    "2": [
      [
        0.230187433372456,
        -0.958605166496311,
        -0.167600358842044,
        -0.0656175102193595
      ],
      [
        -0.47320758139315,
        -0.260752015255603,
        0.841476661264106,
        0.0910276805687883
      ],
      [
        -0.850346006299463,
        -0.11438759245094,
        -0.513641069487079,
        0.186531508283982
      ],
      [
        0.0,
        0.0,
        0.0,
        1.0
      ]
    ],
    "3": [
      [
        0.124411227338703,
        0.777142187740975,
        -0.616905070934945,
        -0.175973319023689
      ],
      [
        0.0450917992833522,
        -0.625521398218179,
        -0.778902888689318,
        -0.0866109312457321
      ],
      [
        -0.991205617492893,
        0.0690869047240187,
        -0.112864624423187,
        0.202465764828699
      ],
      [
        0.0,
        0.0,
        0.0,
        1.0
      ]
    ]
  },
  "simTime": 0.667499999999943,
  "state": [
    -0.0933377245793296,
    1.82926214104739e-05,
    0.2164263358432,
    0.997035053929896,
    -0.00109574210909312,
    -0.0769307863302816,
    0.00124687563275917,
    -0.337419802750369,
    -0.000305031723408594,
    -1.68442360229803,
    -0.0118471950482714,
    -2.59839955529856,
    0.000279652821667867,
    0.83701446373614,
    0.109608590488581,
    0.222569624900976,
    -0.487704322780768,
    0.998233978805168,
    0.0262586701563297,
    0.00779278892875726,
    -0.0527131695227811,
    0.836888847266242,
    -0.109860054855627,
    0.22285316554789,
    0.487733833431497,
    0.998226160014,
    -0.0265589194635649,
    0.00783543904197512,
    0.0527044889516291,
    -5.06787367747618,
    -2.53852565781013,
    -1.46841189103838,
    -0.486472321330692,
    0.0878873479311793,
    -0.437717530930328,
    5.06965540518538,
    -2.54103688104216,
    1.4693342695901,
    0.485821951785535,
    0.0875860511477607,
    0.440787110074159
  ]
}