{
  "T_WB": [
    [
      -2.22044604925031e-16,
      4.16737796573942e-20,
      1.0,
      -1.01873146548813e-36
    ],
    [
      -5.01953127205175e-19,
      1.0,
      -4.16737796573942e-20,
      5.26317369968057e-21
    ],
    [
      -1.0,
      -5.01953127205175e-19,
      -2.22044604925031e-16,
      0.417134230000001
    ],
    [
      0.0,
      0.0,
      0.0,
      1.0
    ]
  ],
  "T_WH": {
    "0": [
      [
        -1.57096415847429e-16,
        -1.54247684649857e-16,
        1.0,
        -8.88311775795029e-18
      ],
      [
        -0.707106779455507,
        0.707106782917588,
        -2.01435660863213e-18,
        -0.032
      ],
      [
        -0.707106782917588,
        -0.707106779455507,
        -2.20153524748988e-16,
        0.377134230000001
      ],
      [
        0.0,
        0.0,
        0.0,
        1.0
      ]
    ],
    "1": [
      [
        1.57096415847429e-16,
        1.54254279585981e-16,
        1.0,
        8.88311775795029e-18
      ],
      [
        0.707106779455507,
        -0.707106782917588,
        -2.00969328456568e-18,
        0.032
      ],
      [
        0.707106782917588,
        0.707106779455507,
        -2.20158188073032e-16,
        0.457134230000001
      ],
      [
        0.0,
        0.0,
        0.0,
        1.0
      ]
    ],
    "2": [
      [
        -1.57053333006693e-16,
        1.55392200669234e-16,
        1.0,
        -8.88045063605222e-18
      ],
      [
        0.707106779455507,
        0.707106782917588,
        1.17459739940934e-18,
        0.032
      ],
      [
        -0.707106782917588,
        0.707106779455507,
        -2.20932355616573e-16,
        0.377134230000001
      ],
      [
        0.0,
        0.0,
        0.0,
        1.0
      ]
    ],
    "3": [
      [
        1.57053333006693e-16,
        -1.54301279985327e-16,
        1.0,
        8.88045063605222e-18
      ],
      [
        -0.707106779455507,
        -0.707106782917588,
        1.94599481462543e-18,
        -0.032
      ],
      [
        0.707106782917588,
        -0.707106779455507,
        -2.20160958205134e-16,
        0.457134230000001
      ],
      [
        0.0,
        0.0,
        0.0,
        1.0
      ]
    ]
  },
  "T_WP": {
    "0": [
      [
        -1.0,
        -1.54247684649857e-16,
        -9.58640758900615e-17,
        -1.98798668672703e-17
      ],
      [
        -4.12834460971469e-17,
        0.707106782917588,
        -0.707106779455507,
        -0.0814974745618855
      ],
      [
        1.76855721831218e-16,
        -0.707106779455507,
        -0.707106782917588,
        0.32763675519577
      ],
      [
        0.0,
        0.0,
        0.0,
        1.0
      ]
    ],
    "1": [
      [
        -1.0,
        1.54254279585981e-16,
        2.18328755804797e-16,
        1.98798668672703e-17
      ],
      [
        4.53074959903447e-17,
        -0.707106782917588,
        0.707106779455507,
        0.0814974745618855
      ],
      [
        2.63455990990802e-16,
        0.707106779455507,
        0.707106782917588,
        0.506631704804232
      ],
      [
        0.0,
        0.0,
        0.0,
        1.0
      ]
    ],
    "2": [
      [
        -1.0,
        1.55392200669234e-16,
        -9.5820993049325e-17,
        -1.98741839465207e-17
      ],
      [
        4.21232053063697e-17,
        0.707106782917588,
        0.707106779455507,
        0.0814974745618855
      ],
      [
        1.77634552698803e-16,
        0.707106779455507,
        -0.707106782917588,
        0.32763675519577
      ],
      [
        0.0,
        0.0,
        0.0,
        1.0
      ]
    ],
    "3": [
      [
        -1.0,
        -1.54301279985327e-16,
        2.1828567296406e-16,
        1.98741839465207e-17
      ],
      [
        -4.52437975204045e-17,
        -0.707106782917588,
        -0.707106779455507,
        -0.0814974745618855
      ],
      [
        2.63458761122904e-16,
        -0.707106779455507,
        0.707106782917588,
        0.506631704804232
      ],
      [
        0.0,
        0.0,
        0.0,
        1.0
      ]
    ]
  },
  "simTime": 0.130000000000002,
  "state": [
    -1.01873146548813e-36,
    5.26317369968057e-21,
    0.417134230000001,
    0.707106781186548,
    -1.62733323945578e-19,
    0.707106781186548,
    -1.92201136138995e-19,
    -5.58086259332831e-35,
    1.19334402232296e-20,
    -1.27485799999998,
    6.82357583807427e-19,
    -6.0457036742229e-18,
    -1.10712181742845e-17,
    1.0,
    1.36604651094364e-18,
    2.88508912811237e-20,
    -3.15860443365199e-19,
    1.0,
    -1.36274904288146e-18,
    -2.88508912811233e-20,
    3.13584710364417e-19,
    1.0,
    -8.23256313520344e-19,
    3.67772830341557e-20,
    1.81702740137364e-19,
    1.0,
    1.36871665547409e-18,
    -3.67772830341553e-20,
    -3.07823216319505e-19,
    2.29270822763534e-17,
    5.95489002699401e-19,
    -1.21443448522902e-17,
    -2.28770730783352e-17,
    -5.95489002699396e-19,
    1.2108367025126e-17,
    -2.03742128078734e-17,
    6.56908625565717e-19,
    7.18184674484956e-18,
    2.29956165706804e-17,
    -6.56908625565712e-19,
    -1.20513848363267e-17
  ]
}