{
  "T_WB": [
    [
      -2.22044604925031e-16,
      6.38349250785852e-20,
      1.0,
      -3.12716194993697e-36
    ],
    [
      -9.19390373280102e-19,
      1.0,
      -6.38349250785852e-20,
      5.19571729998014e-21
    ],
    [
      -1.0,
      -9.19390373280102e-19,
      -2.22044604925031e-16,
      0.371317794800001
    ],
    [
      0.0,
      0.0,
      0.0,
      1.0
    ]
  ],
  "T_WH": {
    "0": [
      [
        -1.5713047541105e-16,
        -1.53534632709108e-16,
        1.0,
        -8.88382691460377e-18
      ],
      [
        -0.707106779455507,
        0.707106782917588,
        -2.54264422084894e-18,
        -0.032
      ],
      [
        -0.707106782917588,
        -0.707106779455507,
        -2.1967340463604e-16,
        0.331317794800001
      ],
      [
        0.0,
        0.0,
        0.0,
        1.0
      ]
    ],
    "1": [
      [
        1.5713047541105e-16,
        1.5354018042452e-16,
        1.0,
        8.88382691460377e-18
      ],
      [
        0.707106779455507,
        -0.707106782917588,
        -2.53872139365166e-18,
        0.032
      ],
      [
        0.707106782917588,
        0.707106779455507,
        -2.19677327463218e-16,
        0.411317794800001
      ],
      [
        0.0,
        0.0,
        0.0,
        1.0
      ]
    ],
    "2": [
      [
        -1.57056055792732e-16,
        1.54698371572892e-16,
        1.0,
        -8.87974147939874e-18
      ],
      [
        0.707106779455507,
        0.707106782917588,
        1.66713396008573e-18,
        0.032
      ],
      [
        -0.707106782917588,
        0.707106779455507,
        -2.20443669659243e-16,
        0.331317794800001
      ],
      [
        0.0,
        0.0,
        0.0,
        1.0
      ]
    ],
    "3": [
      [
        1.57056055792732e-16,
        -1.53616878600604e-16,
        1.0,
        8.87974147939874e-18
      ],
      [
        -0.707106779455507,
        -0.707106782917588,
        2.43186497646854e-18,
        -0.032
      ],
      [
        0.707106782917588,
        -0.707106779455507,
        -2.19678938646604e-16,
        0.411317794800001
      ],
      [
        0.0,
        0.0,
        0.0,
        1.0
      ]
    ]
  },
  "T_WP": {
    "0": [
      [
        -1.0,
        -1.53534632709108e-16,
        -9.58981354536819e-17,
        -1.98829601933772e-17
      ],
      [
        -4.07551584849301e-17,
        0.707106782917588,
        -0.707106779455507,
        -0.0814974745618855
      ],
      [
        1.7637560171827e-16,
        -0.707106779455507,
        -0.707106782917588,
        0.28182031999577
      ],
      [
        0.0,
        0.0,
        0.0,
        1.0
      ]
    ],
    "1": [
      [
        -1.0,
        1.5354018042452e-16,
        2.18362815368417e-16,
        1.98829601933772e-17
      ],
      [
        4.58365240994307e-17,
        -0.707106782917588,
        0.707106779455507,
        0.0814974745618855
      ],
      [
        2.62975130380989e-16,
        0.707106779455507,
        0.707106782917588,
        0.460815269604233
      ],
      [
        0.0,
        0.0,
        0.0,
        1.0
      ]
    ],
    "2": [
      [
        -1.0,
        1.54698371572892e-16,
        -9.5823715835364e-17,
        -1.987366538489e-17
      ],
      [
        4.16306687456933e-17,
        0.707106782917588,
        0.707106779455507,
        0.0814974745618855
      ],
      [
        1.77145866741472e-16,
        0.707106779455507,
        -0.707106782917588,
        0.28182031999577
      ],
      [
        0.0,
        0.0,
        0.0,
        1.0
      ]
    ],
    "3": [
      [
        -1.0,
        -1.53616878600604e-16,
        2.18288395750099e-16,
        1.987366538489e-17
      ],
      [
        -4.57296676822476e-17,
        -0.707106782917588,
        -0.707106779455507,
        -0.0814974745618855
      ],
      [
        2.62976741564374e-16,
        -0.707106779455507,
        0.707106782917588,
        0.460815269604233
      ],
      [
        0.0,
        0.0,
        0.0,
        1.0
      ]
    ]
  },
  "simTime": 0.161999999999998,
  "state": [
    -3.12716194993697e-36,
    5.19571729998014e-21,
    0.371317794800001,
    0.707106781186548,
    -3.02484529552194e-19,
    0.707106781186548,
    -3.47622637951797e-19,
    -6.98558423566084e-35,
    -1.12933220413086e-20,
    -1.58866919999997,
    6.83888178631611e-19,
    -7.83221854195131e-18,
    -1.46192733218748e-17,
    1.0,
    1.71473733319541e-18,
    3.80455250074181e-20,
    -5.39410663185741e-19,
    1.0,
    -1.71196347548958e-18,
    -3.80455250074176e-20,
    5.36591685137003e-19,
    1.0,
    -1.17800600981374e-18,
    4.59738241375879e-20,
    3.21601662439253e-19,
    1.0,
    1.71875249595792e-18,
    -4.59738241375874e-20,
    -5.30774120706182e-19,
    2.07660376379604e-17,
    5.48994017665451e-19,
    -1.57483012629901e-17,
    -2.04960566803553e-17,
    -5.48994017665447e-19,
    1.57166312692518e-17,
    -2.27025527714116e-17,
    4.90726848164873e-19,
    1.04032012474171e-17,
    2.08632885538856e-17,
    -4.90726848164868e-19,
    -1.57664495052252e-17
  ]
}