{
  "T_WB": [
    [
      -0.997335365370141,
      0.0670231716897463,
      -0.0288108215546543,
      -0.225072206223863
    ],
    [
      0.0678958827943805,
      0.997227268688136,
      -0.0304618398061027,
      -0.000737600432346377
    ],
    [
      0.0266892877682992,
      -0.0323368062963508,
      -0.999120619783704,
      0.177874597294985
    ],
    [
      0.0,
      0.0,
      0.0,
      1.0
    ]
  ],
  "T_WH": {
    "0": [
      [
        -0.769428663591695,
        -0.328314687095279,
        -0.547895061011712,
        -0.267110362332741
      ],
      [
        -0.489670093646411,
        0.853972951358196,
        0.175935777307763,
        -0.0299330377185915
      ],
      [
        0.410125262611088,
        0.40365785584589,
        -0.81783715028243,
        0.179976946607201
      ],
      [
        0.0,
        0.0,
        0.0,
        1.0
      ]
    ],
    "1": [
      [
        0.690745445661309,
        0.688669569392697,
        0.220465311309144,
        -0.183034050114986
      ],
      [
        0.72264733568789,
        -0.646684652574016,
        -0.244089713729232,
        0.0284578368538987
      ],
      [
        -0.0255256247985203,
        0.327922527920394,
        -0.944359708035526,
        0.17577224798277
      ],
      [
        0.0,
        0.0,
        0.0,
        1.0
      ]
    ],
    "2": [
      [
        -0.695894984357003,
        0.431738416769652,
        -0.573874646793184,
        -0.262820879344597
      ],
      [
        0.611714461866868,
        0.774988449535006,
        -0.158739787798319,
        0.0338895074774492
      ],
      [
        0.376212158083302,
        -0.461513642888876,
        -0.803411208247523,
        0.177907391004234
      ],
      [
        0.0,
        0.0,
        0.0,
        1.0
      ]
    ],
    "3": [
      [
        0.582290439125987,
        -0.770966856105496,
        0.257968895972507,
        -0.18732353310313
      ],
      [
        -0.812430230430243,
        -0.563500724503635,
        0.149746633240752,
        -0.0353647083421419
      ],
      [
        0.0299159687379049,
        -0.296777762426175,
        -0.954477864878901,
        0.177841803585737
      ],
      [
        0.0,
        0.0,
        0.0,
        1.0
      ]
    ]
  },
  "T_WP": {
    "0": [
      [
        0.547895061011712,
        -0.328314687095279,
        -0.769428663591695,
        -0.320970368784159
      ],
      [
        -0.175935777307763,
        0.853972951358196,
        -0.489670093646411,
        -0.0642099442738403
      ],
      [
        0.81783715028243,
        0.40365785584589,
        0.410125262611088,
        0.208685714989977
      ],
      [
        0.0,
        0.0,
        0.0,
        1.0
      ]
    ],
    "1": [
      [
        -0.220465311309144,
        0.688669569392697,
        0.690745445661309,
        -0.134681868918694
      ],
      [
        0.244089713729232,
        -0.646684652574016,
        0.72264733568789,
        0.079043150352051
      ],
      [
        0.944359708035526,
        0.327922527920394,
        -0.0255256247985204,
        0.173985454246874
      ],
      [
        0.0,
        0.0,
        0.0,
        1.0
      ]
    ],
    "2": [
      [
        0.573874646793184,
        0.431738416769652,
        -0.695894984357003,
        -0.311533528249587
      ],
      [
        0.158739787798319,
        0.774988449535006,
        0.611714461866868,
        0.0767095198081299
      ],
      [
        0.803411208247523,
        -0.461513642888876,
        0.376212158083302,
        0.204242242070065
      ],
      [
        0.0,
        0.0,
        0.0,
        1.0
      ]
    ],
    "3": [
      [
        -0.257968895972507,
        -0.770966856105496,
        0.582290439125987,
        -0.14656320236431
      ],
      [
        -0.149746633240752,
        -0.563500724503635,
        -0.812430230430243,
        -0.092234824472259
      ],
      [
        0.954477864878901,
        -0.296777762426175,
        0.0299159687379048,
        0.17993592139739
      ],
      [
        0.0,
        0.0,
        0.0,
        1.0
      ]
    ]
  },
  "simTime": 1.00399999999991,
  "state": [
    -0.225072206223863,
    -0.000737600432346377,
    0.177874597294985,
    -0.0138859959517714,
    0.0337564280005584,
    0.9992100947551,
    -0.0157120725741479,
    -0.442231134410938,
    -0.00552962267691376,
    -0.563778691911824,
    0.464892449481999,
    12.797267226639,
    -0.268805447870561,
    0.94908685054499,
    -0.241298333247367,
    0.16734140088871,
    0.114044377516992,
    0.985115866436007,
    -0.16568385557674,
    0.0155696531178599,
    -0.0430485260961486,
    0.947963238991936,
    0.244669130630652,
    0.167630579962573,
    -0.115770042315663,
    0.984231962616114,
    0.169748418832438,
    0.0190563173506625,
    0.0459322853530219,
    1.00745556216936,
    -1.83644372097162,
    2.47960956636357,
    -0.860699448658591,
    -0.583849029691755,
    1.43870581205456,
    -0.974006691825985,
    -1.83749996303086,
    -2.53014356877065,
    0.861371681705076,
    -0.59180742989617,
    -1.50253037180787
  ]
}