{
  "T_WB": [
    [
      0.59075644972259,
      -0.00106066503421929,
      0.806849237528825,
      -0.0167939878767187
    ],
    [
      0.000809264932755284,
      0.999999411866466,
      0.000722050545194081,
      2.36626102325697e-05
    ],
    [
      -0.806849528847498,
      0.000226398777353301,
      0.590756960637929,
      0.29690194227306
    ],
    [
      0.0,
      0.0,
      0.0,
      1.0
    ]
  ],
  "T_WH": {
    "0": [
      [
        0.480176504980338,
        0.874244043552713,
        -0.0716091919900665,
        0.00687021139327994
      ],
      [
        -0.686899086386287,
        0.323992325826932,
        -0.650537176437242,
        -0.0319439479721841
      ],
      [
        -0.54552742294641,
        0.36156095629625,
        0.756090937451039,
        0.264620716358285
      ],
      [
        0.0,
        0.0,
        0.0,
        1.0
      ]
    ],
    "1": [
      [
        -0.38575926269471,
        -0.328677242006443,
        0.862067898620678,
        -0.0404581871467173
      ],
      [
        0.67360677944278,
        -0.738826337317457,
        0.0197370204133629,
        0.0319912731926493
      ],
      [
        0.630431358621984,
        0.588308519293329,
        0.50640832160711,
        0.329183168187835
      ],
      [
        0.0,
        0.0,
        0.0,
        1.0
      ]
    ],
    "2": [
      [
        0.479292917559481,
        -0.874549351826162,
        -0.0737680852249932,
        0.00680232883108991
      ],
      [
        0.688035933007859,
        0.322229868125697,
        0.650211094166887,
        0.0320560143872697
      ],
      [
        -0.544871410579896,
        -0.362396665696771,
        0.756163872863904,
        0.264635205880035
      ],
      [
        0.0,
        0.0,
        0.0,
        1.0
      ]
    ],
    "3": [
      [
        -0.38464808916193,
        0.330149411998343,
        0.862001863838602,
        -0.0403903045845272
      ],
      [
        -0.674435297798439,
        -0.738108293162,
        -0.0182531271022149,
        -0.0320086891668046
      ],
      [
        0.630224465240446,
        -0.588385514201894,
        0.506576361558419,
        0.329168678666085
      ],
      [
        0.0,
        0.0,
        0.0,
        1.0
      ]
    ]
  },
  "T_WP": {
    "0": [
      [
        0.0716091919900666,
        0.874244043552713,
        0.480176504980338,
        0.0404825667419036
      ],
      [
        0.650537176437242,
        0.323992325826932,
        -0.686899086386287,
        -0.0800268840192243
      ],
      [
        -0.756090937451039,
        0.36156095629625,
        -0.54552742294641,
        0.226433796752036
      ],
      [
        0.0,
        0.0,
        0.0,
        1.0
      ]
    ],
    "1": [
      [
        -0.862067898620678,
        -0.328677242006443,
        -0.38575926269471,
        -0.067461335535347
      ],
      [
        -0.0197370204133629,
        -0.738826337317457,
        0.67360677944278,
        0.0791437477536439
      ],
      [
        -0.50640832160711,
        0.588308519293329,
        0.630431358621984,
        0.373313363291374
      ],
      [
        0.0,
        0.0,
        0.0,
        1.0
      ]
    ],
    "2": [
      [
        0.0737680852249933,
        -0.874549351826162,
        0.479292917559481,
        0.0403528330602536
      ],
      [
        -0.650211094166887,
        0.322229868125697,
        0.688035933007859,
        0.0802185296978199
      ],
      [
        -0.756163872863904,
        -0.362396665696771,
        -0.544871410579896,
        0.226494207139443
      ],
      [
        0.0,
        0.0,
        0.0,
        1.0
      ]
    ],
    "3": [
      [
        -0.862001863838602,
        0.330149411998343,
        -0.38464808916193,
        -0.0673156708258624
      ],
      [
        0.0182531271022148,
        -0.738108293162,
        -0.674435297798439,
        -0.0792191600126953
      ],
      [
        -0.506576361558419,
        -0.588385514201894,
        0.630224465240446,
        0.373284391232916
      ],
      [
        0.0,
        0.0,
        0.0,
        1.0
      ]
    ]
  },
  "simTime": 0.391499999999973,
  "state": [
    -0.0167939878767187,
    2.36626102325697e-05,
    0.29690194227306,
    0.891839786933027,
    -0.000138940809521767,
    0.452351080883518,
    0.000524177659029188,
    -0.198105719621171,
    0.000271148764906117,
    1.08188441687715,
    -0.0101034362952439,
    -5.19773211215137,
    0.00418102036722083,
    0.832707270005036,
    0.552623076498861,
    -0.0199628298039821,
    0.0284222312268269,
    0.998415102146225,
    0.0416690839641636,
    -0.0299170197570112,
    0.0231504465786091,
    0.832470646593391,
    -0.552958267418166,
    -0.0201925203135765,
    -0.028671225604562,
    0.99841541264984,
    -0.0416341439059726,
    -0.0298103801630776,
    -0.023336732397653,
    1.00606996259501,
    0.236400649783982,
    -5.40343226488352,
    0.245512416482518,
    0.382632244467774,
    -0.478434749330847,
    -1.00911300039511,
    0.240126867724538,
    5.40724290403124,
    -0.248734869725424,
    0.381760004213165,
    0.477546992480941
  ]
}