{
  "T_WB": [
    [
      -0.972434518689433,
      0.0619340124862185,
      -0.224800544836104,
      -0.231830735155437
    ],
    [
      0.0690828597716422,
      0.997320555839154,
      -0.0240679742905716,
      -0.000832284506920872
    ],
    [
      0.222707578108658,
      -0.038934393510583,
      -0.974107513396206,
      0.16802050027768
    ],
    [
      0.0,
      0.0,
      0.0,
      1.0
    ]
  ],
  "T_WH": {
    "0": [
      [
        -0.702875085804771,
        -0.226722417193391,
        -0.674213289172591,
        -0.272710004302574
      ],
      [
        -0.454131973228553,
        0.872558435729095,
        0.180016463495805,
        -0.0299832279029081
      ],
      [
        0.547476725209829,
        0.432710898614747,
        -0.716261484077946,
        0.178174703994365
      ],
      [
        0.0,
        0.0,
        0.0,
        1.0
      ]
    ],
    "1": [
      [
        0.691149869991852,
        0.721956067165963,
        0.0330347437178268,
        -0.190951466008301
      ],
      [
        0.704608789019689,
        -0.662966910747978,
        -0.252984840829427,
        0.0283186588890664
      ],
      [
        -0.160742998747862,
        0.198127010615761,
        -0.966906084383591,
        0.157866296560995
      ],
      [
        0.0,
        0.0,
        0.0,
        1.0
      ]
    ],
    "2": [
      [
        -0.639114348311786,
        0.322975385990625,
        -0.698011282019287,
        -0.268746227503456
      ],
      [
        0.575924449926026,
        0.802477377631034,
        -0.156016301609233,
        0.0338452876707978
      ],
      [
        0.509748837918642,
        -0.501714020568118,
        -0.698884227755906,
        0.175682902809688
      ],
      [
        0.0,
        0.0,
        0.0,
        1.0
      ]
    ],
    "3": [
      [
        0.594663193773447,
        -0.800868186147551,
        0.070610441068555,
        -0.194915242807419
      ],
      [
        -0.798314080635186,
        -0.577790516833171,
        0.169860964665975,
        -0.0355098566846395
      ],
      [
        -0.0952381994304941,
        -0.157379373090596,
        -0.982935103806375,
        0.160358097745672
      ],
      [
        0.0,
        0.0,
        0.0,
        1.0
      ]
    ]
  },
  "T_WP": {
    "0": [
      [
        0.674213289172591,
        -0.226722417193391,
        -0.702875085804771,
        -0.321911260308908
      ],
      [
        -0.180016463495805,
        0.872558435729095,
        -0.454131973228553,
        -0.0617724660289068
      ],
      [
        0.716261484077946,
        0.432710898614747,
        0.547476725209829,
        0.216498074759053
      ],
      [
        0.0,
        0.0,
        0.0,
        1.0
      ]
    ],
    "1": [
      [
        -0.0330347437178267,
        0.721956067165963,
        0.691149869991852,
        -0.142570975108871
      ],
      [
        0.252984840829427,
        -0.662966910747978,
        0.704608789019689,
        0.0776412741204446
      ],
      [
        0.966906084383591,
        0.198127010615761,
        -0.160742998747862,
        0.146614286648645
      ],
      [
        0.0,
        0.0,
        0.0,
        1.0
      ]
    ],
    "2": [
      [
        0.698011282019287,
        0.322975385990625,
        -0.639114348311786,
        -0.313484231885281
      ],
      [
        0.156016301609233,
        0.802477377631034,
        0.575924449926026,
        0.0741599991656196
      ],
      [
        0.698884227755906,
        -0.501714020568118,
        0.509748837918642,
        0.211365321463993
      ],
      [
        0.0,
        0.0,
        0.0,
        1.0
      ]
    ],
    "3": [
      [
        -0.070610441068555,
        -0.800868186147551,
        0.594663193773447,
        -0.153288819243278
      ],
      [
        -0.169860964665975,
        -0.577790516833171,
        -0.798314080635186,
        -0.0913918423291025
      ],
      [
        0.982935103806375,
        -0.157379373090596,
        -0.0952381994304942,
        0.153691423785538
      ],
      [
        0.0,
        0.0,
        0.0,
        1.0
      ]
    ]
  },
  "simTime": 1.0194999999999,
  "state": [
    -0.231830735155437,
    -0.000832284506920872,
    0.16802050027768,
    -0.112670452818737,
    0.0329865081041441,
    0.992958028811489,
    -0.0158622937659723,
    -0.429600320810191,
    -0.00670149628083935,
    -0.708185155945637,
    0.464390909868066,
    12.7344370352533,
    -0.276081383061886,
    0.951125635119366,
    -0.228224383445088,
    0.1595002904059,
    0.133541433197066,
    0.984536245437068,
    -0.171912956231682,
    0.0133937514182504,
    -0.030901849836396,
    0.949897347302492,
    0.231719695856268,
    0.159930101947226,
    -0.13573273234971,
    0.983694473330297,
    0.17592696460595,
    0.0169766222241893,
    0.0332668087111354,
    1.24441626340307,
    -1.77319751363722,
    2.30821747647035,
    -0.770884256096448,
    -0.556247481214785,
    1.5238069598845,
    -1.21804283239492,
    -1.77958946571195,
    -2.36556431618676,
    0.767767640069352,
    -0.562620159948563,
    -1.58555327546723
  ]
}