{
  "T_WB": [
    [
      -0.761644793511923,
      0.0718459970950258,
      0.643999504050741,
      -0.19915140063922
    ],
    [
      0.0526641655066221,
      0.997409955482003,
      -0.0489884310514237,
      -0.000525655220327138
    ],
    [
      -0.645851139340692,
      -0.00339608698512394,
      -0.763455809071828,
      0.195291684554837
    ],
    [
      0.0,
      0.0,
      0.0,
      1.0
    ]
  ],
  "T_WH": {
    "0": [
      [
        -0.767001831968948,
        -0.640881342386819,
        0.0312936852535323,
        -0.231916264286738
      ],
      [
        -0.634307648858543,
        0.764683269701802,
        0.113636717823549,
        -0.0303362071754863
      ],
      [
        -0.0967574098238783,
        0.0673097468323132,
        -0.993029406223977,
        0.169566313764734
      ],
      [
        0.0,
        0.0,
        0.0,
        1.0
      ]
    ],
    "1": [
      [
        0.479966272816403,
        0.376226370658286,
        0.792518829416705,
        -0.166386536991702
      ],
      [
        0.784618588895044,
        -0.588197986353011,
        -0.195951011251824,
        0.0292848967348321
      ],
      [
        0.392436041819657,
        0.71587488213483,
        -0.577509399238976,
        0.221017055344941
      ],
      [
        0.0,
        0.0,
        0.0,
        1.0
      ]
    ],
    "2": [
      [
        -0.668164400470726,
        0.743935443968268,
        0.0107883803850018,
        -0.227318120472656
      ],
      [
        0.736976466340212,
        0.663764655237548,
        -0.127601608603005,
        0.0334980299753618
      ],
      [
        -0.102088304933964,
        -0.0773080698576548,
        -0.991766827601425,
        0.169348964197686
      ],
      [
        0.0,
        0.0,
        0.0,
        1.0
      ]
    ],
    "3": [
      [
        0.352748793962166,
        -0.453503671779496,
        0.818475844506576,
        -0.170984680805784
      ],
      [
        -0.848024172863448,
        -0.524654915386093,
        0.0747811607323488,
        -0.0345493404160161
      ],
      [
        0.395503843973106,
        -0.720466265305828,
        -0.56965346480011,
        0.221234404911989
      ],
      [
        0.0,
        0.0,
        0.0,
        1.0
      ]
    ]
  },
  "T_WP": {
    "0": [
      [
        -0.0312936852535323,
        -0.640881342386819,
        -0.767001831968948,
        -0.285606392524564
      ],
      [
        -0.113636717823549,
        0.764683269701802,
        -0.634307648858543,
        -0.0747377425955843
      ],
      [
        0.993029406223977,
        0.0673097468323132,
        -0.0967574098238783,
        0.162793295077062
      ],
      [
        0.0,
        0.0,
        0.0,
        1.0
      ]
    ],
    "1": [
      [
        -0.792518829416705,
        0.376226370658286,
        0.479966272816404,
        -0.132788897894554
      ],
      [
        0.195951011251824,
        -0.588197986353011,
        0.784618588895044,
        0.0842081979574852
      ],
      [
        0.577509399238976,
        0.71587488213483,
        0.392436041819657,
        0.248487578272317
      ],
      [
        0.0,
        0.0,
        0.0,
        1.0
      ]
    ],
    "2": [
      [
        -0.0107883803850019,
        0.743935443968268,
        -0.668164400470726,
        -0.274089628505607
      ],
      [
        0.127601608603006,
        0.663764655237548,
        0.736976466340212,
        0.0850863826191767
      ],
      [
        0.991766827601425,
        -0.0773080698576548,
        -0.102088304933964,
        0.162202782852308
      ],
      [
        0.0,
        0.0,
        0.0,
        1.0
      ]
    ],
    "3": [
      [
        -0.818475844506576,
        -0.453503671779496,
        0.352748793962166,
        -0.146292265228432
      ],
      [
        -0.0747811607323488,
        -0.524654915386093,
        -0.848024172863448,
        -0.0939110325164575
      ],
      [
        0.56965346480011,
        -0.720466265305828,
        0.395503843973106,
        0.248919673990107
      ],
      [
        0.0,
        0.0,
        0.0,
        1.0
      ]
    ]
  },
  "simTime": 0.947499999999912,
  "state": [
    -0.19915140063922,
    -0.000525655220327138,
    0.195291684554837,
    0.343623832445543,
    0.0331702429818551,
    0.938417625322776,
    -0.0139555451173803,
    -0.469148987347291,
    -0.00230190354569064,
    -0.0568971345140925,
    0.470692493553118,
    12.9847688667309,
    -0.242272917606766,
    0.941002957998812,
    -0.272734526735569,
    0.19813058045721,
    0.029556455327072,
    0.986799696817374,
    -0.137404732147589,
    0.0260375481269049,
    -0.0816599291704729,
    0.940359873453804,
    0.27516775409828,
    0.197732842756863,
    -0.0301286972460353,
    0.985736170023676,
    0.141327004734918,
    0.029270141804497,
    0.0865686989532325,
    -0.054732141162954,
    -2.05724987049318,
    2.90701509778754,
    -1.12118227785538,
    -0.69293812421263,
    1.08553555146261,
    0.103156531706954,
    -2.03908093555802,
    -2.92199481387682,
    1.13850064306901,
    -0.709237902932622,
    -1.15229211285539
  ]
}