{
  "arms": {
    "0": [
      [
        -0.982089281082153,
        0.044060692191124,
        0.183191940188408,
        0.00714876130223274
      ],
      [
        -0.0915210992097855,
        0.73831307888031,
        -0.668219804763794,
        -0.0319524481892586
      ],
      [
        -0.164695233106613,
        -0.67301744222641,
        -0.721056878566742,
        0.0819928646087646
      ],
      [
        0.0,
        0.0,
        0.0,
        1.0
      ]
    ],
    "1": [
      [
        -0.971869289875031,
        0.20040662586689,
        -0.123722426593304,
        -0.00931546743959188
      ],
      [
        -0.0519445389509201,
        -0.69476854801178,
        -0.717355132102966,
        -0.0320731811225414
      ],
      [
        -0.229721188545227,
        -0.690748751163483,
        0.685634255409241,
        0.160280257463455
      ],
      [
        0.0,
        0.0,
        0.0,
        1.0
      ]
    ],
    "2": [
      [
        -0.992282867431641,
        -0.0591534525156021,
        -0.108975365757942,
        -0.00932123139500618
      ],
      [
        -0.041284866631031,
        -0.671107649803162,
        0.740209460258484,
        0.0319267436861992
      ],
      [
        -0.11692014336586,
        0.738996207714081,
        0.663486480712891,
        0.160377740859985
      ],
      [
        0.0,
        0.0,
        0.0,
        1.0
      ]
    ],
    "3": [
      [
        -0.966353893280029,
        -0.195514440536499,
        0.167135521769524,
        0.00714299641549587
      ],
      [
        -0.0238651987165213,
        0.715135931968689,
        0.698577880859375,
        0.032047476619482
      ],
      [
        -0.256106674671173,
        0.671084761619568,
        -0.695740342140198,
        0.0820903554558754
      ],
      [
        0.0,
        0.0,
        0.0,
        1.0
      ]
    ]
  },
  "arms_in_parent_frame": {
    "0": [
      [
        5.37824185187219e-09,
        4.48921255724599e-09,
        1.0,
        3.72529029846191e-09
      ],
      [
        7.60528173771036e-09,
        1.0,
        4.48921255724599e-09,
        0.0
      ],
      [
        -1.0,
        -7.60528173771036e-09,
        -5.37824185187219e-09,
        0.0
      ],
      [
        0.0,
        0.0,
        0.0,
        1.0
      ]
    ],
    "1": [
      [
        -8.48508818762639e-09,
        -2.20591473976128e-08,
        0.999999940395355,
        1.49011611938477e-08
      ],
      [
        1.9573072052026e-08,
        0.999999940395355,
        -2.20591473976128e-08,
        -7.45058059692383e-09
      ],
      [
        -0.999999940395355,
        -1.9573072052026e-08,
        8.48508818762639e-09,
        1.86264514923096e-09
      ],
      [
        0.0,
        0.0,
        0.0,
        1.0
      ]
    ],
    "2": [
      [
        4.08942923968425e-09,
        4.59156126453308e-08,
        1.0,
        0.0
      ],
      [
        6.16474160608504e-09,
        1.0,
        4.59156126453308e-08,
        7.45058059692383e-09
      ],
      [
        -1.0,
        -6.16474160608504e-09,
        -4.08942923968425e-09,
        9.31322574615479e-10
      ],
      [
        0.0,
        0.0,
        0.0,
        1.0
      ]
    ],
    "3": [
      [
        -1.87591737699222e-08,
        -5.56075008262269e-09,
        0.999999940395355,
        0.0
      ],
      [
        -8.76678285521848e-09,
        1.00000011920929,
        -5.56075008262269e-09,
        7.45058059692383e-09
      ],
      [
        -1.0,
        8.76678285521848e-09,
        1.87591737699222e-08,
        0.0
      ],
      [
        0.0,
        0.0,
        0.0,
        1.0
      ]
    ]
  },
  "arms_link_world": {
    "0": [
      [
        -0.982089281082153,
        0.044060692191124,
        0.183191940188408,
        0.00714876130223274
      ],
      [
        -0.0915210992097855,
        0.73831307888031,
        -0.668219804763794,
        -0.0319524481892586
      ],
      [
        -0.164695233106613,
        -0.67301744222641,
        -0.721056878566742,
        0.0819928646087646
      ],
      [
        0.0,
        0.0,
        0.0,
        1.0
      ]
    ],
    "1": [
      [
        -0.971869289875031,
        0.20040662586689,
        -0.123722426593304,
        -0.00931546743959188
      ],
      [
        -0.0519445389509201,
        -0.69476854801178,
        -0.717355132102966,
        -0.0320731811225414
      ],
      [
        -0.229721188545227,
        -0.690748751163483,
        0.685634255409241,
        0.160280257463455
      ],
      [
        0.0,
        0.0,
        0.0,
        1.0
      ]
    ],
    "2": [
      [
        -0.992282867431641,
        -0.0591534525156021,
        -0.108975365757942,
        -0.00932123139500618
      ],
      [
        -0.041284866631031,
        -0.671107649803162,
        0.740209460258484,
        0.0319267436861992
      ],
      [
        -0.11692014336586,
        0.738996207714081,
        0.663486480712891,
        0.160377740859985
      ],
      [
        0.0,
        0.0,
        0.0,
        1.0
      ]
    ],
    "3": [
      [
        -0.966353893280029,
        -0.195514440536499,
        0.167135521769524,
        0.00714299641549587
      ],
      [
        -0.0238651987165213,
        0.715135931968689,
        0.698577880859375,
        0.032047476619482
      ],
      [
        -0.256106674671173,
        0.671084761619568,
        -0.695740342140198,
        0.0820903554558754
      ],
      [
        0.0,
        0.0,
        0.0,
        1.0
      ]
    ]
  },
  "arms_relative_to_base": {
    "0": [
      [
        -0.0410854145884514,
        0.668791770935059,
        0.74231368303299,
        0.0399999991059303
      ],
      [
        -0.0916834026575089,
        0.737283110618591,
        -0.669333815574646,
        -0.0320000015199184
      ],
      [
        -0.994940221309662,
        -0.0955577120184898,
        0.0310255158692598,
        0.0
      ],
      [
        0.0,
        0.0,
        0.0,
        1.0
      ]
    ],
    "1": [
      [
        0.024711525067687,
        0.716157197952271,
        -0.697501480579376,
        -0.0400000065565109
      ],
      [
        -0.0522068552672863,
        -0.695837914943695,
        -0.716298758983612,
        -0.0320000015199184
      ],
      [
        -0.998330533504486,
        0.0541151687502861,
        0.0201931037008762,
        0.0
      ],
      [
        0.0,
        0.0,
        0.0,
        1.0
      ]
    ],
    "2": [
      [
        -0.0898597911000252,
        -0.736362755298615,
        -0.67059314250946,
        -0.0400000065565109
      ],
      [
        -0.041373535990715,
        -0.669975876808167,
        0.741229057312012,
        0.0319999940693378
      ],
      [
        -0.995094776153564,
        0.0943515002727509,
        0.0297379661351442,
        0.0
      ],
      [
        0.0,
        0.0,
        0.0,
        1.0
      ]
    ],
    "3": [
      [
        0.0517096221446991,
        -0.695876598358154,
        0.716297388076782,
        0.0399999916553497
      ],
      [
        -0.0241682361811399,
        0.716174900531769,
        0.697502195835114,
        0.0319999977946281
      ],
      [
        -0.998369693756104,
        -0.053379200398922,
        0.0202150288969278,
        0.0
      ],
      [
        0.0,
        0.0,
        0.0,
        1.0
      ]
    ]
  },
  "arms_view_frame": {
    "0": [
      [
        -0.982089221477509,
        0.0440606884658337,
        0.183191925287247,
        0.00714876083657146
      ],
      [
        -0.164695233106613,
        -0.673017501831055,
        -0.721056878566742,
        0.0819928646087646
      ],
      [
        0.0915211066603661,
        -0.73831307888031,
        0.668219864368439,
        0.0319524444639683
      ],
      [
        0.0,
        0.0,
        0.0,
        1.0
      ]
    ],
    "1": [
      [
        -0.971869230270386,
        0.200406610965729,
        -0.123722419142723,
        -0.00931546650826931
      ],
      [
        -0.229721188545227,
        -0.690748691558838,
        0.685634315013885,
        0.160280257463455
      ],
      [
        0.051944550126791,
        0.694768607616425,
        0.717355072498322,
        0.0320731736719608
      ],
      [
        0.0,
        0.0,
        0.0,
        1.0
      ]
    ],
    "2": [
      [
        -0.992282807826996,
        -0.0591534487903118,
        -0.108975358307362,
        -0.00932123046368361
      ],
      [
        -0.11692014336586,
        0.738996207714081,
        0.663486421108246,
        0.160377740859985
      ],
      [
        0.0412848703563213,
        0.671107590198517,
        -0.740209460258484,
        -0.0319267511367798
      ],
      [
        0.0,
        0.0,
        0.0,
        1.0
      ]
    ],
    "3": [
      [
        -0.966353833675385,
        -0.195514425635338,
        0.167135506868362,
        0.00714299594983459
      ],
      [
        -0.256106674671173,
        0.671084702014923,
        -0.695740401744843,
        0.0820903554558754
      ],
      [
        0.0238652098923922,
        -0.715135931968689,
        -0.69857782125473,
        -0.0320474803447723
      ],
      [
        0.0,
        0.0,
        0.0,
        1.0
      ]
    ]
  },
  "arms_visual_world": {
    "0": [
      [
        -0.982089281082153,
        0.044060692191124,
        0.183191940188408,
        0.00714876130223274
      ],
      [
        -0.0915210992097855,
        0.73831307888031,
        -0.668219804763794,
        -0.0319524481892586
      ],
      [
        -0.164695233106613,
        -0.67301744222641,
        -0.721056878566742,
        0.0819928646087646
      ],
      [
        0.0,
        0.0,
        0.0,
        1.0
      ]
    ],
    "1": [
      [
        -0.971869289875031,
        0.20040662586689,
        -0.123722426593304,
        -0.00931546743959188
      ],
      [
        -0.0519445389509201,
        -0.69476854801178,
        -0.717355132102966,
        -0.0320731811225414
      ],
      [
        -0.229721188545227,
        -0.690748751163483,
        0.685634255409241,
        0.160280257463455
      ],
      [
        0.0,
        0.0,
        0.0,
        1.0
      ]
    ],
    "2": [
      [
        -0.992282867431641,
        -0.0591534525156021,
        -0.108975365757942,
        -0.00932123139500618
      ],
      [
        -0.041284866631031,
        -0.671107649803162,
        0.740209460258484,
        0.0319267436861992
      ],
      [
        -0.11692014336586,
        0.738996207714081,
        0.663486480712891,
        0.160377740859985
      ],
      [
        0.0,
        0.0,
        0.0,
        1.0
      ]
    ],
    "3": [
      [
        -0.966353893280029,
        -0.195514440536499,
        0.167135521769524,
        0.00714299641549587
      ],
      [
        -0.0238651987165213,
        0.715135931968689,
        0.698577880859375,
        0.032047476619482
      ],
      [
        -0.256106674671173,
        0.671084761619568,
        -0.695740342140198,
        0.0820903554558754
      ],
      [
        0.0,
        0.0,
        0.0,
        1.0
      ]
    ]
  },
  "base": [
    [
      0.205802857875824,
      -9.00726590771228e-05,
      0.978593468666077,
      -0.00108623527921736
    ],
    [
      0.0015091544482857,
      0.999998807907104,
      -0.000225339463213459,
      -1.28514529933454e-05
    ],
    [
      -0.978592336177826,
      0.00152322417125106,
      0.205802753567696,
      0.121185302734375
    ],
    [
      0.0,
      0.0,
      0.0,
      1.0
    ]
  ],
  "base_link_world": [
    [
      0.205802857875824,
      -9.00726590771228e-05,
      0.978593468666077,
      -0.00108623527921736
    ],
    [
      0.0015091544482857,
      0.999998807907104,
      -0.000225339463213459,
      -1.28514529933454e-05
    ],
    [
      -0.978592336177826,
      0.00152322417125106,
      0.205802753567696,
      0.121185302734375
    ],
    [
      0.0,
      0.0,
      0.0,
      1.0
    ]
  ],
  "base_view_frame": [
    [
      0.205802842974663,
      -9.00726518011652e-05,
      0.978593409061432,
      -0.00108623516280204
    ],
    [
      -0.978592336177826,
      0.00152318051550537,
      0.205802753567696,
      0.121185302734375
    ],
    [
      -0.00150911172386259,
      -0.999998807907104,
      0.000225330470129848,
      1.28461560962023e-05
    ],
    [
      0.0,
      0.0,
      0.0,
      1.0
    ]
  ],
  "base_visual_world": [
    [
      -8.87846399564296e-05,
      -0.205802842974663,
      0.978593468666077,
      -0.00108623527921736
    ],
    [
      0.99999874830246,
      -0.00150289584416896,
      -0.000225339463213459,
      -1.28514529933454e-05
    ],
    [
      0.00151709956116974,
      0.978592276573181,
      0.205802753567696,
      0.121185302734375
    ],
    [
      0.0,
      0.0,
      0.0,
      1.0
    ]
  ],
  "view_adjust": [
    [
      0.999999940395355,
      0.0,
      0.0,
      0.0
    ],
    [
      0.0,
      -4.37113882867379e-08,
      1.0,
      0.0
    ],
    [
      0.0,
      -1.0,
      -4.37113882867379e-08,
      0.0
    ],
    [
      0.0,
      0.0,
      0.0,
      1.0
    ]
  ]
}