{
  "T_WB": [
    [
      0.0335893503859616,
      0.10307173278829,
      -0.994106620760907,
      -0.280558448446097
    ],
    [
      -0.152615987028595,
      0.983531653591436,
      0.0968186288220556,
      -0.00359538424984464
    ],
    [
      0.987714592402045,
      0.148464488291695,
      0.0487665835623994,
      0.153874333701865
    ],
    [
      0.0,
      0.0,
      0.0,
      1.0
    ]
  ],
  "T_WH": {
    "0": [
      [
        0.294083199596391,
        0.260981533023032,
        -0.919458379229913,
        -0.282513169879884
      ],
      [
        -0.474234419370301,
        0.87507171033851,
        0.0967016920728316,
        -0.0411730366459144
      ],
      [
        0.829829372340882,
        0.407600467598093,
        0.381110314232183,
        0.188632053772613
      ],
      [
        0.0,
        0.0,
        0.0,
        1.0
      ]
    ],
    "1": [
      [
        0.350318781583757,
        0.220180738648806,
        -0.910382992810025,
        -0.278603727012311
      ],
      [
        0.727339939690636,
        -0.67635043434696,
        0.116304351120241,
        0.0339822681462251
      ],
      [
        -0.590129954671421,
        -0.702901509663157,
        -0.397084505253935,
        0.119116613631118
      ],
      [
        0.0,
        0.0,
        0.0,
        1.0
      ]
    ],
    "2": [
      [
        0.338983350153781,
        0.0088997092507263,
        -0.940750276903372,
        -0.275916578981434
      ],
      [
        0.213861246839208,
        0.973047509937411,
        0.0862665085939074,
        0.0217729891839375
      ],
      [
        0.916162461258318,
        -0.230432937272118,
        0.327943601860512,
        0.198133781023281
      ],
      [
        0.0,
        0.0,
        0.0,
        1.0
      ]
    ],
    "3": [
      [
        -0.0189569398082476,
        -0.398492813986996,
        -0.916975524010228,
        -0.285200317910761
      ],
      [
        -0.374652515100668,
        -0.8474845150324,
        0.37603921299386,
        -0.0289637576836268
      ],
      [
        -0.926971481417768,
        0.35067573908245,
        -0.13323062206988,
        0.109614886380449
      ],
      [
        0.0,
        0.0,
        0.0,
        1.0
      ]
    ]
  },
  "T_WP": {
    "0": [
      [
        0.919458379229913,
        0.260981533023032,
        0.294083199596391,
        -0.261927345908137
      ],
      [
        -0.0967016920728316,
        0.87507171033851,
        -0.474234419370301,
        -0.0743694460018355
      ],
      [
        -0.381110314232183,
        0.407600467598093,
        0.829829372340882,
        0.246720109836475
      ],
      [
        0.0,
        0.0,
        0.0,
        1.0
      ]
    ],
    "1": [
      [
        0.910382992810025,
        0.220180738648806,
        0.350318781583757,
        -0.254081412301448
      ],
      [
        -0.116304351120241,
        -0.67635043434696,
        0.727339939690636,
        0.0848960639245697
      ],
      [
        0.397084505253934,
        -0.702901509663157,
        -0.590129954671421,
        0.0778075168041182
      ],
      [
        0.0,
        0.0,
        0.0,
        1.0
      ]
    ],
    "2": [
      [
        0.940750276903372,
        0.0088997092507263,
        0.338983350153781,
        -0.252187744470669
      ],
      [
        -0.0862665085939074,
        0.973047509937411,
        0.213861246839208,
        0.0367432764626821
      ],
      [
        -0.327943601860512,
        -0.230432937272118,
        0.916162461258318,
        0.262265153311364
      ],
      [
        0.0,
        0.0,
        0.0,
        1.0
      ]
    ],
    "3": [
      [
        0.916975524010228,
        -0.398492813986996,
        -0.0189569398082476,
        -0.286527303697338
      ],
      [
        -0.37603921299386,
        -0.8474845150324,
        -0.374652515100668,
        -0.0551894337406735
      ],
      [
        0.13323062206988,
        0.35067573908245,
        -0.926971481417768,
        0.0447268826812055
      ],
      [
        0.0,
        0.0,
        0.0,
        1.0
      ]
    ]
  },
  "simTime": 1.14849999999989,
  "state": [
    -0.280558448446097,
    -0.00359538424984464,
    0.153874333701865,
    -0.718659792172172,
    -0.0179660320614076,
    0.689415643796084,
    0.0889460223745301,
    -0.305574537641182,
    -0.019765535756359,
    0.294121139911428,
    -1.86099084820049,
    8.80750963090281,
    -2.80597903385015,
    0.957576704483961,
    -0.111999572378659,
    0.128305409181933,
    0.232466498212733,
    0.973329547625251,
    -0.168828220890676,
    0.151789871181352,
    0.0329614707994438,
    0.971199825825021,
    0.0632349151460725,
    0.127380764092202,
    -0.191171087675948,
    0.97681903204495,
    0.170785674307016,
    0.00955690032326236,
    -0.12870702289493,
    2.15456361064693,
    -1.33818287809094,
    0.932933619298011,
    -0.0484227401421282,
    -1.10029114059593,
    1.71058705451364,
    -2.08736845766921,
    -1.28626833184077,
    -0.448992258617737,
    -0.675038591204528,
    -0.226658697925992,
    -2.05977381162225
  ]
}