{
  "T_WB": [
    [
      0.000256356032768745,
      0.050344375793973,
      0.998731884995918,
      -0.168434771737342
    ],
    [
      0.0227856623179685,
      0.99847232604427,
      -0.0503371405274163,
      -0.000418347753678903
    ],
    [
      -0.999740340225559,
      0.0227696717073517,
      -0.000891165542116212,
      0.179596727609468
    ],
    [
      0.0,
      0.0,
      0.0,
      1.0
    ]
  ],
  "T_WH": {
    "0": [
      [
        -0.435950437341597,
        -0.509135153815578,
        0.74211091578743,
        -0.170035537521438
      ],
      [
        -0.790738789193189,
        0.610444495788422,
        -0.0457130706353096,
        -0.0314580356943768
      ],
      [
        -0.429743392557651,
        -0.606744520132492,
        -0.668716459975551,
        0.138878484505811
      ],
      [
        0.0,
        0.0,
        0.0,
        1.0
      ]
    ],
    "1": [
      [
        -0.022035185410487,
        -0.225687251672176,
        0.973950571146496,
        -0.166834005953246
      ],
      [
        0.841380728961777,
        -0.530368680581381,
        -0.103863042465131,
        0.030621340187019
      ],
      [
        0.539993443974715,
        0.817174600125962,
        0.201575676541842,
        0.220314970713126
      ],
      [
        0.0,
        0.0,
        0.0,
        1.0
      ]
    ],
    "2": [
      [
        -0.351011602257824,
        0.567777154823304,
        0.744593820509645,
        -0.166813497470624
      ],
      [
        0.849165522706967,
        0.528121337342331,
        -0.00240168473196315,
        0.0324441931724565
      ],
      [
        -0.394599505988286,
        0.631440381591565,
        -0.667513501263682,
        0.140335743495081
      ],
      [
        0.0,
        0.0,
        0.0,
        1.0
      ]
    ],
    "3": [
      [
        -0.112296633442674,
        0.180746146651104,
        0.977097895089443,
        -0.17005604600406
      ],
      [
        -0.865841485803503,
        -0.5002698840183,
        -0.00696883102814393,
        -0.0332808886798143
      ],
      [
        0.487553061295921,
        -0.84679446952321,
        0.212676135957662,
        0.218857711723856
      ],
      [
        0.0,
        0.0,
        0.0,
        1.0
      ]
    ]
  },
  "T_WP": {
    "0": [
      [
        -0.74211091578743,
        -0.509135153815578,
        -0.435950437341597,
        -0.20055206813535
      ],
      [
        0.0457130706353096,
        0.610444495788422,
        -0.790738789193189,
        -0.0868097509379
      ],
      [
        0.668716459975551,
        -0.606744520132492,
        -0.429743392557651,
        0.108796447026775
      ],
      [
        0.0,
        0.0,
        0.0,
        1.0
      ]
    ],
    "1": [
      [
        -0.973950571146496,
        -0.225687251672176,
        -0.022035185410487,
        -0.16837646893198
      ],
      [
        0.103863042465131,
        -0.530368680581381,
        0.841380728961777,
        0.0895179912143434
      ],
      [
        -0.201575676541842,
        0.817174600125962,
        0.539993443974715,
        0.258114511791356
      ],
      [
        0.0,
        0.0,
        0.0,
        1.0
      ]
    ],
    "2": [
      [
        -0.744593820509645,
        0.567777154823304,
        -0.351011602257824,
        -0.191384309628672
      ],
      [
        0.0024016847319632,
        0.528121337342331,
        0.849165522706967,
        0.0918857797619442
      ],
      [
        0.667513501263682,
        0.631440381591565,
        -0.394599505988286,
        0.112713778075901
      ],
      [
        0.0,
        0.0,
        0.0,
        1.0
      ]
    ],
    "3": [
      [
        -0.977097895089443,
        0.180746146651104,
        -0.112296633442674,
        -0.177916810345047
      ],
      [
        0.00696883102814388,
        -0.5002698840183,
        -0.865841485803503,
        -0.0938897926860595
      ],
      [
        -0.212676135957662,
        -0.84679446952321,
        0.487553061295921,
        0.25298642601457
      ],
      [
        0.0,
        0.0,
        0.0,
        1.0
      ]
    ]
  },
  "simTime": 0.880999999999919,
  "state": [
    -0.168434771737342,
    -0.000418347753678903,
    0.179596727609468,
    0.706724401116681,
    0.0258611461976031,
    0.706948925940484,
    -0.00974874839203921,
    -0.443808983733371,
    -0.00149240313743066,
    0.532000949240279,
    0.482104025603102,
    13.0765541068088,
    -0.215398615160122,
    0.929721120924969,
    -0.267333637569969,
    0.23769583117895,
    -0.0874760274005146,
    0.987862588916395,
    -0.0958737861614782,
    0.0438885701124233,
    -0.114059265121021,
    0.929870122452948,
    0.268269637367668,
    0.236323353105709,
    0.0867423184658619,
    0.9865473406973,
    0.0988351383982833,
    0.0471335701203614,
    0.121385281433074,
    -1.5428113485127,
    -2.27832137327075,
    2.85025277999873,
    -1.28912561534838,
    -0.855001669288064,
    0.616180942419336,
    1.57979723628709,
    -2.24335337864783,
    -2.81711212451388,
    1.32895671861753,
    -0.88478868651094,
    -0.675721866062848
  ]
}