{
  "T_WB": [
    [
      -2.22044604925031e-16,
      1.0561682628552e-20,
      1.0,
      7.74248962202374e-37
    ],
    [
      -8.52130236170393e-20,
      1.0,
      -1.0561682628552e-20,
      3.36593254647449e-21
    ],
    [
      -1.0,
      -8.52130236170393e-20,
      -2.22044604925031e-16,
      0.4716785392
    ],
    [
      0.0,
      0.0,
      0.0,
      1.0
    ]
  ],
  "T_WH": {
    "0": [
      [
        -1.57041529510228e-16,
        -1.55577096261195e-16,
        1.0,
        -8.88212217084537e-18
      ],
      [
        -0.707106779455507,
        0.707106782917588,
        -1.03551013983094e-18,
        -0.032
      ],
      [
        -0.707106782917588,
        -0.707106779455507,
        -2.21054750210728e-16,
        0.4316785392
      ],
      [
        0.0,
        0.0,
        0.0,
        1.0
      ]
    ],
    "1": [
      [
        1.57041529510228e-16,
        1.55584750059541e-16,
        1.0,
        8.88212217084537e-18
      ],
      [
        0.707106779455507,
        -0.707106782917588,
        -1.03009808710557e-18,
        0.032
      ],
      [
        0.707106782917588,
        0.707106779455507,
        -2.21060162263427e-16,
        0.5116785392
      ],
      [
        0.0,
        0.0,
        0.0,
        1.0
      ]
    ],
    "2": [
      [
        -1.57034197085166e-16,
        1.5628829752928e-16,
        1.0,
        -8.88144622315714e-18
      ],
      [
        0.707106779455507,
        0.707106782917588,
        5.27430091677468e-19,
        0.032
      ],
      [
        -0.707106782917588,
        0.707106779455507,
        -2.21552460641451e-16,
        0.4316785392
      ],
      [
        0.0,
        0.0,
        0.0,
        1.0
      ]
    ],
    "3": [
      [
        1.57034197085166e-16,
        -1.55590044951052e-16,
        1.0,
        8.88144622315714e-18
      ],
      [
        -0.707106779455507,
        -0.707106782917588,
        1.02116922593168e-18,
        -0.032
      ],
      [
        0.707106782917588,
        -0.707106779455507,
        -2.21058721509614e-16,
        0.5116785392
      ],
      [
        0.0,
        0.0,
        0.0,
        1.0
      ]
    ]
  },
  "T_WP": {
    "0": [
      [
        -1.0,
        -1.55577096261195e-16,
        -9.58091895528607e-17,
        -1.98750292365614e-17
      ],
      [
        -4.22622925659481e-17,
        0.707106782917588,
        -0.707106779455507,
        -0.0814974745618855
      ],
      [
        1.77756947292958e-16,
        -0.707106779455507,
        -0.707106782917588,
        0.382181064395769
      ],
      [
        0.0,
        0.0,
        0.0,
        1.0
      ]
    ],
    "1": [
      [
        -1.0,
        1.55584750059541e-16,
        2.18273869467596e-16,
        1.98750292365614e-17
      ],
      [
        4.43279007928846e-17,
        -0.707106782917588,
        0.707106779455507,
        0.0814974745618855
      ],
      [
        2.64357965181197e-16,
        0.707106779455507,
        0.707106782917588,
        0.561176014004231
      ],
      [
        0.0,
        0.0,
        0.0,
        1.0
      ]
    ],
    "2": [
      [
        -1.0,
        1.5628829752928e-16,
        -9.58018571277984e-17,
        -1.98738400191188e-17
      ],
      [
        4.27703726141016e-17,
        0.707106782917588,
        0.707106779455507,
        0.0814974745618855
      ],
      [
        1.78254657723681e-16,
        0.707106779455507,
        -0.707106782917588,
        0.382181064395769
      ],
      [
        0.0,
        0.0,
        0.0,
        1.0
      ]
    ],
    "3": [
      [
        -1.0,
        -1.55590044951052e-16,
        2.18266537042534e-16,
        1.98738400191188e-17
      ],
      [
        -4.43189719317107e-17,
        -0.707106782917588,
        -0.707106779455507,
        -0.0814974745618855
      ],
      [
        2.64356524427385e-16,
        -0.707106779455507,
        0.707106782917588,
        0.561176014004231
      ],
      [
        0.0,
        0.0,
        0.0,
        1.0
      ]
    ]
  },
  "simTime": 0.0760000000000011,
  "state": [
    7.74248962202374e-37,
    3.36593254647449e-21,
    0.4716785392,
    0.707106781186548,
    -2.63932347188143e-20,
    0.707106781186548,
    -3.38614721262036e-20,
    -6.61604539898052e-36,
    5.71332735838349e-20,
    -0.745301599999996,
    4.17090890825462e-19,
    -2.98483051919872e-18,
    -4.32996004591037e-18,
    1.0,
    7.12340492694195e-19,
    1.24075100468221e-20,
    -7.55221486033762e-20,
    1.0,
    -7.08513593521315e-19,
    -1.24075100468219e-20,
    7.43605026744397e-20,
    1.0,
    -3.642080960777e-19,
    1.62095349047476e-20,
    4.64239928360492e-20,
    1.0,
    7.13334385191347e-19,
    -1.62095349047474e-20,
    -7.19568342980606e-20,
    2.52813657123296e-17,
    5.93007625201141e-19,
    -5.62129318623505e-18,
    -2.5261278072582e-17,
    -5.93007625201134e-19,
    5.57267173795545e-18,
    -1.35922790682731e-17,
    8.11160545551039e-19,
    3.11497036965073e-18,
    2.5295635705128e-17,
    -8.11160545551031e-19,
    -5.40958014335709e-18
  ]
}