{
  "T_WB": [
    [
      -2.22044604925031e-16,
      1.28405535595249e-19,
      1.0,
      -1.12138660591054e-35
    ],
    [
      -3.04696925600965e-18,
      1.0,
      -1.28405535595249e-19,
      3.25693390040037e-21
    ],
    [
      -1.0,
      -3.04696925600965e-18,
      -2.22044604925031e-16,
      0.133222127575001
    ],
    [
      0.0,
      0.0,
      0.0,
      1.0
    ]
  ],
  "T_WH": {
    "0": [
      [
        -1.57210395417954e-16,
        -1.51791365926475e-16,
        1.0,
        -8.8858931741403e-18
      ],
      [
        -0.707106779455507,
        0.707106782917588,
        -3.83183196598048e-18,
        -0.032
      ],
      [
        -0.707106782917588,
        -0.707106779455507,
        -2.18497240854614e-16,
        0.0932221275750013
      ],
      [
        0.0,
        0.0,
        0.0,
        1.0
      ]
    ],
    "1": [
      [
        1.57210395417954e-16,
        1.51786962371722e-16,
        1.0,
        8.8858931741403e-18
      ],
      [
        0.707106779455507,
        -0.707106782917588,
        -3.83494574941541e-18,
        0.032
      ],
      [
        0.707106782917588,
        0.707106779455507,
        -2.18494127071194e-16,
        0.173222127575001
      ],
      [
        0.0,
        0.0,
        0.0,
        1.0
      ]
    ],
    "2": [
      [
        -1.57032659893758e-16,
        1.52648503700159e-16,
        1.0,
        -8.8776752198622e-18
      ],
      [
        0.707106779455507,
        0.707106782917588,
        3.10006603820446e-18,
        0.032
      ],
      [
        -0.707106782917588,
        0.707106779455507,
        -2.18977650790588e-16,
        0.0932221275750013
      ],
      [
        0.0,
        0.0,
        0.0,
        1.0
      ]
    ],
    "3": [
      [
        1.57032659893758e-16,
        -1.51957398660218e-16,
        1.0,
        8.8776752198622e-18
      ],
      [
        -0.707106779455507,
        -0.707106782917588,
        3.588751099655e-18,
        -0.032
      ],
      [
        0.707106782917588,
        -0.707106779455507,
        -2.1848896573153e-16,
        0.173222127575001
      ],
      [
        0.0,
        0.0,
        0.0,
        1.0
      ]
    ]
  },
  "T_WP": {
    "0": [
      [
        -1.0,
        -1.51791365926475e-16,
        -9.59780554605865e-17,
        -1.98906208533971e-17
      ],
      [
        -3.94659707397985e-17,
        0.707106782917588,
        -0.707106779455507,
        -0.0814974745618855
      ],
      [
        1.75199437936843e-16,
        -0.707106779455507,
        -0.707106782917588,
        0.0437246527707702
      ],
      [
        0.0,
        0.0,
        0.0,
        1.0
      ]
    ],
    "1": [
      [
        -1.0,
        1.51786962371722e-16,
        2.18442735375322e-16,
        1.98906208533971e-17
      ],
      [
        4.71327484551944e-17,
        -0.707106782917588,
        0.707106779455507,
        0.0814974745618855
      ],
      [
        2.61791929988964e-16,
        0.707106779455507,
        0.707106782917588,
        0.222719602379232
      ],
      [
        0.0,
        0.0,
        0.0,
        1.0
      ]
    ],
    "2": [
      [
        -1.0,
        1.52648503700159e-16,
        -9.58003199363902e-17,
        -1.98699614124253e-17
      ],
      [
        4.01977366675746e-17,
        0.707106782917588,
        0.707106779455507,
        0.0814974745618855
      ],
      [
        1.75679847872818e-16,
        0.707106779455507,
        -0.707106782917588,
        0.0437246527707702
      ],
      [
        0.0,
        0.0,
        0.0,
        1.0
      ]
    ],
    "3": [
      [
        -1.0,
        -1.51957398660218e-16,
        2.18264999851126e-16,
        1.98699614124253e-17
      ],
      [
        -4.6886553805434e-17,
        -0.707106782917588,
        -0.707106779455507,
        -0.0814974745618855
      ],
      [
        2.61786768649301e-16,
        -0.707106779455507,
        0.707106782917588,
        0.222719602379232
      ],
      [
        0.0,
        0.0,
        0.0,
        1.0
      ]
    ]
  },
  "simTime": 0.273499999999986,
  "state": [
    -1.12138660591054e-35,
    3.25693390040037e-21,
    0.133222127575001,
    0.707106781186548,
    -1.03186809901503e-18,
    0.707106781186548,
    -1.12266452397632e-18,
    -5.87887405085506e-35,
    -2.35503310931762e-20,
    -2.68210510000008,
    4.43959769266277e-19,
    -1.25493053480407e-17,
    -2.31969180136697e-17,
    1.0,
    2.56354156617548e-18,
    5.51763702347738e-20,
    -1.70199220043485e-18,
    1.0,
    -2.56574334355208e-18,
    -5.51763702347732e-20,
    1.69861491680672e-18,
    1.0,
    -2.22576910451712e-18,
    5.71050328756443e-20,
    1.22093535153823e-18,
    1.0,
    2.57132162448742e-18,
    -5.71050328756436e-20,
    -1.69889029923115e-18,
    9.00042542984712e-18,
    3.46909524441735e-20,
    -2.49337469406693e-17,
    -9.03818464969286e-18,
    -3.46909524441712e-20,
    2.49477175478886e-17,
    -1.38118353553915e-17,
    -7.92928076982017e-20,
    2.11934323490106e-17,
    9.03085314947777e-18,
    7.92928076982031e-20,
    -2.5082354857444e-17
  ]
}