{
  "T_WB": [
    [
      0.894973100238445,
      0.00829973648654868,
      0.446042895049164,
      -0.134854874817424
    ],
    [
      -0.000317765345224864,
      0.999838531857049,
      -0.0179668928623191,
      -0.000200476296705552
    ],
    [
      -0.446119993807463,
      0.0159381488321113,
      0.894831227962589,
      0.100328350225308
    ],
    [
      0.0,
      0.0,
      0.0,
      1.0
    ]
  ],
  "T_WH": {
    "0": [
      [
        -0.0803869753781513,
        0.513720046142402,
        0.854183615144309,
        -0.0993215423754554
      ],
      [
        -0.883810802285913,
        0.359506679098028,
        -0.299388398984729,
        -0.0322080199299401
      ],
      [
        -0.460886536961413,
        -0.779003634057863,
        0.425131671570538,
        0.0819735297103815
      ],
      [
        0.0,
        0.0,
        0.0,
        1.0
      ]
    ],
    "1": [
      [
        -0.483492736836787,
        -0.81653766849119,
        0.31543780585251,
        -0.170388207259392
      ],
      [
        0.869498788104708,
        -0.489585539194568,
        0.0654053307919794,
        0.031807067336529
      ],
      [
        0.101027871948875,
        0.305895792299495,
        0.946689565455829,
        0.118683170740234
      ],
      [
        0.0,
        0.0,
        0.0,
        1.0
      ]
    ],
    "2": [
      [
        -0.0596427215371555,
        -0.508982807347595,
        0.858707894217936,
        -0.0987903592403163
      ],
      [
        0.898877291818562,
        0.346730515576612,
        0.267950674231106,
        0.031781646108911
      ],
      [
        -0.434122517292721,
        0.787854333866698,
        0.436833135861845,
        0.0829935712356366
      ],
      [
        0.0,
        0.0,
        0.0,
        1.0
      ]
    ],
    "3": [
      [
        -0.485406659803965,
        0.817893713885243,
        0.308917865143733,
        -0.170919390394531
      ],
      [
        -0.872207388914826,
        -0.477380156267993,
        -0.106594826909787,
        -0.0321825987023221
      ],
      [
        0.0602880198740902,
        -0.321182283428819,
        0.945096447708439,
        0.117663129214979
      ],
      [
        0.0,
        0.0,
        0.0,
        1.0
      ]
    ]
  },
  "T_WP": {
    "0": [
      [
        -0.854183615144309,
        0.513720046142402,
        -0.0803869753781513,
        -0.104948630651926
      ],
      [
        0.299388398984729,
        0.359506679098028,
        -0.883810802285913,
        -0.094074776089954
      ],
      [
        -0.425131671570538,
        -0.779003634057863,
        -0.460886536961413,
        0.0497114721230825
      ],
      [
        0.0,
        0.0,
        0.0,
        1.0
      ]
    ],
    "1": [
      [
        -0.31543780585251,
        -0.81653766849119,
        -0.483492736836787,
        -0.204232698837967
      ],
      [
        -0.0654053307919794,
        -0.489585539194568,
        0.869498788104708,
        0.0926719825038586
      ],
      [
        -0.946689565455829,
        0.305895792299495,
        0.101027871948875,
        0.125755121776655
      ],
      [
        0.0,
        0.0,
        0.0,
        1.0
      ]
    ],
    "2": [
      [
        -0.858707894217936,
        -0.508982807347595,
        -0.0596427215371554,
        -0.102965349747917
      ],
      [
        -0.267950674231106,
        0.346730515576612,
        0.898877291818562,
        0.0947030565362104
      ],
      [
        -0.436833135861845,
        0.787854333866698,
        -0.434122517292721,
        0.0526049950251461
      ],
      [
        0.0,
        0.0,
        0.0,
        1.0
      ]
    ],
    "3": [
      [
        -0.308917865143733,
        0.817893713885243,
        -0.485406659803965,
        -0.204897856580809
      ],
      [
        0.106594826909786,
        -0.477380156267993,
        -0.872207388914826,
        -0.09323711592636
      ],
      [
        -0.945096447708439,
        -0.321182283428819,
        0.0602880198740903,
        0.121883290606165
      ],
      [
        0.0,
        0.0,
        0.0,
        1.0
      ]
    ]
  },
  "simTime": 0.795999999999929,
  "state": [
    -0.134854874817424,
    -0.000200476296705552,
    0.100328350225308,
    0.973350252999669,
    0.00870833535768392,
    0.229147443612194,
    -0.00221336096775445,
    -0.332876192239745,
    -0.00393844218280071,
    1.35163548065202,
    0.496960371787719,
    12.9766509551901,
    -0.195066477685373,
    0.909834926717978,
    -0.18658718579527,
    0.285978789935059,
    -0.235800254300905,
    0.987208671405864,
    -0.0308845288595161,
    0.0756347930472381,
    -0.136910785034983,
    0.91105683502845,
    0.186020737189155,
    0.284336354702455,
    0.233504959429275,
    0.985593148992784,
    0.0318859017658286,
    0.0792431919954421,
    0.145979280890957,
    -2.98552383814782,
    -2.11518114179579,
    2.37493731566649,
    -1.84761770271706,
    -0.947576081774252,
    0.464105041572876,
    3.01318679599202,
    -2.16599344833523,
    -2.37560377158063,
    1.8626519616086,
    -0.97089211399932,
    -0.399010615545457
  ]
}