{
  "T_WB": [
    [
      -2.22044604925031e-16,
      6.6559624451997e-20,
      1.0,
      -3.40858012762861e-36
    ],
    [
      -9.7897108794418e-19,
      1.0,
      -6.6559624451997e-20,
      5.15205090412586e-21
    ],
    [
      -1.0,
      -9.7897108794418e-19,
      -2.22044604925031e-16,
      0.364884665200002
    ],
    [
      0.0,
      0.0,
      0.0,
      1.0
    ]
  ],
  "T_WH": {
    "0": [
      [
        -1.57134577718468e-16,
        -1.53450970315511e-16,
        1.0,
        -8.88391410498372e-18
      ],
      [
        -0.707106779455507,
        0.707106782917588,
        -2.60470323622348e-18,
        -0.032
      ],
      [
        -0.707106782917588,
        -0.707106779455507,
        -2.19617147159743e-16,
        0.324884665200001
      ],
      [
        0.0,
        0.0,
        0.0,
        1.0
      ]
    ],
    "1": [
      [
        1.57134577718468e-16,
        1.5345609291612e-16,
        1.0,
        8.88391410498372e-18
      ],
      [
        0.707106779455507,
        -0.707106782917588,
        -2.60108101058683e-18,
        0.032
      ],
      [
        0.707106782917588,
        0.707106779455507,
        -2.19620769385362e-16,
        0.404884665200002
      ],
      [
        0.0,
        0.0,
        0.0,
        1.0
      ]
    ],
    "2": [
      [
        -1.57056049450138e-16,
        1.54609592289333e-16,
        1.0,
        -8.87965428901879e-18
      ],
      [
        0.707106779455507,
        0.707106782917588,
        1.72990590878204e-18,
        0.032
      ],
      [
        -0.707106782917588,
        0.707106779455507,
        -2.20380888741072e-16,
        0.324884665200001
      ],
      [
        0.0,
        0.0,
        0.0,
        1.0
      ]
    ],
    "3": [
      [
        1.57056049450138e-16,
        -1.53536707001701e-16,
        1.0,
        8.87965428901879e-18
      ],
      [
        -0.707106779455507,
        -0.707106782917588,
        2.48855037295869e-18,
        -0.032
      ],
      [
        0.707106782917588,
        -0.707106779455507,
        -2.19622244280609e-16,
        0.404884665200002
      ],
      [
        0.0,
        0.0,
        0.0,
        1.0
      ]
    ]
  },
  "T_WP": {
    "0": [
      [
        -1.0,
        -1.53450970315511e-16,
        -9.59022377610999e-17,
        -1.98833345452764e-17
      ],
      [
        -4.06930994695555e-17,
        0.707106782917588,
        -0.707106779455507,
        -0.0814974745618855
      ],
      [
        1.76319344241973e-16,
        -0.707106779455507,
        -0.707106782917588,
        0.27538719039577
      ],
      [
        0.0,
        0.0,
        0.0,
        1.0
      ]
    ],
    "1": [
      [
        -1.0,
        1.5345609291612e-16,
        2.18366917675835e-16,
        1.98833345452764e-17
      ],
      [
        4.58988837163659e-17,
        -0.707106782917588,
        0.707106779455507,
        0.0814974745618855
      ],
      [
        2.62918572303132e-16,
        0.707106779455507,
        0.707106782917588,
        0.454382140004233
      ],
      [
        0.0,
        0.0,
        0.0,
        1.0
      ]
    ],
    "2": [
      [
        -1.0,
        1.54609592289333e-16,
        -9.58237094927703e-17,
        -1.98735777505284e-17
      ],
      [
        4.1567896796997e-17,
        0.707106782917588,
        0.707106779455507,
        0.0814974745618855
      ],
      [
        1.77083085823301e-16,
        0.707106779455507,
        -0.707106782917588,
        0.27538719039577
      ],
      [
        0.0,
        0.0,
        0.0,
        1.0
      ]
    ],
    "3": [
      [
        -1.0,
        -1.53536707001701e-16,
        2.18288389407506e-16,
        1.98735777505284e-17
      ],
      [
        -4.57863530787377e-17,
        -0.707106782917588,
        -0.707106779455507,
        -0.0814974745618855
      ],
      [
        2.6292004719838e-16,
        -0.707106779455507,
        0.707106782917588,
        0.454382140004233
      ],
      [
        0.0,
        0.0,
        0.0,
        1.0
      ]
    ]
  },
  "simTime": 0.165999999999998,
  "state": [
    -3.40858012762861e-36,
    5.15205090412586e-21,
    0.364884665200002,
    0.707106781186548,
    -3.22586166533832e-19,
    0.707106781186548,
    -3.69650928337069e-19,
    -7.12595280208337e-35,
    -1.11536776751858e-20,
    -1.62789559999997,
    6.78419368854987e-19,
    -8.04872115457775e-18,
    -1.50993988131133e-17,
    1.0,
    1.75560520328993e-18,
    3.9133352016974e-20,
    -5.71335390687909e-19,
    1.0,
    -1.75304390298554e-18,
    -3.91333520169736e-20,
    5.6845402088313e-19,
    1.0,
    -1.22335897829756e-18,
    4.69339795401752e-20,
    3.42842123399659e-19,
    1.0,
    1.75980162211326e-18,
    -4.69339795401747e-20,
    -5.62746568610972e-19,
    2.0188580137537e-17,
    5.38512399756376e-19,
    -1.61754569619452e-17,
    -2.04233196889555e-17,
    -5.38512399756372e-19,
    1.61447735775149e-17,
    -2.26015063771382e-17,
    4.69425050439368e-19,
    1.08376007891282e-17,
    2.02856541270345e-17,
    -4.69425050439363e-19,
    -1.62047755508265e-17
  ]
}