{
  "T_WB": [
    [
      0.86781611071995,
      -0.00184810756201861,
      0.496882060929291,
      -0.0361088029236769
    ],
    [
      0.00146626384398004,
      0.999998253928031,
      0.00115853840173086,
      4.03021293167957e-05
    ],
    [
      -0.496883334441033,
      -0.000276838089246879,
      0.867817305263863,
      0.353587106524015
    ],
    [
      0.0,
      0.0,
      0.0,
      1.0
    ]
  ],
  "T_WH": {
    "0": [
      [
        0.263472832250222,
        0.890216661483411,
        -0.371613189060046,
        -0.00133701905289433
      ],
      [
        -0.783876244564787,
        -0.0269523187789342,
        -0.620331851285621,
        -0.031900991442621
      ],
      [
        -0.562245586797312,
        0.454739340864379,
        0.690718489688221,
        0.33372063196523
      ],
      [
        0.0,
        0.0,
        0.0,
        1.0
      ]
    ],
    "1": [
      [
        -0.600797081267496,
        -0.56059294490041,
        0.569893338501463,
        -0.0708805867944595
      ],
      [
        0.706190638937318,
        -0.706272480579037,
        0.0497389651484334,
        0.0319815957012546
      ],
      [
        0.374616668900038,
        0.432336365928914,
        0.820211934854413,
        0.373453581082801
      ],
      [
        0.0,
        0.0,
        0.0,
        1.0
      ]
    ],
    "2": [
      [
        0.260964495694218,
        -0.889699920251297,
        -0.374608574237027,
        -0.00145529793686352
      ],
      [
        0.784234080914537,
        -0.0308935521210321,
        0.619695485516457,
        0.032098896808773
      ],
      [
        -0.562916013557258,
        -0.455499330781265,
        0.689670878998544,
        0.333702914327518
      ],
      [
        0.0,
        0.0,
        0.0,
        1.0
      ]
    ],
    "3": [
      [
        -0.598492160262985,
        0.562852634742907,
        0.57009126082296,
        -0.0707623079104903
      ],
      [
        -0.707924248578711,
        -0.704692900666346,
        -0.0474465385957717,
        -0.0320182925501394
      ],
      [
        0.375033854975805,
        -0.431977808820568,
        0.820210204952711,
        0.373471298720513
      ],
      [
        0.0,
        0.0,
        0.0,
        1.0
      ]
    ]
  },
  "T_WP": {
    "0": [
      [
        0.371613189060046,
        0.890216661483411,
        0.263472832250222,
        0.0171060792046212
      ],
      [
        0.620331851285621,
        -0.0269523187789342,
        -0.783876244564787,
        -0.0867723285621561
      ],
      [
        -0.690718489688221,
        0.454739340864379,
        -0.562245586797312,
        0.294363440889418
      ],
      [
        0.0,
        0.0,
        0.0,
        1.0
      ]
    ],
    "1": [
      [
        -0.569893338501463,
        -0.56059294490041,
        -0.600797081267496,
        -0.112936382483184
      ],
      [
        -0.0497389651484334,
        -0.706272480579037,
        0.706190638937318,
        0.0814149404268668
      ],
      [
        -0.820211934854413,
        0.432336365928914,
        0.374616668900038,
        0.399676747905804
      ],
      [
        0.0,
        0.0,
        0.0,
        1.0
      ]
    ],
    "2": [
      [
        0.374608574237027,
        -0.889699920251297,
        0.260964495694218,
        0.0168122167617317
      ],
      [
        -0.619695485516457,
        -0.0308935521210321,
        0.784234080914537,
        0.0869952824727906
      ],
      [
        -0.689670878998544,
        -0.455499330781265,
        -0.562916013557258,
        0.29429879337851
      ],
      [
        0.0,
        0.0,
        0.0,
        1.0
      ]
    ],
    "3": [
      [
        -0.57009126082296,
        0.562852634742907,
        -0.598492160262985,
        -0.112656759128899
      ],
      [
        0.0474465385957716,
        -0.704692900666346,
        -0.707924248578711,
        -0.0815729899506492
      ],
      [
        -0.820210204952711,
        -0.431977808820568,
        0.375033854975805,
        0.399723668568819
      ],
      [
        0.0,
        0.0,
        0.0,
        1.0
      ]
    ]
  },
  "simTime": 0.477499999999964,
  "state": [
    -0.0361088029236769,
    4.03021293167957e-05,
    0.353587106524015,
    0.966389112872223,
    -0.00037132467446566,
    0.257082106506958,
    0.000857411202654162,
    -0.251264314963028,
    0.000102204041124272,
    0.233699937517209,
    -0.0110780942925582,
    -4.50334561656447,
    0.00202925441456822,
    0.8205391395008,
    0.532145498856498,
    0.0989734388524855,
    -0.183687089899561,
    0.998754519719905,
    0.0479764016910549,
    -0.0136933864561292,
    0.000406678256132778,
    0.82028658809187,
    -0.5325864059998,
    0.0990289249368151,
    0.183507235733834,
    0.998750479049283,
    -0.0480796917912925,
    -0.0136184563007141,
    -0.000601235450739289,
    -1.41822101355333,
    -1.19987312589669,
    -5.60321961231339,
    0.0293564226080098,
    0.303268973451293,
    -0.598066294547892,
    1.41686212758571,
    -1.19940197391062,
    5.60848529766509,
    -0.0325738276262793,
    0.302585935954547,
    0.598629790877461
  ]
}