{
  "T_WB": [
    [
      0.653152968935432,
      -0.00122240164945983,
      0.757225002826133,
      -0.0199386020482146
    ],
    [
      0.000931745256925631,
      0.999999237365421,
      0.000810628986193844,
      2.76883025472697e-05
    ],
    [
      -0.757225416254372,
      0.000176076075771118,
      0.653153609785331,
      0.312496063636106
    ],
    [
      0.0,
      0.0,
      0.0,
      1.0
    ]
  ],
  "T_WH": {
    "0": [
      [
        0.448638615438164,
        0.882489549100257,
        -0.141193443426217,
        0.0062266335619854
      ],
      [
        -0.710623954717157,
        0.256441868339709,
        -0.655172620875283,
        -0.0319350174828692
      ],
      [
        -0.541975080349526,
        0.394271180650152,
        0.742167938130488,
        0.282201412551507
      ],
      [
        0.0,
        0.0,
        0.0,
        1.0
      ]
    ],
    "1": [
      [
        -0.436816885281863,
        -0.374857777746264,
        0.817724070329218,
        -0.0461038376584146
      ],
      [
        0.679034352076063,
        -0.733630827796863,
        0.0264226646409848,
        0.0319903940879637
      ],
      [
        0.59000284527559,
        0.566804600342324,
        0.575003641377588,
        0.342790714720706
      ],
      [
        0.0,
        0.0,
        0.0,
        1.0
      ]
    ],
    "2": [
      [
        0.447436218182734,
        -0.882717976846235,
        -0.143561150771453,
        0.00614839985641997
      ],
      [
        0.711755791807167,
        0.254287119557896,
        0.654783745717547,
        0.0320649337085178
      ],
      [
        -0.541483631781503,
        -0.395154443451467,
        0.742056899660178,
        0.282212681420356
      ],
      [
        0.0,
        0.0,
        0.0,
        1.0
      ]
    ],
    "3": [
      [
        -0.435474470719761,
        0.376491857810139,
        0.817689345872877,
        -0.0460256039528492
      ],
      [
        -0.680027276725808,
        -0.732768317878689,
        -0.0247688357037276,
        -0.0320095571034232
      ],
      [
        0.589851581552703,
        -0.566837254700065,
        0.575126628164501,
        0.342779445851857
      ],
      [
        0.0,
        0.0,
        0.0,
        1.0
      ]
    ]
  },
  "T_WP": {
    "0": [
      [
        0.141193443426217,
        0.882489549100257,
        0.448638615438164,
        0.0376313366426569
      ],
      [
        0.655172620875283,
        0.256441868339709,
        -0.710623954717157,
        -0.0816786943130702
      ],
      [
        -0.742167938130488,
        0.394271180650152,
        -0.541975080349526,
        0.24426315692704
      ],
      [
        0.0,
        0.0,
        0.0,
        1.0
      ]
    ],
    "1": [
      [
        -0.817724070329218,
        -0.374857777746264,
        -0.436816885281863,
        -0.076681019628145
      ],
      [
        -0.0264226646409848,
        -0.733630827796863,
        0.679034352076063,
        0.0795227987332881
      ],
      [
        -0.575003641377588,
        0.566804600342324,
        0.59000284527559,
        0.384090913889997
      ],
      [
        0.0,
        0.0,
        0.0,
        1.0
      ]
    ],
    "2": [
      [
        0.143561150771453,
        -0.882717976846235,
        0.447436218182734,
        0.0374689351292113
      ],
      [
        -0.654783745717547,
        0.254287119557896,
        0.711755791807167,
        0.0818878391350194
      ],
      [
        -0.742056899660178,
        -0.395154443451467,
        -0.541483631781503,
        0.244308827195651
      ],
      [
        0.0,
        0.0,
        0.0,
        1.0
      ]
    ],
    "3": [
      [
        -0.817689345872877,
        0.376491857810139,
        -0.435474470719761,
        -0.0765088169032325
      ],
      [
        0.0247688357037275,
        -0.732768317878689,
        -0.680027276725808,
        -0.0796114664742298
      ],
      [
        -0.575126628164501,
        -0.566837254700065,
        0.589851581552703,
        0.384069056560546
      ],
      [
        0.0,
        0.0,
        0.0,
        1.0
      ]
    ]
  },
  "simTime": 0.406999999999971,
  "state": [
    -0.0199386020482146,
    2.76883025472697e-05,
    0.312496063636106,
    0.9091625014383,
    -0.000174488309135842,
    0.416441069854024,
    0.000592343751248426,
    -0.207623143318305,
    0.00024757900376134,
    0.930182898757575,
    -0.010283146019508,
    -5.09040840981643,
    0.00373684219294548,
    0.829823851315862,
    0.557967933313907,
    0.00448388474655796,
    -0.00663746625581737,
    0.998505901901265,
    0.0434687850092242,
    -0.0267646689711632,
    0.0194956685709181,
    0.829583701021611,
    -0.558329202658897,
    0.0043108208077744,
    0.00638758808389186,
    0.998505268651777,
    -0.0434583022859314,
    -0.0266643934135635,
    -0.0196879293211423,
    0.562366146763075,
    -0.0454103141251233,
    -5.60684838798737,
    0.208019300509317,
    0.378391096166212,
    -0.510480676729839,
    -0.565270881277007,
    -0.042138414568965,
    5.61113513699681,
    -0.21135648561433,
    0.377490275429682,
    0.509865064071371
  ]
}