{
  "arms": {
    "0": [
      [
        -0.844032645225525,
        0.0253889877349138,
        0.535690307617188,
        0.0141305299475789
      ],
      [
        -0.419653445482254,
        -0.653207838535309,
        -0.630246460437775,
        0.345883250236511
      ],
      [
        0.333915829658508,
        -0.756752908229828,
        0.561983346939087,
        0.0319801568984985
      ],
      [
        0.0,
        0.0,
        0.0,
        1.0
      ]
    ],
    "1": [
      [
        -0.871274828910828,
        0.431139469146729,
        -0.234518095850945,
        -0.0248860400170088
      ],
      [
        -0.476270437240601,
        -0.627333521842957,
        0.616132438182831,
        0.41572380065918
      ],
      [
        0.118517957627773,
        0.648514747619629,
        0.751918971538544,
        0.0320606417953968
      ],
      [
        0.0,
        0.0,
        0.0,
        1.0
      ]
    ],
    "2": [
      [
        -0.9848792552948,
        -0.110886447131634,
        -0.13310481607914,
        -0.0249026864767075
      ],
      [
        -0.167591109871864,
        0.804457187652588,
        0.569878756999969,
        0.415788233280182
      ],
      [
        0.0438853166997433,
        0.58356899023056,
        -0.810876846313477,
        -0.0319393239915371
      ],
      [
        0.0,
        0.0,
        0.0,
        1.0
      ]
    ],
    "3": [
      [
        -0.80907154083252,
        -0.37806248664856,
        0.449968785047531,
        0.0141138844192028
      ],
      [
        -0.587624907493591,
        0.533423840999603,
        -0.608404397964478,
        0.345947712659836
      ],
      [
        -0.0100091807544231,
        -0.75665557384491,
        -0.65373706817627,
        -0.0320198051631451
      ],
      [
        0.0,
        0.0,
        0.0,
        1.0
      ]
    ]
  },
  "base": [
    [
      0.487707138061523,
      -0.000260099157458171,
      0.87300717830658,
      -0.00538607779890299
    ],
    [
      -0.873006701469421,
      0.00100707204546779,
      0.487707138061523,
      0.380835741758347
    ],
    [
      -0.00100603338796645,
      -0.999999463558197,
      0.000264087895629928,
      2.04169391508913e-05
    ],
    [
      0.0,
      0.0,
      0.0,
      1.0
    ]
  ]
}