{
  "T_WB": [
    [
      0.573495233508467,
      -0.0681127853839211,
      0.816372381704766,
      -0.0322566654990656
    ],
    [
      -0.0918569235700761,
      0.984906368463997,
      0.146702934365003,
      0.00205171520592081
    ],
    [
      -0.81404270326274,
      -0.159122889071011,
      0.558582476845081,
      0.420189294924475
    ],
    [
      0.0,
      0.0,
      0.0,
      1.0
    ]
  ],
  "T_WH": {
    "0": [
      [
        0.228561572493661,
        -0.264491016318442,
        0.936912007536494,
        -0.00713724702644145
      ],
      [
        -0.665913870050463,
        0.659550595429939,
        0.348642696384749,
        -0.0331395655277301
      ],
      [
        -0.710153733534958,
        -0.703589023759504,
        -0.025380315039596,
        0.392719519244238
      ],
      [
        0.0,
        0.0,
        0.0,
        1.0
      ]
    ],
    "1": [
      [
        -0.550001286960478,
        -0.183761011114345,
        0.814696554022448,
        -0.0573760839716898
      ],
      [
        0.68804888609689,
        -0.652618095730995,
        0.317298521057503,
        0.0372429959395718
      ],
      [
        0.473378616630121,
        0.735065651434403,
        0.485377351551007,
        0.447659070604712
      ],
      [
        0.0,
        0.0,
        0.0,
        1.0
      ]
    ],
    "2": [
      [
        0.112361975999849,
        0.23101861291039,
        0.966439437749913,
        -0.0114964652910124
      ],
      [
        0.353902350909096,
        0.899517273014686,
        -0.256167526375296,
        0.0298944420539657
      ],
      [
        -0.928508434194555,
        0.370808678481481,
        0.0193135080291801,
        0.382535654343693
      ],
      [
        0.0,
        0.0,
        0.0,
        1.0
      ]
    ],
    "3": [
      [
        -0.49731664018291,
        0.230712863697125,
        0.836329919303294,
        -0.0530168657071188
      ],
      [
        -0.539410656903812,
        -0.837241659306256,
        -0.0897916874811071,
        -0.0257910116421241
      ],
      [
        0.679494152009994,
        -0.49578017149416,
        0.540823186390378,
        0.457842935505257
      ],
      [
        0.0,
        0.0,
        0.0,
        1.0
      ]
    ]
  },
  "T_WP": {
    "0": [
      [
        -0.936912007536494,
        -0.264491016318442,
        0.228561572493662,
        0.00886206304811486
      ],
      [
        -0.348642696384749,
        0.659550595429939,
        -0.665913870050463,
        -0.0797535364312625
      ],
      [
        0.025380315039596,
        -0.703589023759504,
        -0.710153733534958,
        0.343008757896791
      ],
      [
        0.0,
        0.0,
        0.0,
        1.0
      ]
    ],
    "1": [
      [
        -0.814696554022448,
        -0.183761011114345,
        -0.550001286960478,
        -0.0958761740589233
      ],
      [
        -0.317298521057503,
        -0.652618095730995,
        0.68804888609689,
        0.0854064179663541
      ],
      [
        -0.485377351551007,
        0.735065651434403,
        0.473378616630121,
        0.480795573768821
      ],
      [
        0.0,
        0.0,
        0.0,
        1.0
      ]
    ],
    "2": [
      [
        -0.966439437749913,
        0.23101861291039,
        0.112361975999849,
        -0.003631126971023
      ],
      [
        0.256167526375296,
        0.899517273014686,
        0.353902350909096,
        0.0546676066176024
      ],
      [
        -0.0193135080291802,
        0.370808678481481,
        -0.928508434194555,
        0.317540063950074
      ],
      [
        0.0,
        0.0,
        0.0,
        1.0
      ]
    ],
    "3": [
      [
        -0.836329919303294,
        0.230712863697125,
        -0.49731664018291,
        -0.0878290305199225
      ],
      [
        0.089791687481107,
        -0.837241659306256,
        -0.539410656903812,
        -0.0635497576253909
      ],
      [
        -0.540823186390378,
        -0.49578017149416,
        0.679494152009994,
        0.505407526145956
      ],
      [
        0.0,
        0.0,
        0.0,
        1.0
      ]
    ]
  }
}