{
  "arms": {
    "0": [
      [
        0.896521270275116,
        0.0819381400942802,
        -0.435356855392456,
        -0.0237587448209524
      ],
      [
        0.285797119140625,
        0.643903017044067,
        0.709724485874176,
        0.335346430540085
      ],
      [
        0.338481158018112,
        -0.760706901550293,
        0.553855121135712,
        0.0321451090276241
      ],
      [
        0.0,
        0.0,
        0.0,
        1.0
      ]
    ],
    "1": [
      [
        0.934088170528412,
        -0.321623712778091,
        0.15503965318203,
        0.00494281901046634
      ],
      [
        0.34262615442276,
        0.685309171676636,
        -0.642618536949158,
        0.260672390460968
      ],
      [
        0.100431263446808,
        0.653383016586304,
        0.750335991382599,
        0.0320509597659111
      ],
      [
        0.0,
        0.0,
        0.0,
        1.0
      ]
    ],
    "2": [
      [
        0.998686730861664,
        -0.0135718388482928,
        0.0494015850126743,
        0.00466609373688698
      ],
      [
        0.0170543156564236,
        -0.821209967136383,
        -0.570371329784393,
        0.260646730661392
      ],
      [
        0.0483100637793541,
        0.570464789867401,
        -0.819900035858154,
        -0.0319484397768974
      ],
      [
        0.0,
        0.0,
        0.0,
        1.0
      ]
    ],
    "3": [
      [
        0.890763640403748,
        0.283540606498718,
        -0.355168551206589,
        -0.0240354705601931
      ],
      [
        0.454044282436371,
        -0.588917195796967,
        0.668595790863037,
        0.335320770740509
      ],
      [
        -0.019590811803937,
        -0.756823182106018,
        -0.653326034545898,
        -0.0318542905151844
      ],
      [
        0.0,
        0.0,
        0.0,
        1.0
      ]
    ]
  },
  "base": [
    [
      -0.358769565820694,
      -0.0043238284997642,
      -0.933416068553925,
      -0.00954632554203272
    ],
    [
      0.933425426483154,
      -0.000401102966861799,
      -0.358771294355392,
      0.297996580600739
    ],
    [
      0.00117686972953379,
      -0.999990582466125,
      0.00417987536638975,
      9.83349091256969e-05
    ],
    [
      0.0,
      0.0,
      0.0,
      1.0
    ]
  ]
}