{
  "T_WB": [
    [
      0.975645020590855,
      -0.00223351384508938,
      0.219344033910598,
      -0.0557475354272338
    ],
    [
      0.00195966774985423,
      0.999997005210387,
      0.0014660397563337,
      4.14393651771514e-05
    ],
    [
      -0.219346651441457,
      -0.00100049295887768,
      0.975646475684333,
      0.344489035038898
    ],
    [
      0.0,
      0.0,
      0.0,
      1.0
    ]
  ],
  "T_WH": {
    "0": [
      [
        0.0566006249946652,
        0.895783101612826,
        -0.440873002252484,
        -0.0166502621605567
      ],
      [
        -0.803114883183734,
        -0.221484995229172,
        -0.553128268394512,
        -0.0318800780915611
      ],
      [
        -0.59312971065273,
        0.385379075396212,
        0.706880551852835,
        0.335747184755923
      ],
      [
        0.0,
        0.0,
        0.0,
        1.0
      ]
    ],
    "1": [
      [
        -0.660605090866665,
        -0.693718863120391,
        0.286975700838935,
        -0.0948448086939108
      ],
      [
        0.73517864421927,
        -0.675198471383813,
        0.0601613274860074,
        0.0319629568219154
      ],
      [
        0.152030506823341,
        0.250721285877196,
        0.956046840799719,
        0.353230885321872
      ],
      [
        0.0,
        0.0,
        0.0,
        1.0
      ]
    ],
    "2": [
      [
        0.0532560484944994,
        -0.894469641178794,
        -0.443945778567868,
        -0.0167932070466424
      ],
      [
        0.801725455388311,
        -0.226739785094725,
        0.553014795496108,
        0.0321197302419037
      ],
      [
        -0.595315116120157,
        -0.385374014257159,
        0.705043815414451,
        0.335683153206555
      ],
      [
        0.0,
        0.0,
        0.0,
        1.0
      ]
    ],
    "3": [
      [
        -0.65756436456385,
        0.696413899880043,
        0.287431359648891,
        -0.0947018638078251
      ],
      [
        -0.737606284838441,
        -0.672791794873633,
        -0.0573425611352378,
        -0.0320368515115494
      ],
      [
        0.153447303731845,
        -0.249717602112036,
        0.956083178480221,
        0.35329491687124
      ],
      [
        0.0,
        0.0,
        0.0,
        1.0
      ]
    ]
  },
  "T_WP": {
    "0": [
      [
        0.440873002252484,
        0.895783101612826,
        0.0566006249946652,
        -0.0126882184109301
      ],
      [
        0.553128268394512,
        -0.221484995229172,
        -0.803114883183734,
        -0.0880981199144224
      ],
      [
        -0.706880551852835,
        0.385379075396212,
        -0.59312971065273,
        0.294228105010232
      ],
      [
        0.0,
        0.0,
        0.0,
        1.0
      ]
    ],
    "1": [
      [
        -0.286975700838935,
        -0.693718863120391,
        -0.660605090866665,
        -0.141087165054577
      ],
      [
        -0.0601613274860073,
        -0.675198471383813,
        0.73517864421927,
        0.0834254619172643
      ],
      [
        -0.956046840799719,
        0.250721285877196,
        0.152030506823341,
        0.363873020799506
      ],
      [
        0.0,
        0.0,
        0.0,
        1.0
      ]
    ],
    "2": [
      [
        0.443945778567868,
        -0.894469641178794,
        0.0532560484944994,
        -0.0130652836520275
      ],
      [
        -0.553014795496108,
        -0.226739785094725,
        0.801725455388311,
        0.0882405121190855
      ],
      [
        -0.705043815414451,
        -0.385374014257159,
        -0.595315116120157,
        0.294011095078144
      ],
      [
        0.0,
        0.0,
        0.0,
        1.0
      ]
    ],
    "3": [
      [
        -0.287431359648891,
        0.696413899880043,
        -0.65756436456385,
        -0.140731369327295
      ],
      [
        0.0573425611352377,
        -0.672791794873633,
        -0.737606284838441,
        -0.0836692914502403
      ],
      [
        -0.956083178480221,
        -0.249717602112036,
        0.153447303731845,
        0.364036228132469
      ],
      [
        0.0,
        0.0,
        0.0,
        1.0
      ]
    ]
  },
  "simTime": 0.549499999999956,
  "state": [
    -0.0557475354272338,
    4.14393651771514e-05,
    0.344489035038898,
    0.993892411366237,
    -0.000620422463992054,
    0.11034662311915,
    0.00105473730028271,
    -0.293135232126749,
    -7.06784292728521e-05,
    -0.487938473882754,
    -0.011602550652718,
    -3.78520147645771,
    0.00090505909062528,
    0.819945951459428,
    0.420037916673634,
    0.16580794425492,
    -0.351801806225783,
    0.998725745039591,
    0.0457213845168397,
    -0.00322276481604128,
    -0.0211200137291118,
    0.819712457111662,
    -0.420457851264455,
    0.166016555109166,
    0.351745911697242,
    0.998719762473289,
    -0.0459265412030722,
    -0.00316501639028266,
    0.0209659612149932,
    -3.34155212967446,
    -1.9720360574132,
    -4.57205637230449,
    -0.171733541662937,
    0.219516702993211,
    -0.609558104246476,
    3.34233394509118,
    -1.97356373456114,
    4.57640850495959,
    0.169184719718864,
    0.219007297955167,
    0.611315060014094
  ]
}