{
  "arms": {
    "0": [
      [
        -0.890048623085022,
        0.191347807645798,
        0.41376256942749,
        0.0178524479269981
      ],
      [
        -0.11829587072134,
        0.779602527618408,
        -0.615000784397125,
        -0.0314339511096478
      ],
      [
        -0.440249413251877,
        -0.596327006816864,
        -0.671248495578766,
        0.0716511383652687
      ],
      [
        0.0,
        0.0,
        0.0,
        1.0
      ]
    ],
    "1": [
      [
        -0.853684723377228,
        0.41337513923645,
        -0.316770285367966,
        -0.0206665974110365
      ],
      [
        -0.0611630454659462,
        -0.68362033367157,
        -0.727270483970642,
        -0.0327465236186981
      ],
      [
        -0.517186164855957,
        -0.601485073566437,
        0.608879506587982,
        0.141755059361458
      ],
      [
        0.0,
        0.0,
        0.0,
        1.0
      ]
    ],
    "2": [
      [
        -0.917987525463104,
        -0.256704539060593,
        -0.302327185869217,
        -0.0207886919379234
      ],
      [
        -0.0585845187306404,
        -0.666151344776154,
        0.743512094020844,
        0.0312433633953333
      ],
      [
        -0.392258584499359,
        0.700246512889862,
        0.596479713916779,
        0.142886072397232
      ],
      [
        0.0,
        0.0,
        0.0,
        1.0
      ]
    ],
    "3": [
      [
        -0.843315422534943,
        -0.397410809993744,
        0.361778557300568,
        0.0177303534001112
      ],
      [
        -0.0267858654260635,
        0.703423321247101,
        0.71026623249054,
        0.0325559377670288
      ],
      [
        -0.536750972270966,
        0.589287936687469,
        -0.60385274887085,
        0.0727821514010429
      ],
      [
        0.0,
        0.0,
        0.0,
        1.0
      ]
    ]
  },
  "arms_in_parent_frame": {
    "0": [
      [
        -2.83242407306261e-09,
        1.33850264205648e-09,
        0.999999940395355,
        -1.86264514923096e-09
      ],
      [
        -6.76471323401984e-09,
        1.0,
        1.33850264205648e-09,
        0.0
      ],
      [
        -1.0,
        6.76471323401984e-09,
        2.83242407306261e-09,
        0.0
      ],
      [
        0.0,
        0.0,
        0.0,
        1.0
      ]
    ],
    "1": [
      [
        -2.27339000957727e-08,
        -1.64782072431535e-08,
        1.0,
        0.0
      ],
      [
        1.78916366166959e-08,
        1.00000011920929,
        -1.64782072431535e-08,
        -7.45058059692383e-09
      ],
      [
        -1.0,
        -1.78916366166959e-08,
        2.27339000957727e-08,
        0.0
      ],
      [
        0.0,
        0.0,
        0.0,
        1.0
      ]
    ],
    "2": [
      [
        -1.02904031962225e-08,
        1.31607542641632e-08,
        1.0,
        0.0
      ],
      [
        1.76993744105403e-08,
        1.0,
        1.31607542641632e-08,
        0.0
      ],
      [
        -1.0,
        -1.76993744105403e-08,
        1.02904031962225e-08,
        -3.72529029846191e-09
      ],
      [
        0.0,
        0.0,
        0.0,
        1.0
      ]
    ],
    "3": [
      [
        2.52751135576545e-08,
        -1.36713254050846e-08,
        1.0,
        -9.31322574615479e-10
      ],
      [
        -3.97651334083093e-09,
        1.0,
        -1.36713254050846e-08,
        3.72529029846191e-09
      ],
      [
        -1.0,
        3.97651334083093e-09,
        -2.52751135576545e-08,
        3.72529029846191e-09
      ],
      [
        0.0,
        0.0,
        0.0,
        1.0
      ]
    ]
  },
  "arms_link_world": {
    "0": [
      [
        -0.890048623085022,
        0.191347807645798,
        0.41376256942749,
        0.0178524479269981
      ],
      [
        -0.11829587072134,
        0.779602527618408,
        -0.615000784397125,
        -0.0314339511096478
      ],
      [
        -0.440249413251877,
        -0.596327006816864,
        -0.671248495578766,
        0.0716511383652687
      ],
      [
        0.0,
        0.0,
        0.0,
        1.0
      ]
    ],
    "1": [
      [
        -0.853684723377228,
        0.41337513923645,
        -0.316770285367966,
        -0.0206665974110365
      ],
      [
        -0.0611630454659462,
        -0.68362033367157,
        -0.727270483970642,
        -0.0327465236186981
      ],
      [
        -0.517186164855957,
        -0.601485073566437,
        0.608879506587982,
        0.141755059361458
      ],
      [
        0.0,
        0.0,
        0.0,
        1.0
      ]
    ],
    "2": [
      [
        -0.917987525463104,
        -0.256704539060593,
        -0.302327185869217,
        -0.0207886919379234
      ],
      [
        -0.0585845187306404,
        -0.666151344776154,
        0.743512094020844,
        0.0312433633953333
      ],
      [
        -0.392258584499359,
        0.700246512889862,
        0.596479713916779,
        0.142886072397232
      ],
      [
        0.0,
        0.0,
        0.0,
        1.0
      ]
    ],
    "3": [
      [
        -0.843315422534943,
        -0.397410809993744,
        0.361778557300568,
        0.0177303534001112
      ],
      [
        -0.0267858654260635,
        0.703423321247101,
        0.71026623249054,
        0.0325559377670288
      ],
      [
        -0.536750972270966,
        0.589287936687469,
        -0.60385274887085,
        0.0727821514010429
      ],
      [
        0.0,
        0.0,
        0.0,
        1.0
      ]
    ]
  },
  "arms_relative_to_base": {
    "0": [
      [
        -0.0446985177695751,
        0.627483546733856,
        0.777345716953278,
        0.03999999538064
      ],
      [
        -0.124359324574471,
        0.768575966358185,
        -0.627555310726166,
        -0.0319999977946281
      ],
      [
        -0.991229951381683,
        -0.124720990657806,
        0.0436791963875294,
        3.72529029846191e-09
      ],
      [
        0.0,
        0.0,
        0.0,
        1.0
      ]
    ],
    "1": [
      [
        0.0411672629415989,
        0.714899718761444,
        -0.698014080524445,
        -0.0399999991059303
      ],
      [
        -0.0686645284295082,
        -0.694930374622345,
        -0.715791046619415,
        -0.0319999977946281
      ],
      [
        -0.996790111064911,
        0.0773959681391716,
        0.0204798895865679,
        -3.72529029846191e-09
      ],
      [
        0.0,
        0.0,
        0.0,
        1.0
      ]
    ],
    "2": [
      [
        -0.0992254093289375,
        -0.748155176639557,
        -0.656062602996826,
        -0.0399999991059303
      ],
      [
        -0.0637560114264488,
        -0.653181552886963,
        0.754512369632721,
        0.0319999977946281
      ],
      [
        -0.993020474910736,
        0.116694703698158,
        0.0171128194779158,
        -3.72529029846191e-09
      ],
      [
        0.0,
        0.0,
        0.0,
        1.0
      ]
    ],
    "3": [
      [
        0.0638685896992683,
        -0.696199834346771,
        0.715001106262207,
        0.03999999538064
      ],
      [
        -0.0346583165228367,
        0.71448427438736,
        0.698792517185211,
        0.0319999977946281
      ],
      [
        -0.997356295585632,
        -0.0694116353988647,
        0.021503983065486,
        0.0
      ],
      [
        0.0,
        0.0,
        0.0,
        1.0
      ]
    ]
  },
  "arms_view_frame": {
    "0": [
      [
        -0.890048563480377,
        0.191347792744637,
        0.413762539625168,
        0.017852446064353
      ],
      [
        -0.440249413251877,
        -0.596327066421509,
        -0.671248495578766,
        0.0716511383652687
      ],
      [
        0.118295893073082,
        -0.779602527618408,
        0.615000784397125,
        0.0314339473843575
      ],
      [
        0.0,
        0.0,
        0.0,
        1.0
      ]
    ],
    "1": [
      [
        -0.853684663772583,
        0.413375109434128,
        -0.316770255565643,
        -0.0206665955483913
      ],
      [
        -0.517186164855957,
        -0.601485013961792,
        0.608879566192627,
        0.141755059361458
      ],
      [
        0.061163067817688,
        0.68362033367157,
        0.727270483970642,
        0.0327465161681175
      ],
      [
        0.0,
        0.0,
        0.0,
        1.0
      ]
    ],
    "2": [
      [
        -0.917987465858459,
        -0.25670450925827,
        -0.302327156066895,
        -0.0207886900752783
      ],
      [
        -0.392258584499359,
        0.700246512889862,
        0.596479654312134,
        0.142886072397232
      ],
      [
        0.0585845373570919,
        0.666151285171509,
        -0.743512094020844,
        -0.0312433689832687
      ],
      [
        0.0,
        0.0,
        0.0,
        1.0
      ]
    ],
    "3": [
      [
        -0.843315362930298,
        -0.397410780191422,
        0.361778527498245,
        0.017730351537466
      ],
      [
        -0.536750972270966,
        0.589287877082825,
        -0.603852808475494,
        0.0727821514010429
      ],
      [
        0.0267858896404505,
        -0.703423321247101,
        -0.71026623249054,
        -0.0325559414923191
      ],
      [
        0.0,
        0.0,
        0.0,
        1.0
      ]
    ]
  },
  "arms_visual_world": {
    "0": [
      [
        -0.890048623085022,
        0.191347807645798,
        0.41376256942749,
        0.0178524479269981
      ],
      [
        -0.11829587072134,
        0.779602527618408,
        -0.615000784397125,
        -0.0314339511096478
      ],
      [
        -0.440249413251877,
        -0.596327006816864,
        -0.671248495578766,
        0.0716511383652687
      ],
      [
        0.0,
        0.0,
        0.0,
        1.0
      ]
    ],
    "1": [
      [
        -0.853684723377228,
        0.41337513923645,
        -0.316770285367966,
        -0.0206665974110365
      ],
      [
        -0.0611630454659462,
        -0.68362033367157,
        -0.727270483970642,
        -0.0327465236186981
      ],
      [
        -0.517186164855957,
        -0.601485073566437,
        0.608879506587982,
        0.141755059361458
      ],
      [
        0.0,
        0.0,
        0.0,
        1.0
      ]
    ],
    "2": [
      [
        -0.917987525463104,
        -0.256704539060593,
        -0.302327185869217,
        -0.0207886919379234
      ],
      [
        -0.0585845187306404,
        -0.666151344776154,
        0.743512094020844,
        0.0312433633953333
      ],
      [
        -0.392258584499359,
        0.700246512889862,
        0.596479713916779,
        0.142886072397232
      ],
      [
        0.0,
        0.0,
        0.0,
        1.0
      ]
    ],
    "3": [
      [
        -0.843315422534943,
        -0.397410809993744,
        0.361778557300568,
        0.0177303534001112
      ],
      [
        -0.0267858654260635,
        0.703423321247101,
        0.71026623249054,
        0.0325559377670288
      ],
      [
        -0.536750972270966,
        0.589287936687469,
        -0.60385274887085,
        0.0727821514010429
      ],
      [
        0.0,
        0.0,
        0.0,
        1.0
      ]
    ]
  },
  "base": [
    [
      0.481488049030304,
      -0.00190773163922131,
      0.876450598239899,
      -0.00146812200546265
    ],
    [
      0.0164071675390005,
      0.9998419880867,
      -0.00683715054765344,
      -9.5294053608086e-05
    ],
    [
      -0.87629908323288,
      0.0176720768213272,
      0.481443285942078,
      0.10726860165596
    ],
    [
      0.0,
      0.0,
      0.0,
      1.0
    ]
  ],
  "base_link_world": [
    [
      0.481488049030304,
      -0.00190773163922131,
      0.876450598239899,
      -0.00146812200546265
    ],
    [
      0.0164071675390005,
      0.9998419880867,
      -0.00683715054765344,
      -9.5294053608086e-05
    ],
    [
      -0.87629908323288,
      0.0176720768213272,
      0.481443285942078,
      0.10726860165596
    ],
    [
      0.0,
      0.0,
      0.0,
      1.0
    ]
  ],
  "base_view_frame": [
    [
      0.481488019227982,
      -0.00190773152280599,
      0.876450538635254,
      -0.00146812188904732
    ],
    [
      -0.87629908323288,
      0.0176720339804888,
      0.481443285942078,
      0.10726860165596
    ],
    [
      -0.0164071284234524,
      -0.9998419880867,
      0.00683712959289551,
      9.52893678913824e-05
    ],
    [
      0.0,
      0.0,
      0.0,
      1.0
    ]
  ],
  "base_visual_world": [
    [
      -0.0019047181122005,
      -0.481488019227982,
      0.876450598239899,
      -0.00146812200546265
    ],
    [
      0.999842047691345,
      -0.0164009090512991,
      -0.00683715054765344,
      -9.5294053608086e-05
    ],
    [
      0.0176665913313627,
      0.876299142837524,
      0.481443285942078,
      0.10726860165596
    ],
    [
      0.0,
      0.0,
      0.0,
      1.0
    ]
  ],
  "view_adjust": [
    [
      0.999999940395355,
      0.0,
      0.0,
      0.0
    ],
    [
      0.0,
      -4.37113882867379e-08,
      1.0,
      0.0
    ],
    [
      0.0,
      -1.0,
      -4.37113882867379e-08,
      0.0
    ],
    [
      0.0,
      0.0,
      0.0,
      1.0
    ]
  ]
}