{
  "T_WB": [
    [
      0.0038788834397393,
      0.096392093200406,
      -0.995335882318981,
      -0.279484225215419
    ],
    [
      -0.139997331520472,
      0.98559330677689,
      0.0949030073482467,
      -0.00352608074263322
    ],
    [
      0.99014428313777,
      0.138976249787647,
      0.0173176373837042,
      0.152782525197099
    ],
    [
      0.0,
      0.0,
      0.0,
      1.0
    ]
  ],
  "T_WH": {
    "0": [
      [
        0.273217324343199,
        0.254447730321239,
        -0.92768995155338,
        -0.282413616860242
      ],
      [
        -0.466354531577644,
        0.87850913108675,
        0.103610605027672,
        -0.0406649598203126
      ],
      [
        0.841347576543571,
        0.404324200526723,
        0.358686766291547,
        0.187941056529405
      ],
      [
        0.0,
        0.0,
        0.0,
        1.0
      ]
    ],
    "1": [
      [
        0.368352618144877,
        0.244880700372818,
        -0.896855501901356,
        -0.276554833570595
      ],
      [
        0.724365983639952,
        -0.680297101469107,
        0.111757664068539,
        0.0336127983350461
      ],
      [
        -0.58276090333098,
        -0.69081784597508,
        -0.427972467842513,
        0.117623993864793
      ],
      [
        0.0,
        0.0,
        0.0,
        1.0
      ]
    ],
    "2": [
      [
        0.314798568543125,
        0.00632283388042315,
        -0.949137441583104,
        -0.276244522895416
      ],
      [
        0.227479283054508,
        0.970331726756713,
        0.0819116342795281,
        0.0224130118134084
      ],
      [
        0.921496086277205,
        -0.241694769949738,
        0.304020724877,
        0.196835536515815
      ],
      [
        0.0,
        0.0,
        0.0,
        1.0
      ]
    ],
    "3": [
      [
        0.00780693882725952,
        -0.40930148935967,
        -0.912365794248175,
        -0.282723927535421
      ],
      [
        -0.392854761500948,
        -0.840288372772134,
        0.373604854023597,
        -0.0294651732986748
      ],
      [
        -0.919567391805615,
        0.35551053626006,
        -0.167356118907866,
        0.108729513878384
      ],
      [
        0.0,
        0.0,
        0.0,
        1.0
      ]
    ]
  },
  "T_WP": {
    "0": [
      [
        0.92768995155338,
        0.254447730321239,
        0.273217324343199,
        -0.263288404156218
      ],
      [
        -0.103610605027672,
        0.87850913108675,
        -0.466354531577644,
        -0.0733097770307477
      ],
      [
        -0.358686766291547,
        0.404324200526723,
        0.841347576543571,
        0.246835386887455
      ],
      [
        0.0,
        0.0,
        0.0,
        1.0
      ]
    ],
    "1": [
      [
        0.896855501901356,
        0.244880700372818,
        0.368352618144877,
        -0.250770150300454
      ],
      [
        -0.111757664068539,
        -0.680297101469107,
        0.724365983639952,
        0.0843184171898428
      ],
      [
        0.427972467842513,
        -0.69081784597508,
        -0.58276090333098,
        0.0768307306316244
      ],
      [
        0.0,
        0.0,
        0.0,
        1.0
      ]
    ],
    "2": [
      [
        0.949137441583104,
        0.00632283388042315,
        0.314798568543125,
        -0.254208623097397
      ],
      [
        -0.0819116342795281,
        0.970331726756713,
        0.227479283054508,
        0.038336561627224
      ],
      [
        -0.304020724877,
        -0.241694769949738,
        0.921496086277205,
        0.261340262555219
      ],
      [
        0.0,
        0.0,
        0.0,
        1.0
      ]
    ],
    "3": [
      [
        0.912365794248175,
        -0.40930148935967,
        0.00780693882725947,
        -0.282177441817513
      ],
      [
        -0.373604854023597,
        -0.840288372772134,
        -0.392854761500948,
        -0.0569650066037412
      ],
      [
        0.167356118907866,
        0.35551053626006,
        -0.919567391805615,
        0.0443597964519905
      ],
      [
        0.0,
        0.0,
        0.0,
        1.0
      ]
    ]
  },
  "simTime": 1.14499999999989,
  "state": [
    -0.279484225215419,
    -0.00352608074263322,
    0.152782525197099,
    -0.70830604748236,
    -0.0155558612678999,
    0.700784700523893,
    0.0834347756739875,
    -0.308306860762658,
    -0.0198380856750719,
    0.329746596611019,
    -1.87012229689857,
    8.82070434884238,
    -2.8006798545422,
    0.957239812133161,
    -0.116334673718433,
    0.129469736947571,
    0.231075253917035,
    0.973164973612979,
    -0.16922293198152,
    0.153068726197619,
    0.0297237024050715,
    0.970823958836973,
    0.0673354209686533,
    0.128807507943755,
    -0.190723380654814,
    0.977080507103047,
    0.171992516431488,
    0.00918488274045343,
    -0.125091545916823,
    2.11854540638806,
    -1.31440199179348,
    0.986780132807981,
    -0.0905736900936892,
    -0.986699480526395,
    1.7062343550166,
    -2.11503659178885,
    -1.27972307341697,
    -0.458979874108979,
    -0.636577861765951,
    -0.238740465776003,
    -2.10160202213295
  ]
}