{
  "T_WB": [
    [
      0.784624800221301,
      -0.000656484121559499,
      0.619970557289846,
      -0.00238102071891138
    ],
    [
      0.0012721283716904,
      0.999999038993788,
      -0.000551090652292886,
      -1.57696389643998e-05
    ],
    [
      -0.619969599712026,
      0.00122108152850025,
      0.78462488132407,
      0.528544318509362
    ],
    [
      0.0,
      0.0,
      0.0,
      1.0
    ]
  ],
  "T_WH": {
    "0": [
      [
        0.672974050335626,
        0.424192566951541,
        0.605942731384679,
        0.0314059995007419
      ],
      [
        -0.51532949916582,
        0.856557210400345,
        -0.0272993150222662,
        -0.0319490841129336
      ],
      [
        -0.53060478217254,
        -0.293888433685712,
        0.795039718304306,
        -0.024837858597393
      ],
      [
        0.0,
        0.0,
        0.0,
        1.0
      ]
    ],
    "1": [
      [
        -0.514856678917314,
        -0.552111462088118,
        0.655816692075731,
        -0.0314059995007419
      ],
      [
        0.749566023657853,
        -0.661163208421697,
        0.0318431783476989,
        0.0319490841129336
      ],
      [
        0.416020884514214,
        0.50797258317792,
        0.754248286963624,
        0.024837858597393
      ],
      [
        0.0,
        0.0,
        0.0,
        1.0
      ]
    ],
    "2": [
      [
        0.672355475381844,
        -0.425945006611857,
        0.605399839830239,
        0.0313639845169621
      ],
      [
        0.517729128540255,
        0.855129109462875,
        0.0266600001909001,
        0.0320508543826688
      ],
      [
        -0.529050719860585,
        0.295508134391687,
        0.795474875984994,
        -0.024759709379569
      ],
      [
        0.0,
        0.0,
        0.0,
        1.0
      ]
    ],
    "3": [
      [
        -0.513997043189746,
        0.55290831806077,
        0.655819663788307,
        -0.0313639845169621
      ],
      [
        -0.751110541816396,
        -0.659361817296895,
        -0.0327863975333582,
        -0.0320508543826688
      ],
      [
        0.414294573419056,
        -0.509445174390872,
        0.754205290836239,
        0.024759709379569
      ],
      [
        0.0,
        0.0,
        0.0,
        1.0
      ]
    ]
  },
  "T_WP": {
    "0": [
      [
        -0.605942731384679,
        0.424192566951541,
        0.672974050335626,
        0.0785141830242358
      ],
      [
        0.0272993150222662,
        0.856557210400345,
        -0.51532949916582,
        -0.068022149054541
      ],
      [
        -0.795039718304306,
        -0.293888433685712,
        -0.53060478217254,
        -0.0619801933494708
      ],
      [
        0.0,
        0.0,
        0.0,
        1.0
      ]
    ],
    "1": [
      [
        -0.655816692075731,
        -0.552111462088118,
        -0.514856678917314,
        -0.067445967024954
      ],
      [
        -0.0318431783476989,
        -0.661163208421697,
        0.749566023657853,
        0.0844187057689833
      ],
      [
        -0.754248286963624,
        0.50797258317792,
        0.416020884514214,
        0.053959320513388
      ],
      [
        0.0,
        0.0,
        0.0,
        1.0
      ]
    ],
    "2": [
      [
        -0.605399839830239,
        -0.425945006611857,
        0.672355475381844,
        0.0784288677936912
      ],
      [
        -0.0266600001909001,
        0.855129109462875,
        0.517729128540255,
        0.0682918933804867
      ],
      [
        -0.795474875984994,
        0.295508134391687,
        -0.529050719860585,
        -0.06179325976981
      ],
      [
        0.0,
        0.0,
        0.0,
        1.0
      ]
    ],
    "3": [
      [
        -0.655819663788307,
        0.55290831806077,
        -0.513997043189746,
        -0.0673437775402444
      ],
      [
        0.0327863975333581,
        -0.659361817296895,
        -0.751110541816396,
        -0.0846285923098166
      ],
      [
        -0.754205290836239,
        -0.509445174390872,
        0.414294573419056,
        0.053760329518903
      ],
      [
        0.0,
        0.0,
        0.0,
        1.0
      ]
    ]
  }
}