{
  "T_WB": [
    [
      -2.22044604925031e-16,
      7.75524602098705e-20,
      1.0,
      -4.59899906074738e-36
    ],
    [
      -1.23843969313129e-18,
      1.0,
      -7.75524602098706e-20,
      4.95004428209293e-21
    ],
    [
      -1.0,
      -1.23843969313129e-18,
      -2.22044604925031e-16,
      0.336689464375002
    ],
    [
      0.0,
      0.0,
      0.0,
      1.0
    ]
  ],
  "T_WH": {
    "0": [
      [
        -1.57150776797717e-16,
        -1.53119863478884e-16,
        1.0,
        -8.88426587572797e-18
      ],
      [
        -0.707106779455507,
        0.707106782917588,
        -2.85028560503131e-18,
        -0.032
      ],
      [
        -0.707106782917588,
        -0.707106779455507,
        -2.19394473749654e-16,
        0.296689464375002
      ],
      [
        0.0,
        0.0,
        0.0,
        1.0
      ]
    ],
    "1": [
      [
        1.57150776797717e-16,
        1.53123584664215e-16,
        1.0,
        8.88426587572797e-18
      ],
      [
        0.707106779455507,
        -0.707106782917588,
        -2.84765432964327e-18,
        0.032
      ],
      [
        0.707106782917588,
        0.707106779455507,
        -2.19397105025029e-16,
        0.376689464375002
      ],
      [
        0.0,
        0.0,
        0.0,
        1.0
      ]
    ],
    "2": [
      [
        -1.57055296621468e-16,
        1.54252826703628e-16,
        1.0,
        -8.87930251827454e-18
      ],
      [
        0.707106779455507,
        0.707106782917588,
        1.98164494408918e-18,
        0.032
      ],
      [
        -0.707106782917588,
        0.707106779455507,
        -2.20128085046485e-16,
        0.296689464375002
      ],
      [
        0.0,
        0.0,
        0.0,
        1.0
      ]
    ],
    "3": [
      [
        1.57055296621468e-16,
        -1.53219742205077e-16,
        1.0,
        8.87930251827454e-18
      ],
      [
        -0.707106779455507,
        -0.707106782917588,
        2.71214600034176e-18,
        -0.032
      ],
      [
        0.707106782917588,
        -0.707106779455507,
        -2.19397583993809e-16,
        0.376689464375002
      ],
      [
        0.0,
        0.0,
        0.0,
        1.0
      ]
    ]
  },
  "T_WP": {
    "0": [
      [
        -1.0,
        -1.53119863478884e-16,
        -9.59184368403493e-17,
        -1.98848202515682e-17
      ],
      [
        -4.04475171007477e-17,
        0.707106782917588,
        -0.707106779455507,
        -0.0814974745618855
      ],
      [
        1.76096670831884e-16,
        -0.707106779455507,
        -0.707106782917588,
        0.247191989570771
      ],
      [
        0.0,
        0.0,
        0.0,
        1.0
      ]
    ],
    "1": [
      [
        -1.0,
        1.53123584664215e-16,
        2.18383116755085e-16,
        1.98848202515682e-17
      ],
      [
        4.61454570354223e-17,
        -0.707106782917588,
        0.707106779455507,
        0.0814974745618855
      ],
      [
        2.62694907942799e-16,
        0.707106779455507,
        0.707106782917588,
        0.426186939179233
      ],
      [
        0.0,
        0.0,
        0.0,
        1.0
      ]
    ],
    "2": [
      [
        -1.0,
        1.54252826703628e-16,
        -9.58229566641003e-17,
        -1.98731732817773e-17
      ],
      [
        4.13161577616898e-17,
        0.707106782917588,
        0.707106779455507,
        0.0814974745618855
      ],
      [
        1.76830282128714e-16,
        0.707106779455507,
        -0.707106782917588,
        0.247191989570771
      ],
      [
        0.0,
        0.0,
        0.0,
        1.0
      ]
    ],
    "3": [
      [
        -1.0,
        -1.53219742205077e-16,
        2.18287636578836e-16,
        1.98731732817773e-17
      ],
      [
        -4.60099487061208e-17,
        -0.707106782917588,
        -0.707106779455507,
        -0.0814974745618855
      ],
      [
        2.62695386911579e-16,
        -0.707106779455507,
        0.707106782917588,
        0.426186939179233
      ],
      [
        0.0,
        0.0,
        0.0,
        1.0
      ]
    ]
  },
  "simTime": 0.182499999999996,
  "state": [
    -4.59899906074738e-36,
    4.95004428209293e-21,
    0.336689464375002,
    0.707106781186548,
    -4.10435617295811e-19,
    0.707106781186548,
    -4.6527348780791e-19,
    -7.46142227480563e-35,
    -1.34174118316758e-20,
    -1.78970449999996,
    6.53452480120712e-19,
    -8.91097785300687e-18,
    -1.63408750409488e-17,
    1.0,
    1.91727206723971e-18,
    4.33463372967533e-20,
    -7.11860767033664e-19,
    1.0,
    -1.91541147457421e-18,
    -4.33463372967528e-20,
    7.0874581671595e-19,
    1.0,
    -1.40562832551392e-18,
    5.04441195501069e-20,
    4.3966535977845e-19,
    1.0,
    1.92217057478953e-18,
    -5.04441195501064e-20,
    -7.0366442837592e-19,
    1.89361347900111e-17,
    4.79137742380844e-19,
    -1.78735612224525e-17,
    -1.88888476613033e-17,
    -4.7913774238084e-19,
    1.7847931720601e-17,
    -2.15246048620258e-17,
    3.8154091940878e-19,
    1.26327152142119e-17,
    1.90374218562841e-17,
    -3.81540919408776e-19,
    -1.79366018339865e-17
  ]
}