{
  "T_WB": [
    [
      -2.22044604925031e-16,
      1.1870495887618e-19,
      1.0,
      -9.9186172811185e-36
    ],
    [
      -2.58620408204914e-18,
      1.0,
      -1.1870495887618e-19,
      3.71536561757692e-21
    ],
    [
      -1.0,
      -2.58620408204914e-18,
      -2.22044604925031e-16,
      0.186144670300003
    ],
    [
      0.0,
      0.0,
      0.0,
      1.0
    ]
  ],
  "T_WH": {
    "0": [
      [
        -1.57201798654223e-16,
        -1.52008347928593e-16,
        1.0,
        -8.88558275568529e-18
      ],
      [
        -0.707106779455507,
        0.707106782917588,
        -3.67232369059558e-18,
        -0.032
      ],
      [
        -0.707106782917588,
        -0.707106779455507,
        -2.18644591469386e-16,
        0.146144670300003
      ],
      [
        0.0,
        0.0,
        0.0,
        1.0
      ]
    ],
    "1": [
      [
        1.57201798654223e-16,
        1.52005582835289e-16,
        1.0,
        8.88558275568529e-18
      ],
      [
        0.707106779455507,
        -0.707106782917588,
        -3.67427890682644e-18,
        0.032
      ],
      [
        0.707106782917588,
        0.707106779455507,
        -2.18642636253164e-16,
        0.226144670300003
      ],
      [
        0.0,
        0.0,
        0.0,
        1.0
      ]
    ],
    "2": [
      [
        -1.57040144014748e-16,
        1.52946112632957e-16,
        1.0,
        -8.87798563831722e-18
      ],
      [
        0.707106779455507,
        0.707106782917588,
        2.89491681585694e-18,
        0.032
      ],
      [
        -0.707106782917588,
        0.707106779455507,
        -2.19193384157313e-16,
        0.146144670300003
      ],
      [
        0.0,
        0.0,
        0.0,
        1.0
      ]
    ],
    "3": [
      [
        1.57040144014748e-16,
        -1.52161471207652e-16,
        1.0,
        8.87798563831722e-18
      ],
      [
        -0.707106779455507,
        -0.707106782917588,
        3.44974208984761e-18,
        -0.032
      ],
      [
        0.707106782917588,
        -0.707106779455507,
        -2.18638558886038e-16,
        0.226144670300003
      ],
      [
        0.0,
        0.0,
        0.0,
        1.0
      ]
    ]
  },
  "T_WP": {
    "0": [
      [
        -1.0,
        -1.52008347928593e-16,
        -9.5969458696855e-17,
        -1.98897086614809e-17
      ],
      [
        -3.96254790151834e-17,
        0.707106782917588,
        -0.707106779455507,
        -0.0814974745618855
      ],
      [
        1.75346788551615e-16,
        -0.707106779455507,
        -0.707106782917588,
        0.0966471954957715
      ],
      [
        0.0,
        0.0,
        0.0,
        1.0
      ]
    ],
    "1": [
      [
        -1.0,
        1.52005582835289e-16,
        2.1843413861159e-16,
        1.98897086614809e-17
      ],
      [
        4.69720816126055e-17,
        -0.707106782917588,
        0.707106779455507,
        0.0814974745618855
      ],
      [
        2.61940439170935e-16,
        0.707106779455507,
        0.707106782917588,
        0.275642145104234
      ],
      [
        0.0,
        0.0,
        0.0,
        1.0
      ]
    ],
    "2": [
      [
        -1.0,
        1.52946112632957e-16,
        -9.58078040573808e-17,
        -1.98707957193496e-17
      ],
      [
        4.04028858899221e-17,
        0.707106782917588,
        0.707106779455507,
        0.0814974745618855
      ],
      [
        1.75895581239542e-16,
        0.707106779455507,
        -0.707106782917588,
        0.0966471954957715
      ],
      [
        0.0,
        0.0,
        0.0,
        1.0
      ]
    ],
    "3": [
      [
        -1.0,
        -1.52161471207652e-16,
        2.18272483972116e-16,
        1.98707957193496e-17
      ],
      [
        -4.67475447956266e-17,
        -0.707106782917588,
        -0.707106779455507,
        -0.0814974745618855
      ],
      [
        2.61936361803809e-16,
        -0.707106779455507,
        0.707106782917588,
        0.275642145104234
      ],
      [
        0.0,
        0.0,
        0.0,
        1.0
      ]
    ]
  },
  "simTime": 0.252999999999988,
  "state": [
    -9.9186172811185e-36,
    3.71536561757692e-21,
    0.186144670300003,
    0.707106781186548,
    -8.72392681283731e-19,
    0.707106781186548,
    -9.56329762665548e-19,
    -6.65127058387193e-35,
    -2.13867729226842e-20,
    -2.48106980000005,
    5.01537083381213e-19,
    -1.19184504821615e-17,
    -2.15757209879798e-17,
    1.0,
    2.4584802369144e-18,
    5.43076601503695e-20,
    -1.45238056362892e-18,
    1.0,
    -2.45986278356654e-18,
    -5.43076601503689e-20,
    1.44890254771166e-18,
    1.0,
    -2.07353496632006e-18,
    5.74174215895906e-20,
    1.01192804984782e-18,
    1.0,
    2.46585567897212e-18,
    -5.74174215895899e-20,
    -1.44782415049593e-18,
    1.17158721977477e-17,
    1.35293100258675e-19,
    -2.37299027468346e-17,
    -1.13274970131542e-17,
    -1.35293100258672e-19,
    2.37355346400474e-17,
    -1.56623418540163e-17,
    1.9030033429124e-20,
    1.95549894510878e-17,
    1.17437572895892e-17,
    -1.90300334291225e-20,
    -2.38647530745428e-17
  ]
}