{
  "T_WB": [
    [
      0.163555776350832,
      -2.97979372217226e-05,
      0.986534088176562,
      -0.00202475995121421
    ],
    [
      0.000248487498862914,
      0.999999969066573,
      -1.09916419716148e-05,
      -5.42011740365301e-06
    ],
    [
      -0.986534057332153,
      0.000246939134650037,
      0.163555778695906,
      0.266298570463436
    ],
    [
      0.0,
      0.0,
      0.0,
      1.0
    ]
  ],
  "T_WH": {
    "0": [
      [
        0.193396212188458,
        -0.0613912685057949,
        0.979198150152668,
        0.00451842463681017
      ],
      [
        -0.624905625283938,
        0.76170293630021,
        0.171177090523608,
        -0.0319954796275795
      ],
      [
        -0.756366884917397,
        -0.645011433218735,
        0.108946713660699,
        0.226829306117841
      ],
      [
        0.0,
        0.0,
        0.0,
        1.0
      ]
    ],
    "1": [
      [
        -0.0778246363591334,
        -0.0429088971634121,
        0.996043248317958,
        -0.00856794453923858
      ],
      [
        0.687251741286785,
        -0.726073302568938,
        0.0224188178751325,
        0.0319846393927722
      ],
      [
        0.722238444056983,
        0.686277193152195,
        0.0859956050347531,
        0.305767834809031
      ],
      [
        0.0,
        0.0,
        0.0,
        1.0
      ]
    ],
    "2": [
      [
        0.193902316044548,
        0.0609558425704695,
        0.979125261184229,
        0.00451651756882798
      ],
      [
        0.62483509307732,
        0.761763754125607,
        -0.171163925403453,
        0.0320045183926812
      ],
      [
        -0.75629557600955,
        0.644980905265408,
        0.109620406637619,
        0.226845110222458
      ],
      [
        0.0,
        0.0,
        0.0,
        1.0
      ]
    ],
    "3": [
      [
        -0.0777926554143657,
        0.0431310172771371,
        0.996036153014649,
        -0.00856603747125639
      ],
      [
        -0.687592697961474,
        -0.725754839913986,
        -0.0222754136097394,
        -0.0320153586274885
      ],
      [
        0.721917297530432,
        -0.686600049293665,
        0.0861149687121465,
        0.305752030704413
      ],
      [
        0.0,
        0.0,
        0.0,
        1.0
      ]
    ]
  },
  "T_WP": {
    "0": [
      [
        -0.979198150152668,
        -0.0613912685057949,
        0.193396212188458,
        0.0180561594900022
      ],
      [
        -0.171177090523608,
        0.76170293630021,
        -0.624905625283938,
        -0.0757388733974552
      ],
      [
        -0.108946713660699,
        -0.645011433218735,
        -0.756366884917397,
        0.173883624173623
      ],
      [
        0.0,
        0.0,
        0.0,
        1.0
      ]
    ],
    "1": [
      [
        -0.996043248317958,
        -0.0429088971634121,
        -0.0778246363591333,
        -0.0140156690843779
      ],
      [
        -0.0224188178751325,
        -0.726073302568938,
        0.687251741286785,
        0.0800922612828471
      ],
      [
        -0.085995605034753,
        0.686277193152195,
        0.722238444056983,
        0.356324525893019
      ],
      [
        0.0,
        0.0,
        0.0,
        1.0
      ]
    ],
    "2": [
      [
        -0.979125261184229,
        0.0609558425704695,
        0.193902316044549,
        0.0180896796919464
      ],
      [
        0.171163925403453,
        0.761763754125607,
        0.62483509307732,
        0.0757429749080936
      ],
      [
        -0.109620406637619,
        0.644980905265408,
        -0.75629557600955,
        0.17390441990179
      ],
      [
        0.0,
        0.0,
        0.0,
        1.0
      ]
    ],
    "3": [
      [
        -0.996036153014649,
        0.0431310172771371,
        -0.0777926554143657,
        -0.014011523350262
      ],
      [
        0.0222754136097394,
        -0.725754839913986,
        -0.687592697961474,
        -0.0801468474847917
      ],
      [
        -0.0861149687121465,
        -0.686600049293665,
        0.721917297530432,
        0.356286241531543
      ],
      [
        0.0,
        0.0,
        0.0,
        1.0
      ]
    ]
  }
}