{
  "T_WB": [
    [
      0.509627718411108,
      -0.000861057719375039,
      0.860394588085428,
      -0.0132381640848532
    ],
    [
      0.000662172064544755,
      0.999999595595319,
      0.000608553493897341,
      1.84347173420423e-05
    ],
    [
      -0.860394764137512,
      0.000259593532089651,
      0.509628082483641,
      0.275216622508952
    ],
    [
      0.0,
      0.0,
      0.0,
      1.0
    ]
  ],
  "T_WH": {
    "0": [
      [
        0.509934309993805,
        0.859984126480464,
        0.0198570313182655,
        0.00717449849861115
      ],
      [
        -0.656669926286484,
        0.404081074066921,
        -0.636791247970501,
        -0.0319550654591264
      ],
      [
        -0.555654215679181,
        0.311682190351898,
        0.770780516629344,
        0.240792524950425
      ],
      [
        0.0,
        0.0,
        0.0,
        1.0
      ]
    ],
    "1": [
      [
        -0.318550308416299,
        -0.271953117591165,
        0.908056827979575,
        -0.0336508266683175
      ],
      [
        0.667574568725739,
        -0.744458233073774,
        0.0112309571861597,
        0.0319919348938105
      ],
      [
        0.672956087867941,
        0.609773270192388,
        0.418696384938246,
        0.309640720067479
      ],
      [
        0.0,
        0.0,
        0.0,
        1.0
      ]
    ],
    "2": [
      [
        0.509428950208504,
        -0.860325096021799,
        0.0179686906741646,
        0.00711939080457115
      ],
      [
        0.657735083490557,
        0.402762692396111,
        0.636527119264769,
        0.0320449086589741
      ],
      [
        -0.554857373236701,
        -0.312446703885507,
        0.771044974431421,
        0.240809138936478
      ],
      [
        0.0,
        0.0,
        0.0,
        1.0
      ]
    ],
    "3": [
      [
        -0.317716018148943,
        0.273221145025652,
        0.907968467361313,
        -0.0335957189742775
      ],
      [
        -0.668210911644254,
        -0.74390511149518,
        -0.00996808160578738,
        -0.03200803922429
      ],
      [
        0.672718893276483,
        -0.609881456516113,
        0.418919920302972,
        0.309624106081426
      ],
      [
        0.0,
        0.0,
        0.0,
        1.0
      ]
    ]
  },
  "T_WP": {
    "0": [
      [
        -0.0198570313182655,
        0.859984126480464,
        0.509934309993805,
        0.0428699001981775
      ],
      [
        0.636791247970501,
        0.404081074066921,
        -0.656669926286484,
        -0.0779219602991803
      ],
      [
        -0.770780516629344,
        0.311682190351898,
        -0.555654215679181,
        0.201896729852882
      ],
      [
        0.0,
        0.0,
        0.0,
        1.0
      ]
    ],
    "1": [
      [
        -0.908056827979575,
        -0.271953117591165,
        -0.318550308416299,
        -0.0559493482574584
      ],
      [
        -0.0112309571861596,
        -0.744458233073774,
        0.667574568725739,
        0.0787221547046122
      ],
      [
        -0.418696384938246,
        0.609773270192388,
        0.672956087867941,
        0.356747646218235
      ],
      [
        0.0,
        0.0,
        0.0,
        1.0
      ]
    ],
    "2": [
      [
        -0.0179686906741646,
        -0.860325096021799,
        0.509428950208504,
        0.0427794173191664
      ],
      [
        -0.636527119264769,
        0.402762692396111,
        0.657735083490557,
        0.078086364503313
      ],
      [
        -0.771044974431421,
        -0.312446703885507,
        -0.554857373236701,
        0.201969122809909
      ],
      [
        0.0,
        0.0,
        0.0,
        1.0
      ]
    ],
    "3": [
      [
        -0.907968467361313,
        0.273221145025652,
        -0.317716018148943,
        -0.0558358402447035
      ],
      [
        0.00996808160578733,
        -0.74390511149518,
        -0.668210911644254,
        -0.0787828030393877
      ],
      [
        -0.418919920302972,
        -0.609881456516113,
        0.672718893276483,
        0.356714428610779
      ],
      [
        0.0,
        0.0,
        0.0,
        1.0
      ]
    ]
  },
  "simTime": 0.372999999999975,
  "state": [
    -0.0132381640848532,
    1.84347173420423e-05,
    0.275216622508952,
    0.868800235452614,
    -0.000100414326437738,
    0.495162547730685,
    0.000438314160655771,
    -0.186092562927271,
    0.000292606264731258,
    1.26237493334283,
    -0.0099013802729276,
    -5.31246026679946,
    0.00472076343435853,
    0.836883555133566,
    0.541067445531114,
    -0.0499163366267211,
    0.0661837885830528,
    0.99829886286739,
    0.0391379863001139,
    -0.0336376660304487,
    0.0271312707050609,
    0.836650925942466,
    -0.541370393930953,
    -0.0502120319671308,
    -0.066423463778934,
    0.998300317778941,
    -0.0390755930643223,
    -0.0335242523864022,
    -0.0273074724401545,
    1.62912481179167,
    0.53021802043268,
    -4.95383752307608,
    0.293983580769832,
    0.367978796325978,
    -0.428957481733217,
    -1.63227227923579,
    0.534044525865335,
    4.95692886385345,
    -0.296945530654749,
    0.367299215233037,
    0.427677201723633
  ]
}