{
  "T_WB": [
    [
      -0.809526715707912,
      0.0724282835091605,
      0.582598180827127,
      -0.201963679883031
    ],
    [
      0.0549680233477374,
      0.997352320736578,
      -0.0476116028989267,
      -0.000540179819860566
    ],
    [
      -0.584504074377933,
      -0.00651859411830259,
      -0.811364588188514,
      0.194791885397416
    ],
    [
      0.0,
      0.0,
      0.0,
      1.0
    ]
  ],
  "T_WH": {
    "0": [
      [
        -0.784258101410605,
        -0.61936902296344,
        -0.0363489169735256,
        -0.23666245358364
      ],
      [
        -0.618539399931596,
        0.775943539441282,
        0.123776550006842,
        -0.0302567331495216
      ],
      [
        -0.0484586535522286,
        0.119555999400489,
        -0.99164415084407,
        0.171620317434085
      ],
      [
        0.0,
        0.0,
        0.0,
        1.0
      ]
    ],
    "1": [
      [
        0.515776784803234,
        0.421786483899483,
        0.745701327783282,
        -0.167264906182421
      ],
      [
        0.778452717240293,
        -0.594197731014174,
        -0.202337400098972,
        0.0291763735098004
      ],
      [
        0.357750856433975,
        0.684854158531084,
        -0.634814229726649,
        0.217963453360748
      ],
      [
        0.0,
        0.0,
        0.0,
        1.0
      ]
    ],
    "2": [
      [
        -0.68681364691964,
        0.72448061439796,
        -0.0584367501363595,
        -0.232027043439054
      ],
      [
        0.724540820839614,
        0.676049873356444,
        -0.134153522770721,
        0.0335738153776194
      ],
      [
        -0.0576854690715347,
        -0.134478281132273,
        -0.989236058057786,
        0.171203127410513
      ],
      [
        0.0,
        0.0,
        0.0,
        1.0
      ]
    ],
    "3": [
      [
        0.38835218035624,
        -0.500810636917186,
        0.773544627001673,
        -0.171900316327007
      ],
      [
        -0.845305356452536,
        -0.527854621599996,
        0.0826338478359549,
        -0.0346541750173405
      ],
      [
        0.366935196411036,
        -0.685972451637912,
        -0.62833140716398,
        0.218380643384319
      ],
      [
        0.0,
        0.0,
        0.0,
        1.0
      ]
    ]
  },
  "T_WP": {
    "0": [
      [
        0.0363489169735255,
        -0.61936902296344,
        -0.784258101410605,
        -0.291560520682383
      ],
      [
        -0.123776550006842,
        0.775943539441282,
        -0.618539399931596,
        -0.0735544911447333
      ],
      [
        0.99164415084407,
        0.119555999400489,
        -0.0484586535522286,
        0.168228211685429
      ],
      [
        0.0,
        0.0,
        0.0,
        1.0
      ]
    ],
    "1": [
      [
        -0.745701327783282,
        0.421786483899483,
        0.515776784803234,
        -0.131160531246195
      ],
      [
        0.202337400098972,
        -0.594197731014174,
        0.778452717240293,
        0.083668063716621
      ],
      [
        0.634814229726649,
        0.684854158531084,
        0.357750856433975,
        0.243006013311126
      ],
      [
        0.0,
        0.0,
        0.0,
        1.0
      ]
    ],
    "2": [
      [
        0.0584367501363595,
        0.72448061439796,
        -0.68681364691964,
        -0.280103998723429
      ],
      [
        0.134153522770721,
        0.676049873356444,
        0.724540820839614,
        0.0842916728363924
      ],
      [
        0.989236058057786,
        -0.134478281132273,
        -0.0576854690715348,
        0.167165144575506
      ],
      [
        0.0,
        0.0,
        0.0,
        1.0
      ]
    ],
    "3": [
      [
        -0.773544627001673,
        -0.500810636917186,
        0.38835218035624,
        -0.14471566370207
      ],
      [
        -0.0826338478359549,
        -0.527854621599996,
        -0.845305356452536,
        -0.0938255499690181
      ],
      [
        0.62833140716398,
        -0.685972451637912,
        0.366935196411036,
        0.244066107133092
      ],
      [
        0.0,
        0.0,
        0.0,
        1.0
      ]
    ]
  },
  "simTime": 0.953499999999911,
  "state": [
    -0.201963679883031,
    -0.000540179819860566,
    0.194791885397416,
    0.306782095647771,
    0.0334871309013782,
    0.951084068922538,
    -0.0142285521296115,
    -0.46819055269411,
    -0.00254416344963566,
    -0.109723461894335,
    0.469837125059127,
    12.9688082293155,
    -0.24501550333367,
    0.941915950994133,
    -0.270794485746484,
    0.194712297698919,
    0.0393930054314525,
    0.986653606056665,
    -0.140771129177898,
    0.0247320374166849,
    -0.0780158776825485,
    0.941213908535574,
    0.273354734825723,
    0.194397982369512,
    -0.0400373797620476,
    0.985610842833325,
    0.144735602933707,
    0.0279820883488268,
    0.0827035335668191,
    0.0707510618167818,
    -2.03487957935796,
    2.87958449700549,
    -1.09877676836734,
    -0.680565508143098,
    1.12570711868383,
    -0.0228973592393948,
    -2.01865712732868,
    -2.89893178274265,
    1.11413761083927,
    -0.695784290357852,
    -1.19253175691466
  ]
}