{
  "T_WB": [
    [
      0.998183802256232,
      -0.00235154934768744,
      -0.0601960723715218,
      -0.0819999695418503
    ],
    [
      0.0024662222344543,
      0.999995283013511,
      0.00183076449000425,
      2.77242805184804e-05
    ],
    [
      0.0601914832944195,
      -0.0019758963517776,
      0.99818489328001,
      0.267817959847967
    ],
    [
      0.0,
      0.0,
      0.0,
      1.0
    ]
  ],
  "T_WH": {
    "0": [
      [
        -0.127049620576527,
        0.938028928426878,
        -0.322428477876385,
        -0.041997367872475
      ],
      [
        -0.822190987760815,
        -0.281428297079806,
        -0.494772769306937,
        -0.0318734758865357
      ],
      [
        -0.55485166806657,
        0.202237096095357,
        0.806994289575002,
        0.270288847863001
      ],
      [
        0.0,
        0.0,
        0.0,
        1.0
      ]
    ],
    "1": [
      [
        -0.641134247456414,
        -0.767225350812354,
        -0.0176674222612737,
        -0.122002571211226
      ],
      [
        0.765536688418572,
        -0.640999648923319,
        0.0554349056579591,
        0.0319289244475727
      ],
      [
        -0.0538558764075339,
        0.0220161565910449,
        0.998305981863945,
        0.265347071832934
      ],
      [
        0.0,
        0.0,
        0.0,
        1.0
      ]
    ],
    "2": [
      [
        -0.130821954735709,
        -0.936566059299,
        -0.325160933582543,
        -0.042147867030727
      ],
      [
        0.818928869095835,
        -0.286944003778186,
        0.497009704188119,
        0.032126222226329
      ],
      [
        -0.558785400239255,
        -0.201263894588392,
        0.804519559249225,
        0.270162390496487
      ],
      [
        0.0,
        0.0,
        0.0,
        1.0
      ]
    ],
    "3": [
      [
        -0.637613060299026,
        0.770167912970175,
        -0.0170578769861458,
        -0.121852072052974
      ],
      [
        -0.768670602995161,
        -0.637525694843644,
        -0.0520239608755788,
        -0.032070773665292
      ],
      [
        -0.0509420202501366,
        -0.0200592683139966,
        0.998500143378829,
        0.265473529199448
      ],
      [
        0.0,
        0.0,
        0.0,
        1.0
      ]
    ]
  },
  "T_WP": {
    "0": [
      [
        0.322428477876385,
        0.938028928426878,
        -0.127049620576527,
        -0.0508908413128319
      ],
      [
        0.494772769306937,
        -0.281428297079806,
        -0.822190987760815,
        -0.0894268450297928
      ],
      [
        -0.806994289575002,
        0.202237096095357,
        -0.55485166806657,
        0.231449231098341
      ],
      [
        0.0,
        0.0,
        0.0,
        1.0
      ]
    ],
    "1": [
      [
        0.0176674222612737,
        -0.767225350812354,
        -0.641134247456414,
        -0.166881968533175
      ],
      [
        -0.0554349056579591,
        -0.640999648923319,
        0.765536688418572,
        0.0855164926368727
      ],
      [
        -0.998305981863945,
        0.0220161565910449,
        -0.0538558764075339,
        0.261577160484406
      ],
      [
        0.0,
        0.0,
        0.0,
        1.0
      ]
    ],
    "2": [
      [
        0.325160933582543,
        -0.936566059299,
        -0.130821954735709,
        -0.0513054038622266
      ],
      [
        -0.497009704188119,
        -0.286944003778186,
        0.818928869095835,
        0.0894512430630375
      ],
      [
        -0.804519559249225,
        -0.201263894588392,
        -0.558785400239255,
        0.231047412479739
      ],
      [
        0.0,
        0.0,
        0.0,
        1.0
      ]
    ],
    "3": [
      [
        0.0170578769861458,
        0.770167912970175,
        -0.637613060299026,
        -0.166484986273905
      ],
      [
        0.0520239608755788,
        -0.637525694843644,
        -0.768670602995161,
        -0.0858777158749534
      ],
      [
        -0.998500143378829,
        -0.0200592683139966,
        -0.0509420202501365,
        0.261907587781938
      ],
      [
        0.0,
        0.0,
        0.0,
        1.0
      ]
    ]
  },
  "simTime": 0.633499999999947,
  "state": [
    -0.0819999695418503,
    2.77242805184804e-05,
    0.267817959847967,
    0.999545393985405,
    -0.000952098039940903,
    -0.0301105773660589,
    0.00120499069155134,
    -0.32885900238386,
    -0.000248171360495732,
    -1.33868342434329,
    -0.0118202950906356,
    -2.9221034711239,
    0.000309022102964848,
    0.830520013011992,
    0.207529318850505,
    0.211932228844119,
    -0.471436973710346,
    0.998412727871922,
    0.0337875621207139,
    0.00537836584741828,
    -0.0447381118298338,
    0.830357119222712,
    -0.207831538778779,
    0.212213941317341,
    0.471464048635274,
    0.998405410346549,
    -0.0340722175981517,
    0.00542380585269349,
    0.0446800056933333,
    -4.8099659730999,
    -2.44370989918872,
    -2.46192968213023,
    -0.40324228249104,
    0.124421483089936,
    -0.511438398252368,
    4.81188549248516,
    -2.44616558707261,
    2.46381768772939,
    0.4019515404017,
    0.124059880321947,
    0.514250496078252
  ]
}