{
  "arms": {
    "0": [
      [
        0.561818957328796,
        0.63624370098114,
        0.528727948665619,
        0.0239366684108973
      ],
      [
        -0.755337715148926,
        0.133872285485268,
        0.641516268253326,
        0.689138054847717
      ],
      [
        0.337378710508347,
        -0.75978422164917,
        0.555790901184082,
        0.0320082530379295
      ],
      [
        0.0,
        0.0,
        0.0,
        1.0
      ]
    ],
    "1": [
      [
        0.625187337398529,
        0.544056177139282,
        -0.559592247009277,
        -0.0376215092837811
      ],
      [
        -0.773034393787384,
        0.530419051647186,
        -0.34795606136322,
        0.63804429769516
      ],
      [
        0.107510782778263,
        0.650121867656708,
        0.752185523509979,
        0.0321190878748894
      ],
      [
        0.0,
        0.0,
        0.0,
        1.0
      ]
    ],
    "2": [
      [
        0.337825864553452,
        -0.776800990104675,
        -0.531463801860809,
        -0.0378342531621456
      ],
      [
        -0.940089404582977,
        -0.25095534324646,
        -0.230766713619232,
        0.638161778450012
      ],
      [
        0.0458861403167248,
        0.577582478523254,
        -0.815041661262512,
        -0.0318804495036602
      ],
      [
        0.0,
        0.0,
        0.0,
        1.0
      ]
    ],
    "3": [
      [
        0.719774186611176,
        -0.463568150997162,
        0.516749024391174,
        0.0237239263951778
      ],
      [
        -0.694004058837891,
        -0.462447822093964,
        0.551815509796143,
        0.689255595207214
      ],
      [
        -0.0168346092104912,
        -0.755808532238007,
        -0.654576182365417,
        -0.0319912880659103
      ],
      [
        0.0,
        0.0,
        0.0,
        1.0
      ]
    ]
  },
  "base": [
    [
      0.769477248191833,
      -0.00332410330884159,
      -0.638665437698364,
      -0.00694879284128547
    ],
    [
      0.638672649860382,
      0.00183565088082105,
      0.769476354122162,
      0.663649916648865
    ],
    [
      -0.00138545234221965,
      -0.999992787837982,
      0.00353550584986806,
      6.38998753856868e-05
    ],
    [
      0.0,
      0.0,
      0.0,
      1.0
    ]
  ]
}