{
  "T_WB": [
    [
      0.984689644114333,
      -0.00225219992615836,
      -0.174302129560946,
      -0.00325129372370769
    ],
    [
      0.00221581819867646,
      0.999997463734783,
      -0.000403328293706539,
      -4.46869343949529e-06
    ],
    [
      0.174302595860471,
      1.09313632419264e-05,
      0.984692137145822,
      0.116173860728131
    ],
    [
      0.0,
      0.0,
      0.0,
      1.0
    ]
  ],
  "T_WH": {
    "0": [
      [
        0.71714018440663,
        0.602034427318764,
        -0.351090450215031,
        0.0362083624385027
      ],
      [
        -0.691719623321485,
        0.676342451892953,
        -0.25314985775112,
        -0.0319157548050055
      ],
      [
        0.0850524462976129,
        0.424400089644662,
        0.901471377964045,
        0.123145614758926
      ],
      [
        0.0,
        0.0,
        0.0,
        1.0
      ]
    ],
    "1": [
      [
        -0.595626681606453,
        -0.72821296845778,
        -0.339020248257229,
        -0.0427109498859181
      ],
      [
        0.766652336742449,
        -0.641331031693343,
        0.0306382498601744,
        0.0319068174181265
      ],
      [
        -0.239735376458771,
        -0.241661706434965,
        0.940280048133061,
        0.109202106697336
      ],
      [
        0.0,
        0.0,
        0.0,
        1.0
      ]
    ],
    "2": [
      [
        0.712669478363611,
        -0.606582032847429,
        -0.352364090161895,
        0.0360642216432286
      ],
      [
        0.696304069523551,
        0.672698335941739,
        0.250275031887236,
        0.0320840828740206
      ],
      [
        0.0852223994844169,
        -0.423715926356204,
        0.901777110143201,
        0.123146314366174
      ],
      [
        0.0,
        0.0,
        0.0,
        1.0
      ]
    ],
    "3": [
      [
        -0.594994028274241,
        0.728724131034954,
        -0.339032811340353,
        -0.0425668090906439
      ],
      [
        -0.766824406126518,
        -0.641052097136547,
        -0.0321331437233947,
        -0.0320930202608996
      ],
      [
        -0.240753891945085,
        0.240859605588372,
        0.940225618619865,
        0.109201407090089
      ],
      [
        0.0,
        0.0,
        0.0,
        1.0
      ]
    ]
  },
  "T_WP": {
    "0": [
      [
        0.351090450215031,
        0.602034427318764,
        0.71714018440663,
        0.0864081753469668
      ],
      [
        0.25314985775112,
        0.676342451892953,
        -0.691719623321485,
        -0.0803361284375094
      ],
      [
        -0.901471377964045,
        0.424400089644662,
        0.085052446297613,
        0.129099285999759
      ],
      [
        0.0,
        0.0,
        0.0,
        1.0
      ]
    ],
    "1": [
      [
        0.339020248257229,
        -0.72821296845778,
        -0.595626681606453,
        -0.0844048175983698
      ],
      [
        -0.0306382498601743,
        -0.641331031693343,
        0.766652336742449,
        0.0855724809900979
      ],
      [
        -0.940280048133061,
        -0.241661706434965,
        -0.239735376458771,
        0.0924206303452221
      ],
      [
        0.0,
        0.0,
        0.0,
        1.0
      ]
    ],
    "2": [
      [
        0.352364090161895,
        -0.606582032847429,
        0.712669478363611,
        0.0859510851286813
      ],
      [
        -0.250275031887236,
        0.672698335941739,
        0.696304069523551,
        0.0808253677406691
      ],
      [
        -0.901777110143201,
        -0.423715926356204,
        0.085222399484417,
        0.129111882330083
      ],
      [
        0.0,
        0.0,
        0.0,
        1.0
      ]
    ],
    "3": [
      [
        0.339032811340353,
        0.728724131034954,
        -0.594994028274241,
        -0.0842163910698408
      ],
      [
        0.0321331437233946,
        -0.641052097136547,
        -0.766824406126518,
        -0.0857707286897558
      ],
      [
        -0.940225618619865,
        0.240859605588372,
        -0.240753891945085,
        0.0923486346539327
      ],
      [
        0.0,
        0.0,
        0.0,
        1.0
      ]
    ]
  }
}