{
  "T_WB": [
    [
      0.987323645144799,
      -0.00228586187474015,
      -0.158703480029508,
      -0.00341126866630133
    ],
    [
      0.0023204284324517,
      0.999997307274138,
      3.25017364718172e-05,
      -2.98014350146055e-06
    ],
    [
      0.158702978390062,
      -0.00040034980031639,
      0.987326290731773,
      0.153257143320222
    ],
    [
      0.0,
      0.0,
      0.0,
      1.0
    ]
  ],
  "T_WH": {
    "0": [
      [
        0.706694926530778,
        0.622718328362142,
        -0.335863311984976,
        0.0395660933857837
      ],
      [
        -0.705101495976183,
        0.65907269585542,
        -0.261639182749866,
        -0.0319070966954744
      ],
      [
        0.0584308239528347,
        0.421716806755111,
        0.904842955275923,
        0.00636093032921262
      ],
      [
        0.0,
        0.0,
        0.0,
        1.0
      ]
    ],
    "1": [
      [
        -0.605311398301442,
        -0.721841385876527,
        -0.335474477005641,
        -0.0395660933857837
      ],
      [
        0.760027484395031,
        -0.649374260293307,
        0.025909323277177,
        0.0319070966954744
      ],
      [
        -0.236550912174342,
        -0.239286614135384,
        0.941692934159066,
        -0.00636093032921262
      ],
      [
        0.0,
        0.0,
        0.0,
        1.0
      ]
    ],
    "2": [
      [
        0.702178955074755,
        -0.627159267654039,
        -0.337069678324488,
        0.0394197982258003
      ],
      [
        0.709632664107316,
        0.655028163536011,
        0.259537255527206,
        0.0320927309700705
      ],
      [
        0.0580189372711814,
        -0.421437252708266,
        0.904999693341181,
        0.00633530794199237
      ],
      [
        0.0,
        0.0,
        0.0,
        1.0
      ]
    ],
    "3": [
      [
        -0.604948608313186,
        0.722278623964909,
        -0.335187664843587,
        -0.0394197982258003
      ],
      [
        -0.760241748509808,
        -0.64909494896881,
        -0.0266126106559911,
        -0.0320927309700705
      ],
      [
        -0.236790340011346,
        0.238724394619686,
        0.941775450036141,
        -0.00633530794199237
      ],
      [
        0.0,
        0.0,
        0.0,
        1.0
      ]
    ]
  },
  "T_WP": {
    "0": [
      [
        0.335863311984976,
        0.622718328362142,
        0.706694926530778,
        0.0890347382429381
      ],
      [
        0.261639182749866,
        0.65907269585542,
        -0.705101495976183,
        -0.0812642014138071
      ],
      [
        -0.904842955275923,
        0.421716806755111,
        0.0584308239528348,
        0.010451088005911
      ],
      [
        0.0,
        0.0,
        0.0,
        1.0
      ]
    ],
    "1": [
      [
        0.335474477005641,
        -0.721841385876527,
        -0.605311398301442,
        -0.0819378912668846
      ],
      [
        -0.025909323277177,
        -0.649374260293307,
        0.760027484395031,
        0.0851090206031266
      ],
      [
        -0.941692934159066,
        -0.239286614135384,
        -0.236550912174342,
        -0.0229194941814166
      ],
      [
        0.0,
        0.0,
        0.0,
        1.0
      ]
    ],
    "2": [
      [
        0.337069678324488,
        -0.627159267654039,
        0.702178955074755,
        0.0885723250810332
      ],
      [
        -0.259537255527206,
        0.655028163536011,
        0.709632664107316,
        0.0817670174575826
      ],
      [
        -0.904999693341181,
        -0.421437252708266,
        0.0580189372711814,
        0.0103966335509751
      ],
      [
        0.0,
        0.0,
        0.0,
        1.0
      ]
    ],
    "3": [
      [
        0.335187664843587,
        0.722278623964909,
        -0.604948608313186,
        -0.0817662008077233
      ],
      [
        0.026612610655991,
        -0.64909494896881,
        -0.760241748509808,
        -0.0853096533657571
      ],
      [
        -0.941775450036141,
        0.238724394619686,
        -0.236790340011346,
        -0.0229106317427866
      ],
      [
        0.0,
        0.0,
        0.0,
        1.0
      ]
    ]
  }
}