{
  "T_WB": [
    [
      -2.22044604925031e-16,
      1.22870081617957e-19,
      1.0,
      -1.04652782079117e-35
    ],
    [
      -2.77364536988272e-18,
      1.0,
      -1.22870081617957e-19,
      3.52986701932785e-21
    ],
    [
      -1.0,
      -2.77364536988272e-18,
      -2.22044604925031e-16,
      0.164701313575002
    ],
    [
      0.0,
      0.0,
      0.0,
      1.0
    ]
  ],
  "T_WH": {
    "0": [
      [
        -1.57205714759049e-16,
        -1.51912140163259e-16,
        1.0,
        -8.88571603961303e-18
      ],
      [
        -0.707106779455507,
        0.707106782917588,
        -3.74312195830404e-18,
        -0.032
      ],
      [
        -0.707106782917588,
        -0.707106779455507,
        -2.18579331410567e-16,
        0.124701313575002
      ],
      [
        0.0,
        0.0,
        0.0,
        1.0
      ]
    ],
    "1": [
      [
        1.57205714759049e-16,
        1.51908632996766e-16,
        1.0,
        8.88571603961303e-18
      ],
      [
        0.707106779455507,
        -0.707106782917588,
        -3.74560189952025e-18,
        0.032
      ],
      [
        0.707106782917588,
        0.707106779455507,
        -2.18576851469363e-16,
        0.204701313575002
      ],
      [
        0.0,
        0.0,
        0.0,
        1.0
      ]
    ],
    "2": [
      [
        -1.57037184754686e-16,
        1.52817586673422e-16,
        1.0,
        -8.87785235438948e-18
      ],
      [
        0.707106779455507,
        0.707106782917588,
        2.98370588077236e-18,
        0.032
      ],
      [
        -0.707106782917588,
        0.707106779455507,
        -2.19100410067127e-16,
        0.124701313575002
      ],
      [
        0.0,
        0.0,
        0.0,
        1.0
      ]
    ],
    "3": [
      [
        1.57037184754686e-16,
        -1.52070780085077e-16,
        1.0,
        8.87785235438948e-18
      ],
      [
        -0.707106779455507,
        -0.707106782917588,
        3.51177788491838e-18,
        -0.032
      ],
      [
        0.707106782917588,
        -0.707106779455507,
        -2.18572338065567e-16,
        0.204701313575002
      ],
      [
        0.0,
        0.0,
        0.0,
        1.0
      ]
    ]
  },
  "T_WP": {
    "0": [
      [
        -1.0,
        -1.51912140163259e-16,
        -9.59733748016809e-17,
        -1.98901160727464e-17
      ],
      [
        -3.9554680747475e-17,
        0.707106782917588,
        -0.707106779455507,
        -0.0814974745618855
      ],
      [
        1.75281528492796e-16,
        -0.707106779455507,
        -0.707106782917588,
        0.0752038387707711
      ],
      [
        0.0,
        0.0,
        0.0,
        1.0
      ]
    ],
    "1": [
      [
        -1.0,
        1.51908632996766e-16,
        2.18438054716416e-16,
        1.98901160727464e-17
      ],
      [
        4.70434046052993e-17,
        -0.707106782917588,
        0.707106779455507,
        0.0814974745618855
      ],
      [
        2.61874654387133e-16,
        0.707106779455507,
        0.707106782917588,
        0.254198788379233
      ],
      [
        0.0,
        0.0,
        0.0,
        1.0
      ]
    ],
    "2": [
      [
        -1.0,
        1.52817586673422e-16,
        -9.58048447973182e-17,
        -1.98704552872175e-17
      ],
      [
        4.03140968250067e-17,
        0.707106782917588,
        0.707106779455507,
        0.0814974745618855
      ],
      [
        1.75802607149357e-16,
        0.707106779455507,
        -0.707106782917588,
        0.0752038387707711
      ],
      [
        0.0,
        0.0,
        0.0,
        1.0
      ]
    ],
    "3": [
      [
        -1.0,
        -1.52070780085077e-16,
        2.18269524712054e-16,
        1.98704552872175e-17
      ],
      [
        -4.68095805906974e-17,
        -0.707106782917588,
        -0.707106779455507,
        -0.0814974745618855
      ],
      [
        2.61870140983337e-16,
        -0.707106779455507,
        0.707106782917588,
        0.254198788379233
      ],
      [
        0.0,
        0.0,
        0.0,
        1.0
      ]
    ]
  },
  "simTime": 0.261499999999988,
  "state": [
    -1.04652782079117e-35,
    3.52986701932785e-21,
    0.164701313575002,
    0.707106781186548,
    -9.37190590866868e-19,
    0.707106781186548,
    -1.02407285878387e-18,
    -6.16169087833679e-35,
    -2.22133966008944e-20,
    -2.56442590000006,
    4.78321545489314e-19,
    -1.21946931886144e-17,
    -2.23462457261222e-17,
    1.0,
    2.50511152631024e-18,
    5.47931192992899e-20,
    -1.55437160612992e-18,
    1.0,
    -2.50686510955687e-18,
    -5.47931192992893e-20,
    1.55092491390503e-18,
    1.0,
    -2.13927053935852e-18,
    5.7410384822279e-20,
    1.09654389265347e-18,
    1.0,
    2.51267383353083e-18,
    -5.74103848222783e-20,
    -1.55040106262586e-18,
    1.04584474789582e-17,
    9.32338960426838e-20,
    -2.42589163817353e-17,
    -1.05222419529263e-17,
    -9.32338960426812e-20,
    2.42680316548024e-17,
    -1.50245491870746e-17,
    -2.22401746279963e-20,
    2.02586561476543e-17,
    1.04874947697991e-17,
    2.22401746279976e-20,
    -2.43997278199466e-17
  ]
}