{
  "T_WB": [
    [
      0.289327562041142,
      -7.81376735727581e-05,
      0.957230147737645,
      -0.00223520301310039
    ],
    [
      0.000440533517079571,
      0.999999901637717,
      -5.15245186579746e-05,
      -8.4380846713064e-06
    ],
    [
      -0.957230049556296,
      0.000436599427006117,
      0.289327568004487,
      0.359289554317547
    ],
    [
      0.0,
      0.0,
      0.0,
      1.0
    ]
  ],
  "T_WH": {
    "0": [
      [
        0.281026827838474,
        0.0214242496252126,
        0.95946074623355,
        0.0115756028872
      ],
      [
        -0.596613416144035,
        0.786986834202164,
        0.157175553027182,
        -0.0319823755117238
      ],
      [
        -0.751715606936553,
        -0.61659770054749,
        0.233946408323698,
        -0.0383031731639161
      ],
      [
        0.0,
        0.0,
        0.0,
        1.0
      ]
    ],
    "1": [
      [
        -0.173957599987325,
        -0.125242821428285,
        0.976756361170652,
        -0.0115756028872
      ],
      [
        0.697334082935755,
        -0.71601429983287,
        0.032383625661664,
        0.0319823755117238
      ],
      [
        0.695315705404961,
        0.686758879167593,
        0.21189221718051,
        0.0383031731639161
      ],
      [
        0.0,
        0.0,
        0.0,
        1.0
      ]
    ],
    "2": [
      [
        0.28145198253685,
        -0.0220106879485401,
        0.959322839893906,
        0.0115706020760914
      ],
      [
        0.59691284463302,
        0.786780017117311,
        -0.157074060802537,
        0.0320176181930901
      ],
      [
        -0.751318732255621,
        0.616840931100486,
        0.234579257993737,
        -0.0382752308005877
      ],
      [
        0.0,
        0.0,
        0.0,
        1.0
      ]
    ],
    "3": [
      [
        -0.173865289856412,
        0.125523325616507,
        0.976736789370257,
        -0.0115706020760914
      ],
      [
        -0.69792015875179,
        -0.71544728109357,
        -0.0322899362603046,
        -0.0320176181930901
      ],
      [
        0.694750540115676,
        -0.687298394223346,
        0.21199670824564,
        0.0382752308005877
      ],
      [
        0.0,
        0.0,
        0.0,
        1.0
      ]
    ]
  },
  "T_WP": {
    "0": [
      [
        -0.95946074623355,
        0.0214242496252126,
        0.281026827838474,
        0.0312474808358932
      ],
      [
        -0.157175553027182,
        0.786986834202164,
        -0.596613416144035,
        -0.0737453146418062
      ],
      [
        -0.233946408323698,
        -0.61659770054749,
        -0.751715606936553,
        -0.0909232656494748
      ],
      [
        0.0,
        0.0,
        0.0,
        1.0
      ]
    ],
    "1": [
      [
        -0.976756361170652,
        -0.125242821428285,
        -0.173957599987325,
        -0.0237526348863127
      ],
      [
        -0.032383625661664,
        -0.71601429983287,
        0.697334082935755,
        0.0807957613172267
      ],
      [
        -0.21189221718051,
        0.686758879167593,
        0.695315705404961,
        0.0869752725422634
      ],
      [
        0.0,
        0.0,
        0.0,
        1.0
      ]
    ],
    "2": [
      [
        -0.959322839893906,
        -0.0220106879485401,
        0.28145198253685,
        0.0312722408536709
      ],
      [
        0.157074060802537,
        0.786780017117311,
        0.59691284463302,
        0.0738015173174015
      ],
      [
        -0.234579257993737,
        0.616840931100486,
        -0.751318732255621,
        -0.0908675420584811
      ],
      [
        0.0,
        0.0,
        0.0,
        1.0
      ]
    ],
    "3": [
      [
        -0.976736789370257,
        0.125523325616507,
        -0.173865289856412,
        -0.0237411723660402
      ],
      [
        0.0322899362603045,
        -0.71544728109357,
        -0.69792015875179,
        -0.0808720293057154
      ],
      [
        -0.21199670824564,
        -0.687298394223346,
        0.694750540115676,
        0.086907768608685
      ],
      [
        0.0,
        0.0,
        0.0,
        1.0
      ]
    ]
  }
}