{
  "T_WB": [
    [
      0.990889517870262,
      -0.00229988179082937,
      0.134657617380481,
      -0.0627770336538956
    ],
    [
      0.00210836659393211,
      0.999996553051741,
      0.00156482425279584,
      3.91376614873618e-05
    ],
    [
      -0.134660752133446,
      -0.00126666032730107,
      0.990890951319301,
      0.330235788656891
    ],
    [
      0.0,
      0.0,
      0.0,
      1.0
    ]
  ],
  "T_WH": {
    "0": [
      [
        -0.00459175080175565,
        0.904015947712403,
        -0.427474071852575,
        -0.0230678567217786
      ],
      [
        -0.805101522257043,
        -0.256890510069086,
        -0.534620243439993,
        -0.0318764173724111
      ],
      [
        -0.593119258399158,
        0.341705183042474,
        0.729004192853472,
        0.324889891702027
      ],
      [
        0.0,
        0.0,
        0.0,
        1.0
      ]
    ],
    "1": [
      [
        -0.662149114654465,
        -0.723007710352287,
        0.197023858284858,
        -0.102486210586013
      ],
      [
        0.744279937139866,
        -0.665110709676976,
        0.0606227601158822,
        0.0319546926953858
      ],
      [
        0.0872119552205176,
        0.186782211797949,
        0.978522600772451,
        0.335581685611756
      ],
      [
        0.0,
        0.0,
        0.0,
        1.0
      ]
    ],
    "2": [
      [
        -0.00810002520858394,
        -0.902559702027463,
        -0.430488529310268,
        -0.0232150491563917
      ],
      [
        0.80309402863549,
        -0.262372323800509,
        0.534977331177256,
        0.0321233620229004
      ],
      [
        -0.59579725642339,
        -0.341389437416594,
        0.726965529622101,
        0.32480882544108
      ],
      [
        0.0,
        0.0,
        0.0,
        1.0
      ]
    ],
    "3": [
      [
        -0.65893249220916,
        0.725799172812379,
        0.197543745676473,
        -0.1023390181514
      ],
      [
        -0.746915903024117,
        -0.66241539242707,
        -0.057640972279781,
        -0.0320450866999256
      ],
      [
        0.0890202478130281,
        -0.185530074706385,
        0.978597969984993,
        0.335662751872703
      ],
      [
        0.0,
        0.0,
        0.0,
        1.0
      ]
    ]
  },
  "T_WP": {
    "0": [
      [
        0.427474071852575,
        0.904015947712403,
        -0.00459175080175567,
        -0.0233892792779015
      ],
      [
        0.534620243439993,
        -0.256890510069086,
        -0.805101522257043,
        -0.088233523930404
      ],
      [
        -0.729004192853472,
        0.341705183042474,
        -0.593119258399158,
        0.283371543614086
      ],
      [
        0.0,
        0.0,
        0.0,
        1.0
      ]
    ],
    "1": [
      [
        -0.197023858284858,
        -0.723007710352287,
        -0.662149114654465,
        -0.148836648611825
      ],
      [
        -0.0606227601158822,
        -0.665110709676976,
        0.744279937139866,
        0.0840542882951764
      ],
      [
        -0.978522600772451,
        0.186782211797949,
        0.0872119552205176,
        0.341686522477192
      ],
      [
        0.0,
        0.0,
        0.0,
        1.0
      ]
    ],
    "2": [
      [
        0.430488529310268,
        -0.902559702027463,
        -0.00810002520858397,
        -0.0237820509209925
      ],
      [
        -0.534977331177256,
        -0.262372323800509,
        0.80309402863549,
        0.0883399440273847
      ],
      [
        -0.726965529622101,
        -0.341389437416594,
        -0.59579725642339,
        0.283103017491443
      ],
      [
        0.0,
        0.0,
        0.0,
        1.0
      ]
    ],
    "3": [
      [
        -0.197543745676473,
        0.725799172812379,
        -0.65893249220916,
        -0.148464292606041
      ],
      [
        0.0576409722797809,
        -0.66241539242707,
        -0.746915903024117,
        -0.0843291999116138
      ],
      [
        -0.978597969984993,
        -0.185530074706385,
        0.0890202478130282,
        0.341894169219615
      ],
      [
        0.0,
        0.0,
        0.0,
        1.0
      ]
    ]
  },
  "simTime": 0.572999999999953,
  "state": [
    -0.0627770336538956,
    3.91376614873618e-05,
    0.330235788656891,
    0.997719527502758,
    -0.000709489115439079,
    0.0674834866137222,
    0.00110458106292535,
    -0.30492027107387,
    -0.000124770804572593,
    -0.725221001218221,
    -0.0116967672860023,
    -3.54008667651537,
    0.000663514749784532,
    0.821864183743001,
    0.367348328155885,
    0.181859808864391,
    -0.395627955535668,
    0.998663272949348,
    0.0433867165399923,
    -0.000428718938946537,
    -0.0280905017763306,
    0.821645991629935,
    -0.36774123328068,
    0.182099724918587,
    0.395605788592938,
    0.998656866927425,
    -0.0436192211723318,
    -0.000375180782884027,
    0.0279586287646404,
    -3.86027261541444,
    -2.14396739692698,
    -4.0574652645579,
    -0.238405515239108,
    0.192634337740821,
    -0.594562201628781,
    3.86158113034241,
    -2.14588976864065,
    4.06119901595293,
    0.236158758608991,
    0.192166379994211,
    0.596665259914475
  ]
}