{
  "arms": {
    "0": [
      [
        -1.0,
        -3.45443957953619e-17,
        -5.74294889508867e-17,
        -8.88179227028403e-18
      ],
      [
        1.61822071152688e-17,
        0.70710676908493,
        -0.70710676908493,
        -0.0320000015199184
      ],
      [
        6.50353617437526e-17,
        -0.70710676908493,
        -0.70710676908493,
        0.254943996667862
      ],
      [
        0.0,
        0.0,
        0.0,
        1.0
      ]
    ],
    "1": [
      [
        -1.0,
        -1.58880352196653e-16,
        3.79069478511165e-16,
        8.88177655385239e-18
      ],
      [
        -1.55697228850651e-16,
        -0.70710676908493,
        -0.70710676908493,
        -0.0320000015199184
      ],
      [
        3.80387964702905e-16,
        -0.70710676908493,
        0.70710676908493,
        0.334943979978561
      ],
      [
        0.0,
        0.0,
        0.0,
        1.0
      ]
    ],
    "2": [
      [
        -1.0,
        1.55159204110467e-16,
        3.79038164761896e-16,
        8.88179227028403e-18
      ],
      [
        1.58306328556211e-16,
        -0.70710676908493,
        0.70710676908493,
        0.0320000015199184
      ],
      [
        3.77734581056072e-16,
        0.70710676908493,
        0.70710676908493,
        0.334943979978561
      ],
      [
        0.0,
        0.0,
        0.0,
        1.0
      ]
    ],
    "3": [
      [
        -1.0,
        2.79474100493363e-16,
        1.87500205820947e-16,
        -8.88177655385239e-18
      ],
      [
        3.30200706712716e-16,
        0.70710676908493,
        0.70710676908493,
        0.0320000015199184
      ],
      [
        6.50353617437526e-17,
        0.70710676908493,
        -0.70710676908493,
        0.254943996667862
      ],
      [
        0.0,
        0.0,
        0.0,
        1.0
      ]
    ]
  },
  "arms_in_parent_frame": {
    "0": [
      [
        2.22044604925031e-16,
        1.26880514983441e-08,
        0.999999940395355,
        0.0
      ],
      [
        -4.91409067993851e-25,
        0.999999940395355,
        1.26880514983441e-08,
        0.0
      ],
      [
        -1.0,
        0.0,
        2.22044604925031e-16,
        0.0
      ],
      [
        0.0,
        0.0,
        0.0,
        1.0
      ]
    ],
    "1": [
      [
        2.22044591690142e-16,
        -1.26880514983441e-08,
        0.999999940395355,
        0.0
      ],
      [
        1.06340453730492e-23,
        0.999999940395355,
        -1.26880514983441e-08,
        1.49011611938477e-08
      ],
      [
        -1.0,
        2.52456631142984e-24,
        2.22044604925031e-16,
        0.0
      ],
      [
        0.0,
        0.0,
        0.0,
        1.0
      ]
    ],
    "2": [
      [
        2.22044591690142e-16,
        1.26880514983441e-08,
        0.999999940395355,
        0.0
      ],
      [
        -5.25397297867479e-24,
        0.999999940395355,
        1.26880514983441e-08,
        -1.49011611938477e-08
      ],
      [
        -1.0,
        1.45384146046883e-24,
        2.22044604925031e-16,
        0.0
      ],
      [
        0.0,
        0.0,
        0.0,
        1.0
      ]
    ],
    "3": [
      [
        2.22044604925031e-16,
        -1.26880514983441e-08,
        0.999999940395355,
        0.0
      ],
      [
        4.91409067993851e-25,
        0.999999940395355,
        -1.26880514983441e-08,
        0.0
      ],
      [
        -1.0,
        1.32348898008484e-23,
        2.22044604925031e-16,
        -6.61744490042422e-24
      ],
      [
        0.0,
        0.0,
        0.0,
        1.0
      ]
    ]
  },
  "arms_link_world": {
    "0": [
      [
        -1.0,
        -3.45443957953619e-17,
        -5.74294889508867e-17,
        -8.88179227028403e-18
      ],
      [
        1.61822071152688e-17,
        0.70710676908493,
        -0.70710676908493,
        -0.0320000015199184
      ],
      [
        6.50353617437526e-17,
        -0.70710676908493,
        -0.70710676908493,
        0.254943996667862
      ],
      [
        0.0,
        0.0,
        0.0,
        1.0
      ]
    ],
    "1": [
      [
        -1.0,
        -1.58880352196653e-16,
        3.79069478511165e-16,
        8.88177655385239e-18
      ],
      [
        -1.55697228850651e-16,
        -0.70710676908493,
        -0.70710676908493,
        -0.0320000015199184
      ],
      [
        3.80387964702905e-16,
        -0.70710676908493,
        0.70710676908493,
        0.334943979978561
      ],
      [
        0.0,
        0.0,
        0.0,
        1.0
      ]
    ],
    "2": [
      [
        -1.0,
        1.55159204110467e-16,
        3.79038164761896e-16,
        8.88179227028403e-18
      ],
      [
        1.58306328556211e-16,
        -0.70710676908493,
        0.70710676908493,
        0.0320000015199184
      ],
      [
        3.77734581056072e-16,
        0.70710676908493,
        0.70710676908493,
        0.334943979978561
      ],
      [
        0.0,
        0.0,
        0.0,
        1.0
      ]
    ],
    "3": [
      [
        -1.0,
        2.79474100493363e-16,
        1.87500205820947e-16,
        -8.88177655385239e-18
      ],
      [
        3.30200706712716e-16,
        0.70710676908493,
        0.70710676908493,
        0.0320000015199184
      ],
      [
        6.50353617437526e-17,
        0.70710676908493,
        -0.70710676908493,
        0.254943996667862
      ],
      [
        0.0,
        0.0,
        0.0,
        1.0
      ]
    ]
  },
  "arms_relative_to_base": {
    "0": [
      [
        1.57009243181279e-16,
        0.70710676908493,
        0.70710676908493,
        0.0399999916553497
      ],
      [
        1.61819655785299e-17,
        0.70710676908493,
        -0.70710676908493,
        -0.0320000015199184
      ],
      [
        -1.0,
        1.22464672023627e-16,
        9.95799262839594e-17,
        0.0
      ],
      [
        0.0,
        0.0,
        0.0,
        1.0
      ]
    ],
    "1": [
      [
        -1.58343359777874e-16,
        0.70710676908493,
        -0.70710676908493,
        -0.0399999916553497
      ],
      [
        -1.55697467078668e-16,
        -0.70710676908493,
        -0.70710676908493,
        -0.0320000015199184
      ],
      [
        -1.0,
        -1.87093696180714e-18,
        2.22060380913674e-16,
        0.0
      ],
      [
        0.0,
        0.0,
        0.0,
        1.0
      ]
    ],
    "2": [
      [
        -1.5568997613104e-16,
        -0.70710676908493,
        -0.70710676908493,
        -0.0399999916553497
      ],
      [
        1.58306090328194e-16,
        -0.70710676908493,
        0.70710676908493,
        0.0320000015199184
      ],
      [
        -1.0,
        -1.84986701724419e-18,
        2.2202876276194e-16,
        0.0
      ],
      [
        0.0,
        0.0,
        0.0,
        1.0
      ]
    ],
    "3": [
      [
        1.57009243181279e-16,
        -0.70710676908493,
        0.70710676908493,
        0.0399999916553497
      ],
      [
        3.302004684847e-16,
        0.70710676908493,
        0.70710676908493,
        0.0320000015199184
      ],
      [
        -1.0,
        1.22464698493407e-16,
        3.44509263713768e-16,
        0.0
      ],
      [
        0.0,
        0.0,
        0.0,
        1.0
      ]
    ]
  },
  "arms_view_frame": {
    "0": [
      [
        -0.999999940395355,
        -3.45443924866394e-17,
        -5.74294823334418e-17,
        -8.88179144310342e-18
      ],
      [
        6.50353617437526e-17,
        -0.707106828689575,
        -0.707106709480286,
        0.254943996667862
      ],
      [
        -1.61822104239912e-17,
        -0.707106709480286,
        0.707106828689575,
        0.0319999903440475
      ],
      [
        0.0,
        0.0,
        0.0,
        1.0
      ]
    ],
    "1": [
      [
        -0.999999940395355,
        -1.58880338961763e-16,
        3.79069452041385e-16,
        8.88177572667178e-18
      ],
      [
        3.80387964702905e-16,
        -0.707106709480286,
        0.707106828689575,
        0.334943979978561
      ],
      [
        1.55697215615761e-16,
        0.707106828689575,
        0.707106709480286,
        0.0319999866187572
      ],
      [
        0.0,
        0.0,
        0.0,
        1.0
      ]
    ],
    "2": [
      [
        -0.999999940395355,
        1.55159190875577e-16,
        3.79038138292116e-16,
        8.88179144310342e-18
      ],
      [
        3.77734581056072e-16,
        0.707106828689575,
        0.707106709480286,
        0.334943979978561
      ],
      [
        -1.58306341791101e-16,
        0.707106709480286,
        -0.707106828689575,
        -0.0320000164210796
      ],
      [
        0.0,
        0.0,
        0.0,
        1.0
      ]
    ],
    "3": [
      [
        -0.999999940395355,
        2.79474074023583e-16,
        1.87500192586057e-16,
        -8.88177572667178e-18
      ],
      [
        6.50353485088628e-17,
        0.707106709480286,
        -0.707106828689575,
        0.254943996667862
      ],
      [
        -3.30200706712716e-16,
        -0.707106828689575,
        -0.707106709480286,
        -0.0320000126957893
      ],
      [
        0.0,
        0.0,
        0.0,
        1.0
      ]
    ]
  },
  "arms_visual_world": {
    "0": [
      [
        -1.0,
        -3.45443957953619e-17,
        -5.74294889508867e-17,
        -8.88179227028403e-18
      ],
      [
        1.61822071152688e-17,
        0.70710676908493,
        -0.70710676908493,
        -0.0320000015199184
      ],
      [
        6.50353617437526e-17,
        -0.70710676908493,
        -0.70710676908493,
        0.254943996667862
      ],
      [
        0.0,
        0.0,
        0.0,
        1.0
      ]
    ],
    "1": [
      [
        -1.0,
        -1.58880352196653e-16,
        3.79069478511165e-16,
        8.88177655385239e-18
      ],
      [
        -1.55697228850651e-16,
        -0.70710676908493,
        -0.70710676908493,
        -0.0320000015199184
      ],
      [
        3.80387964702905e-16,
        -0.70710676908493,
        0.70710676908493,
        0.334943979978561
      ],
      [
        0.0,
        0.0,
        0.0,
        1.0
      ]
    ],
    "2": [
      [
        -1.0,
        1.55159204110467e-16,
        3.79038164761896e-16,
        8.88179227028403e-18
      ],
      [
        1.58306328556211e-16,
        -0.70710676908493,
        0.70710676908493,
        0.0320000015199184
      ],
      [
        3.77734581056072e-16,
        0.70710676908493,
        0.70710676908493,
        0.334943979978561
      ],
      [
        0.0,
        0.0,
        0.0,
        1.0
      ]
    ],
    "3": [
      [
        -1.0,
        2.79474100493363e-16,
        1.87500205820947e-16,
        -8.88177655385239e-18
      ],
      [
        3.30200706712716e-16,
        0.70710676908493,
        0.70710676908493,
        0.0320000015199184
      ],
      [
        6.50353617437526e-17,
        0.70710676908493,
        -0.70710676908493,
        0.254943996667862
      ],
      [
        0.0,
        0.0,
        0.0,
        1.0
      ]
    ]
  },
  "base": [
    [
      -2.22044604925031e-16,
      2.42011418560261e-22,
      1.0,
      1.10355085361101e-35
    ],
    [
      9.04416741093788e-19,
      1.0,
      -2.42011418560261e-22,
      1.03867813399287e-22
    ],
    [
      -1.0,
      9.04416741093788e-19,
      -2.22044604925031e-16,
      0.294943988323212
    ],
    [
      0.0,
      0.0,
      0.0,
      1.0
    ]
  ],
  "base_link_world": [
    [
      -2.22044604925031e-16,
      2.42011418560261e-22,
      1.0,
      1.10355085361101e-35
    ],
    [
      9.04416741093788e-19,
      1.0,
      -2.42011418560261e-22,
      1.03867813399287e-22
    ],
    [
      -1.0,
      9.04416741093788e-19,
      -2.22044604925031e-16,
      0.294943988323212
    ],
    [
      0.0,
      0.0,
      0.0,
      1.0
    ]
  ],
  "base_view_frame": [
    [
      -2.22044591690142e-16,
      2.42011393316712e-22,
      0.999999940395355,
      1.10355078186452e-35
    ],
    [
      -1.0,
      -4.37113882867379e-08,
      -2.22044604925031e-16,
      0.294943988323212
    ],
    [
      4.37113882867379e-08,
      -1.0,
      2.51717285459062e-22,
      -1.28924115827544e-08
    ],
    [
      0.0,
      0.0,
      0.0,
      1.0
    ]
  ],
  "base_visual_world": [
    [
      -1.14765201052883e-21,
      2.22044591690142e-16,
      1.0,
      1.10355085361101e-35
    ],
    [
      0.999999940395355,
      6.25848770141602e-06,
      -2.42011418560261e-22,
      1.03867813399287e-22
    ],
    [
      -6.25848770141602e-06,
      0.999999940395355,
      -2.22044604925031e-16,
      0.294943988323212
    ],
    [
      0.0,
      0.0,
      0.0,
      1.0
    ]
  ],
  "view_adjust": [
    [
      0.999999940395355,
      0.0,
      0.0,
      0.0
    ],
    [
      0.0,
      -4.37113882867379e-08,
      1.0,
      0.0
    ],
    [
      0.0,
      -1.0,
      -4.37113882867379e-08,
      0.0
    ],
    [
      0.0,
      0.0,
      0.0,
      1.0
    ]
  ]
}