{
  "arms": {
    "0": [
      [
        -0.999999940395355,
        -3.45445612314844e-17,
        -5.74293168973193e-17,
        -8.88178317129729e-18
      ],
      [
        6.50353617437526e-17,
        -0.707106828689575,
        -0.707106709480286,
        0.429011136293411
      ],
      [
        -1.61819721959748e-17,
        -0.707106709480286,
        0.707106828689575,
        0.0319999828934669
      ],
      [
        0.0,
        0.0,
        0.0,
        1.0
      ]
    ],
    "1": [
      [
        -0.999999940395355,
        -1.57717812711437e-16,
        3.79054258387894e-16,
        8.88178317129729e-18
      ],
      [
        3.79555198966856e-16,
        -0.707106709480286,
        0.707106828689575,
        0.509011149406433
      ],
      [
        1.56508501125664e-16,
        0.707106828689575,
        0.707106709480286,
        0.0319999791681767
      ],
      [
        0.0,
        0.0,
        0.0,
        1.0
      ]
    ],
    "2": [
      [
        -0.999999940395355,
        1.56308892517687e-16,
        3.79053384885167e-16,
        8.88178317129729e-18
      ],
      [
        3.78558320597276e-16,
        0.707106828689575,
        0.707106709480286,
        0.509011149406433
      ],
      [
        -1.57504175120271e-16,
        0.707106709480286,
        -0.707106828689575,
        -0.0320000238716602
      ],
      [
        0.0,
        0.0,
        0.0,
        1.0
      ]
    ],
    "3": [
      [
        -0.999999940395355,
        2.79473888735126e-16,
        1.8750003376738e-16,
        -8.88178317129729e-18
      ],
      [
        6.50353485088628e-17,
        0.707106709480286,
        -0.707106828689575,
        0.429011136293411
      ],
      [
        -3.302004684847e-16,
        -0.707106828689575,
        -0.707106709480286,
        -0.0320000201463699
      ],
      [
        0.0,
        0.0,
        0.0,
        1.0
      ]
    ]
  },
  "base": [
    [
      -2.22044591690142e-16,
      2.95584642907548e-24,
      0.999999940395355,
      4.98079176328685e-36
    ],
    [
      -1.0,
      -4.37113882867379e-08,
      -2.22044604925031e-16,
      0.469011157751083
    ],
    [
      4.37113882867379e-08,
      -1.0,
      1.26617247663593e-23,
      -2.05011296827706e-08
    ],
    [
      0.0,
      0.0,
      0.0,
      1.0
    ]
  ]
}