{
  "T_WB": [
    [
      0.985414014777438,
      -0.00227507034108143,
      0.170158877332786,
      -0.059751980780156
    ],
    [
      0.00204581153340019,
      0.999996748098199,
      0.00152264513160549,
      4.02723513231328e-05
    ],
    [
      -0.170161788117605,
      -0.00115232285845884,
      0.985415464672972,
      0.336982614258037
    ],
    [
      0.0,
      0.0,
      0.0,
      1.0
    ]
  ],
  "T_WH": {
    "0": [
      [
        0.0207674408322451,
        0.900084800455479,
        -0.43521955998128,
        -0.0202626179381438
      ],
      [
        -0.804172149346585,
        -0.243608134503402,
        -0.542182839104178,
        -0.0318777911264832
      ],
      [
        -0.5940335576519,
        0.361251199019175,
        0.718764011056922,
        0.330213017064804
      ],
      [
        0.0,
        0.0,
        0.0,
        1.0
      ]
    ],
    "1": [
      [
        -0.662346322646578,
        -0.71140239560826,
        0.234955273189141,
        -0.0992413436221681
      ],
      [
        0.740448791154767,
        -0.6693752057403,
        0.0606005083936999,
        0.0319583358291295
      ],
      [
        0.114161887484393,
        0.214110871893418,
        0.970115249845626,
        0.343752211451271
      ],
      [
        0.0,
        0.0,
        0.0,
        1.0
      ]
    ],
    "2": [
      [
        0.0173235163170637,
        -0.898680007418752,
        -0.438262638207096,
        -0.020408222439973
      ],
      [
        0.802423894788621,
        -0.24900731773991,
        0.542320245596857,
        0.0321220007518015
      ],
      [
        -0.596502966341889,
        -0.361067306714145,
        0.716808629389686,
        0.330139268401862
      ],
      [
        0.0,
        0.0,
        0.0,
        1.0
      ]
    ],
    "3": [
      [
        -0.659200574000503,
        0.714155515563126,
        0.235449575977902,
        -0.0990957391203389
      ],
      [
        -0.742997216240177,
        -0.66680373992759,
        -0.0576880323631011,
        -0.0320414560491552
      ],
      [
        0.115800431332338,
        -0.212966363563227,
        0.97017296813192,
        0.343825960114212
      ],
      [
        0.0,
        0.0,
        0.0,
        1.0
      ]
    ]
  },
  "T_WP": {
    "0": [
      [
        0.43521955998128,
        0.900084800455479,
        0.0207674408322451,
        -0.0188088970798867
      ],
      [
        0.542182839104178,
        -0.243608134503402,
        -0.804172149346585,
        -0.0881698415807442
      ],
      [
        -0.718764011056922,
        0.361251199019175,
        -0.5940335576519,
        0.28863066802917
      ],
      [
        0.0,
        0.0,
        0.0,
        1.0
      ]
    ],
    "1": [
      [
        -0.234955273189141,
        -0.71140239560826,
        -0.662346322646578,
        -0.145605586207429
      ],
      [
        -0.0606005083936998,
        -0.6693752057403,
        0.740448791154767,
        0.0837897512099632
      ],
      [
        -0.970115249845626,
        0.214110871893418,
        0.114161887484393,
        0.351743543575178
      ],
      [
        0.0,
        0.0,
        0.0,
        1.0
      ]
    ],
    "2": [
      [
        0.438262638207096,
        -0.898680007418752,
        0.0173235163170636,
        -0.0191955762977786
      ],
      [
        -0.542320245596857,
        -0.24900731773991,
        0.802423894788621,
        0.088291673387005
      ],
      [
        -0.716808629389686,
        -0.361067306714145,
        -0.596502966341889,
        0.28838406075793
      ],
      [
        0.0,
        0.0,
        0.0,
        1.0
      ]
    ],
    "3": [
      [
        -0.235449575977902,
        0.714155515563126,
        -0.659200574000503,
        -0.145239779300374
      ],
      [
        0.057688032363101,
        -0.66680373992759,
        -0.742997216240177,
        -0.0840512611859676
      ],
      [
        -0.97017296813192,
        -0.212966363563227,
        0.115800431332338,
        0.351931990307476
      ],
      [
        0.0,
        0.0,
        0.0,
        1.0
      ]
    ]
  },
  "simTime": 0.562999999999954,
  "state": [
    -0.059751980780156,
    4.02723513231328e-05,
    0.336982614258037,
    0.996346604795315,
    -0.00067119413495012,
    0.0853921375885817,
    0.00108418141179125,
    -0.300052414342964,
    -0.000102078947920851,
    -0.624164153949969,
    -0.0116607040946631,
    -3.64448028517918,
    0.000759113871741727,
    0.820932410897344,
    0.390580327364682,
    0.175349461911943,
    -0.377848581869991,
    0.998692664944475,
    0.0444771600798502,
    -0.00158053331795331,
    -0.0251444851163408,
    0.820707200526727,
    -0.390985639540548,
    0.175577145362088,
    0.377812899069305,
    0.998686431181081,
    -0.0446984548903376,
    -0.00152527714033659,
    0.0250026765538678,
    -3.64851606161907,
    -2.07505819420739,
    -4.28541602659538,
    -0.2100955253917,
    0.204063338199425,
    -0.602124776791218,
    3.64961785428017,
    -2.07682697211181,
    4.28942588938715,
    0.207715384344361,
    0.203578021570344,
    0.604084544543048
  ]
}