{
  "T_WB": [
    [
      0.978927601205577,
      -0.00138243777466251,
      0.204202939410026,
      -0.00210138176543398
    ],
    [
      0.00167642229104992,
      0.999997792552991,
      -0.00126668758896417,
      -1.18746544702521e-05
    ],
    [
      -0.204200737526087,
      0.00158232580246645,
      0.978927757824272,
      0.383364671064001
    ],
    [
      0.0,
      0.0,
      0.0,
      1.0
    ]
  ],
  "T_WH": {
    "0": [
      [
        0.802712263261595,
        0.588962475216172,
        0.0936815093638445,
        0.0370999602915783
      ],
      [
        -0.569542718043954,
        0.803671862558748,
        -0.172431521638179,
        -0.031944747124524
      ],
      [
        -0.176844888907069,
        0.0850572755182793,
        0.980556548674707,
        0.375146007137279
      ],
      [
        0.0,
        0.0,
        0.0,
        1.0
      ]
    ],
    "1": [
      [
        -0.631409890036328,
        -0.748040572539306,
        0.204344935340661,
        -0.0413027238224462
      ],
      [
        0.763682144854042,
        -0.645582662588161,
        -0.00355068961063199,
        0.0319209978155835
      ],
      [
        0.134577607332876,
        0.153812637974414,
        0.978892506868813,
        0.391583334990723
      ],
      [
        0.0,
        0.0,
        0.0,
        1.0
      ]
    ],
    "2": [
      [
        0.800723014357969,
        -0.59180550074558,
        0.0927841773405399,
        0.0370114842739999
      ],
      [
        0.572934622115652,
        0.801814963381098,
        0.169819560944442,
        0.0320551115988674
      ],
      [
        -0.174895892057771,
        -0.0828191631534667,
        0.981097555371471,
        0.375247275988636
      ],
      [
        0.0,
        0.0,
        0.0,
        1.0
      ]
    ],
    "3": [
      [
        -0.629453927928391,
        0.749671556839405,
        0.204402322593219,
        -0.0412142478048678
      ],
      [
        -0.765709173120491,
        -0.643186214921125,
        0.000977309863877368,
        -0.0320788609078079
      ],
      [
        0.132201417596987,
        -0.155897561884141,
        0.978886477270949,
        0.391482066139366
      ],
      [
        0.0,
        0.0,
        0.0,
        1.0
      ]
    ]
  },
  "T_WP": {
    "0": [
      [
        -0.0936815093638445,
        0.588962475216172,
        0.802712263261595,
        0.0932898187198899
      ],
      [
        0.172431521638179,
        0.803671862558748,
        -0.569542718043954,
        -0.0718127373876007
      ],
      [
        -0.980556548674707,
        0.0850572755182793,
        -0.176844888907069,
        0.362766864913784
      ],
      [
        0.0,
        0.0,
        0.0,
        1.0
      ]
    ],
    "1": [
      [
        -0.204344935340661,
        -0.748040572539306,
        -0.631409890036328,
        -0.0855014161249892
      ],
      [
        0.00355068961063204,
        -0.645582662588161,
        0.763682144854042,
        0.0853787479553664
      ],
      [
        -0.978892506868813,
        0.153812637974414,
        0.134577607332876,
        0.401003767504025
      ],
      [
        0.0,
        0.0,
        0.0,
        1.0
      ]
    ],
    "2": [
      [
        -0.0927841773405399,
        -0.59180550074558,
        0.800723014357969,
        0.0930620952790577
      ],
      [
        -0.169819560944442,
        0.801814963381098,
        0.572934622115652,
        0.0721605351469631
      ],
      [
        -0.981097555371471,
        -0.0828191631534667,
        -0.174895892057771,
        0.363004563544593
      ],
      [
        0.0,
        0.0,
        0.0,
        1.0
      ]
    ],
    "3": [
      [
        -0.204402322593219,
        0.749671556839405,
        -0.629453927928391,
        -0.0852760227598552
      ],
      [
        -0.000977309863877415,
        -0.643186214921125,
        -0.765709173120491,
        -0.0856785030262423
      ],
      [
        -0.978886477270949,
        -0.155897561884141,
        0.132201417596987,
        0.400736165371155
      ],
      [
        0.0,
        0.0,
        0.0,
        1.0
      ]
    ]
  }
}