{
  "arms": {
    "0": [
      [
        0.917510628700256,
        0.135831400752068,
        -0.373796612024307,
        -0.0202057268470526
      ],
      [
        0.209087193012238,
        0.634762108325958,
        0.743881404399872,
        0.376376122236252
      ],
      [
        0.338314414024353,
        -0.760675251483917,
        0.554000437259674,
        0.0321351513266563
      ],
      [
        0.0,
        0.0,
        0.0,
        1.0
      ]
    ],
    "1": [
      [
        0.95968896150589,
        -0.262759029865265,
        0.0997727438807487,
        0.00206120265647769
      ],
      [
        0.262362003326416,
        0.710163295269012,
        -0.653325498104095,
        0.299537479877472
      ],
      [
        0.100812248885632,
        0.653165876865387,
        0.750473916530609,
        0.0320555232465267
      ],
      [
        0.0,
        0.0,
        0.0,
        1.0
      ]
    ],
    "2": [
      [
        0.996558368206024,
        -0.0828903093934059,
        0.000687468331307173,
        0.00178303883876652
      ],
      [
        -0.067540131509304,
        -0.816761434078217,
        -0.573008894920349,
        0.299523204565048
      ],
      [
        0.04805838316679,
        0.570990383625031,
        -0.819548904895782,
        -0.0319438688457012
      ],
      [
        0.0,
        0.0,
        0.0,
        1.0
      ]
    ],
    "3": [
      [
        0.925890564918518,
        0.232949733734131,
        -0.297423750162125,
        -0.0204838924109936
      ],
      [
        0.377288043498993,
        -0.610786080360413,
        0.696127951145172,
        0.376361846923828
      ],
      [
        -0.0194994825869799,
        -0.756752789020538,
        -0.653410315513611,
        -0.0318642407655716
      ],
      [
        0.0,
        0.0,
        0.0,
        1.0
      ]
    ]
  },
  "base": [
    [
      -0.278336614370346,
      -0.004346311558038,
      -0.960473656654358,
      -0.0092113446444273
    ],
    [
      0.960483074188232,
      -0.000223241644562222,
      -0.278338342905045,
      0.33794966340065
    ],
    [
      0.000995327602140605,
      -0.999990522861481,
      0.00423669535666704,
      9.56413423409685e-05
    ],
    [
      0.0,
      0.0,
      0.0,
      1.0
    ]
  ]
}