{
  "T_WB": [
    [
      0.999688570320694,
      -0.00187265074211773,
      -0.0248848457773869,
      -0.124362785331004
    ],
    [
      0.00184814591306522,
      0.999997784454807,
      -0.00100769150122554,
      -4.01667634106501e-05
    ],
    [
      0.0248866776981241,
      0.000961386850163734,
      0.999689816397303,
      0.0457293159566789
    ],
    [
      0.0,
      0.0,
      0.0,
      1.0
    ]
  ],
  "T_WH": {
    "0": [
      [
        -0.00456151895497764,
        0.888313303408117,
        0.45921527362772,
        -0.0843153176944286
      ],
      [
        -0.910236969071566,
        0.186459425788728,
        -0.369731717154406,
        -0.0319661700294419
      ],
      [
        -0.414062619274225,
        -0.419681257054322,
        0.807725070675086,
        0.0466940186853986
      ],
      [
        0.0,
        0.0,
        0.0,
        1.0
      ]
    ],
    "1": [
      [
        -0.457897724432694,
        -0.883609855185012,
        -0.0977921151181521,
        -0.16441025296758
      ],
      [
        0.876121941554491,
        -0.467182716731746,
        0.118956516063368,
        0.0318858365026206
      ],
      [
        -0.150797935947909,
        -0.0312078997541781,
        0.988071884787126,
        0.0447646132279592
      ],
      [
        0.0,
        0.0,
        0.0,
        1.0
      ]
    ],
    "2": [
      [
        -0.00989180420280775,
        -0.889365851578359,
        0.457089197264509,
        -0.0844351673419242
      ],
      [
        0.909486209105637,
        0.181990427777263,
        0.373783787294349,
        0.0320336881756658
      ],
      [
        -0.415616394835757,
        0.419413717281336,
        0.80706576318165,
        0.0467555474438091
      ],
      [
        0.0,
        0.0,
        0.0,
        1.0
      ]
    ],
    "3": [
      [
        -0.446205775066433,
        0.88930362604056,
        -0.100197140720055,
        -0.164290403320084
      ],
      [
        -0.880921809603126,
        -0.456191930309925,
        -0.125959073058109,
        -0.0321140217024871
      ],
      [
        -0.157724987439901,
        0.0320621806996263,
        0.986962433381265,
        0.0447030844695487
      ],
      [
        0.0,
        0.0,
        0.0,
        1.0
      ]
    ]
  },
  "T_WP": {
    "0": [
      [
        -0.45921527362772,
        0.888313303408117,
        -0.00456151895497761,
        -0.0846346240212771
      ],
      [
        0.369731717154406,
        0.186459425788728,
        -0.910236969071566,
        -0.0956827578644515
      ],
      [
        -0.807725070675086,
        -0.419681257054322,
        -0.414062619274225,
        0.0177096353362029
      ],
      [
        0.0,
        0.0,
        0.0,
        1.0
      ]
    ],
    "1": [
      [
        0.0977921151181521,
        -0.883609855185012,
        -0.457897724432694,
        -0.196463093677868
      ],
      [
        -0.118956516063368,
        -0.467182716731746,
        0.876121941554491,
        0.0932143724114349
      ],
      [
        -0.988071884787126,
        -0.0312078997541781,
        -0.150797935947908,
        0.0342087577116056
      ],
      [
        0.0,
        0.0,
        0.0,
        1.0
      ]
    ],
    "2": [
      [
        -0.457089197264509,
        -0.889365851578359,
        -0.00989180420280772,
        -0.0851275936361207
      ],
      [
        -0.373783787294349,
        0.181990427777263,
        0.909486209105637,
        0.0956977228130604
      ],
      [
        -0.80706576318165,
        0.419413717281336,
        -0.415616394835757,
        0.0176623998053062
      ],
      [
        0.0,
        0.0,
        0.0,
        1.0
      ]
    ],
    "3": [
      [
        0.100197140720055,
        0.88930362604056,
        -0.446205775066433,
        -0.195524807574735
      ],
      [
        0.125959073058109,
        -0.456191930309925,
        -0.880921809603126,
        -0.0937785483747059
      ],
      [
        -0.986962433381265,
        0.0320621806996263,
        -0.157724987439901,
        0.0336623353487556
      ],
      [
        0.0,
        0.0,
        0.0,
        1.0
      ]
    ]
  },
  "simTime": 0.760499999999933,
  "state": [
    -0.124362785331004,
    -4.01667634106501e-05,
    0.0457293159566789,
    0.999922018356032,
    0.000492307978832845,
    -0.0124438512608564,
    0.000930271707912858,
    -0.259906688143382,
    -0.00524182778244271,
    1.36212428306919,
    0.314783831441292,
    19.2192176372557,
    -0.118195395734178,
    0.891600775646187,
    -0.145437907775456,
    0.28396833284264,
    -0.32133760718532,
    0.986186330501971,
    0.00623415887395388,
    0.0701541132200454,
    -0.149920169398583,
    0.891065509680165,
    0.144429664720579,
    0.285671115277672,
    0.32176752990807,
    0.985314336169049,
    -0.00615449183155977,
    0.0729644857484162,
    0.154252925383964,
    -6.135218983305,
    -0.618891974511665,
    11.2365704702016,
    -1.66678056011441,
    3.81533627690281,
    -3.76470323268748,
    5.94837051324783,
    -1.39402079792826,
    -11.5771453878901,
    1.87219056762219,
    4.20231486964994,
    4.29743908326797
  ]
}