{
  "T_WB": [
    [
      0.96208686364796,
      -0.00220402020405267,
      -0.272734319606045,
      -0.110888377153419
    ],
    [
      0.00293233334348775,
      0.999993140463159,
      0.00226284064654217,
      7.41430167077893e-07
    ],
    [
      0.272727461428428,
      -0.00297679719986113,
      0.962086727099608,
      0.116183201687996
    ],
    [
      0.0,
      0.0,
      0.0,
      1.0
    ]
  ],
  "T_WH": {
    "0": [
      [
        -0.161105515628526,
        0.985296888448399,
        -0.0568775390463623,
        -0.0723343739609714
      ],
      [
        -0.895601225875034,
        -0.170166383543691,
        -0.411025359464348,
        -0.0318817457309145
      ],
      [
        -0.414660652877992,
        -0.0152788587782267,
        0.909847844108691,
        0.127187557655529
      ],
      [
        0.0,
        0.0,
        0.0,
        1.0
      ]
    ],
    "1": [
      [
        -0.586534651676822,
        -0.764276156903728,
        -0.268065399428603,
        -0.149442380345868
      ],
      [
        0.787017944856781,
        -0.615981641499211,
        0.0341960788592129,
        0.0318832285912487
      ],
      [
        -0.191258612500869,
        -0.19091509454311,
        0.962793627845468,
        0.105178845720464
      ],
      [
        0.0,
        0.0,
        0.0,
        1.0
      ]
    ],
    "2": [
      [
        -0.164974531633974,
        -0.984538457022125,
        -0.0588848924312958,
        -0.0724754312540308
      ],
      [
        0.892128445313178,
        -0.174415869816375,
        0.4167564533625,
        0.0321178152587277
      ],
      [
        -0.420583215279977,
        0.0162213131617489,
        0.907108939446671,
        0.126997042634738
      ],
      [
        0.0,
        0.0,
        0.0,
        1.0
      ]
    ],
    "3": [
      [
        -0.582918896746213,
        0.767223290850437,
        -0.267533141484945,
        -0.149301323052808
      ],
      [
        -0.790802263198758,
        -0.611330958713366,
        -0.0301038110265167,
        -0.0321163323983935
      ],
      [
        -0.186647636834493,
        0.194017733455534,
        0.963078282783324,
        0.105369360741255
      ],
      [
        0.0,
        0.0,
        0.0,
        1.0
      ]
    ]
  },
  "T_WP": {
    "0": [
      [
        0.0568775390463623,
        0.985296888448399,
        -0.161105515628526,
        -0.0836117600549682
      ],
      [
        0.411025359464348,
        -0.170166383543691,
        -0.895601225875034,
        -0.0945738315421669
      ],
      [
        -0.909847844108691,
        -0.0152788587782267,
        -0.414660652877992,
        0.0981613119540697
      ],
      [
        0.0,
        0.0,
        0.0,
        1.0
      ]
    ],
    "1": [
      [
        0.268065399428603,
        -0.764276156903728,
        -0.586534651676822,
        -0.190499805963245
      ],
      [
        -0.0341960788592128,
        -0.615981641499211,
        0.787017944856781,
        0.0869744847312233
      ],
      [
        -0.962793627845468,
        -0.19091509454311,
        -0.191258612500869,
        0.0917907428454029
      ],
      [
        0.0,
        0.0,
        0.0,
        1.0
      ]
    ],
    "2": [
      [
        0.0588848924312958,
        -0.984538457022125,
        -0.164974531633974,
        -0.084023648468409
      ],
      [
        -0.4167564533625,
        -0.174415869816375,
        0.892128445313178,
        0.0945668064306501
      ],
      [
        -0.907108939446671,
        0.0162213131617489,
        -0.420583215279977,
        0.0975562175651395
      ],
      [
        0.0,
        0.0,
        0.0,
        1.0
      ]
    ],
    "3": [
      [
        0.267533141484945,
        0.767223290850437,
        -0.582918896746213,
        -0.190105645825043
      ],
      [
        0.0301038110265166,
        -0.611330958713366,
        -0.790802263198758,
        -0.0874724908223066
      ],
      [
        -0.963078282783324,
        0.194017733455534,
        -0.186647636834493,
        0.0923040261628403
      ],
      [
        0.0,
        0.0,
        0.0,
        1.0
      ]
    ]
  },
  "simTime": 0.718999999999937,
  "state": [
    -0.110888377153419,
    7.41430167077893e-07,
    0.116183201687996,
    0.99047548319112,
    -0.0013225056892681,
    -0.137676749776052,
    0.00129643631637203,
    -0.342505809862105,
    -0.00037301593031102,
    -2.20853683884746,
    -0.0118642760614311,
    -2.15921853007023,
    0.000471488445604655,
    0.847914686564202,
    -0.0375218996456904,
    0.231569976005388,
    -0.47540313163522,
    0.997943771752365,
    0.0123563262748881,
    0.0103840626802451,
    -0.0620299997090491,
    0.847847520391546,
    0.0373286067254137,
    0.231832585123546,
    0.475410148987988,
    0.997935084805361,
    -0.0126583271232707,
    0.0104247613258952,
    0.0621019936898623,
    -5.07108149278146,
    -2.60511435580563,
    0.0449523017732877,
    -0.590632343837788,
    0.0374459914150626,
    -0.293980215054656,
    5.07215183593539,
    -2.6074653330438,
    -0.0450997010809503,
    0.591054937717579,
    0.0372174477599762,
    0.297219190017029
  ]
}