{
  "T_WB": [
    [
      0.262483050549409,
      -0.000319869524880701,
      0.96493655017196,
      -0.00518809810331342
    ],
    [
      0.000277032608749031,
      0.99999992882413,
      0.000256134082415635,
      3.82284065804683e-06
    ],
    [
      -0.964936563421249,
      0.000200088034469298,
      0.262483120481239,
      0.200882519603057
    ],
    [
      0.0,
      0.0,
      0.0,
      1.0
    ]
  ],
  "T_WH": {
    "0": [
      [
        0.492055143651301,
        0.793212704165629,
        0.358741329590762,
        0.00532145974345913
      ],
      [
        -0.590158377115642,
        0.606868308236038,
        -0.532375756753593,
        -0.0319850935773642
      ],
      [
        -0.639995957429833,
        0.0502440285902676,
        0.766733794784404,
        0.162278654249104
      ],
      [
        0.0,
        0.0,
        0.0,
        1.0
      ]
    ],
    "1": [
      [
        -0.117437441631931,
        -0.118253586420987,
        0.986014470787078,
        -0.015697655950086
      ],
      [
        0.656634015603026,
        -0.754110138552072,
        -0.012233907226189,
        0.0319927392586803
      ],
      [
        0.74501021258503,
        0.646013922629806,
        0.166210092691329,
        0.23948638495701
      ],
      [
        0.0,
        0.0,
        0.0,
        1.0
      ]
    ],
    "2": [
      [
        0.492448917217054,
        -0.793436520791593,
        0.35770455882737,
        0.00530098809386676
      ],
      [
        0.590619990588073,
        0.606525958522034,
        0.532253969789491,
        0.0320149018673802
      ],
      [
        -0.639266838377759,
        -0.0508404279393812,
        0.767302521980376,
        0.16229145988331
      ],
      [
        0.0,
        0.0,
        0.0,
        1.0
      ]
    ],
    "3": [
      [
        -0.117257040980085,
        0.118907352829292,
        0.985957315396425,
        -0.0156771843004936
      ],
      [
        -0.656832219354978,
        -0.753927953260241,
        0.0128092509554091,
        -0.0320072561860641
      ],
      [
        0.744863894921622,
        -0.646106556796907,
        0.166505541367957,
        0.239473579322804
      ],
      [
        0.0,
        0.0,
        0.0,
        1.0
      ]
    ]
  },
  "T_WP": {
    "0": [
      [
        -0.358741329590762,
        0.793212704165629,
        0.492055143651301,
        0.0397653197990502
      ],
      [
        0.532375756753593,
        0.606868308236038,
        -0.590158377115642,
        -0.0732961799754591
      ],
      [
        -0.766733794784404,
        0.0502440285902676,
        -0.639995957429833,
        0.117478937229015
      ],
      [
        0.0,
        0.0,
        0.0,
        1.0
      ]
    ],
    "1": [
      [
        -0.986014470787078,
        -0.118253586420987,
        -0.117437441631931,
        -0.0239182768643211
      ],
      [
        0.012233907226189,
        -0.754110138552072,
        0.656634015603026,
        0.0779571203508921
      ],
      [
        -0.166210092691329,
        0.646013922629806,
        0.74501021258503,
        0.291637099837962
      ],
      [
        0.0,
        0.0,
        0.0,
        1.0
      ]
    ],
    "2": [
      [
        -0.35770455882737,
        -0.793436520791593,
        0.492448917217054,
        0.0397724122990605
      ],
      [
        -0.532253969789491,
        0.606525958522034,
        0.590619990588073,
        0.0733583012085453
      ],
      [
        -0.767302521980376,
        -0.0508404279393812,
        -0.639266838377759,
        0.117542781196867
      ],
      [
        0.0,
        0.0,
        0.0,
        1.0
      ]
    ],
    "3": [
      [
        -0.985957315396425,
        0.118907352829292,
        -0.117257040980085,
        -0.0238851771690996
      ],
      [
        -0.0128092509554092,
        -0.753927953260241,
        -0.656832219354978,
        -0.0779855115409125
      ],
      [
        -0.166505541367957,
        -0.646106556796907,
        0.744863894921622,
        0.291614051967317
      ],
      [
        0.0,
        0.0,
        0.0,
        1.0
      ]
    ]
  },
  "simTime": 0.323499999999981,
  "state": [
    -0.00518809810331342,
    3.82284065804683e-06,
    0.200882519603057,
    0.794507095603113,
    -1.76354774729204e-05,
    0.607254838966616,
    0.000187821523852037,
    -0.128217271295726,
    0.00026535288631373,
    1.73662865097603,
    -0.00936793904776125,
    -5.5787657384412,
    0.0060826676796604,
    0.871017389243564,
    0.462630237190079,
    -0.111053110802928,
    0.122348591547957,
    0.998186407651735,
    0.0290565103716927,
    -0.0402853961419752,
    0.0340103166999247,
    0.870823714911399,
    -0.462848686750216,
    -0.1114443687829,
    -0.122545107564898,
    0.998189642702392,
    -0.0289473592308434,
    -0.0401850425548405,
    -0.0341269680765401,
    7.02808644015577,
    -0.466577841739004,
    -0.475722481240143,
    0.593465317291673,
    -0.0403405097930449,
    -0.06120216282545,
    -7.03283546498391,
    -0.471282414935724,
    0.475538241189273,
    -0.593785145711808,
    -0.0374593264136454,
    0.0568487525889457
  ]
}