{
  "T_WB": [
    [
      0.964423202162027,
      -0.00221499689966777,
      -0.264353893332926,
      -0.109518405732577
    ],
    [
      0.00291090762539255,
      0.999993252687426,
      0.00224080262794384,
      2.22446926439166e-06
    ],
    [
      0.264347146283704,
      -0.0029305918097597,
      0.964423142548595,
      0.124935931700483
    ],
    [
      0.0,
      0.0,
      0.0,
      1.0
    ]
  ],
  "T_WH": {
    "0": [
      [
        -0.1640477532982,
        0.983916866802103,
        -0.0706819203201637,
        -0.0708705977453064
      ],
      [
        -0.891285069982176,
        -0.178545965990776,
        -0.416812022445717,
        -0.0318811233117176
      ],
      [
        -0.422728350911884,
        -0.00537933553086696,
        0.906240478065599,
        0.135603596489744
      ],
      [
        0.0,
        0.0,
        0.0,
        1.0
      ]
    ],
    "1": [
      [
        -0.589124956646746,
        -0.765818208429691,
        -0.257787232215849,
        -0.148166213719847
      ],
      [
        0.786297027710676,
        -0.616828069252751,
        0.0354981294616927,
        0.0318855722502463
      ],
      [
        -0.186195514632672,
        -0.181784500492924,
        0.965549390612004,
        0.114268266911223
      ],
      [
        0.0,
        0.0,
        0.0,
        1.0
      ]
    ],
    "2": [
      [
        -0.167920351570251,
        -0.983113890861366,
        -0.0727312389826418,
        -0.0710123575468851
      ],
      [
        0.887777212233945,
        -0.182884294383394,
        0.422380108795399,
        0.0321184448602777
      ],
      [
        -0.428549153501262,
        0.00635707977887371,
        0.903496104346907,
        0.135416038613919
      ],
      [
        0.0,
        0.0,
        0.0,
        1.0
      ]
    ],
    "3": [
      [
        -0.585505815361651,
        0.768769920283892,
        -0.257246476835712,
        -0.148024453918269
      ],
      [
        -0.790050989981686,
        -0.612234379867924,
        -0.031440377489718,
        -0.032113995921749
      ],
      [
        -0.181665553715187,
        0.18482930983596,
        0.965834226365434,
        0.114455824787047
      ],
      [
        0.0,
        0.0,
        0.0,
        1.0
      ]
    ]
  },
  "T_WP": {
    "0": [
      [
        0.0706819203201637,
        0.983916866802103,
        -0.1640477532982,
        -0.0823539404761804
      ],
      [
        0.416812022445717,
        -0.178545965990776,
        -0.891285069982176,
        -0.0942710782104699
      ],
      [
        -0.906240478065599,
        -0.00537933553086696,
        -0.422728350911884,
        0.106012611925912
      ],
      [
        0.0,
        0.0,
        0.0,
        1.0
      ]
    ],
    "1": [
      [
        0.257787232215849,
        -0.765818208429691,
        -0.589124956646746,
        -0.18940496068512
      ],
      [
        -0.0354981294616926,
        -0.616828069252751,
        0.786297027710676,
        0.0869263641899937
      ],
      [
        -0.965549390612004,
        -0.181784500492924,
        -0.186195514632671,
        0.101234580886936
      ],
      [
        0.0,
        0.0,
        0.0,
        1.0
      ]
    ],
    "2": [
      [
        0.0727312389826418,
        -0.983113890861366,
        -0.167920351570251,
        -0.0827667821568027
      ],
      [
        -0.422380108795399,
        -0.182884294383394,
        0.887777212233945,
        0.0942628497166539
      ],
      [
        -0.903496104346907,
        0.00635707977887371,
        -0.428549153501262,
        0.105417597868831
      ],
      [
        0.0,
        0.0,
        0.0,
        1.0
      ]
    ],
    "3": [
      [
        0.257246476835712,
        0.768769920283892,
        -0.585505815361651,
        -0.189009860993584
      ],
      [
        0.0314403774897179,
        -0.612234379867924,
        -0.790050989981686,
        -0.087417565220467
      ],
      [
        -0.965834226365434,
        0.18482930983596,
        -0.181665553715187,
        0.101739236026984
      ],
      [
        0.0,
        0.0,
        0.0,
        1.0
      ]
    ]
  },
  "simTime": 0.714999999999938,
  "state": [
    -0.109518405732577,
    2.22446926439166e-06,
    0.124935931700483,
    0.991065032855822,
    -0.00130450431259839,
    -0.133366888672568,
    0.00129302930562732,
    -0.342469665055007,
    -0.000368483800834057,
    -2.16782796572846,
    -0.0118637285137375,
    -2.19082902856245,
    0.000446473526175352,
    0.847046632282057,
    -0.0264244378207069,
    0.231141905613549,
    -0.477898704010403,
    0.997966446095687,
    0.0135296307100955,
    0.0102254050341223,
    -0.0614439797855054,
    0.846974976114106,
    0.026227728317981,
    0.231407004701814,
    0.477908248807994,
    0.997957833860581,
    -0.0138324931785158,
    0.0102661695727599,
    0.0615095905616961,
    -5.08703521054925,
    -2.60277145481487,
    -0.0701695190793394,
    -0.583699629182878,
    0.0411015936252201,
    -0.306356445925064,
    5.08817655871969,
    -2.60514361362774,
    0.0700837529928162,
    0.584035875208476,
    0.0408688592277438,
    0.309592209828783
  ]
}