{
  "T_WB": [
    [
      -2.22044604925031e-16,
      1.03002380065298e-19,
      1.0,
      -3.86123218268327e-36
    ],
    [
      -2.55341603146751e-18,
      1.0,
      -1.03002380065298e-19,
      3.39425190473033e-21
    ],
    [
      -1.0,
      -2.55341603146751e-18,
      -2.22044604925031e-16,
      0.193543749999999
    ],
    [
      0.0,
      0.0,
      0.0,
      1.0
    ]
  ],
  "T_WH": {
    "0": [
      [
        -1.57191152812934e-16,
        -1.52064631477707e-16,
        1.0,
        -8.88508027316334e-18
      ],
      [
        -0.707106779455507,
        0.707106782917588,
        -3.62499746470212e-18,
        -0.032
      ],
      [
        -0.707106782917588,
        -0.707106779455507,
        -2.1867686220195e-16,
        -0.04
      ],
      [
        0.0,
        0.0,
        0.0,
        1.0
      ]
    ],
    "1": [
      [
        1.57191152812934e-16,
        1.52021612850272e-16,
        1.0,
        8.88508027316334e-18
      ],
      [
        0.707106779455507,
        -0.707106782917588,
        -3.6554162279534e-18,
        0.032
      ],
      [
        0.707106782917588,
        0.707106779455507,
        -2.18646443438848e-16,
        0.04
      ],
      [
        0.0,
        0.0,
        0.0,
        1.0
      ]
    ],
    "2": [
      [
        -1.57051379065055e-16,
        1.52872254772007e-16,
        1.0,
        -8.87848812083916e-18
      ],
      [
        0.707106779455507,
        0.707106782917588,
        2.95508659054496e-18,
        0.032
      ],
      [
        -0.707106782917588,
        0.707106779455507,
        -2.19149103143397e-16,
        -0.04
      ],
      [
        0.0,
        0.0,
        0.0,
        1.0
      ]
    ],
    "3": [
      [
        1.57051379065055e-16,
        -1.52197724416313e-16,
        1.0,
        8.87848812083916e-18
      ],
      [
        -0.707106779455507,
        -0.707106782917588,
        3.43205158034039e-18,
        -0.032
      ],
      [
        0.707106782917588,
        -0.707106779455507,
        -2.18672138155937e-16,
        0.04
      ],
      [
        0.0,
        0.0,
        0.0,
        1.0
      ]
    ]
  },
  "T_WP": {
    "0": [
      [
        -1.0,
        -1.52064631477707e-16,
        -9.5958812855566e-17,
        -1.98884609700687e-17
      ],
      [
        -3.96728052410769e-17,
        0.707106782917588,
        -0.707106779455507,
        -0.0814974745618855
      ],
      [
        1.7537905928418e-16,
        -0.707106779455507,
        -0.707106782917588,
        -0.0894974748042311
      ],
      [
        0.0,
        0.0,
        0.0,
        1.0
      ]
    ],
    "1": [
      [
        -1.0,
        1.52021612850272e-16,
        2.18423492770301e-16,
        1.98884609700687e-17
      ],
      [
        4.69532189337324e-17,
        -0.707106782917588,
        0.707106779455507,
        0.0814974745618855
      ],
      [
        2.61944246356618e-16,
        0.707106779455507,
        0.707106782917588,
        0.0894974748042311
      ],
      [
        0.0,
        0.0,
        0.0,
        1.0
      ]
    ],
    "2": [
      [
        -1.0,
        1.52872254772007e-16,
        -9.5819039107687e-17,
        -1.9872084655393e-17
      ],
      [
        4.03427161152341e-17,
        0.707106782917588,
        0.707106779455507,
        0.0814974745618855
      ],
      [
        1.75851300225627e-16,
        0.707106779455507,
        -0.707106782917588,
        -0.0894974748042311
      ],
      [
        0.0,
        0.0,
        0.0,
        1.0
      ]
    ],
    "3": [
      [
        -1.0,
        -1.52197724416313e-16,
        2.18283719022422e-16,
        1.9872084655393e-17
      ],
      [
        -4.67298542861194e-17,
        -0.707106782917588,
        -0.707106779455507,
        -0.0814974745618855
      ],
      [
        2.61969941073707e-16,
        -0.707106779455507,
        0.707106782917588,
        0.0894974748042311
      ],
      [
        0.0,
        0.0,
        0.0,
        1.0
      ]
    ]
  }
}