{
  "T_WB": [
    [
      -0.194501072618552,
      0.0571789821603554,
      0.979234342100674,
      -0.175180252694446
    ],
    [
      0.0296178293905054,
      0.998186722458896,
      -0.0524027794011117,
      -0.00043972182057228
    ],
    [
      -0.980455056049194,
      0.0188103988759519,
      -0.195841905530201,
      0.186562184223948
    ],
    [
      0.0,
      0.0,
      0.0,
      1.0
    ]
  ],
  "T_WH": {
    "0": [
      [
        -0.520186508525852,
        -0.605488532491686,
        0.602320208335026,
        -0.184790023028319
      ],
      [
        -0.760216083811164,
        0.649661022584406,
        -0.0034729885404785,
        -0.0311969837636367
      ],
      [
        -0.38920110773545,
        -0.459700111763799,
        -0.798247020026914,
        0.14674204921795
      ],
      [
        0.0,
        0.0,
        0.0,
        1.0
      ]
    ],
    "1": [
      [
        0.0981258215760801,
        -0.0838282411117402,
        0.991637105564395,
        -0.165570482360572
      ],
      [
        0.830829909533341,
        -0.541606966485632,
        -0.127998262797007,
        0.0303175401224922
      ],
      [
        0.547807433834956,
        0.836441701403238,
        0.0165013814214751,
        0.226382319229946
      ],
      [
        0.0,
        0.0,
        0.0,
        1.0
      ]
    ],
    "2": [
      [
        -0.427483222661326,
        0.676279431842079,
        0.599920181699568,
        -0.181130568170056
      ],
      [
        0.828719343520319,
        0.558313716391597,
        -0.0388592815715261,
        0.0326869664737326
      ],
      [
        -0.361223399045991,
        0.480553768226156,
        -0.799115593531564,
        0.147945914746011
      ],
      [
        0.0,
        0.0,
        0.0,
        1.0
      ]
    ],
    "3": [
      [
        -0.00534596885625884,
        0.0301406116218663,
        0.999531372268049,
        -0.169229937218835
      ],
      [
        -0.86343894780091,
        -0.504342176024118,
        0.0105902268018123,
        -0.0335664101148772
      ],
      [
        0.504425023207062,
        -0.862977701342461,
        0.028720775550783,
        0.225178453701886
      ],
      [
        0.0,
        0.0,
        0.0,
        1.0
      ]
    ]
  },
  "T_WP": {
    "0": [
      [
        -0.602320208335026,
        -0.605488532491686,
        -0.520186508525852,
        -0.221203078625129
      ],
      [
        0.00347298854047846,
        0.649661022584406,
        -0.760216083811164,
        -0.0844121096304182
      ],
      [
        0.798247020026914,
        -0.459700111763799,
        -0.38920110773545,
        0.119497971676469
      ],
      [
        0.0,
        0.0,
        0.0,
        1.0
      ]
    ],
    "1": [
      [
        -0.991637105564395,
        -0.0838282411117402,
        0.0981258215760801,
        -0.158701674850247
      ],
      [
        0.127998262797007,
        -0.541606966485632,
        0.830829909533341,
        0.088475633789826
      ],
      [
        -0.0165013814214751,
        0.836441701403238,
        0.547807433834956,
        0.264728839598393
      ],
      [
        0.0,
        0.0,
        0.0,
        1.0
      ]
    ],
    "2": [
      [
        -0.599920181699568,
        0.676279431842079,
        -0.427483222661326,
        -0.211054393756349
      ],
      [
        0.0388592815715261,
        0.558313716391597,
        0.828719343520319,
        0.0906973205201549
      ],
      [
        0.799115593531564,
        0.480553768226156,
        -0.361223399045991,
        0.122660276812792
      ],
      [
        0.0,
        0.0,
        0.0,
        1.0
      ]
    ],
    "3": [
      [
        -0.999531372268049,
        0.0301406116218663,
        -0.00534596885625878,
        -0.169604155038773
      ],
      [
        -0.0105902268018124,
        -0.504342176024118,
        -0.86343894780091,
        -0.0940071364609409
      ],
      [
        -0.028720775550783,
        -0.862977701342461,
        0.504425023207062,
        0.26048820532638
      ],
      [
        0.0,
        0.0,
        0.0,
        1.0
      ]
    ]
  },
  "simTime": 0.895999999999918,
  "state": [
    -0.175180252694446,
    -0.00043972182057228,
    0.186562184223948,
    0.634003892793677,
    0.0280807338434744,
    0.772743440704554,
    -0.0108678957192221,
    -0.455101351527055,
    -0.00138308307591364,
    0.397071925029985,
    0.479362335750137,
    13.0707789436155,
    -0.220734494912608,
    0.932482977737379,
    -0.273119421832167,
    0.22856806224297,
    -0.060315160371074,
    0.987715614115355,
    -0.105812627383571,
    0.039283993908398,
    -0.108066282167556,
    0.932430586734473,
    0.274379858349844,
    0.227411837080163,
    0.0597724904094727,
    0.98646054673853,
    0.109071497079548,
    0.0424915288548228,
    0.114862823527571,
    -1.20226850464825,
    -2.23368041291494,
    2.92379419393839,
    -1.26208874218034,
    -0.812920132680405,
    0.724189034853491,
    1.24431008698572,
    -2.20131988769115,
    -2.90054066348015,
    1.2970948374114,
    -0.839722321568617,
    -0.786426184589111
  ]
}