{
  "T_WB": [
    [
      0.120517529777138,
      -1.9613839612722e-05,
      0.992711199005891,
      -0.00184205759396262
    ],
    [
      0.000183445352564641,
      0.999999983170744,
      -2.51285717341467e-06,
      -4.31749214813887e-06
    ],
    [
      -0.992711182250014,
      0.000182411099235726,
      0.120517531346985,
      0.230768525850433
    ],
    [
      0.0,
      0.0,
      0.0,
      1.0
    ]
  ],
  "T_WH": {
    "0": [
      [
        0.159537730403505,
        -0.0802503695183871,
        0.983924585915944,
        0.00482132883395312
      ],
      [
        -0.635788229682865,
        0.754109784964024,
        0.164595744836379,
        -0.0319926616473612
      ],
      [
        -0.755196027250162,
        -0.651826902186214,
        0.0692867232007442,
        -0.0397142844451761
      ],
      [
        0.0,
        0.0,
        0.0,
        1.0
      ]
    ],
    "1": [
      [
        -0.0473747103836083,
        -0.018989223109255,
        0.998696673781272,
        -0.00482132883395312
      ],
      [
        0.685856679760799,
        -0.727496287455063,
        0.0187020471230515,
        0.0319926616473612
      ],
      [
        0.726192985124176,
        0.685848788833813,
        0.0474888114362845,
        0.0397142844451761
      ],
      [
        0.0,
        0.0,
        0.0,
        1.0
      ]
    ],
    "2": [
      [
        0.160031812517728,
        0.079864607892665,
        0.983875735745344,
        0.00482007354821791
      ],
      [
        0.635630376929857,
        0.754239217302375,
        -0.164612353749982,
        0.0320073372755664
      ],
      [
        -0.755224365937897,
        0.651724518097372,
        0.0699378981986816,
        -0.039702610134825
      ],
      [
        0.0,
        0.0,
        0.0,
        1.0
      ]
    ],
    "3": [
      [
        -0.0473564567041029,
        0.0191874060378904,
        0.998693751586526,
        -0.00482007354821791
      ],
      [
        -0.686110208910494,
        -0.727260780453503,
        -0.0185617467647812,
        -0.0320073372755664
      ],
      [
        0.725954645440905,
        -0.686092997095656,
        0.0476051688272459,
        0.039702610134825
      ],
      [
        0.0,
        0.0,
        0.0,
        1.0
      ]
    ]
  },
  "T_WP": {
    "0": [
      [
        -0.983924585915944,
        -0.0802503695183871,
        0.159537730403505,
        0.0159889699621985
      ],
      [
        -0.164595744836379,
        0.754109784964024,
        -0.635788229682865,
        -0.0764978377251617
      ],
      [
        -0.0692867232007443,
        -0.651826902186214,
        -0.755196027250162,
        -0.0925780063526874
      ],
      [
        0.0,
        0.0,
        0.0,
        1.0
      ]
    ],
    "1": [
      [
        -0.998696673781272,
        -0.018989223109255,
        -0.0473747103836082,
        -0.0081375585608057
      ],
      [
        -0.0187020471230514,
        -0.727496287455063,
        0.685856679760799,
        0.0800026292306172
      ],
      [
        -0.0474888114362845,
        0.685848788833813,
        0.726192985124176,
        0.0905477934038684
      ],
      [
        0.0,
        0.0,
        0.0,
        1.0
      ]
    ],
    "2": [
      [
        -0.983875735745344,
        0.079864607892665,
        0.160031812517728,
        0.0160223004244589
      ],
      [
        0.164612353749982,
        0.754239217302375,
        0.635630376929857,
        0.0765014636606564
      ],
      [
        -0.0699378981986816,
        0.651724518097372,
        -0.755224365937897,
        -0.0925683157504778
      ],
      [
        0.0,
        0.0,
        0.0,
        1.0
      ]
    ],
    "3": [
      [
        -0.998693751586526,
        0.0191874060378904,
        -0.0473564567041028,
        -0.00813502551750511
      ],
      [
        0.0185617467647811,
        -0.727260780453503,
        -0.686110208910494,
        -0.080035051899301
      ],
      [
        -0.0476051688272458,
        -0.686092997095656,
        0.725954645440905,
        0.0905194353156883
      ],
      [
        0.0,
        0.0,
        0.0,
        1.0
      ]
    ]
  }
}