{
  "T_WB": [
    [
      0.989899586464287,
      -0.00232439605938107,
      -0.141751211285098,
      -0.0918213489124493
    ],
    [
      0.00263033980071536,
      0.999994598260945,
      0.00197097982342223,
      1.96496397739102e-05
    ],
    [
      0.14174586424431,
      -0.00232392596497793,
      0.989900353236498,
      0.22390323168302
    ],
    [
      0.0,
      0.0,
      0.0,
      1.0
    ]
  ],
  "T_WH": {
    "0": [
      [
        -0.160513506898101,
        0.957071700204387,
        -0.241348658109296,
        -0.0521509847799777
      ],
      [
        -0.841460035071122,
        -0.260497399487072,
        -0.473377348675007,
        -0.0318749639125477
      ],
      [
        -0.5159267617418,
        0.127101791995066,
        0.847150937549067,
        0.229647431883672
      ],
      [
        0.0,
        0.0,
        0.0,
        1.0
      ]
    ],
    "1": [
      [
        -0.623410512058767,
        -0.773918342246855,
        -0.111398981092761,
        -0.131491713044921
      ],
      [
        0.774286574243784,
        -0.630873610624256,
        0.0497874317849332,
        0.0319142631920955
      ],
      [
        -0.108810084093577,
        -0.055216727101426,
        0.992527822606377,
        0.218159031482368
      ],
      [
        0.0,
        0.0,
        0.0,
        1.0
      ]
    ],
    "2": [
      [
        -0.164355965825224,
        -0.955778374675183,
        -0.243874588674022,
        -0.0522997461277781
      ],
      [
        0.837892397321377,
        -0.265738576154977,
        0.476780179594497,
        0.0321246903761528
      ],
      [
        -0.520503071084786,
        -0.125978996846263,
        0.84451515400549,
        0.229498700621913
      ],
      [
        0.0,
        0.0,
        0.0,
        1.0
      ]
    ],
    "3": [
      [
        -0.619815085215149,
        0.77688794760372,
        -0.110789787470765,
        -0.131342951697121
      ],
      [
        -0.777648072371176,
        -0.62700341655794,
        -0.0461539939990485,
        -0.0320853910966049
      ],
      [
        -0.105322056935533,
        0.0575485229415133,
        0.992771590966481,
        0.218307762744127
      ],
      [
        0.0,
        0.0,
        0.0,
        1.0
      ]
    ]
  },
  "T_WP": {
    "0": [
      [
        0.241348658109296,
        0.957071700204387,
        -0.160513506898101,
        -0.0633869302628447
      ],
      [
        0.473377348675007,
        -0.260497399487072,
        -0.841460035071122,
        -0.0907771663675262
      ],
      [
        -0.847150937549067,
        0.127101791995066,
        -0.5159267617418,
        0.193532558561746
      ],
      [
        0.0,
        0.0,
        0.0,
        1.0
      ]
    ],
    "1": [
      [
        0.111398981092761,
        -0.773918342246855,
        -0.623410512058767,
        -0.175130448889035
      ],
      [
        -0.0497874317849331,
        -0.630873610624256,
        0.774286574243784,
        0.0861143233891604
      ],
      [
        -0.992527822606377,
        -0.055216727101426,
        -0.108810084093577,
        0.210542325595818
      ],
      [
        0.0,
        0.0,
        0.0,
        1.0
      ]
    ],
    "2": [
      [
        0.243874588674022,
        -0.955778374675183,
        -0.164355965825224,
        -0.0638046637355437
      ],
      [
        -0.476780179594497,
        -0.265738576154977,
        0.837892397321377,
        0.0907771581886492
      ],
      [
        -0.84451515400549,
        -0.125978996846263,
        -0.520503071084786,
        0.193063485645978
      ],
      [
        0.0,
        0.0,
        0.0,
        1.0
      ]
    ],
    "3": [
      [
        0.110789787470765,
        0.77688794760372,
        -0.619815085215149,
        -0.174730007662181
      ],
      [
        0.0461539939990485,
        -0.62700341655794,
        -0.777648072371176,
        -0.0865207561625873
      ],
      [
        -0.992771590966481,
        0.0575485229415133,
        -0.105322056935533,
        0.21093521875864
      ],
      [
        0.0,
        0.0,
        0.0,
        1.0
      ]
    ]
  },
  "simTime": 0.662999999999943,
  "state": [
    -0.0918213489124493,
    1.96496397739102e-05,
    0.22390323168302,
    0.997471119627246,
    -0.00107644865698096,
    -0.0710539558366739,
    0.00124182439035127,
    -0.336513055179025,
    -0.000298059303646466,
    -1.63864202851279,
    -0.011844573006292,
    -2.63987011386728,
    0.000276424845175354,
    0.83611029090318,
    0.122671331208783,
    0.221393348193387,
    -0.486678858510401,
    0.998258583960997,
    0.0273366272355617,
    0.00750682683731201,
    -0.0517315755646708,
    0.835979610604346,
    -0.122929120290816,
    0.221677435754134,
    0.486708985447982,
    0.998250833542733,
    -0.0276354417009579,
    0.00754977357438891,
    0.0517161155947322,
    -5.04555135609829,
    -2.52854899306193,
    -1.60154917883504,
    -0.476013116392987,
    0.0926020384788223,
    -0.448515708260581,
    5.04736907033672,
    -2.53106116619392,
    1.6025901582861,
    0.475274289121563,
    0.0922930141447149,
    0.451557621874582
  ]
}