{
  "T_WB": [
    [
      0.970764076113033,
      -0.00379125998222447,
      0.240005697591031,
      -0.0114531388690519
    ],
    [
      0.00178844743948373,
      0.999961745159502,
      0.00856210682720149,
      -2.33094559691952e-05
    ],
    [
      -0.240028977384328,
      -0.00788254814837116,
      0.970733720157347,
      0.423463558297132
    ],
    [
      0.0,
      0.0,
      0.0,
      1.0
    ]
  ],
  "T_WH": {
    "0": [
      [
        0.402164718541229,
        0.877525895299824,
        0.261173969298045,
        0.0389518833639525
      ],
      [
        -0.902427757119873,
        0.428077605554309,
        -0.0487207019908768,
        -0.0319272379475247
      ],
      [
        -0.154556405044402,
        -0.216096891928437,
        0.964061435261581,
        -0.00934891755462525
      ],
      [
        0.0,
        0.0,
        0.0,
        1.0
      ]
    ],
    "1": [
      [
        -0.778717204699332,
        -0.611668106833817,
        0.13950498983045,
        -0.0389518833639525
      ],
      [
        0.6131805177805,
        -0.789076766566653,
        -0.0369798469325308,
        0.0319272379475247
      ],
      [
        0.13269953925955,
        0.056744898863689,
        0.989530620412149,
        0.00934891755462525
      ],
      [
        0.0,
        0.0,
        0.0,
        1.0
      ]
    ],
    "2": [
      [
        0.396504333513285,
        -0.879873977635992,
        0.261927656012501,
        0.0387092427250901
      ],
      [
        0.902464156338249,
        0.425900746512302,
        0.0645523093696653,
        0.0320703137426834
      ],
      [
        -0.168353081438618,
        0.210785050701614,
        0.962926218549916,
        -0.009853400636121
      ],
      [
        0.0,
        0.0,
        0.0,
        1.0
      ]
    ],
    "3": [
      [
        -0.773929951851509,
        0.616990740258377,
        0.142670445651998,
        -0.0387092427250901
      ],
      [
        -0.616892740703774,
        -0.785438243712737,
        0.0503002165048815,
        -0.0320703137426834
      ],
      [
        0.143093592079122,
        -0.0490835180979467,
        0.988491290885773,
        0.009853400636121
      ],
      [
        0.0,
        0.0,
        0.0,
        1.0
      ]
    ]
  },
  "T_WP": {
    "0": [
      [
        -0.261173969298045,
        0.877525895299824,
        0.402164718541229,
        0.0671034136618385
      ],
      [
        0.0487207019908768,
        0.428077605554309,
        -0.902427757119873,
        -0.0950971809459158
      ],
      [
        -0.964061435261581,
        -0.216096891928437,
        -0.154556405044402,
        -0.0201678659077334
      ],
      [
        0.0,
        0.0,
        0.0,
        1.0
      ]
    ],
    "1": [
      [
        -0.13950498983045,
        -0.611668106833817,
        -0.778717204699332,
        -0.0934620876929057
      ],
      [
        0.0369798469325308,
        -0.789076766566653,
        0.6131805177805,
        0.0748498741921597
      ],
      [
        -0.989530620412149,
        0.056744898863689,
        0.132699539259551,
        0.0186378853027938
      ],
      [
        0.0,
        0.0,
        0.0,
        1.0
      ]
    ],
    "2": [
      [
        -0.261927656012501,
        -0.879873977635992,
        0.396504333513285,
        0.0664645460710201
      ],
      [
        -0.0645523093696653,
        0.425900746512302,
        0.902464156338249,
        0.0952428046863608
      ],
      [
        -0.962926218549916,
        0.210785050701614,
        -0.168353081438618,
        -0.0216381163368243
      ],
      [
        0.0,
        0.0,
        0.0,
        1.0
      ]
    ],
    "3": [
      [
        -0.142670445651998,
        0.616990740258377,
        -0.773929951851509,
        -0.0928843393546958
      ],
      [
        -0.0503002165048815,
        -0.785438243712737,
        -0.616892740703774,
        -0.0752528055919476
      ],
      [
        -0.988491290885773,
        -0.0490835180979467,
        0.143093592079123,
        0.0198699520816596
      ],
      [
        0.0,
        0.0,
        0.0,
        1.0
      ]
    ]
  }
}