{
  "T_WB": [
    [
      -0.270678502361057,
      0.059657351367678,
      0.960819519362179,
      -0.177922121248316
    ],
    [
      0.0324166241474205,
      0.998076785358701,
      -0.0528383668078923,
      -0.000448009582060987
    ],
    [
      -0.962123854209249,
      0.0168443152379045,
      -0.272091819439148,
      0.188784162718319
    ],
    [
      0.0,
      0.0,
      0.0,
      1.0
    ]
  ],
  "T_WH": {
    "0": [
      [
        -0.553972592729881,
        -0.63282462609191,
        0.540968907716301,
        -0.190658296586524
      ],
      [
        -0.747012142051086,
        0.664691242323585,
        0.0125861831616009,
        -0.0310898017476426
      ],
      [
        -0.367542141981546,
        -0.397137942017585,
        -0.840948410354437,
        0.149760190462336
      ],
      [
        0.0,
        0.0,
        0.0,
        1.0
      ]
    ],
    "1": [
      [
        0.146399383350206,
        -0.0267838000502785,
        0.988862906883227,
        -0.165185945910108
      ],
      [
        0.826191246010826,
        -0.546449414735564,
        -0.1371169652167,
        0.0301937825835206
      ],
      [
        0.544036070099914,
        0.837063716326318,
        -0.0578713162129233,
        0.227808134974302
      ],
      [
        0.0,
        0.0,
        0.0,
        1.0
      ]
    ],
    "2": [
      [
        -0.458855016193578,
        0.708318771033168,
        0.536410843212602,
        -0.186840226098993
      ],
      [
        0.81965857422123,
        0.570473824937464,
        -0.0521482192106259,
        0.0327871125153143
      ],
      [
        -0.342945908008262,
        0.415745274974091,
        -0.842344330138873,
        0.150838226637562
      ],
      [
        0.0,
        0.0,
        0.0,
        1.0
      ]
    ],
    "3": [
      [
        0.0383135075712643,
        -0.0302508637976801,
        0.998807769481736,
        -0.16900401639764
      ],
      [
        -0.862259082013097,
        -0.506156465099001,
        0.0177456564943142,
        -0.0336831316794363
      ],
      [
        0.505016188476684,
        -0.861910968765323,
        -0.0454767116061058,
        0.226730098799076
      ],
      [
        0.0,
        0.0,
        0.0,
        1.0
      ]
    ]
  },
  "T_WP": {
    "0": [
      [
        -0.540968907716301,
        -0.63282462609191,
        -0.553972592729881,
        -0.229436378077616
      ],
      [
        -0.0125861831616009,
        0.664691242323585,
        -0.747012142051086,
        -0.0833806516912186
      ],
      [
        0.840948410354437,
        -0.397137942017585,
        -0.367542141981546,
        0.124032240523628
      ],
      [
        0.0,
        0.0,
        0.0,
        1.0
      ]
    ],
    "1": [
      [
        -0.988862906883227,
        -0.0267838000502785,
        0.146399383350207,
        -0.154937989075594
      ],
      [
        0.1371169652167,
        -0.546449414735564,
        0.826191246010826,
        0.0880271698042785
      ],
      [
        0.0578713162129233,
        0.837063716326318,
        0.544036070099914,
        0.265890659881296
      ],
      [
        0.0,
        0.0,
        0.0,
        1.0
      ]
    ],
    "2": [
      [
        -0.536410843212602,
        0.708318771033168,
        -0.458855016193578,
        -0.218960077232543
      ],
      [
        0.0521482192106259,
        0.570473824937464,
        0.81965857422123,
        0.0901632127108004
      ],
      [
        0.842344330138873,
        0.415745274974091,
        -0.342945908008262,
        0.126832013076984
      ],
      [
        0.0,
        0.0,
        0.0,
        1.0
      ]
    ],
    "3": [
      [
        -0.998807769481736,
        -0.0302508637976801,
        0.0383135075712643,
        -0.166322070867651
      ],
      [
        -0.0177456564943142,
        -0.506156465099001,
        -0.862259082013097,
        -0.0940412674203531
      ],
      [
        0.0454767116061058,
        -0.861910968765323,
        0.505016188476684,
        0.262081231992444
      ],
      [
        0.0,
        0.0,
        0.0,
        1.0
      ]
    ]
  },
  "simTime": 0.901999999999917,
  "state": [
    -0.177922121248316,
    -0.000448009582060987,
    0.188784162718319,
    0.60318041736252,
    0.0288813595567694,
    0.797001742024273,
    -0.0112904557393337,
    -0.458770606113459,
    -0.00138392959975507,
    0.343631726823985,
    0.478275274108773,
    13.0659051346017,
    -0.223006110086802,
    0.933547651972167,
    -0.274663418953477,
    0.224940411009805,
    -0.0495035279629693,
    0.987641146161608,
    -0.109706510677125,
    0.0375421889216148,
    -0.105451562219857,
    0.933418424129386,
    0.276059141434591,
    0.223873026722553,
    0.0490128945512559,
    0.986409576337646,
    0.113071343485983,
    0.0407403476910565,
    0.112032330430428,
    -1.06524924802083,
    -2.21479979476027,
    2.94321621825575,
    -1.24999969168476,
    -0.797215580175208,
    0.767326218006148,
    1.10900201747561,
    -2.18375419124398,
    -2.92420735476566,
    1.28295811525032,
    -0.82275894857273,
    -0.830454781650587
  ]
}