{
  "T_WB": [
    [
      0.331091152090981,
      -0.000460063894742115,
      0.943598663282372,
      -0.00700942613032333
    ],
    [
      0.000375632851491843,
      0.99999986616721,
      0.000355760486602521,
      7.48869628153769e-06
    ],
    [
      -0.943598700670485,
      0.000236657507174972,
      0.331091280595241,
      0.222676071331938
    ],
    [
      0.0,
      0.0,
      0.0,
      1.0
    ]
  ],
  "T_WH": {
    "0": [
      [
        0.520752171052115,
        0.817865759119622,
        0.244770865104886,
        0.00624894199794768
      ],
      [
        -0.601540329186407,
        0.554975867816679,
        -0.574587694354337,
        -0.0319774817070095
      ],
      [
        -0.605777524101726,
        0.151978242524415,
        0.780984126018175,
        0.184924550264889
      ],
      [
        0.0,
        0.0,
        0.0,
        1.0
      ]
    ],
    "1": [
      [
        -0.171460681781924,
        -0.158026152764482,
        0.972434558027086,
        -0.0202677942585943
      ],
      [
        0.658184410488966,
        -0.75283049183729,
        -0.00628747559174828,
        0.0319924590995726
      ],
      [
        0.733071972177473,
        0.638963211462508,
        0.233091179595773,
        0.260427592398987
      ],
      [
        0.0,
        0.0,
        0.0,
        1.0
      ]
    ],
    "2": [
      [
        0.520940624197665,
        -0.81813110836522,
        0.243479682079724,
        0.00621949790868418
      ],
      [
        0.602218721317212,
        0.554410511707164,
        0.57442283746702,
        0.0320225097276919
      ],
      [
        -0.604940887819305,
        -0.15261216869469,
        0.781508827980014,
        0.184939696345349
      ],
      [
        0.0,
        0.0,
        0.0,
        1.0
      ]
    ],
    "3": [
      [
        -0.171134353558451,
        0.158854358832572,
        0.972357097835987,
        -0.0202383501693308
      ],
      [
        -0.658479269810538,
        -0.752565797041723,
        0.00705495235545285,
        -0.0320075323351288
      ],
      [
        0.732883404275136,
        -0.639069647067398,
        0.233392163397229,
        0.260412446318528
      ],
      [
        0.0,
        0.0,
        0.0,
        1.0
      ]
    ]
  },
  "T_WP": {
    "0": [
      [
        -0.244770865104886,
        0.817865759119622,
        0.520752171052115,
        0.0427015939715957
      ],
      [
        0.574587694354337,
        0.554975867816679,
        -0.601540329186407,
        -0.074085304750058
      ],
      [
        -0.780984126018175,
        0.151978242524415,
        -0.605777524101726,
        0.142520123577768
      ],
      [
        0.0,
        0.0,
        0.0,
        1.0
      ]
    ],
    "1": [
      [
        -0.972434558027086,
        -0.158026152764482,
        -0.171460681781924,
        -0.032270041983329
      ],
      [
        0.00628747559174832,
        -0.75283049183729,
        0.658184410488966,
        0.0780653678338002
      ],
      [
        -0.233091179595773,
        0.638963211462508,
        0.733071972177473,
        0.31174263045141
      ],
      [
        0.0,
        0.0,
        0.0,
        1.0
      ]
    ],
    "2": [
      [
        -0.243479682079724,
        -0.81813110836522,
        0.520940624197665,
        0.0426853416025208
      ],
      [
        -0.57442283746702,
        0.554410511707164,
        0.602218721317212,
        0.0741778202198968
      ],
      [
        -0.781508827980014,
        -0.15261216869469,
        -0.604940887819305,
        0.142593834197997
      ],
      [
        0.0,
        0.0,
        0.0,
        1.0
      ]
    ],
    "3": [
      [
        -0.972357097835987,
        0.158854358832572,
        -0.171134353558451,
        -0.0322177549184224
      ],
      [
        -0.00705495235545289,
        -0.752565797041723,
        -0.658479269810538,
        -0.0781010812218665
      ],
      [
        -0.233392163397229,
        -0.639069647067398,
        0.732883404275136,
        0.311714284617788
      ],
      [
        0.0,
        0.0,
        0.0,
        1.0
      ]
    ]
  },
  "simTime": 0.336499999999979,
  "state": [
    -0.00700942613032333,
    7.48869628153769e-06,
    0.222676071331938,
    0.815809766252745,
    -3.64983922583522e-05,
    0.578320290470814,
    0.000256094245498114,
    -0.150733440480149,
    0.000294228725123783,
    1.61532393150858,
    -0.00954556142240933,
    -5.48960010443348,
    0.00571541021486951,
    0.854885282719898,
    0.494930936392944,
    -0.101854446316282,
    0.117644351142447,
    0.99814053784615,
    0.0324573835554048,
    -0.0395781954432498,
    0.0330991148883309,
    0.854670890903668,
    -0.495171756071657,
    -0.102243938280999,
    -0.117850656831577,
    0.998143717870885,
    -0.0323535400279652,
    -0.0394652949487792,
    -0.0332393955593672,
    4.38843802798362,
    0.347930727423347,
    -2.46116379327623,
    0.4598412570637,
    0.182346493069026,
    -0.242082367281934,
    -4.39227244620547,
    0.347740555851717,
    2.46217459886823,
    -0.46147330103258,
    0.183515861580057,
    0.239117165709201
  ]
}