{
  "T_WB": [
    [
      0.947056327425412,
      -0.00213070881534082,
      -0.321060388032275,
      -0.11927076130877
    ],
    [
      0.0030640460572274,
      0.99999242139547,
      0.0024018270930428,
      -8.71556742607422e-06
    ],
    [
      0.321052837248404,
      -0.00325840936193016,
      0.947055678649983,
      0.0590199297612638
    ],
    [
      0.0,
      0.0,
      0.0,
      1.0
    ]
  ],
  "T_WH": {
    "0": [
      [
        -0.13275008555586,
        0.990775259627683,
        0.0272359999744603,
        -0.0813203255296624
      ],
      [
        -0.921987732267324,
        -0.113355343234225,
        -0.370255570800507,
        -0.031885911209792
      ],
      [
        -0.363752713163036,
        -0.0742627165537866,
        0.928530566323254,
        0.0719663123507817
      ],
      [
        0.0,
        0.0,
        0.0,
        1.0
      ]
    ],
    "1": [
      [
        -0.571260386680945,
        -0.752351758891088,
        -0.328067678235183,
        -0.157221197087877
      ],
      [
        0.790744092263463,
        -0.611608119489213,
        0.0256766182605865,
        0.0318684800749399
      ],
      [
        -0.21996670466134,
        -0.24474954355086,
        0.944305199483767,
        0.0460735471717459
      ],
      [
        0.0,
        0.0,
        0.0,
        1.0
      ]
    ],
    "2": [
      [
        -0.136575514592769,
        -0.990301460306452,
        0.0254979710688815,
        -0.0814566908938442
      ],
      [
        0.918812639047481,
        -0.117010663213698,
        0.376950711659886,
        0.0321136037595181
      ],
      [
        -0.370311305714968,
        0.0749100955092148,
        0.925882289737997,
        0.0717577741516182
      ],
      [
        0.0,
        0.0,
        0.0,
        1.0
      ]
    ],
    "3": [
      [
        -0.56768018019874,
        0.755261565480922,
        -0.327596063341477,
        -0.157084831723695
      ],
      [
        -0.794716883701475,
        -0.60660409451109,
        -0.0213669670799789,
        -0.0321310348943702
      ],
      [
        -0.214858762375058,
        0.248216518849347,
        0.944576239379845,
        0.0462820853709094
      ],
      [
        0.0,
        0.0,
        0.0,
        1.0
      ]
    ]
  },
  "T_WP": {
    "0": [
      [
        -0.0272359999744603,
        0.990775259627683,
        -0.13275008555586,
        -0.0906128315185726
      ],
      [
        0.370255570800507,
        -0.113355343234225,
        -0.921987732267324,
        -0.0964250524685047
      ],
      [
        -0.928530566323254,
        -0.0742627165537866,
        -0.363752713163036,
        0.0465036224293692
      ],
      [
        0.0,
        0.0,
        0.0,
        1.0
      ]
    ],
    "1": [
      [
        0.328067678235183,
        -0.752351758891088,
        -0.571260386680945,
        -0.197209424155543
      ],
      [
        -0.0256766182605864,
        -0.611608119489213,
        0.790744092263463,
        0.0872205665333823
      ],
      [
        -0.944305199483767,
        -0.24474954355086,
        -0.21996670466134,
        0.0306758778454521
      ],
      [
        0.0,
        0.0,
        0.0,
        1.0
      ]
    ],
    "2": [
      [
        -0.0254979710688815,
        -0.990301460306452,
        -0.136575514592769,
        -0.091016976915338
      ],
      [
        -0.376950711659886,
        -0.117010663213698,
        0.918812639047481,
        0.0964304884928417
      ],
      [
        -0.925882289737997,
        0.0749100955092148,
        -0.370311305714968,
        0.0458359827515704
      ],
      [
        0.0,
        0.0,
        0.0,
        1.0
      ]
    ],
    "3": [
      [
        0.327596063341477,
        0.755261565480922,
        -0.56768018019874,
        -0.196822444337607
      ],
      [
        0.0213669670799789,
        -0.60660409451109,
        -0.794716883701475,
        -0.0877612167534735
      ],
      [
        -0.944576239379845,
        0.248216518849347,
        -0.214858762375058,
        0.0312419720046553
      ],
      [
        0.0,
        0.0,
        0.0,
        1.0
      ]
    ]
  },
  "simTime": 0.743499999999934,
  "state": [
    -0.11927076130877,
    -8.71556742607422e-06,
    0.0590199297612638,
    0.986674265838385,
    -0.00143417048841428,
    -0.162696354691857,
    0.00131622842827318,
    -0.341387122772998,
    -0.000398294259619005,
    -2.45783917327881,
    -0.0118640812094677,
    -1.97540734045688,
    0.000660652488525879,
    0.853240096224377,
    -0.103412832980306,
    0.233318577158998,
    -0.454807174220575,
    0.997806409685483,
    0.00488519208899969,
    0.0112129695948334,
    -0.0650597648449924,
    0.853199869392996,
    0.103235872792828,
    0.233563317895803,
    0.454797222913664,
    0.997797229266081,
    -0.00517813934219308,
    0.0112535076653061,
    0.0651708117726851,
    -4.91714987612934,
    -2.61059241151542,
    0.732479666850978,
    -0.628166300950862,
    0.0161476279921113,
    -0.21442072112991,
    4.91775026546921,
    -2.61278684275682,
    -0.732917408500835,
    0.629122659462751,
    0.0159373098055769,
    0.217641825392222
  ]
}