{
  "arms": {
    "0": [
      [
        -0.996357679367065,
        -0.0231722183525562,
        0.0820637419819832,
        0.0023032552562654
      ],
      [
        -0.0731724053621292,
        0.726493179798126,
        -0.683266758918762,
        -0.0319880470633507
      ],
      [
        -0.0437859445810318,
        -0.686782896518707,
        -0.725542604923248,
        0.094124473631382
      ],
      [
        0.0,
        0.0,
        0.0,
        1.0
      ]
    ],
    "1": [
      [
        -0.994793891906738,
        0.0955281406641006,
        -0.0354891009628773,
        -0.00379717187024653
      ],
      [
        -0.0412829779088497,
        -0.696161329746246,
        -0.716697335243225,
        -0.0320203043520451
      ],
      [
        -0.0931709110736847,
        -0.711501061916351,
        0.696480751037598,
        0.17389152944088
      ],
      [
        0.0,
        0.0,
        0.0,
        1.0
      ]
    ],
    "2": [
      [
        -0.999486267566681,
        0.0194661822170019,
        -0.0254607200622559,
        -0.00379801425151527
      ],
      [
        -0.0318889729678631,
        -0.683469474315643,
        0.729282259941101,
        0.0319796912372112
      ],
      [
        -0.00320528261363506,
        0.729719519615173,
        0.683739066123962,
        0.173917353153229
      ],
      [
        0.0,
        0.0,
        0.0,
        1.0
      ]
    ],
    "3": [
      [
        -0.992966175079346,
        -0.0937538892030716,
        0.0723074674606323,
        0.00230241287499666
      ],
      [
        -0.0168101750314236,
        0.716163039207458,
        0.697730600833893,
        0.0320119485259056
      ],
      [
        -0.117198891937733,
        0.691607356071472,
        -0.712701678276062,
        0.0941502898931503
      ],
      [
        0.0,
        0.0,
        0.0,
        1.0
      ]
    ]
  },
  "arms_in_parent_frame": {
    "0": [
      [
        4.30220303826445e-10,
        1.09922986268884e-08,
        1.0,
        3.72529029846191e-09
      ],
      [
        2.34995756187573e-09,
        1.00000011920929,
        1.09922986268884e-08,
        0.0
      ],
      [
        -1.00000011920929,
        -2.34995756187573e-09,
        -4.30220303826445e-10,
        0.0
      ],
      [
        0.0,
        0.0,
        0.0,
        1.0
      ]
    ],
    "1": [
      [
        -5.43971623301331e-09,
        -3.57926523975038e-08,
        1.0,
        0.0
      ],
      [
        4.03421829275885e-09,
        1.0,
        -3.57926523975038e-08,
        0.0
      ],
      [
        -1.0,
        -4.03421829275885e-09,
        5.43971623301331e-09,
        0.0
      ],
      [
        0.0,
        0.0,
        0.0,
        1.0
      ]
    ],
    "2": [
      [
        1.32995725543594e-09,
        -4.27513526801704e-08,
        1.0,
        0.0
      ],
      [
        6.83771927967314e-10,
        1.0,
        -4.27513526801704e-08,
        0.0
      ],
      [
        -0.999999940395355,
        -6.83771927967314e-10,
        -1.32995725543594e-09,
        2.3283064365387e-10
      ],
      [
        0.0,
        0.0,
        0.0,
        1.0
      ]
    ],
    "3": [
      [
        6.30219343378258e-09,
        3.59028575758202e-08,
        1.0,
        0.0
      ],
      [
        -4.41556746721972e-09,
        1.0,
        3.59028575758202e-08,
        0.0
      ],
      [
        -1.0,
        4.41556746721972e-09,
        -6.30219343378258e-09,
        0.0
      ],
      [
        0.0,
        0.0,
        0.0,
        1.0
      ]
    ]
  },
  "arms_link_world": {
    "0": [
      [
        -0.996357679367065,
        -0.0231722183525562,
        0.0820637419819832,
        0.0023032552562654
      ],
      [
        -0.0731724053621292,
        0.726493179798126,
        -0.683266758918762,
        -0.0319880470633507
      ],
      [
        -0.0437859445810318,
        -0.686782896518707,
        -0.725542604923248,
        0.094124473631382
      ],
      [
        0.0,
        0.0,
        0.0,
        1.0
      ]
    ],
    "1": [
      [
        -0.994793891906738,
        0.0955281406641006,
        -0.0354891009628773,
        -0.00379717187024653
      ],
      [
        -0.0412829779088497,
        -0.696161329746246,
        -0.716697335243225,
        -0.0320203043520451
      ],
      [
        -0.0931709110736847,
        -0.711501061916351,
        0.696480751037598,
        0.17389152944088
      ],
      [
        0.0,
        0.0,
        0.0,
        1.0
      ]
    ],
    "2": [
      [
        -0.999486267566681,
        0.0194661822170019,
        -0.0254607200622559,
        -0.00379801425151527
      ],
      [
        -0.0318889729678631,
        -0.683469474315643,
        0.729282259941101,
        0.0319796912372112
      ],
      [
        -0.00320528261363506,
        0.729719519615173,
        0.683739066123962,
        0.173917353153229
      ],
      [
        0.0,
        0.0,
        0.0,
        1.0
      ]
    ],
    "3": [
      [
        -0.992966175079346,
        -0.0937538892030716,
        0.0723074674606323,
        0.00230241287499666
      ],
      [
        -0.0168101750314236,
        0.716163039207458,
        0.697730600833893,
        0.0320119485259056
      ],
      [
        -0.117198891937733,
        0.691607356071472,
        -0.712701678276062,
        0.0941502898931503
      ],
      [
        0.0,
        0.0,
        0.0,
        1.0
      ]
    ]
  },
  "arms_relative_to_base": {
    "0": [
      [
        -0.0323486477136612,
        0.683309078216553,
        0.729412317276001,
        0.0400000065565109
      ],
      [
        -0.0731769502162933,
        0.726216375827789,
        -0.683560431003571,
        -0.0320000052452087
      ],
      [
        -0.9967942237854,
        -0.075488418340683,
        0.0265103466808796,
        -9.31322574615479e-10
      ],
      [
        0.0,
        0.0,
        0.0,
        1.0
      ]
    ],
    "1": [
      [
        0.0170246362686157,
        0.716433167457581,
        -0.697448015213013,
        -0.0399999916553497
      ],
      [
        -0.0413074642419815,
        -0.696449518203735,
        -0.716415822505951,
        -0.0320000015199184
      ],
      [
        -0.999001383781433,
        0.0410065203905106,
        0.0177372451871634,
        -9.31322574615479e-10
      ],
      [
        0.0,
        0.0,
        0.0,
        1.0
      ]
    ],
    "2": [
      [
        -0.0730330720543861,
        -0.726385951042175,
        -0.683395624160767,
        -0.0399999916553497
      ],
      [
        -0.0318771079182625,
        -0.683175325393677,
        0.729558348655701,
        0.0319999977946281
      ],
      [
        -0.996819972991943,
        0.0750665590167046,
        0.0267393067479134,
        -9.31322574615479e-10
      ],
      [
        0.0,
        0.0,
        0.0,
        1.0
      ]
    ],
    "3": [
      [
        0.0411318875849247,
        -0.696454048156738,
        0.716421663761139,
        0.0400000065565109
      ],
      [
        -0.0168443787842989,
        0.716443240642548,
        0.69744211435318,
        0.0319999977946281
      ],
      [
        -0.999011754989624,
        -0.040754783898592,
        0.0177373215556145,
        -9.31322574615479e-10
      ],
      [
        0.0,
        0.0,
        0.0,
        1.0
      ]
    ]
  },
  "arms_view_frame": {
    "0": [
      [
        -0.996357619762421,
        -0.0231722164899111,
        0.0820637345314026,
        0.00230325502343476
      ],
      [
        -0.0437859408557415,
        -0.686782956123352,
        -0.725542545318604,
        0.094124473631382
      ],
      [
        0.0731724053621292,
        -0.726493120193481,
        0.683266818523407,
        0.0319880433380604
      ],
      [
        0.0,
        0.0,
        0.0,
        1.0
      ]
    ],
    "1": [
      [
        -0.994793832302094,
        0.0955281332135201,
        -0.035489097237587,
        -0.00379717163741589
      ],
      [
        -0.0931709110736847,
        -0.711501002311707,
        0.696480810642242,
        0.17389152944088
      ],
      [
        0.04128298163414,
        0.696161389350891,
        0.71669727563858,
        0.0320202969014645
      ],
      [
        0.0,
        0.0,
        0.0,
        1.0
      ]
    ],
    "2": [
      [
        -0.999486207962036,
        0.0194661803543568,
        -0.0254607181996107,
        -0.00379801401868463
      ],
      [
        -0.0032052812166512,
        0.729719579219818,
        0.683739006519318,
        0.173917353153229
      ],
      [
        0.0318889729678631,
        0.683469414710999,
        -0.729282319545746,
        -0.0319796986877918
      ],
      [
        0.0,
        0.0,
        0.0,
        1.0
      ]
    ],
    "3": [
      [
        -0.992966115474701,
        -0.093753881752491,
        0.0723074600100517,
        0.00230241264216602
      ],
      [
        -0.117198891937733,
        0.691607296466827,
        -0.712701737880707,
        0.0941502898931503
      ],
      [
        0.016810180619359,
        -0.716163098812103,
        -0.697730541229248,
        -0.0320119522511959
      ],
      [
        0.0,
        0.0,
        0.0,
        1.0
      ]
    ]
  },
  "arms_visual_world": {
    "0": [
      [
        -0.996357679367065,
        -0.0231722183525562,
        0.0820637419819832,
        0.0023032552562654
      ],
      [
        -0.0731724053621292,
        0.726493179798126,
        -0.683266758918762,
        -0.0319880470633507
      ],
      [
        -0.0437859445810318,
        -0.686782896518707,
        -0.725542604923248,
        0.094124473631382
      ],
      [
        0.0,
        0.0,
        0.0,
        1.0
      ]
    ],
    "1": [
      [
        -0.994793891906738,
        0.0955281406641006,
        -0.0354891009628773,
        -0.00379717187024653
      ],
      [
        -0.0412829779088497,
        -0.696161329746246,
        -0.716697335243225,
        -0.0320203043520451
      ],
      [
        -0.0931709110736847,
        -0.711501061916351,
        0.696480751037598,
        0.17389152944088
      ],
      [
        0.0,
        0.0,
        0.0,
        1.0
      ]
    ],
    "2": [
      [
        -0.999486267566681,
        0.0194661822170019,
        -0.0254607200622559,
        -0.00379801425151527
      ],
      [
        -0.0318889729678631,
        -0.683469474315643,
        0.729282259941101,
        0.0319796912372112
      ],
      [
        -0.00320528261363506,
        0.729719519615173,
        0.683739066123962,
        0.173917353153229
      ],
      [
        0.0,
        0.0,
        0.0,
        1.0
      ]
    ],
    "3": [
      [
        -0.992966175079346,
        -0.0937538892030716,
        0.0723074674606323,
        0.00230241287499666
      ],
      [
        -0.0168101750314236,
        0.716163039207458,
        0.697730600833893,
        0.0320119485259056
      ],
      [
        -0.117198891937733,
        0.691607356071472,
        -0.712701678276062,
        0.0941502898931503
      ],
      [
        0.0,
        0.0,
        0.0,
        1.0
      ]
    ]
  },
  "base": [
    [
      0.0762553364038467,
      -1.31644210341619e-05,
      0.997088313102722,
      -0.000747379497624934
    ],
    [
      0.000403217767598107,
      0.999999940395355,
      -1.7634434698266e-05,
      -4.17761702919961e-06
    ],
    [
      -0.997088253498077,
      0.000403388461563736,
      0.0762553364038467,
      0.134020909667015
    ],
    [
      0.0,
      0.0,
      0.0,
      1.0
    ]
  ],
  "base_link_world": [
    [
      0.0762553364038467,
      -1.31644210341619e-05,
      0.997088313102722,
      -0.000747379497624934
    ],
    [
      0.000403217767598107,
      0.999999940395355,
      -1.7634434698266e-05,
      -4.17761702919961e-06
    ],
    [
      -0.997088253498077,
      0.000403388461563736,
      0.0762553364038467,
      0.134020909667015
    ],
    [
      0.0,
      0.0,
      0.0,
      1.0
    ]
  ],
  "base_view_frame": [
    [
      0.0762553289532661,
      -1.31644201246672e-05,
      0.997088253498077,
      -0.000747379439417273
    ],
    [
      -0.997088253498077,
      0.00040334474761039,
      0.0762553364038467,
      0.134020909667015
    ],
    [
      -0.000403174170060083,
      -0.999999940395355,
      1.76311023096787e-05,
      4.17175897382549e-06
    ],
    [
      0.0,
      0.0,
      0.0,
      1.0
    ]
  ],
  "base_visual_world": [
    [
      -1.26871773318271e-05,
      -0.0762553289532661,
      0.997088313102722,
      -0.000747379497624934
    ],
    [
      0.99999988079071,
      -0.000396959250792861,
      -1.7634434698266e-05,
      -4.17761702919961e-06
    ],
    [
      0.000397148163756356,
      0.997088193893433,
      0.0762553364038467,
      0.134020909667015
    ],
    [
      0.0,
      0.0,
      0.0,
      1.0
    ]
  ],
  "view_adjust": [
    [
      0.999999940395355,
      0.0,
      0.0,
      0.0
    ],
    [
      0.0,
      -4.37113882867379e-08,
      1.0,
      0.0
    ],
    [
      0.0,
      -1.0,
      -4.37113882867379e-08,
      0.0
    ],
    [
      0.0,
      0.0,
      0.0,
      1.0
    ]
  ]
}