{
  "T_WB": [
    [
      0.227000761457401,
      0.0415399856118427,
      0.973008265069279,
      -0.160808380785448
    ],
    [
      0.0154180494939353,
      0.998811432340697,
      -0.0462385810263229,
      -0.000389808778733111
    ],
    [
      -0.973772528903729,
      0.0254980826905313,
      0.226090490139555,
      0.168888495948305
    ],
    [
      0.0,
      0.0,
      0.0,
      1.0
    ]
  ],
  "T_WH": {
    "0": [
      [
        -0.343086972792687,
        -0.349393855394645,
        0.871903241714593,
        -0.153057629866731
      ],
      [
        -0.82122721536224,
        0.562143337974653,
        -0.0978811949206587,
        -0.031735052633878
      ],
      [
        -0.455935510624399,
        -0.749612434117245,
        -0.479795799031722,
        0.129121656146059
      ],
      [
        0.0,
        0.0,
        0.0,
        1.0
      ]
    ],
    "1": [
      [
        -0.156088062369463,
        -0.384725163472627,
        0.909737910266856,
        -0.168559131704165
      ],
      [
        0.851624902181917,
        -0.518992226098338,
        -0.0733627646230213,
        0.0309554350764118
      ],
      [
        0.500371404827841,
        0.763304407062118,
        0.408650020665802,
        0.208655335750551
      ],
      [
        0.0,
        0.0,
        0.0,
        1.0
      ]
    ],
    "2": [
      [
        -0.269771549431955,
        0.393900089380563,
        0.878672880373047,
        -0.150399070787573
      ],
      [
        0.868742466785782,
        0.493156146459156,
        0.0456458279858095,
        0.0321888790359266
      ],
      [
        -0.415343035959479,
        0.775654391333886,
        -0.475237233057789,
        0.130753533438253
      ],
      [
        0.0,
        0.0,
        0.0,
        1.0
      ]
    ],
    "3": [
      [
        -0.22858128522076,
        0.350344702603338,
        0.908300162613992,
        -0.171217690783323
      ],
      [
        -0.867811387948216,
        -0.496158763043548,
        -0.0270162322037492,
        -0.0329684965933928
      ],
      [
        0.441196091317927,
        -0.794408629870594,
        0.417445730356545,
        0.207023458458357
      ],
      [
        0.0,
        0.0,
        0.0,
        1.0
      ]
    ]
  },
  "T_WP": {
    "0": [
      [
        -0.871903241714593,
        -0.349393855394645,
        -0.343086972792687,
        -0.177073717962219
      ],
      [
        0.0978811949206587,
        0.562143337974653,
        -0.82122721536224,
        -0.0892209577092348
      ],
      [
        0.479795799031722,
        -0.749612434117245,
        -0.455935510624399,
        0.0972061704023508
      ],
      [
        0.0,
        0.0,
        0.0,
        1.0
      ]
    ],
    "1": [
      [
        -0.909737910266856,
        -0.384725163472627,
        -0.156088062369463,
        -0.179485296070027
      ],
      [
        0.0733627646230214,
        -0.518992226098338,
        0.851624902181917,
        0.090569178229146
      ],
      [
        -0.408650020665802,
        0.763304407062118,
        0.500371404827841,
        0.2436813340885
      ],
      [
        0.0,
        0.0,
        0.0,
        1.0
      ]
    ],
    "2": [
      [
        -0.878672880373047,
        0.393900089380563,
        -0.269771549431955,
        -0.16928307924781
      ],
      [
        -0.0456458279858095,
        0.493156146459156,
        0.868742466785782,
        0.0930008517109314
      ],
      [
        0.475237233057789,
        0.775654391333886,
        -0.415343035959479,
        0.101679520921089
      ],
      [
        0.0,
        0.0,
        0.0,
        1.0
      ]
    ],
    "3": [
      [
        -0.908300162613992,
        0.350344702603338,
        -0.22858128522076,
        -0.187218380748776
      ],
      [
        0.0270162322037492,
        -0.496158763043548,
        -0.867811387948216,
        -0.093715293749768
      ],
      [
        -0.417445730356545,
        -0.794408629870594,
        0.441196091317927,
        0.237907184850612
      ],
      [
        0.0,
        0.0,
        0.0,
        1.0
      ]
    ]
  },
  "simTime": 0.863499999999921,
  "state": [
    -0.160808380785448,
    -0.000389808778733111,
    0.168888495948305,
    0.782927628190763,
    0.022906543700159,
    0.621634977447324,
    -0.00834110816164183,
    -0.427210765741519,
    -0.00179827395122826,
    0.692382642312739,
    0.485286502971954,
    13.0716393447867,
    -0.209842337153709,
    0.926293921125896,
    -0.25707820646864,
    0.248398783004695,
    -0.119115120979104,
    0.987960284972156,
    -0.0839219305666853,
    0.0497375099859687,
    -0.120073997968305,
    0.926693742119913,
    0.257668956807111,
    0.246794104235801,
    0.118059676131084,
    0.986572109794979,
    0.0864822786712775,
    0.0530488620976369,
    0.127992600882447,
    -1.92850995485415,
    -2.32397506279004,
    2.72248094482329,
    -1.31985862319148,
    -0.909664323349618,
    0.492226198528801,
    1.95894829349269,
    -2.28788520363295,
    -2.67977255602902,
    1.36416516042408,
    -0.942281100845784,
    -0.547460983483968
  ]
}