{
  "T_WB": [
    [
      -2.22044604925031e-16,
      7.52312415079652e-20,
      1.0,
      -1.98960595465482e-36
    ],
    [
      -1.49544842958982e-18,
      1.0,
      -7.52312415079652e-20,
      4.11731709492859e-21
    ],
    [
      -1.0,
      -1.49544842958982e-18,
      -2.22044604925031e-16,
      0.3135520175
    ],
    [
      0.0,
      0.0,
      0.0,
      1.0
    ]
  ],
  "T_WH": {
    "0": [
      [
        -1.57156966996033e-16,
        -1.52898892813029e-16,
        1.0,
        -8.88419159672951e-18
      ],
      [
        -0.707106779455507,
        0.707106782917588,
        -3.01091259287832e-18,
        -0.032
      ],
      [
        -0.707106782917588,
        -0.707106779455507,
        -2.19242601024985e-16,
        0.273552017499999
      ],
      [
        0.0,
        0.0,
        0.0,
        1.0
      ]
    ],
    "1": [
      [
        1.57156966996033e-16,
        1.5287722561225e-16,
        1.0,
        8.88419159672951e-18
      ],
      [
        0.707106779455507,
        -0.707106782917588,
        -3.02623361751638e-18,
        0.032
      ],
      [
        0.707106782917588,
        0.707106779455507,
        -2.19227280000422e-16,
        0.3535520175
      ],
      [
        0.0,
        0.0,
        0.0,
        1.0
      ]
    ],
    "2": [
      [
        -1.57061403372837e-16,
        1.53834493178784e-16,
        1.0,
        -8.879376797273e-18
      ],
      [
        0.707106779455507,
        0.707106782917588,
        2.28176954232128e-18,
        0.032
      ],
      [
        -0.707106782917588,
        0.707106779455507,
        -2.19836596700308e-16,
        0.273552017499999
      ],
      [
        0.0,
        0.0,
        0.0,
        1.0
      ]
    ],
    "3": [
      [
        1.57061403372837e-16,
        -1.5299431095628e-16,
        1.0,
        8.879376797273e-18
      ],
      [
        -0.707106779455507,
        -0.707106782917588,
        2.87586809074066e-18,
        -0.032
      ],
      [
        0.707106782917588,
        -0.707106779455507,
        -2.19242498154798e-16,
        0.3535520175
      ],
      [
        0.0,
        0.0,
        0.0,
        1.0
      ]
    ]
  },
  "T_WP": {
    "0": [
      [
        -1.0,
        -1.52898892813029e-16,
        -9.59246270386657e-17,
        -1.98851792864518e-17
      ],
      [
        -4.02868901129007e-17,
        0.707106782917588,
        -0.707106779455507,
        -0.0814974745618855
      ],
      [
        1.75944798107214e-16,
        -0.707106779455507,
        -0.707106782917588,
        0.224054542695768
      ],
      [
        0.0,
        0.0,
        0.0,
        1.0
      ]
    ],
    "1": [
      [
        -1.0,
        1.5287722561225e-16,
        2.18389306953401e-16,
        1.98851792864518e-17
      ],
      [
        4.63240363232954e-17,
        -0.707106782917588,
        0.707106779455507,
        0.0814974745618855
      ],
      [
        2.62525082918192e-16,
        0.707106779455507,
        0.707106782917588,
        0.403049492304231
      ],
      [
        0.0,
        0.0,
        0.0,
        1.0
      ]
    ],
    "2": [
      [
        -1.0,
        1.53834493178784e-16,
        -9.5829063415469e-17,
        -1.98736750333716e-17
      ],
      [
        4.10160331634577e-17,
        0.707106782917588,
        0.707106779455507,
        0.0814974745618855
      ],
      [
        1.76538793782538e-16,
        0.707106779455507,
        -0.707106782917588,
        0.224054542695768
      ],
      [
        0.0,
        0.0,
        0.0,
        1.0
      ]
    ],
    "3": [
      [
        -1.0,
        -1.5299431095628e-16,
        2.18293743330204e-16,
        1.98736750333716e-17
      ],
      [
        -4.61736707965197e-17,
        -0.707106782917588,
        -0.707106779455507,
        -0.0814974745618855
      ],
      [
        2.62540301072568e-16,
        -0.707106779455507,
        0.707106782917588,
        0.403049492304231
      ],
      [
        0.0,
        0.0,
        0.0,
        1.0
      ]
    ]
  }
}