{
  "T_WB": [
    [
      -0.623792257483526,
      0.0364103899848485,
      -0.780741636525655,
      -0.253339324577446
    ],
    [
      0.0628667995705166,
      0.998015120105844,
      -0.0036858583638931,
      -0.00130126007976849
    ],
    [
      0.779057754608327,
      -0.0513819378893929,
      -0.624843109462978,
      0.116972380606563
    ],
    [
      0.0,
      0.0,
      0.0,
      1.0
    ]
  ],
  "T_WH": {
    "0": [
      [
        -0.294025430304253,
        0.0471836354343275,
        -0.954632259501846,
        -0.279456147356302
      ],
      [
        -0.357560320377842,
        0.920829247599061,
        0.155640978079177,
        -0.0307230719403348
      ],
      [
        0.886397012419206,
        0.387101022103208,
        -0.253876219959566,
        0.149778912803357
      ],
      [
        0.0,
        0.0,
        0.0,
        1.0
      ]
    ],
    "1": [
      [
        0.494130004168423,
        0.657967568473555,
        -0.568255416003677,
        -0.22722250179859
      ],
      [
        0.641506274367763,
        -0.717094792317734,
        -0.272478914372431,
        0.0281205517807979
      ],
      [
        -0.586775288272527,
        -0.229899407715166,
        -0.776428376223402,
        0.0841658484097695
      ],
      [
        0.0,
        0.0,
        0.0,
        1.0
      ]
    ],
    "2": [
      [
        -0.262442707528343,
        0.00887672994820471,
        -0.964906746235417,
        -0.277125882397272
      ],
      [
        0.460526321426272,
        0.879879736475889,
        -0.117162948975799,
        0.0331498957464392
      ],
      [
        0.847961869743433,
        -0.475113515914403,
        -0.235005988129399,
        0.146490468778436
      ],
      [
        0.0,
        0.0,
        0.0,
        1.0
      ]
    ],
    "3": [
      [
        0.448387124369418,
        -0.711474640424815,
        -0.541066375532711,
        -0.22955276675762
      ],
      [
        -0.734465537807712,
        -0.638259364423066,
        0.230619508062723,
        -0.0357524159059762
      ],
      [
        -0.509420612532073,
        0.293987788451568,
        -0.808740885431671,
        0.0874542924346907
      ],
      [
        0.0,
        0.0,
        0.0,
        1.0
      ]
    ]
  },
  "T_WP": {
    "0": [
      [
        0.954632259501846,
        0.0471836354343275,
        -0.294025430304253,
        -0.3000379274776
      ],
      [
        -0.155640978079177,
        0.920829247599061,
        -0.357560320377842,
        -0.0557522943667838
      ],
      [
        0.253876219959566,
        0.387101022103208,
        0.886397012419206,
        0.211826703672701
      ],
      [
        0.0,
        0.0,
        0.0,
        1.0
      ]
    ],
    "1": [
      [
        0.568255416003677,
        0.657967568473555,
        0.494130004168423,
        -0.1926334015068
      ],
      [
        0.272478914372431,
        -0.717094792317734,
        0.641506274367763,
        0.0730259909865413
      ],
      [
        0.776428376223402,
        -0.229899407715166,
        -0.586775288272527,
        0.0430915782306926
      ],
      [
        0.0,
        0.0,
        0.0,
        1.0
      ]
    ],
    "2": [
      [
        0.964906746235417,
        0.00887672994820471,
        -0.262442707528344,
        -0.295496871924256
      ],
      [
        0.1171629489758,
        0.879879736475889,
        0.460526321426272,
        0.0653867382462782
      ],
      [
        0.235005988129399,
        -0.475113515914403,
        0.847961869743433,
        0.205847799660476
      ],
      [
        0.0,
        0.0,
        0.0,
        1.0
      ]
    ],
    "3": [
      [
        0.541066375532711,
        -0.711474640424815,
        0.448387124369418,
        -0.198165668051761
      ],
      [
        -0.230619508062723,
        -0.638259364423066,
        -0.734465537807712,
        -0.087165003552516
      ],
      [
        0.808740885431671,
        0.293987788451568,
        -0.509420612532073,
        0.0517948495574455
      ],
      [
        0.0,
        0.0,
        0.0,
        1.0
      ]
    ]
  },
  "simTime": 1.0724999999999,
  "state": [
    -0.253339324577446,
    -0.00130126007976849,
    0.116972380606563,
    -0.432833615018329,
    0.0275487380546218,
    0.90092320525286,
    -0.0152809351374822,
    -0.38200171583489,
    -0.0110216384398343,
    -1.22372570041395,
    0.46721182232459,
    12.5018290047289,
    -0.299485975386598,
    0.957591826539286,
    -0.173542832564115,
    0.13488046906459,
    0.186300934178266,
    0.982185286172707,
    -0.187158474294866,
    0.00813965551212665,
    0.0147483942719108,
    0.95608007488074,
    0.17692689702957,
    0.135604490456396,
    -0.190313388103904,
    0.981460467627518,
    0.19077272612067,
    0.0120902372653547,
    -0.0139622210170682,
    1.85361738049746,
    -1.55602036178547,
    1.62005436699729,
    -0.411712750577996,
    -0.468205401769592,
    1.76588510045277,
    -1.85539041776094,
    -1.57928055782722,
    -1.6889717105536,
    0.398350916905579,
    -0.470892552654465,
    -1.81734626474279
  ]
}