{
  "T_WB": [
    [
      0.978978519969891,
      -0.00228025539497085,
      -0.203950626066447,
      -0.100290343893322
    ],
    [
      0.00276604933940813,
      0.999993976001756,
      0.00209688608458492,
      1.1729831049794e-05
    ],
    [
      0.203944616032427,
      -0.00261694393013537,
      0.978978929903934,
      0.179757529130634
    ],
    [
      0.0,
      0.0,
      0.0,
      1.0
    ]
  ],
  "T_WH": {
    "0": [
      [
        -0.171674063744373,
        0.971700917424119,
        -0.162250864141363,
        -0.0610582349218868
      ],
      [
        -0.863461090195698,
        -0.227705945204168,
        -0.450094377033009,
        -0.0318774354274301
      ],
      [
        -0.474302605469914,
        0.0628277772629471,
        0.878117138455143,
        0.187999055977695
      ],
      [
        0.0,
        0.0,
        0.0,
        1.0
      ]
    ],
    "1": [
      [
        -0.606981176660776,
        -0.772938767143847,
        -0.184768810749132,
        -0.139522452864756
      ],
      [
        0.780649517255209,
        -0.623449181110531,
        0.0435597266040172,
        0.0319008950895297
      ],
      [
        -0.148862965134745,
        -0.117799748806001,
        0.981816192977349,
        0.171516002283573
      ],
      [
        0.0,
        0.0,
        0.0,
        1.0
      ]
    ],
    "2": [
      [
        -0.175547550942766,
        -0.970619128830462,
        -0.16456477176599,
        -0.0612041712671649
      ],
      [
        0.859827313514714,
        -0.232574972119092,
        0.45453918783519,
        0.0321221790366823
      ],
      [
        -0.479458077721158,
        -0.0617040443747322,
        0.875392804754376,
        0.187831571566167
      ],
      [
        0.0,
        0.0,
        0.0,
        1.0
      ]
    ],
    "3": [
      [
        -0.6033581283184,
        0.775909691199977,
        -0.18418230125089,
        -0.139376516519478
      ],
      [
        -0.784199923203658,
        -0.619235157632373,
        -0.0397278239951204,
        -0.0320987193745827
      ],
      [
        -0.144877359996289,
        0.120465640968562,
        0.982088885950014,
        0.171683486695101
      ],
      [
        0.0,
        0.0,
        0.0,
        1.0
      ]
    ]
  },
  "T_WP": {
    "0": [
      [
        0.162250864141363,
        0.971700917424119,
        -0.171674063744373,
        -0.0730754193839929
      ],
      [
        0.450094377033009,
        -0.227705945204168,
        -0.863461090195698,
        -0.0923197117411289
      ],
      [
        -0.878117138455143,
        0.0628277772629471,
        -0.474302605469914,
        0.154797873594801
      ],
      [
        0.0,
        0.0,
        0.0,
        1.0
      ]
    ],
    "1": [
      [
        0.184768810749132,
        -0.772938767143847,
        -0.606981176660776,
        -0.182011135231011
      ],
      [
        -0.0435597266040171,
        -0.623449181110531,
        0.780649517255209,
        0.0865463612973943
      ],
      [
        -0.981816192977349,
        -0.117799748806001,
        -0.148862965134745,
        0.161095594724141
      ],
      [
        0.0,
        0.0,
        0.0,
        1.0
      ]
    ],
    "2": [
      [
        0.16456477176599,
        -0.970619128830462,
        -0.175547550942766,
        -0.0734924998331586
      ],
      [
        -0.45453918783519,
        -0.232574972119092,
        0.859827313514714,
        0.0923100909827123
      ],
      [
        -0.875392804754376,
        -0.0617040443747322,
        -0.479458077721158,
        0.154269506125686
      ],
      [
        0.0,
        0.0,
        0.0,
        1.0
      ]
    ],
    "3": [
      [
        0.18418230125089,
        0.775909691199977,
        -0.6033581283184,
        -0.181611585501766
      ],
      [
        0.0397278239951203,
        -0.619235157632373,
        -0.784199923203658,
        -0.0869927139988388
      ],
      [
        -0.982088885950014,
        0.120465640968562,
        -0.144877359996289,
        0.161542071495361
      ],
      [
        0.0,
        0.0,
        0.0,
        1.0
      ]
    ]
  },
  "simTime": 0.687999999999941,
  "state": [
    -0.100290343893322,
    1.1729831049794e-05,
    0.179757529130634,
    0.994730042005817,
    -0.00118470082727549,
    -0.102514055289909,
    0.0012682598597815,
    -0.340629805902421,
    -0.000334659334870901,
    -1.89303139666149,
    -0.0118566093969077,
    -2.41547552810493,
    0.000321961211931137,
    0.84125669890391,
    0.0502344299008304,
    0.227098501629198,
    -0.48804706654134,
    0.998119631772515,
    0.0210549904326928,
    0.0089709079260698,
    -0.0568630887233556,
    0.841154378499576,
    -0.0504593070501426,
    0.227376780138133,
    0.488070660577982,
    0.998111488901091,
    -0.0213592249489286,
    0.00901247613308295,
    0.056885978124482,
    -5.12418652695881,
    -2.57501293321033,
    -0.860870456793103,
    -0.531576506707608,
    0.0669816409294421,
    -0.384765860608785,
    5.12574489358714,
    -2.5774914379091,
    0.861299068877622,
    0.531341365276352,
    0.0667134525559092,
    0.387935741177045
  ]
}