{
  "T_WB": [
    [
      -0.575264275091882,
      0.0682125469958103,
      0.815118434483821,
      -0.18999940823023
    ],
    [
      0.0444217800910415,
      0.997651445295098,
      -0.0521373105764417,
      -0.000487049369140274
    ],
    [
      -0.816760502997393,
      0.00621627967079727,
      -0.576943358234151,
      0.194731402193217
    ],
    [
      0.0,
      0.0,
      0.0,
      1.0
    ]
  ],
  "T_WH": {
    "0": [
      [
        -0.689881192322146,
        -0.677896057869207,
        0.254009596680053,
        -0.215192780737772
      ],
      [
        -0.68465734402193,
        0.724967624403107,
        0.0752745962735866,
        -0.0306350244149418
      ],
      [
        -0.23517708595229,
        -0.121979007590257,
        -0.964268043621837,
        0.161862061123856
      ],
      [
        0.0,
        0.0,
        0.0,
        1.0
      ]
    ],
    "1": [
      [
        0.347712868737429,
        0.213408905311577,
        0.912990909071992,
        -0.164806035722689
      ],
      [
        0.803672719234702,
        -0.569372139994391,
        -0.172989960853534,
        0.0296609256766612
      ],
      [
        0.482913989518099,
        0.793896722081608,
        -0.369488935417274,
        0.227600743262578
      ],
      [
        0.0,
        0.0,
        0.0,
        1.0
      ]
    ],
    "2": [
      [
        -0.589443961089299,
        0.771395231266054,
        0.239802447684229,
        -0.21082717773004
      ],
      [
        0.77516259513348,
        0.623664946584433,
        -0.100821552793859,
        0.0332146680839445
      ],
      [
        -0.227329645759823,
        0.126457232224282,
        -0.96557226584906,
        0.162259903022787
      ],
      [
        0.0,
        0.0,
        0.0,
        1.0
      ]
    ],
    "3": [
      [
        0.225002353268217,
        -0.283355862931508,
        0.932246424485557,
        -0.169171638730421
      ],
      [
        -0.85540031887198,
        -0.515573013240664,
        0.0497469847494068,
        -0.0341887668222251
      ],
      [
        0.466544998362945,
        -0.808637077408823,
        -0.358387836766592,
        0.227202901363647
      ],
      [
        0.0,
        0.0,
        0.0,
        1.0
      ]
    ]
  },
  "T_WP": {
    "0": [
      [
        -0.254009596680053,
        -0.677896057869207,
        -0.689881192322146,
        -0.263484464200322
      ],
      [
        -0.0752745962735867,
        0.724967624403107,
        -0.68465734402193,
        -0.0785610384964769
      ],
      [
        0.964268043621837,
        -0.121979007590257,
        -0.23517708595229,
        0.145399665107195
      ],
      [
        0.0,
        0.0,
        0.0,
        1.0
      ]
    ],
    "1": [
      [
        -0.912990909071992,
        0.213408905311577,
        0.347712868737429,
        -0.140466134911069
      ],
      [
        0.172989960853534,
        -0.569372139994391,
        0.803672719234702,
        0.0859180160230904
      ],
      [
        0.369488935417275,
        0.793896722081608,
        0.482913989518099,
        0.261404722528845
      ],
      [
        0.0,
        0.0,
        0.0,
        1.0
      ]
    ],
    "2": [
      [
        -0.239802447684229,
        0.771395231266054,
        -0.589443961089299,
        -0.252088255006291
      ],
      [
        0.100821552793859,
        0.623664946584433,
        0.77516259513348,
        0.0874760497432881
      ],
      [
        0.96557226584906,
        0.126457232224282,
        -0.227329645759823,
        0.146346827819599
      ],
      [
        0.0,
        0.0,
        0.0,
        1.0
      ]
    ],
    "3": [
      [
        -0.932246424485557,
        -0.283355862931508,
        0.225002353268217,
        -0.153421474001646
      ],
      [
        -0.0497469847494069,
        -0.515573013240664,
        -0.85540031887198,
        -0.0940667891432637
      ],
      [
        0.358387836766592,
        -0.808637077408823,
        0.466544998362945,
        0.259861051249053
      ],
      [
        0.0,
        0.0,
        0.0,
        1.0
      ]
    ]
  },
  "simTime": 0.927999999999914,
  "state": [
    -0.18999940823023,
    -0.000487049369140274,
    0.194731402193217,
    0.459740092870163,
    0.0317318367226452,
    0.887392117192441,
    -0.0129370742696394,
    -0.468556682968984,
    -0.00170763213728738,
    0.114310459724739,
    0.473747196025864,
    13.0286245339065,
    -0.233633716056798,
    0.937930388781125,
    -0.276418275025232,
    0.209445149566436,
    -0.00350033656321884,
    0.987218860886129,
    -0.125969375291887,
    0.0306128562109905,
    -0.092701080003802,
    0.93749284432547,
    0.278414649855628,
    0.208765537699894,
    0.00306591799998657,
    0.9860855255657,
    0.129705275470654,
    0.0338084963440234,
    0.0983303786215413,
    -0.47771048385871,
    -2.12757953853595,
    2.96111458219101,
    -1.18510636313156,
    -0.735009412448291,
    0.951687487188602,
    0.526063958794577,
    -2.10340639369333,
    -2.96147537002881,
    1.20901793200298,
    -0.755096727594281,
    -1.01756328870187
  ]
}