{
  "T_WB": [
    [
      -0.62865532784767,
      0.0366860468170484,
      -0.776818262361073,
      -0.253148215584979
    ],
    [
      0.0629926507818135,
      0.998006579726832,
      -0.00384613694916603,
      -0.00129575940595911
    ],
    [
      0.775128637528133,
      -0.0513517360065712,
      -0.629713104908015,
      0.117582989549995
    ],
    [
      0.0,
      0.0,
      0.0,
      1.0
    ]
  ],
  "T_WH": {
    "0": [
      [
        -0.29884186270024,
        0.0453596419694603,
        -0.953224026123059,
        -0.279468382197031
      ],
      [
        -0.358266570606699,
        0.920473567480037,
        0.156120069037546,
        -0.0307122639259452
      ],
      [
        0.884499070368967,
        0.388163515095089,
        -0.258825192099723,
        0.150231390603331
      ],
      [
        0.0,
        0.0,
        0.0,
        1.0
      ]
    ],
    "1": [
      [
        0.497311209153003,
        0.659747434650237,
        -0.563395849934315,
        -0.226828048972926
      ],
      [
        0.642109047325563,
        -0.716599983958835,
        -0.272360853157818,
        0.028120745114027
      ],
      [
        -0.583418831195425,
        -0.226313467258641,
        -0.780003001240339,
        0.0849345884966598
      ],
      [
        0.0,
        0.0,
        0.0,
        1.0
      ]
    ],
    "2": [
      [
        -0.266990714197187,
        0.0111418808783581,
        -0.963634690649402,
        -0.27712047520074
      ],
      [
        0.461519692168237,
        0.879286711260357,
        -0.117704941025773,
        0.033160157176572
      ],
      [
        0.845999723565802,
        -0.476162512060155,
        -0.239903584456653,
        0.14694487949891
      ],
      [
        0.0,
        0.0,
        0.0,
        1.0
      ]
    ],
    "3": [
      [
        0.451075879090803,
        -0.713573275861966,
        -0.536044523596765,
        -0.229175955969218
      ],
      [
        -0.735179587102052,
        -0.637612573702274,
        0.230132962795898,
        -0.0357516759884903
      ],
      [
        -0.506005460455631,
        0.290281563025255,
        -0.812216158517362,
        0.0882210996010803
      ],
      [
        0.0,
        0.0,
        0.0,
        1.0
      ]
    ]
  },
  "T_WP": {
    "0": [
      [
        0.953224026123059,
        0.0453596419694603,
        -0.29884186270024,
        -0.300387312586048
      ],
      [
        -0.156120069037546,
        0.920473567480037,
        -0.358266570606699,
        -0.0557909238684141
      ],
      [
        0.258825192099723,
        0.388163515095089,
        0.884499070368967,
        0.212146325529159
      ],
      [
        0.0,
        0.0,
        0.0,
        1.0
      ]
    ],
    "1": [
      [
        0.563395849934315,
        0.659747434650237,
        0.497311209153003,
        -0.192016264332216
      ],
      [
        0.272360853157818,
        -0.716599983958835,
        0.642109047325563,
        0.0730683784268164
      ],
      [
        0.780003001240339,
        -0.226313467258641,
        -0.583418831195425,
        0.04409527031298
      ],
      [
        0.0,
        0.0,
        0.0,
        1.0
      ]
    ],
    "2": [
      [
        0.963634690649402,
        0.0111418808783581,
        -0.266990714197187,
        -0.295809825194543
      ],
      [
        0.117704941025773,
        0.879286711260357,
        0.461519692168237,
        0.0654665356283486
      ],
      [
        0.239903584456653,
        -0.476162512060155,
        0.845999723565802,
        0.206164860148517
      ],
      [
        0.0,
        0.0,
        0.0,
        1.0
      ]
    ],
    "3": [
      [
        0.536044523596765,
        -0.713573275861966,
        0.451075879090803,
        -0.197600644432861
      ],
      [
        -0.230132962795898,
        -0.637612573702274,
        -0.735179587102052,
        -0.0872142470856339
      ],
      [
        0.812216158517362,
        0.290281563025255,
        -0.506005460455631,
        0.0528007173691861
      ],
      [
        0.0,
        0.0,
        0.0,
        1.0
      ]
    ]
  },
  "simTime": 1.0719999999999,
  "state": [
    -0.253148215584979,
    -0.00129575940595911,
    0.117582989549995,
    -0.430011089092813,
    0.0276188220852786,
    0.902271440931513,
    -0.0152941427744711,
    -0.382434405957149,
    -0.0109810510128377,
    -1.21871049749527,
    0.467149954020498,
    12.5040812046944,
    -0.29928025407339,
    0.957534358007983,
    -0.174113291628392,
    0.135096512840662,
    0.185907092739518,
    0.982210083727071,
    -0.187062220232007,
    0.00817366095668742,
    0.0142922515125589,
    0.956024797808877,
    0.177502339967388,
    0.135819130282788,
    -0.189901735457643,
    0.981484360096521,
    0.19068163080563,
    0.0121206401028557,
    -0.0134928367189759,
    1.84933405291243,
    -1.55805002437679,
    1.62701495641284,
    -0.415444271921483,
    -0.468988923289004,
    1.76399004319334,
    -1.85083485713803,
    -1.58116623451198,
    -1.6959067724952,
    0.402159548164612,
    -0.471701439479127,
    -1.815567076045
  ]
}