{
  "T_WB": [
    [
      -2.22044604925031e-16,
      4.28268241776263e-22,
      1.0,
      2.9692053705766e-37
    ],
    [
      -1.05584120241026e-21,
      1.0,
      -4.28268241776263e-22,
      4.44799991974131e-22
    ],
    [
      -1.0,
      -1.05584120241026e-21,
      -2.22044604925031e-16,
      0.49558703
    ],
    [
      0.0,
      0.0,
      0.0,
      1.0
    ]
  ],
  "T_WH": {
    "0": [
      [
        -1.57012949769656e-16,
        -1.56663798061953e-16,
        1.0,
        -8.88179790158499e-18
      ],
      [
        -0.707106779455507,
        0.707106782917588,
        -2.4688699719245e-19,
        -0.032
      ],
      [
        -0.707106782917588,
        -0.707106779455507,
        -2.21802955492877e-16,
        0.45558703
      ],
      [
        0.0,
        0.0,
        0.0,
        1.0
      ]
    ],
    "1": [
      [
        1.57012949769656e-16,
        1.56693313548691e-16,
        1.0,
        8.88179790158499e-18
      ],
      [
        0.707106779455507,
        -0.707106782917588,
        -2.26016396318655e-19,
        0.032
      ],
      [
        0.707106782917588,
        0.707106779455507,
        -2.21823826093649e-16,
        0.53558703
      ],
      [
        0.0,
        0.0,
        0.0,
        1.0
      ]
    ],
    "2": [
      [
        -1.57012799041693e-16,
        1.56784121477458e-16,
        1.0,
        -8.88177049241751e-18
      ],
      [
        0.707106779455507,
        0.707106782917588,
        1.61698913180693e-19,
        0.032
      ],
      [
        -0.707106782917588,
        0.707106779455507,
        -2.21887930414943e-16,
        0.45558703
      ],
      [
        0.0,
        0.0,
        0.0,
        1.0
      ]
    ],
    "3": [
      [
        1.57012799041693e-16,
        -1.56664937085119e-16,
        1.0,
        8.88177049241751e-18
      ],
      [
        -0.707106779455507,
        -0.707106782917588,
        2.45975005421339e-19,
        -0.032
      ],
      [
        0.707106782917588,
        -0.707106779455507,
        -2.21803654323115e-16,
        0.53558703
      ],
      [
        0.0,
        0.0,
        0.0,
        1.0
      ]
    ]
  },
  "T_WP": {
    "0": [
      [
        -1.0,
        -1.56663798061953e-16,
        -9.57806098122879e-17,
        -1.98727043854609e-17
      ],
      [
        -4.30509157085866e-17,
        0.707106782917588,
        -0.707106779455507,
        -0.0814974745618855
      ],
      [
        1.78505152575107e-16,
        -0.707106779455507,
        -0.707106782917588,
        0.406089555195769
      ],
      [
        0.0,
        0.0,
        0.0,
        1.0
      ]
    ],
    "1": [
      [
        -1.0,
        1.56693313548691e-16,
        2.18245289727023e-16,
        1.98727043854609e-17
      ],
      [
        4.35238191020977e-17,
        -0.707106782917588,
        0.707106779455507,
        0.0814974745618855
      ],
      [
        2.65121629011419e-16,
        0.707106779455507,
        0.707106782917588,
        0.585084504804231
      ],
      [
        0.0,
        0.0,
        0.0,
        1.0
      ]
    ],
    "2": [
      [
        -1.0,
        1.56784121477458e-16,
        -9.5780459084325e-17,
        -1.9872666425336e-17
      ],
      [
        4.31361037925983e-17,
        0.707106782917588,
        0.707106779455507,
        0.0814974745618855
      ],
      [
        1.78590127497173e-16,
        0.707106779455507,
        -0.707106782917588,
        0.406089555195769
      ],
      [
        0.0,
        0.0,
        0.0,
        1.0
      ]
    ],
    "3": [
      [
        -1.0,
        -1.56664937085119e-16,
        2.1824513899906e-16,
        1.9872666425336e-17
      ],
      [
        -4.35437777112004e-17,
        -0.707106782917588,
        -0.707106779455507,
        -0.0814974745618855
      ],
      [
        2.65101457240885e-16,
        -0.707106779455507,
        0.707106782917588,
        0.585084504804231
      ],
      [
        0.0,
        0.0,
        0.0,
        1.0
      ]
    ]
  }
}