{
  "T_WB": [
    [
      -0.989315141919828,
      0.0645733845971948,
      -0.130712768962387,
      -0.22858496713731
    ],
    [
      0.0686840790076336,
      0.997268046416653,
      -0.0271834671663674,
      -0.000784199339665156
    ],
    [
      0.128600339264812,
      -0.0358709018282868,
      -0.991047542322265,
      0.173068129227491
    ],
    [
      0.0,
      0.0,
      0.0,
      1.0
    ]
  ],
  "T_WH": {
    "0": [
      [
        -0.73863171998311,
        -0.275419926459701,
        -0.615278023615118,
        -0.270223921121214
      ],
      [
        -0.470985409431591,
        0.86384657788552,
        0.17872278527942,
        -0.0299494136646927
      ],
      [
        0.482281998769755,
        0.421797290157736,
        -0.767783250454346,
        0.179360011656589
      ],
      [
        0.0,
        0.0,
        0.0,
        1.0
      ]
    ],
    "1": [
      [
        0.694307429727403,
        0.708881310970025,
        0.12419532995546,
        -0.186946013153407
      ],
      [
        0.713371249431424,
        -0.655100081567077,
        -0.248888215099586,
        0.0283810149853624
      ],
      [
        -0.0950718334207121,
        0.261402314619109,
        -0.960536400352322,
        0.166776246798393
      ],
      [
        0.0,
        0.0,
        0.0,
        1.0
      ]
    ],
    "2": [
      [
        -0.670091630584036,
        0.375491951983435,
        -0.640299149317643,
        -0.266091224506993
      ],
      [
        0.593221115704202,
        0.789404268794031,
        -0.157891127972481,
        0.0338757413059731
      ],
      [
        0.446168033933281,
        -0.485640499140496,
        -0.751722948359754,
        0.177064273939578
      ],
      [
        0.0,
        0.0,
        0.0,
        1.0
      ]
    ],
    "3": [
      [
        0.591753810646994,
        -0.789688700820896,
        0.161923387379857,
        -0.191078709767627
      ],
      [
        -0.805396945871875,
        -0.570675443200525,
        0.160203926631465,
        -0.0354441399853034
      ],
      [
        -0.0341055298304777,
        -0.225213885725746,
        -0.973712235987252,
        0.169071984515404
      ],
      [
        0.0,
        0.0,
        0.0,
        1.0
      ]
    ]
  },
  "T_WP": {
    "0": [
      [
        0.615278023615118,
        -0.275419926459701,
        -0.73863171998311,
        -0.321928141520031
      ],
      [
        -0.17872278527942,
        0.86384657788552,
        -0.470985409431591,
        -0.0629183923249041
      ],
      [
        0.767783250454346,
        0.421797290157736,
        0.482281998769755,
        0.213119751570471
      ],
      [
        0.0,
        0.0,
        0.0,
        1.0
      ]
    ],
    "1": [
      [
        -0.12419532995546,
        0.708881310970025,
        0.694307429727403,
        -0.138344493072489
      ],
      [
        0.248888215099586,
        -0.655100081567077,
        0.713371249431424,
        0.0783170024455621
      ],
      [
        0.960536400352322,
        0.261402314619109,
        -0.0950718334207121,
        0.160121218458943
      ],
      [
        0.0,
        0.0,
        0.0,
        1.0
      ]
    ],
    "2": [
      [
        0.640299149317643,
        0.375491951983435,
        -0.670091630584036,
        -0.312997638647876
      ],
      [
        0.157891127972481,
        0.789404268794031,
        0.593221115704202,
        0.0754012194052672
      ],
      [
        0.751722948359754,
        -0.485640499140496,
        0.446168033933281,
        0.208296036314908
      ],
      [
        0.0,
        0.0,
        0.0,
        1.0
      ]
    ],
    "3": [
      [
        -0.161923387379857,
        -0.789688700820896,
        0.591753810646994,
        -0.149655943022338
      ],
      [
        -0.160203926631465,
        -0.570675443200525,
        -0.805396945871875,
        -0.0918219261963347
      ],
      [
        0.973712235987252,
        -0.225213885725746,
        -0.0341055298304778,
        0.16668459742727
      ],
      [
        0.0,
        0.0,
        0.0,
        1.0
      ]
    ]
  },
  "simTime": 1.0119999999999,
  "state": [
    -0.22858496713731,
    -0.000784199339665156,
    0.173068129227491,
    -0.0650103110563263,
    0.0334079106866312,
    0.997199921111452,
    -0.0158078554910974,
    -0.435888989263601,
    -0.00612412766188068,
    -0.637960600530071,
    0.464565146764976,
    12.765283387945,
    -0.272574711773122,
    0.950147865038029,
    -0.234751643144266,
    0.163259363437818,
    0.124326509058293,
    0.984822906763154,
    -0.168990736737733,
    0.0144099576830194,
    -0.0368554789818886,
    0.948968882179148,
    0.238195132446411,
    0.163624072516581,
    -0.126286588470759,
    0.98396117679641,
    0.173033475253805,
    0.0179452916192358,
    0.0394687915664387,
    1.13298510573595,
    -1.80387453547044,
    2.3934160821186,
    -0.815269148194103,
    -0.569496303362623,
    1.48335977787443,
    -1.10307581239093,
    -1.80769577167209,
    -2.44765370186947,
    0.813941488051429,
    -0.576601736340826,
    -1.54617252857941
  ]
}