{
  "T_WB": [
    [
      -0.378029847969204,
      -0.634604341623691,
      0.674070295767988,
      -0.0967262989967208
    ],
    [
      -0.507768509854016,
      0.750940146060892,
      0.422208523640486,
      0.00200791215751571
    ],
    [
      -0.774121808532103,
      -0.182664245615852,
      -0.606109890142521,
      0.877599263409151
    ],
    [
      0.0,
      0.0,
      0.0,
      1.0
    ]
  ],
  "T_WH": {
    "0": [
      [
        -0.1476435852871,
        -0.323364574399123,
        0.934685360828576,
        -0.0915401539835308
      ],
      [
        -0.806015081814345,
        0.587025328386696,
        0.0757690683610838,
        -0.0423329129105935
      ],
      [
        -0.573185013421832,
        -0.742183680672221,
        -0.34730724802752,
        0.852479646927574
      ],
      [
        0.0,
        0.0,
        0.0,
        1.0
      ]
    ],
    "1": [
      [
        -0.353820733104534,
        0.666369301037374,
        0.656325257368885,
        -0.101912444009911
      ],
      [
        0.896728728233212,
        0.0422117134524678,
        0.440563002541808,
        0.0463487372256249
      ],
      [
        0.265873046371038,
        0.744426037885813,
        -0.612487875252249,
        0.902718879890728
      ],
      [
        0.0,
        0.0,
        0.0,
        1.0
      ]
    ],
    "2": [
      [
        -0.717675156442854,
        -0.648200628865682,
        0.25451584344174,
        -0.132154831847447
      ],
      [
        -0.196383701272487,
        0.539038703788058,
        0.819066979979665,
        0.00572725643730361
      ],
      [
        -0.668113621848294,
        0.537841259626504,
        -0.514150724733644,
        0.840789135208159
      ],
      [
        0.0,
        0.0,
        0.0,
        1.0
      ]
    ],
    "3": [
      [
        0.70925012831056,
        -0.0466523806490846,
        0.703411551562261,
        -0.0612977661459945
      ],
      [
        -0.430705883181536,
        -0.81859680935038,
        0.379989086572485,
        -0.0017114321222722
      ],
      [
        0.55808305625979,
        -0.572470801963865,
        -0.600683346876357,
        0.914409391610142
      ],
      [
        0.0,
        0.0,
        0.0,
        1.0
      ]
    ]
  },
  "T_WP": {
    "0": [
      [
        -0.934685360828576,
        -0.323364574399123,
        -0.1476435852871,
        -0.101875204953628
      ],
      [
        -0.0757690683610839,
        0.587025328386696,
        -0.806015081814345,
        -0.0987539686375976
      ],
      [
        0.34730724802752,
        -0.742183680672221,
        -0.573185013421832,
        0.812356695988046
      ],
      [
        0.0,
        0.0,
        0.0,
        1.0
      ]
    ],
    "1": [
      [
        -0.656325257368885,
        0.666369301037374,
        -0.353820733104534,
        -0.126679895327228
      ],
      [
        -0.440563002541808,
        0.0422117134524678,
        0.896728728233212,
        0.10911974820195
      ],
      [
        0.612487875252249,
        0.744426037885813,
        0.265873046371038,
        0.9213299931367
      ],
      [
        0.0,
        0.0,
        0.0,
        1.0
      ]
    ],
    "2": [
      [
        -0.25451584344174,
        -0.648200628865682,
        -0.717675156442854,
        -0.182392092798447
      ],
      [
        -0.819066979979665,
        0.539038703788058,
        -0.196383701272486,
        -0.00801960265177045
      ],
      [
        0.514150724733644,
        0.537841259626504,
        -0.668113621848294,
        0.794021181678779
      ],
      [
        0.0,
        0.0,
        0.0,
        1.0
      ]
    ],
    "3": [
      [
        -0.703411551562261,
        -0.0466523806490846,
        0.70925012831056,
        -0.0116502571642553
      ],
      [
        -0.379989086572485,
        -0.81859680935038,
        -0.430705883181536,
        -0.0318608439449797
      ],
      [
        0.600683346876357,
        -0.572470801963865,
        0.55808305625979,
        0.953475205548327
      ],
      [
        0.0,
        0.0,
        0.0,
        1.0
      ]
    ]
  }
}