{
  "T_WB": [
    [
      0.278552704228074,
      -0.000351900673915881,
      0.960420880204686,
      -0.0055816516196469
    ],
    [
      0.000299608714414572,
      0.999999916055379,
      0.000279506445869884,
      4.63304233843e-06
    ],
    [
      -0.960420897941025,
      0.000209893188868804,
      0.278552786277582,
      0.206051300321853
    ],
    [
      0.0,
      0.0,
      0.0,
      1.0
    ]
  ],
  "T_WH": {
    "0": [
      [
        0.501242468998483,
        0.800093830661509,
        0.32955401592106,
        0.00557171737104138
      ],
      [
        -0.592022995428506,
        0.594854910966518,
        -0.543742961134096,
        -0.0319833799228571
      ],
      [
        -0.631082213468391,
        0.0774435086783204,
        0.771840490520825,
        0.167627747822168
      ],
      [
        0.0,
        0.0,
        0.0,
        1.0
      ]
    ],
    "1": [
      [
        -0.129827470808941,
        -0.127340112765384,
        0.983325644689618,
        -0.0167350206103352
      ],
      [
        0.656823478605202,
        -0.753965322467341,
        -0.0109183547148563,
        0.031992646007534
      ],
      [
        0.742783781309416,
        0.644453868168714,
        0.181525386726121,
        0.244474852821538
      ],
      [
        0.0,
        0.0,
        0.0,
        1.0
      ]
    ],
    "2": [
      [
        0.501592591296328,
        -0.800326286593595,
        0.328455030931087,
        0.00554919572791076
      ],
      [
        0.592538181292359,
        0.594462966102942,
        0.54361041715813,
        0.0320166147046871
      ],
      [
        -0.630320058436489,
        -0.0780488111337921,
        0.772402101895912,
        0.167641180986256
      ],
      [
        0.0,
        0.0,
        0.0,
        1.0
      ]
    ],
    "3": [
      [
        -0.129616128077366,
        0.128035554367578,
        0.983263218146605,
        -0.0167124989672046
      ],
      [
        -0.657042305172629,
        -0.75376539433611,
        0.0115386097415526,
        -0.0320073486200103
      ],
      [
        0.742627139657359,
        -0.644549941524407,
        0.181824927678284,
        0.24446141965745
      ],
      [
        0.0,
        0.0,
        0.0,
        1.0
      ]
    ]
  },
  "T_WP": {
    "0": [
      [
        -0.32955401592106,
        0.800093830661509,
        0.501242468998483,
        0.0406586902009352
      ],
      [
        0.543742961134096,
        0.594854910966518,
        -0.592022995428506,
        -0.0734249896028526
      ],
      [
        -0.771840490520825,
        0.0774435086783204,
        -0.631082213468391,
        0.123451992879381
      ],
      [
        0.0,
        0.0,
        0.0,
        1.0
      ]
    ],
    "1": [
      [
        -0.983325644689618,
        -0.127340112765384,
        -0.129827470808941,
        -0.0258229435669611
      ],
      [
        0.0109183547148563,
        -0.753965322467341,
        0.656823478605202,
        0.0779702895098981
      ],
      [
        -0.181525386726121,
        0.644453868168714,
        0.742783781309416,
        0.296469717513197
      ],
      [
        0.0,
        0.0,
        0.0,
        1.0
      ]
    ],
    "2": [
      [
        -0.328455030931087,
        -0.800326286593595,
        0.501592591296328,
        0.0406606771186537
      ],
      [
        -0.54361041715813,
        0.594462966102942,
        0.592538181292359,
        0.0734942873951523
      ],
      [
        -0.772402101895912,
        -0.0780488111337921,
        -0.630320058436489,
        0.123518776895702
      ],
      [
        0.0,
        0.0,
        0.0,
        1.0
      ]
    ],
    "3": [
      [
        -0.983263218146605,
        0.128035554367578,
        -0.129616128077366,
        -0.0257856279326202
      ],
      [
        -0.0115386097415527,
        -0.75376539433611,
        -0.657042305172629,
        -0.0780003099820943
      ],
      [
        -0.181824927678284,
        -0.644549941524407,
        0.742627139657359,
        0.296445319433466
      ],
      [
        0.0,
        0.0,
        0.0,
        1.0
      ]
    ]
  },
  "simTime": 0.32649999999998,
  "state": [
    -0.0055816516196469,
    4.63304233843e-06,
    0.206051300321853,
    0.799547591854455,
    -2.17664519630471e-05,
    0.600602702614158,
    0.000203711884998414,
    -0.134085545738863,
    0.000274487632050964,
    1.70915751768028,
    -0.00942018834839591,
    -5.55060717705762,
    0.00598905667001535,
    0.866450300215046,
    0.47146196648541,
    -0.109750468645077,
    0.122238807451451,
    0.998165352285834,
    0.0299218349034364,
    -0.0402587623333413,
    0.0339093696121755,
    0.866250539340562,
    -0.471685746919519,
    -0.110143865389896,
    -0.122437282565945,
    0.998168621618206,
    -0.0298130723590936,
    -0.0401545181297423,
    -0.0340323112217092,
    6.26137442024373,
    -0.214734532516718,
    -1.01049208783123,
    0.555656076030444,
    0.029032403678716,
    -0.117664445904972,
    -6.26585248691343,
    -0.218172099018766,
    1.01063668838435,
    -0.556372434527411,
    0.0314466749766785,
    0.113689902697132
  ]
}