{
  "T_WB": [
    [
      0.623618097789036,
      -0.00114490747813004,
      0.781728314247892,
      -0.0183986106569988
    ],
    [
      0.000872618578005948,
      0.999999324003752,
      0.000768458754168837,
      2.57860951462104e-05
    ],
    [
      -0.781728665616658,
      0.000202925863461879,
      0.623618675293077,
      0.305244139464814
    ],
    [
      0.0,
      0.0,
      0.0,
      1.0
    ]
  ],
  "T_WH": {
    "0": [
      [
        0.464523139331642,
        0.878913900143161,
        -0.108298703411508,
        0.00658275029386282
      ],
      [
        -0.69939457750346,
        0.289100809476609,
        -0.653657362016773,
        -0.0319392875298536
      ],
      [
        -0.543199298585918,
        0.379382495767935,
        0.749001631453937,
        0.273968499212517
      ],
      [
        0.0,
        0.0,
        0.0,
        1.0
      ]
    ],
    "1": [
      [
        -0.412747367934866,
        -0.352691755873775,
        0.839790530788192,
        -0.0433799716078604
      ],
      [
        0.676372225509931,
        -0.736193075199016,
        0.0232458294702301,
        0.031990859720146
      ],
      [
        0.610049360971376,
        0.577605645200676,
        0.542412661919619,
        0.336519779717111
      ],
      [
        0.0,
        0.0,
        0.0,
        1.0
      ]
    ],
    "2": [
      [
        0.463474774268962,
        -0.879184797176884,
        -0.110567744072928,
        0.0065094762152625
      ],
      [
        0.700536314931441,
        0.287137590718545,
        0.65329998887083,
        0.0320606692063865
      ],
      [
        -0.542623262566776,
        -0.380244784854956,
        0.748981908000452,
        0.273981486467778
      ],
      [
        0.0,
        0.0,
        0.0,
        1.0
      ]
    ],
    "3": [
      [
        -0.411516465779831,
        0.354248539341074,
        0.839739346920693,
        -0.0433066975292601
      ],
      [
        -0.677285385421368,
        -0.735401119180308,
        -0.0216725772113132,
        -0.0320090970160941
      ],
      [
        0.609867776724354,
        -0.577661809611009,
        0.542557027998189,
        0.336506792461849
      ],
      [
        0.0,
        0.0,
        0.0,
        1.0
      ]
    ]
  },
  "T_WP": {
    "0": [
      [
        0.108298703411508,
        0.878913900143161,
        0.464523139331642,
        0.0390993700470778
      ],
      [
        0.653657362016773,
        0.289100809476609,
        -0.69939457750346,
        -0.0808969079550958
      ],
      [
        -0.749001631453937,
        0.379382495767935,
        -0.543199298585918,
        0.235944548311502
      ],
      [
        0.0,
        0.0,
        0.0,
        1.0
      ]
    ],
    "1": [
      [
        -0.839790530788192,
        -0.352691755873775,
        -0.412747367934866,
        -0.072272287363301
      ],
      [
        -0.0232458294702301,
        -0.736193075199016,
        0.676372225509931,
        0.0793369155058412
      ],
      [
        -0.542412661919619,
        0.577605645200676,
        0.610049360971376,
        0.379223234985107
      ],
      [
        0.0,
        0.0,
        0.0,
        1.0
      ]
    ],
    "2": [
      [
        0.110567744072929,
        -0.879184797176884,
        0.463474774268962,
        0.0389527104140899
      ],
      [
        -0.65329998887083,
        0.287137590718545,
        0.700536314931441,
        0.0810982112515874
      ],
      [
        -0.748981908000452,
        -0.380244784854956,
        -0.542623262566776,
        0.235997858088104
      ],
      [
        0.0,
        0.0,
        0.0,
        1.0
      ]
    ],
    "3": [
      [
        -0.839739346920693,
        0.354248539341074,
        -0.411516465779831,
        -0.0721128501338483
      ],
      [
        0.0216725772113132,
        -0.735401119180308,
        -0.677285385421368,
        -0.0794190739955898
      ],
      [
        -0.542557027998189,
        -0.577661809611009,
        0.609867776724354,
        0.379197536832554
      ],
      [
        0.0,
        0.0,
        0.0,
        1.0
      ]
    ]
  },
  "simTime": 0.399499999999972,
  "state": [
    -0.0183986106569988,
    2.57860951462104e-05,
    0.305244139464814,
    0.901004452969832,
    -0.000156917340653225,
    0.433809448641232,
    0.000559799135699594,
    -0.203038316636174,
    0.000259519463579789,
    1.00364487503338,
    -0.0101953478531,
    -5.14348550356808,
    0.00394989196987047,
    0.831174537495274,
    0.55586271265364,
    -0.00722342502541151,
    0.0106468320056234,
    0.998463194828334,
    0.0426333137642486,
    -0.0282863572319183,
    0.0212962702186161,
    0.830936131473712,
    -0.556211546855806,
    -0.00742384979631945,
    -0.0108971101662257,
    0.998463013119853,
    -0.0426108812186077,
    -0.0281829819049753,
    -0.0214858968707896,
    0.773065761886356,
    0.0922336994891466,
    -5.5230038235408,
    0.226051519022507,
    0.381772684081567,
    -0.495820635273235,
    -0.776045973712955,
    0.0957515616459588,
    5.52707324410045,
    -0.229342943022645,
    0.380875967238481,
    0.495076627518203
  ]
}