{
  "T_WB": [
    [
      -0.395225296378529,
      -0.646099855086661,
      0.652956309686567,
      -0.0985284637494021
    ],
    [
      -0.517830830990947,
      0.743826249419323,
      0.422579863635275,
      0.00173692758441248
    ],
    [
      -0.758714831526134,
      -0.171106656596927,
      -0.628549374743538,
      0.869122209816953
    ],
    [
      0.0,
      0.0,
      0.0,
      1.0
    ]
  ],
  "T_WH": {
    "0": [
      [
        -0.139848666994249,
        -0.336609076882193,
        0.931201739528256,
        -0.0936622802417701
      ],
      [
        -0.824784064614957,
        0.559965513293583,
        0.0785485243596854,
        -0.0427787456366438
      ],
      [
        -0.54788100632999,
        -0.757055449278566,
        -0.355940233214042,
        0.844249029567009
      ],
      [
        0.0,
        0.0,
        0.0,
        1.0
      ]
    ],
    "1": [
      [
        -0.35398069185384,
        0.678986109813116,
        0.643176128658028,
        -0.103394647257034
      ],
      [
        0.896707053114634,
        0.0509987355867488,
        0.439676687877606,
        0.0462526008054687
      ],
      [
        0.265733194556392,
        0.732377629129539,
        -0.626904201342957,
        0.893995390066897
      ],
      [
        0.0,
        0.0,
        0.0,
        1.0
      ]
    ],
    "2": [
      [
        -0.748850272558658,
        -0.620916302844962,
        0.231702857449296,
        -0.135012670967316
      ],
      [
        -0.184502203187913,
        0.531111586393765,
        0.826970023529937,
        0.00482613432619292
      ],
      [
        -0.636539241765683,
        0.576527039833903,
        -0.512283482100221,
        0.833298203544806
      ],
      [
        0.0,
        0.0,
        0.0,
        1.0
      ]
    ],
    "3": [
      [
        0.729921232475588,
        -0.0487842924076208,
        0.68178815419132,
        -0.0620442565314878
      ],
      [
        -0.421481646155994,
        -0.81737345803597,
        0.392751641692247,
        -0.00135227915736796
      ],
      [
        0.538115430307432,
        -0.574038955919029,
        -0.617179925752967,
        0.9049462160891
      ],
      [
        0.0,
        0.0,
        0.0,
        1.0
      ]
    ]
  },
  "T_WP": {
    "0": [
      [
        -0.931201739528256,
        -0.336609076882193,
        -0.139848666994249,
        -0.103451686931368
      ],
      [
        -0.0785485243596854,
        0.559965513293583,
        -0.824784064614957,
        -0.100513630159691
      ],
      [
        0.355940233214042,
        -0.757055449278566,
        -0.54788100632999,
        0.80589735912391
      ],
      [
        0.0,
        0.0,
        0.0,
        1.0
      ]
    ],
    "1": [
      [
        -0.643176128658028,
        0.678986109813116,
        -0.35398069185384,
        -0.128173295686803
      ],
      [
        -0.439676687877606,
        0.0509987355867488,
        0.896707053114634,
        0.109022094523493
      ],
      [
        0.626904201342957,
        0.732377629129539,
        0.265733194556392,
        0.912596713685844
      ],
      [
        0.0,
        0.0,
        0.0,
        1.0
      ]
    ],
    "2": [
      [
        -0.231702857449296,
        -0.620916302844962,
        -0.748850272558658,
        -0.187432190046422
      ],
      [
        -0.826970023529937,
        0.531111586393765,
        -0.184502203187913,
        -0.00808901989696101
      ],
      [
        0.512283482100221,
        0.576527039833903,
        -0.636539241765683,
        0.788740456621208
      ],
      [
        0.0,
        0.0,
        0.0,
        1.0
      ]
    ],
    "3": [
      [
        -0.68178815419132,
        -0.0487842924076208,
        0.729921232475588,
        -0.0109497702581967
      ],
      [
        -0.392751641692247,
        -0.81737345803597,
        -0.421481646155994,
        -0.0308559943882875
      ],
      [
        0.617179925752967,
        -0.574038955919029,
        0.538115430307432,
        0.94261429621062
      ],
      [
        0.0,
        0.0,
        0.0,
        1.0
      ]
    ]
  }
}