{
  "T_WB": [
    [
      0.617562270180667,
      -0.00112922911146487,
      0.786521180446474,
      -0.018094743017273
    ],
    [
      0.000860759773588113,
      0.999999340843182,
      0.000759872235009949,
      2.53951069628265e-05
    ],
    [
      -0.786521520075524,
      0.000207737370703361,
      0.61756283510528,
      0.303727662272295
    ],
    [
      0.0,
      0.0,
      0.0,
      1.0
    ]
  ],
  "T_WH": {
    "0": [
      [
        0.467565271573245,
        0.878106641720445,
        -0.101545273573311,
        0.00664388312152057
      ],
      [
        -0.697089284473216,
        0.295642935421857,
        -0.653193527377429,
        -0.0319401534090755
      ],
      [
        -0.543552431961496,
        0.37619673111497,
        0.750351099957316,
        0.272260153873412
      ],
      [
        0.0,
        0.0,
        0.0,
        1.0
      ]
    ],
    "1": [
      [
        -0.407788741710868,
        -0.348216845679112,
        0.844069529434132,
        -0.0428333691560665
      ],
      [
        0.675847567681344,
        -0.736694944214522,
        0.0225970004198379,
        0.0319909436230011
      ],
      [
        0.61395309869165,
        0.57967714078964,
        0.535757412503895,
        0.335195170671179
      ],
      [
        0.0,
        0.0,
        0.0,
        1.0
      ]
    ],
    "2": [
      [
        0.466547789270451,
        -0.87838485889417,
        -0.103794026766108,
        0.00657161245838682
      ],
      [
        0.69823131601843,
        0.293717670331109,
        0.652842216363524,
        0.0320598044048882
      ],
      [
        -0.542960578364605,
        -0.377054332690576,
        0.750349145758985,
        0.272273449065137
      ],
      [
        0.0,
        0.0,
        0.0,
        1.0
      ]
    ],
    "3": [
      [
        -0.406580240990888,
        0.349757933610767,
        0.844015340803778,
        -0.0427610984929328
      ],
      [
        -0.676744814612237,
        -0.735916954992383,
        -0.021040229328299,
        -0.0320090141909625
      ],
      [
        0.613766212438612,
        -0.57973754685294,
        0.535906160850662,
        0.335181875479454
      ],
      [
        0.0,
        0.0,
        0.0,
        1.0
      ]
    ]
  },
  "T_WP": {
    "0": [
      [
        0.101545273573311,
        0.878106641720445,
        0.467565271573245,
        0.0393734521316478
      ],
      [
        0.653193527377429,
        0.295642935421857,
        -0.697089284473216,
        -0.0807364033222006
      ],
      [
        -0.750351099957316,
        0.37619673111497,
        -0.543552431961496,
        0.234211483636107
      ],
      [
        0.0,
        0.0,
        0.0,
        1.0
      ]
    ],
    "1": [
      [
        -0.844069529434132,
        -0.348216845679112,
        -0.407788741710868,
        -0.0713785810758273
      ],
      [
        -0.0225970004198379,
        -0.736694944214522,
        0.675847567681344,
        0.0793002733606952
      ],
      [
        -0.535757412503895,
        0.57967714078964,
        0.61395309869165,
        0.378171887579594
      ],
      [
        0.0,
        0.0,
        0.0,
        1.0
      ]
    ],
    "2": [
      [
        0.103794026766109,
        -0.87838485889417,
        0.466547789270451,
        0.0392299577073184
      ],
      [
        -0.652842216363524,
        0.293717670331109,
        0.69823131601843,
        0.0809359965261783
      ],
      [
        -0.750349145758985,
        -0.377054332690576,
        -0.542960578364605,
        0.234266208579614
      ],
      [
        0.0,
        0.0,
        0.0,
        1.0
      ]
    ],
    "3": [
      [
        -0.844015340803778,
        0.349757933610767,
        -0.406580240990888,
        -0.071221715362295
      ],
      [
        0.0210402293282989,
        -0.735916954992383,
        -0.676744814612237,
        -0.0793811512138192
      ],
      [
        -0.535906160850662,
        -0.57973754685294,
        0.613766212438612,
        0.378145510350157
      ],
      [
        0.0,
        0.0,
        0.0,
        1.0
      ]
    ]
  },
  "simTime": 0.397999999999972,
  "state": [
    -0.018094743017273,
    2.53951069628265e-05,
    0.303727662272295,
    0.899322584800517,
    -0.000153486322271407,
    0.437285443262532,
    0.000553191068112225,
    -0.202118272942237,
    0.000261791399905458,
    1.01832399607534,
    -0.0101779571454828,
    -5.15384854562154,
    0.00399296705026474,
    0.831453887595444,
    0.555333594877182,
    -0.00959417147931965,
    0.0140350659718611,
    0.998454358298827,
    0.0424582901820397,
    -0.0285918440504801,
    0.0216493520154353,
    0.831215822152151,
    -0.555679896458623,
    -0.00980008548533144,
    -0.0142852371397396,
    0.998454268192515,
    -0.0424334912856479,
    -0.0284878510199094,
    -0.0218383948523632,
    0.815923460836529,
    0.119580320097066,
    -5.50316376736144,
    0.229673494996731,
    0.382174972821334,
    -0.492707923183967,
    -0.818916748632024,
    0.123142170154045,
    5.50718684809586,
    -0.232953666811742,
    0.381281038215666,
    0.491937618247523
  ]
}