{
  "T_WB": [
    [
      0.174995370973434,
      0.138889737231638,
      -0.97472368445093,
      -0.285659061183991
    ],
    [
      -0.214275551504831,
      0.971642814813803,
      0.0999811404616376,
      -0.0039284933889216
    ],
    [
      0.96096961875242,
      0.191363218285112,
      0.199793669875683,
      0.157394261446382
    ],
    [
      0.0,
      0.0,
      0.0,
      1.0
    ]
  ],
  "T_WH": {
    "0": [
      [
        0.388791278076089,
        0.293225918423109,
        -0.873418515293147,
        -0.283103717936466
      ],
      [
        -0.513839116381645,
        0.855882166501889,
        0.0586095516120208,
        -0.0435920855231565
      ],
      [
        0.764729170731764,
        0.426009715650895,
        0.483430468219528,
        0.189709423211355
      ],
      [
        0.0,
        0.0,
        0.0,
        1.0
      ]
    ],
    "1": [
      [
        0.25373508940822,
        0.0961622993947805,
        -0.962481852596771,
        -0.288214404431516
      ],
      [
        0.744811021852978,
        -0.654294025967161,
        0.130980415749862,
        0.0357350987453133
      ],
      [
        -0.617150748301681,
        -0.750101419648565,
        -0.237640093654,
        0.125079099681409
      ],
      [
        0.0,
        0.0,
        0.0,
        1.0
      ]
    ],
    "2": [
      [
        0.452876955601583,
        0.0242183325152688,
        -0.891244038103606,
        -0.274214774753641
      ],
      [
        0.149088163788973,
        0.983498840647136,
        0.102482924742478,
        0.0185930546249269
      ],
      [
        0.879019443757119,
        -0.179286092087255,
        0.441793294065229,
        0.201956669181603
      ],
      [
        0.0,
        0.0,
        0.0,
        1.0
      ]
    ],
    "3": [
      [
        -0.151165724217698,
        -0.349313409427837,
        -0.92473188861185,
        -0.297103347614341
      ],
      [
        -0.285108669640537,
        -0.880319914010496,
        0.379143634381952,
        -0.0264500414027701
      ],
      [
        -0.946499852254369,
        0.320962600610184,
        0.0334819158950874,
        0.112831853711162
      ],
      [
        0.0,
        0.0,
        0.0,
        1.0
      ]
    ]
  },
  "T_WP": {
    "0": [
      [
        0.873418515293147,
        0.293225918423109,
        0.388791278076089,
        -0.25588832847114
      ],
      [
        -0.0586095516120209,
        0.855882166501889,
        -0.513839116381645,
        -0.0795608236698717
      ],
      [
        -0.483430468219528,
        0.426009715650895,
        0.764729170731764,
        0.243240465162579
      ],
      [
        0.0,
        0.0,
        0.0,
        1.0
      ]
    ],
    "1": [
      [
        0.962481852596771,
        0.0961622993947805,
        0.25373508940822,
        -0.27045294817294
      ],
      [
        -0.130980415749862,
        -0.654294025967161,
        0.744811021852978,
        0.0878718702750218
      ],
      [
        0.237640093654,
        -0.750101419648565,
        -0.617150748301681,
        0.0818785473002912
      ],
      [
        0.0,
        0.0,
        0.0,
        1.0
      ]
    ],
    "2": [
      [
        0.891244038103606,
        0.0242183325152688,
        0.452876955601583,
        -0.24251338786153
      ],
      [
        -0.102482924742478,
        0.983498840647136,
        0.149088163788973,
        0.029029226090155
      ],
      [
        -0.441793294065229,
        -0.179286092087255,
        0.879019443757119,
        0.263488030244601
      ],
      [
        0.0,
        0.0,
        0.0,
        1.0
      ]
    ],
    "3": [
      [
        0.92473188861185,
        -0.349313409427837,
        -0.151165724217698,
        -0.307684948309579
      ],
      [
        -0.379143634381952,
        -0.880319914010496,
        -0.285108669640537,
        -0.0464076482776077
      ],
      [
        -0.0334819158950875,
        0.320962600610184,
        -0.946499852254369,
        0.0465768640533559
      ],
      [
        0.0,
        0.0,
        0.0,
        1.0
      ]
    ]
  },
  "simTime": 1.16549999999989,
  "state": [
    -0.285659061183991,
    -0.0039284933889216,
    0.157394261446382,
    -0.765903364606613,
    -0.0298282009344648,
    0.63183339852462,
    0.115277365610563,
    -0.295233972351423,
    -0.0193978070968619,
    0.119688949150016,
    -1.81084768712274,
    8.75119601700228,
    -2.83013175310703,
    0.959339357112668,
    -0.0903148405318275,
    0.122267225121471,
    0.23782757017524,
    0.974419758480749,
    -0.165772153230711,
    0.143646691437967,
    0.0489014880601692,
    0.972820079943618,
    0.0438500929674674,
    0.120257646091342,
    -0.192967251008578,
    0.975625524747076,
    0.163977371059723,
    0.0115776108987944,
    -0.1453692407912,
    2.27093017684828,
    -1.38995325337632,
    0.675522603611586,
    0.155997775117753,
    -1.40491345076022,
    1.71204985968435,
    -2.00320511493351,
    -1.28114751541501,
    -0.352700307483093,
    -0.86585569181768,
    -0.188150935849086,
    -1.91566877653044
  ]
}