{
  "T_WB": [
    [
      0.320702189492692,
      -0.000438293108154808,
      0.947179979493731,
      -0.00671091345222405
    ],
    [
      0.000360322976454956,
      0.999999877033744,
      0.000340734278355864,
      6.90300102371593e-06
    ],
    [
      -0.947180012364042,
      0.000232016480345788,
      0.320702307984222,
      0.21942643291988
    ],
    [
      0.0,
      0.0,
      0.0,
      1.0
    ]
  ],
  "T_WH": {
    "0": [
      [
        0.518028594956865,
        0.814753799159579,
        0.260427766495914,
        0.00613119950694456
      ],
      [
        -0.599296206757933,
        0.562958672292244,
        -0.569141098372369,
        -0.0319786801449979
      ],
      [
        -0.610319941811317,
        0.138757990926603,
        0.779907551304284,
        0.181531807897947
      ],
      [
        0.0,
        0.0,
        0.0,
        1.0
      ]
    ],
    "1": [
      [
        -0.163119753808899,
        -0.1518457860854,
        0.974851169751276,
        -0.0195530264113927
      ],
      [
        0.657842136025518,
        -0.753121109770969,
        -0.00723312427155217,
        0.0319924861470453
      ],
      [
        0.735279314265476,
        0.64011831036571,
        0.222739486279018,
        0.257321057941813
      ],
      [
        0.0,
        0.0,
        0.0,
        1.0
      ]
    ],
    "2": [
      [
        0.518250982864985,
        -0.815012304750821,
        0.259173420443208,
        0.00610314874802266
      ],
      [
        0.59994390993756,
        0.562429064975747,
        0.568982294803045,
        0.0320213119851617
      ],
      [
        -0.609494235976281,
        -0.139386118301864,
        0.780441084474945,
        0.181546656952689
      ],
      [
        0.0,
        0.0,
        0.0,
        1.0
      ]
    ],
    "3": [
      [
        -0.162817705789914,
        0.152648062263347,
        0.974776366028924,
        -0.0195249756524708
      ],
      [
        -0.658120954298384,
        -0.752870018726497,
        0.00797147515516111,
        -0.0320075059831143
      ],
      [
        0.735096731182158,
        -0.640222854941941,
        0.223041457615611,
        0.257306208887071
      ],
      [
        0.0,
        0.0,
        0.0,
        1.0
      ]
    ]
  },
  "T_WP": {
    "0": [
      [
        -0.260427766495913,
        0.814753799159579,
        0.518028594956865,
        0.0423932011539251
      ],
      [
        0.569141098372369,
        0.562958672292244,
        -0.599296206757933,
        -0.0739294146180533
      ],
      [
        -0.779907551304284,
        0.138757990926603,
        -0.610319941811317,
        0.138809411971155
      ],
      [
        0.0,
        0.0,
        0.0,
        1.0
      ]
    ],
    "1": [
      [
        -0.974851169751276,
        -0.1518457860854,
        -0.163119753808899,
        -0.0309714091780156
      ],
      [
        0.00723312427155221,
        -0.753121109770969,
        0.657842136025518,
        0.0780414356688316
      ],
      [
        -0.222739486279018,
        0.64011831036571,
        0.735279314265476,
        0.308790609940396
      ],
      [
        0.0,
        0.0,
        0.0,
        1.0
      ]
    ],
    "2": [
      [
        -0.259173420443208,
        -0.815012304750821,
        0.518250982864985,
        0.0423807175485716
      ],
      [
        -0.568982294803045,
        0.562429064975747,
        0.59994390993756,
        0.0740173856807909
      ],
      [
        -0.780441084474945,
        -0.139386118301864,
        -0.609494235976281,
        0.13888206043435
      ],
      [
        0.0,
        0.0,
        0.0,
        1.0
      ]
    ],
    "3": [
      [
        -0.974776366028924,
        0.152648062263347,
        -0.162817705789914,
        -0.0309222150577648
      ],
      [
        -0.00797147515516115,
        -0.752870018726497,
        -0.658120954298384,
        -0.0780759727840012
      ],
      [
        -0.223041457615611,
        -0.640222854941941,
        0.735096731182158,
        0.308762980069822
      ],
      [
        0.0,
        0.0,
        0.0,
        1.0
      ]
    ]
  },
  "simTime": 0.334499999999979,
  "state": [
    -0.00671091345222405,
    6.90300102371593e-06,
    0.21942643291988,
    0.812619894924844,
    -3.34466946628628e-05,
    0.582793998672951,
    0.000245691771022793,
    -0.147751949254611,
    0.00029138676316333,
    1.63430081245893,
    -0.009524088800704,
    -5.4994887913556,
    0.00576760005826432,
    0.856814473965383,
    0.490842268493269,
    -0.1038064125076,
    0.119025431677886,
    0.998141116860004,
    0.0319868983625202,
    -0.0397716163634063,
    0.0333071718771276,
    0.856602419497011,
    -0.491079732708164,
    -0.104197860768341,
    -0.119230016549715,
    0.998144336305009,
    -0.031881708788829,
    -0.0396599830738303,
    -0.0334443760522104,
    4.69460816663375,
    0.264650019182513,
    -2.20861690522057,
    0.475965310673906,
    0.15862793004456,
    -0.222682166664599,
    -4.69854430694995,
    0.26391859579304,
    2.20947395118557,
    -0.477451706299649,
    0.16001010932453,
    0.219543955898786
  ]
}