{
  "T_WB": [
    [
      0.938642701750666,
      0.00510839743910788,
      0.344853277098846,
      -0.132096137549935
    ],
    [
      -0.000411751374049223,
      0.999906187320105,
      -0.0136911292367209,
      -0.000165824296780633
    ],
    [
      -0.344890865218282,
      0.0127090847260825,
      0.938556748553016,
      0.0884575114181741
    ],
    [
      0.0,
      0.0,
      0.0,
      1.0
    ]
  ],
  "T_WH": {
    "0": [
      [
        -0.0542526230355785,
        0.615324233560487,
        0.786404946886119,
        -0.0947138981979596
      ],
      [
        -0.887625314434495,
        0.331012711754079,
        -0.320237233675715,
        -0.032179292345986
      ],
      [
        -0.457359764374637,
        -0.715406648173198,
        0.528219058422513,
        0.0742551860982082
      ],
      [
        0.0,
        0.0,
        0.0,
        1.0
      ]
    ],
    "1": [
      [
        -0.490405768071392,
        -0.843417886301981,
        0.219427554578288,
        -0.16947837690191
      ],
      [
        0.870781554917303,
        -0.484398979895603,
        0.0842443582200166,
        0.0318476437524247
      ],
      [
        0.0352372850559164,
        0.232387386365952,
        0.971984792267806,
        0.10265983673814
      ],
      [
        0.0,
        0.0,
        0.0,
        1.0
      ]
    ],
    "2": [
      [
        -0.0396173299174943,
        -0.61313074153653,
        0.788987427626748,
        -0.0943869607618567
      ],
      [
        0.899105235524652,
        0.322614611362655,
        0.295853997754776,
        0.0318147036425008
      ],
      [
        -0.435936053363757,
        0.721103672378798,
        0.538487930282048,
        0.0750685675206775
      ],
      [
        0.0,
        0.0,
        0.0,
        1.0
      ]
    ],
    "3": [
      [
        -0.486079120289095,
        0.847445934361745,
        0.213453688543274,
        -0.169805314338013
      ],
      [
        -0.873913409776216,
        -0.471792815893786,
        -0.116990987192688,
        -0.032146352236062
      ],
      [
        0.00156238032733581,
        -0.243406916920538,
        0.96992300300743,
        0.101846455315671
      ],
      [
        0.0,
        0.0,
        0.0,
        1.0
      ]
    ]
  },
  "T_WP": {
    "0": [
      [
        -0.786404946886119,
        0.615324233560487,
        -0.0542526230355784,
        -0.0985115818104501
      ],
      [
        0.320237233675715,
        0.331012711754079,
        -0.887625314434495,
        -0.0943130643564006
      ],
      [
        -0.528219058422513,
        -0.715406648173198,
        -0.457359764374636,
        0.0422400025919836
      ],
      [
        0.0,
        0.0,
        0.0,
        1.0
      ]
    ],
    "1": [
      [
        -0.219427554578288,
        -0.843417886301981,
        -0.490405768071392,
        -0.203806780666907
      ],
      [
        -0.0842443582200165,
        -0.484398979895603,
        0.870781554917303,
        0.0928023525966359
      ],
      [
        -0.971984792267806,
        0.232387386365952,
        0.0352372850559165,
        0.105126446692054
      ],
      [
        0.0,
        0.0,
        0.0,
        1.0
      ]
    ],
    "2": [
      [
        -0.788987427626748,
        -0.61313074153653,
        -0.0396173299174943,
        -0.0971601738560813
      ],
      [
        -0.295853997754776,
        0.322614611362655,
        0.899105235524652,
        0.0947520701292264
      ],
      [
        -0.538487930282048,
        0.721103672378798,
        -0.435936053363757,
        0.0445530437852145
      ],
      [
        0.0,
        0.0,
        0.0,
        1.0
      ]
    ],
    "3": [
      [
        -0.213453688543274,
        0.847445934361745,
        -0.486079120289095,
        -0.203830852758249
      ],
      [
        0.116990987192688,
        -0.471792815893786,
        -0.873913409776216,
        -0.0933202909203972
      ],
      [
        -0.96992300300743,
        -0.243406916920538,
        0.00156238032733587,
        0.101955821938584
      ],
      [
        0.0,
        0.0,
        0.0,
        1.0
      ]
    ]
  },
  "simTime": 0.78749999999993,
  "state": [
    -0.132096137549935,
    -0.000165824296780633,
    0.0884575114181741,
    0.984518364179129,
    0.00670383989861259,
    0.175147607046473,
    -0.00140173840681979,
    -0.315949123163288,
    -0.00421140139379567,
    1.44201158354477,
    0.498816533275674,
    12.9776797831021,
    -0.193651124578345,
    0.907142931339154,
    -0.175876132316714,
    0.288784415916762,
    -0.250525147093729,
    0.986802449959294,
    -0.0224085912919512,
    0.0781534161521936,
    -0.140038649430744,
    0.908309353214318,
    0.175140551650358,
    0.287415873488437,
    0.24837878673082,
    0.985214356235015,
    0.023308307327617,
    0.0817732316881281,
    0.148736457054841,
    -3.03302305971267,
    -1.9140955935066,
    2.56509460370338,
    -2.03998841433368,
    -0.813154509423912,
    0.697274546392935,
    3.06086028784302,
    -2.00576842458683,
    -2.60574258630226,
    2.04627491012013,
    -0.83198697645086,
    -0.563236123554582
  ]
}