{
  "T_WB": [
    [
      0.984808631706901,
      -0.00230450546778961,
      -0.173627901473611,
      -0.0960429726809509
    ],
    [
      0.00269848441485418,
      0.999994292379024,
      0.00203307433156258,
      1.5804102248674e-05
    ],
    [
      0.173622225240445,
      -0.00247072133673494,
      0.984809229464586,
      0.202625354446568
    ],
    [
      0.0,
      0.0,
      0.0,
      1.0
    ]
  ],
  "T_WH": {
    "0": [
      [
        -0.168195761884419,
        0.964678975860436,
        -0.202742840112742,
        -0.0565768832377056
      ],
      [
        -0.851885522830664,
        -0.245731751361563,
        -0.462500770122931,
        -0.0318760738772859
      ],
      [
        -0.495985122433774,
        0.09492302094666,
        0.863127092854068,
        0.209649306538961
      ],
      [
        0.0,
        0.0,
        0.0,
        1.0
      ]
    ],
    "1": [
      [
        -0.615273433889363,
        -0.774146336505005,
        -0.148781891458171,
        -0.135509062124196
      ],
      [
        0.777597143107998,
        -0.627016392713964,
        0.0468308263673427,
        0.0319076820817833
      ],
      [
        -0.129542597551043,
        -0.0868786103931667,
        0.987760508663857,
        0.195601402354175
      ],
      [
        0.0,
        0.0,
        0.0,
        1.0
      ]
    ],
    "2": [
      [
        -0.172057221618023,
        -0.963484735091795,
        -0.205166950881911,
        -0.0567243715876441
      ],
      [
        0.848262355733052,
        -0.25080210457805,
        0.466421783566585,
        0.0321235608349716
      ],
      [
        -0.500846571651738,
        -0.0937841648910682,
        0.860440144391453,
        0.20949118037341
      ],
      [
        0.0,
        0.0,
        0.0,
        1.0
      ]
    ],
    "3": [
      [
        -0.61166029329471,
        0.77711898232208,
        -0.148181553917231,
        -0.135361573774258
      ],
      [
        -0.781053352223827,
        -0.622975203455898,
        -0.0430993835107343,
        -0.0320919526304743
      ],
      [
        -0.125806782752569,
        0.0893755178657921,
        0.988020581880595,
        0.195759528519726
      ],
      [
        0.0,
        0.0,
        0.0,
        1.0
      ]
    ]
  },
  "T_WP": {
    "0": [
      [
        0.202742840112742,
        0.964678975860436,
        -0.168195761884419,
        -0.0683505865696149
      ],
      [
        0.462500770122931,
        -0.245731751361563,
        -0.851885522830664,
        -0.0915080604754324
      ],
      [
        -0.863127092854068,
        0.09492302094666,
        -0.495985122433774,
        0.174930347968597
      ],
      [
        0.0,
        0.0,
        0.0,
        1.0
      ]
    ],
    "1": [
      [
        0.148781891458171,
        -0.774146336505005,
        -0.615273433889363,
        -0.178578202496452
      ],
      [
        -0.0468308263673426,
        -0.627016392713964,
        0.777597143107998,
        0.0863394820993431
      ],
      [
        -0.987760508663857,
        -0.0868786103931667,
        -0.129542597551043,
        0.186533420525602
      ],
      [
        0.0,
        0.0,
        0.0,
        1.0
      ]
    ],
    "2": [
      [
        0.205166950881911,
        -0.963484735091795,
        -0.172057221618023,
        -0.0687683771009057
      ],
      [
        -0.466421783566585,
        -0.25080210457805,
        0.848262355733052,
        0.0915019257362853
      ],
      [
        -0.860440144391453,
        -0.0937841648910682,
        -0.500846571651738,
        0.174431920357789
      ],
      [
        0.0,
        0.0,
        0.0,
        1.0
      ]
    ],
    "3": [
      [
        0.148181553917231,
        0.77711898232208,
        -0.61166029329471,
        -0.178177794304887
      ],
      [
        0.0430993835107342,
        -0.622975203455898,
        -0.781053352223827,
        -0.0867656872861422
      ],
      [
        -0.988020581880595,
        0.0893755178657921,
        -0.125806782752569,
        0.186953053727046
      ],
      [
        0.0,
        0.0,
        0.0,
        1.0
      ]
    ]
  },
  "simTime": 0.675499999999942,
  "state": [
    -0.0960429726809509,
    1.5804102248674e-05,
    0.202625354446568,
    0.996194277431681,
    -0.00113025033628704,
    -0.0871441782443562,
    0.00125552565297357,
    -0.33885401465368,
    -0.000317009006759776,
    -1.76582381039042,
    -0.0118513289918523,
    -2.52581698983019,
    0.000290776183308925,
    0.838648017923888,
    0.0863888262350946,
    0.22449598964827,
    -0.488679878208527,
    0.998189735526701,
    0.024284070639778,
    0.00827660109446662,
    -0.0543970006215366,
    0.838531459902643,
    -0.0866294530088336,
    0.224778004768059,
    0.488707660260633,
    0.998181792930896,
    -0.0245863779580093,
    0.00831877717591738,
    0.0544005167849095,
    -5.09867624958995,
    -2.55447178181355,
    -1.2312907417746,
    -0.504587715221655,
    0.0796128460127823,
    -0.417774283031044,
    5.10038195241889,
    -2.55697562228052,
    1.23201092523238,
    0.504097098835896,
    0.0793249321075859,
    0.420888063228054
  ]
}