{
  "T_WB": [
    [
      0.532237563587506,
      -0.000915532058242629,
      0.846594553317871,
      -0.0141771564621553
    ],
    [
      0.000701951920253794,
      0.999999548751545,
      0.000640125149866485,
      1.9885724765677e-05
    ],
    [
      -0.846594757348483,
      0.000253570022221857,
      0.532237966075615,
      0.281406709764008
    ],
    [
      0.0,
      0.0,
      0.0,
      1.0
    ]
  ],
  "T_WH": {
    "0": [
      [
        0.502927332385625,
        0.864308967057054,
        -0.00584018871685905,
        0.00714164310720872
      ],
      [
        -0.664946659891343,
        0.382587252792643,
        -0.6414615604227,
        -0.0319520217584736
      ],
      [
        -0.552186596938776,
        0.32649196539172,
        0.767132947210473,
        0.247534805229358
      ],
      [
        0.0,
        0.0,
        0.0,
        1.0
      ]
    ],
    "1": [
      [
        -0.337332622706163,
        -0.287421463223893,
        0.896434941385273,
        -0.0354959560315193
      ],
      [
        0.669147487575985,
        -0.743005616934928,
        0.0135754585150744,
        0.031991793208005
      ],
      [
        0.662154318515653,
        0.60442663382861,
        0.442967383437751,
        0.315278614298659
      ],
      [
        0.0,
        0.0,
        0.0,
        1.0
      ]
    ],
    "2": [
      [
        0.502320554856444,
        -0.864646265444534,
        -0.00780357748311154,
        0.00708304905548119
      ],
      [
        0.666039450741114,
        0.381152160663877,
        0.641182096192442,
        0.0320479493616253
      ],
      [
        -0.551421354524097,
        -0.327276436784073,
        0.767349088551444,
        0.24755103371078
      ],
      [
        0.0,
        0.0,
        0.0,
        1.0
      ]
    ],
    "3": [
      [
        -0.336423818332977,
        0.288745829341986,
        0.896350857921087,
        -0.0354373619797918
      ],
      [
        -0.669835088487109,
        -0.742408830679541,
        -0.0122508106059399,
        -0.0320081779120939
      ],
      [
        0.661921421839274,
        -0.604528720712792,
        0.443176101728905,
        0.315262385817237
      ],
      [
        0.0,
        0.0,
        0.0,
        1.0
      ]
    ]
  },
  "T_WP": {
    "0": [
      [
        0.00584018871685908,
        0.864308967057054,
        0.502927332385625,
        0.0423465563742025
      ],
      [
        0.6414615604227,
        0.382587252792643,
        -0.664946659891343,
        -0.0784982879508676
      ],
      [
        -0.767132947210473,
        0.32649196539172,
        -0.552186596938776,
        0.208881743443644
      ],
      [
        0.0,
        0.0,
        0.0,
        1.0
      ]
    ],
    "1": [
      [
        -0.896434941385273,
        -0.287421463223893,
        -0.337332622706163,
        -0.0591092396209507
      ],
      [
        -0.0135754585150744,
        -0.743005616934928,
        0.669147487575985,
        0.0788321173383239
      ],
      [
        -0.442967383437751,
        0.60442663382861,
        0.662154318515653,
        0.361629416594755
      ],
      [
        0.0,
        0.0,
        0.0,
        1.0
      ]
    ],
    "2": [
      [
        0.00780357748311157,
        -0.864646265444534,
        0.502320554856444,
        0.0422454878954323
      ],
      [
        -0.641182096192442,
        0.381152160663877,
        0.666039450741114,
        0.0786707109135033
      ],
      [
        -0.767349088551444,
        -0.327276436784073,
        -0.551421354524097,
        0.208951538894093
      ],
      [
        0.0,
        0.0,
        0.0,
        1.0
      ]
    ],
    "3": [
      [
        -0.896350857921087,
        0.288745829341986,
        -0.336423818332977,
        -0.0589870292631002
      ],
      [
        0.0122508106059398,
        -0.742408830679541,
        -0.669835088487109,
        -0.0788966341061916
      ],
      [
        -0.443176101728905,
        -0.604528720712792,
        0.661921421839274,
        0.361596885345986
      ],
      [
        0.0,
        0.0,
        0.0,
        1.0
      ]
    ]
  },
  "simTime": 0.377999999999975,
  "state": [
    -0.0141771564621553,
    1.9885724765677e-05,
    0.281406709764008,
    0.875282108581951,
    -0.000110408725328251,
    0.483612453077985,
    0.000461989329679352,
    -0.189479926326674,
    0.000287675530111544,
    1.21365256031743,
    -0.00995427269874007,
    -5.2830765111502,
    0.00457522961986951,
    0.835629971320469,
    0.544775586208114,
    -0.0418134514591736,
    0.0565132460546157,
    0.998330363801996,
    0.0398656169782909,
    -0.0326479493546023,
    0.0261022737870513,
    0.835396236912838,
    -0.545087276802122,
    -0.0420917603841591,
    -0.0567562483615518,
    0.998331512637562,
    -0.0398103873649928,
    -0.0325361874869231,
    -0.0262815607691406,
    1.44249924328863,
    0.459880189102298,
    -5.10553790825186,
    0.280078228758157,
    0.374848780163259,
    -0.443876269547055,
    -1.44562023438518,
    0.463751437132192,
    5.10884176736649,
    -0.283126768352162,
    0.374091866519134,
    0.442714491549216
  ]
}