{
  "T_WB": [
    [
      0.995483816226692,
      -0.00232234268273532,
      0.0949029944480397,
      -0.0663144395560436
    ],
    [
      0.00217902505724169,
      0.999996323819217,
      0.00161375272337771,
      3.7556010470944e-05
    ],
    [
      -0.0949063932543041,
      -0.00139966871660471,
      0.995485217091114,
      0.321226833666529
    ],
    [
      0.0,
      0.0,
      0.0,
      1.0
    ]
  ],
  "T_WH": {
    "0": [
      [
        -0.0322822794030368,
        0.909268075583977,
        -0.414957131714054,
        -0.0264207719411284
      ],
      [
        -0.806567403784245,
        -0.268888192187282,
        -0.526448633064042,
        -0.0318751653494543
      ],
      [
        -0.590260008461768,
        0.317695934544442,
        0.742066314816033,
        0.317475367335289
      ],
      [
        0.0,
        0.0,
        0.0,
        1.0
      ]
    ],
    "1": [
      [
        -0.660534792888806,
        -0.734800996292429,
        0.154146953362679,
        -0.106208107170959
      ],
      [
        0.748594432827304,
        -0.660277448936262,
        0.0603329558880505,
        0.0319502773703962
      ],
      [
        0.0574470410317998,
        0.155245567646474,
        0.986204163042732,
        0.32497829999777
      ],
      [
        0.0,
        0.0,
        0.0,
        1.0
      ]
    ],
    "2": [
      [
        -0.0358559740595782,
        -0.907770369560762,
        -0.417932177837214,
        -0.0265694018728235
      ],
      [
        0.804273720558207,
        -0.274438596122998,
        0.52709319799965,
        0.0321245993749755
      ],
      [
        -0.593176307301378,
        -0.317232427575675,
        0.739936115722665,
        0.317385788537426
      ],
      [
        0.0,
        0.0,
        0.0,
        1.0
      ]
    ],
    "3": [
      [
        -0.657243945560365,
        0.737631712552495,
        0.154692768612878,
        -0.106059477239264
      ],
      [
        -0.751329092488869,
        -0.657437903572045,
        -0.0572712644058673,
        -0.0320494873540337
      ],
      [
        0.0594557886508592,
        -0.153866369241847,
        0.986301246887702,
        0.325067878795633
      ],
      [
        0.0,
        0.0,
        0.0,
        1.0
      ]
    ]
  },
  "T_WP": {
    "0": [
      [
        0.414957131714054,
        0.909268075583977,
        -0.0322822794030368,
        -0.028680531499341
      ],
      [
        0.526448633064042,
        -0.268888192187282,
        -0.806567403784245,
        -0.0883348836143515
      ],
      [
        -0.742066314816033,
        0.317695934544442,
        -0.590260008461768,
        0.276157166742965
      ],
      [
        0.0,
        0.0,
        0.0,
        1.0
      ]
    ],
    "1": [
      [
        -0.154146953362679,
        -0.734800996292429,
        -0.660534792888806,
        -0.152445542673175
      ],
      [
        -0.0603329558880504,
        -0.660277448936262,
        0.748594432827304,
        0.0843518876683075
      ],
      [
        -0.986204163042732,
        0.155245567646474,
        0.0574470410317999,
        0.328999592869996
      ],
      [
        0.0,
        0.0,
        0.0,
        1.0
      ]
    ],
    "2": [
      [
        0.417932177837214,
        -0.907770369560762,
        -0.0358559740595782,
        -0.0290793200569939
      ],
      [
        -0.52709319799965,
        -0.274438596122998,
        0.804273720558207,
        0.08842375981405
      ],
      [
        -0.739936115722665,
        -0.317232427575675,
        -0.593176307301378,
        0.275863447026329
      ],
      [
        0.0,
        0.0,
        0.0,
        1.0
      ]
    ],
    "3": [
      [
        -0.154692768612878,
        0.737631712552495,
        -0.657243945560365,
        -0.152066553428489
      ],
      [
        0.0572712644058672,
        -0.657437903572045,
        -0.751329092488869,
        -0.0846425238282545
      ],
      [
        -0.986301246887702,
        -0.153866369241847,
        0.0594557886508593,
        0.329229784001193
      ],
      [
        0.0,
        0.0,
        0.0,
        1.0
      ]
    ]
  },
  "simTime": 0.584499999999952,
  "state": [
    -0.0663144395560436,
    3.7556010470944e-05,
    0.321226833666529,
    0.998870031227414,
    -0.000754207591021505,
    0.0475060272528913,
    0.00112661497473443,
    -0.310227151822526,
    -0.000150166824985201,
    -0.841577747924227,
    -0.0117316207766313,
    -3.42028359975848,
    0.000566600669721267,
    0.823133143947994,
    0.339292409533723,
    0.188779643298102,
    -0.414360633317563,
    0.99862468799899,
    0.0419558902810704,
    0.000828030089081803,
    -0.0314284927385181,
    0.822923883243861,
    -0.339669693286781,
    0.189031678827109,
    0.414352273131345,
    0.998618095233642,
    -0.0422004501767507,
    0.000879725128848396,
    0.0313089118384833,
    -4.08598698535154,
    -2.21585286955928,
    -3.78044235216716,
    -0.270745736693626,
    0.179516535799094,
    -0.583687501373068,
    4.08749818231844,
    -2.21792692050043,
    3.78384048715925,
    0.268661183298473,
    0.179068385066285,
    0.585947179739125
  ]
}