{
  "T_WB": [
    [
      -2.22044604925031e-16,
      2.92589680333585e-21,
      1.0,
      6.17108417343637e-37
    ],
    [
      -1.60509293580246e-20,
      1.0,
      -2.92589680333585e-21,
      1.74979325981331e-21
    ],
    [
      -1.0,
      -1.60509293580246e-20,
      -2.22044604925031e-16,
      0.486995222575
    ],
    [
      0.0,
      0.0,
      0.0,
      1.0
    ]
  ],
  "T_WH": {
    "0": [
      [
        -1.57022837466477e-16,
        -1.56207339534467e-16,
        1.0,
        -8.88187782569896e-18
      ],
      [
        -0.707106779455507,
        0.707106782917588,
        -5.76643575554152e-19,
        -0.032
      ],
      [
        -0.707106782917588,
        -0.707106779455507,
        -2.21487182231042e-16,
        0.446995222575
      ],
      [
        0.0,
        0.0,
        0.0,
        1.0
      ]
    ],
    "1": [
      [
        1.57022837466477e-16,
        1.56216148979323e-16,
        1.0,
        8.88187782569896e-18
      ],
      [
        0.707106779455507,
        -0.707106782917588,
        -5.7041435734302e-19,
        0.032
      ],
      [
        0.707106782917588,
        0.707106779455507,
        -2.21493411449223e-16,
        0.526995222575
      ],
      [
        0.0,
        0.0,
        0.0,
        1.0
      ]
    ],
    "2": [
      [
        -1.57021347773655e-16,
        1.56578712168788e-16,
        1.0,
        -8.88169056830355e-18
      ],
      [
        0.707106779455507,
        0.707106782917588,
        3.12990094941448e-19,
        0.032
      ],
      [
        -0.707106782917588,
        0.707106779455507,
        -2.21748728966575e-16,
        0.446995222575
      ],
      [
        0.0,
        0.0,
        0.0,
        1.0
      ]
    ],
    "3": [
      [
        1.57021347773655e-16,
        -1.56209995804467e-16,
        1.0,
        8.88169056830355e-18
      ],
      [
        -0.707106779455507,
        -0.707106782917588,
        5.73711937125496e-19,
        -0.032
      ],
      [
        0.707106782917588,
        -0.707106779455507,
        -2.21488007125668e-16,
        0.526995222575
      ],
      [
        0.0,
        0.0,
        0.0,
        1.0
      ]
    ]
  },
  "T_WP": {
    "0": [
      [
        -1.0,
        -1.56207339534467e-16,
        -9.57904975091098e-17,
        -1.98734764483524e-17
      ],
      [
        -4.27211591302249e-17,
        0.707106782917588,
        -0.707106779455507,
        -0.0814974745618855
      ],
      [
        1.78189379313272e-16,
        -0.707106779455507,
        -0.707106782917588,
        0.397497747770768
      ],
      [
        0.0,
        0.0,
        0.0,
        1.0
      ]
    ],
    "1": [
      [
        -1.0,
        1.56216148979323e-16,
        2.18255177423845e-16,
        1.98734764483524e-17
      ],
      [
        4.3868217063122e-17,
        -0.707106782917588,
        0.707106779455507,
        0.0814974745618855
      ],
      [
        2.64791214366993e-16,
        0.707106779455507,
        0.707106782917588,
        0.576492697379231
      ],
      [
        0.0,
        0.0,
        0.0,
        1.0
      ]
    ],
    "2": [
      [
        -1.0,
        1.56578712168788e-16,
        -9.57890078162871e-17,
        -1.98731849124594e-17
      ],
      [
        4.29848126108376e-17,
        0.707106782917588,
        0.707106779455507,
        0.0814974745618855
      ],
      [
        1.78450926048805e-16,
        0.707106779455507,
        -0.707106782917588,
        0.397497747770768
      ],
      [
        0.0,
        0.0,
        0.0,
        1.0
      ]
    ],
    "3": [
      [
        -1.0,
        -1.56209995804467e-16,
        2.18253687731022e-16,
        1.98731849124594e-17
      ],
      [
        -4.38715146429045e-17,
        -0.707106782917588,
        -0.707106779455507,
        -0.0814974745618855
      ],
      [
        2.64785810043438e-16,
        -0.707106779455507,
        0.707106782917588,
        0.576492697379231
      ],
      [
        0.0,
        0.0,
        0.0,
        1.0
      ]
    ]
  },
  "simTime": 0.0515000000000004,
  "state": [
    6.17108417343637e-37,
    1.74979325981331e-21,
    0.486995222575,
    0.707106781186548,
    -4.64039976135731e-21,
    0.707106781186548,
    -6.70932123204813e-21,
    1.5952929247438e-35,
    7.27323899017069e-20,
    -0.505039900000004,
    1.98642559708942e-19,
    -1.61900066697436e-18,
    -1.61317842136407e-18,
    1.0,
    3.99918514033278e-19,
    5.76114613310828e-21,
    -2.42796082883195e-20,
    1.0,
    -3.95513791605479e-19,
    -5.76114613310814e-21,
    2.38356453105394e-20,
    1.0,
    -2.16301118348449e-19,
    7.08522118738824e-21,
    1.69203526356992e-20,
    1.0,
    4.00659300508918e-19,
    -7.08522118738811e-21,
    -2.3065831875072e-20,
    2.47366025635629e-17,
    4.69716889243449e-19,
    -2.81010304961402e-18,
    -2.56853671541455e-17,
    -4.69716889243441e-19,
    2.73658221625688e-18,
    -1.08542661659769e-17,
    6.29027768331511e-19,
    1.73570805245205e-18,
    2.47308800777094e-17,
    -6.29027768331503e-19,
    -2.66198926868588e-18
  ]
}