{
  "T_WB": [
    [
      -0.332585686022263,
      -0.604294839301489,
      0.724026593880838,
      -0.0922773897061871
    ],
    [
      -0.482672173957426,
      0.768630029938457,
      0.419804060918923,
      0.00261749656124447
    ],
    [
      -0.810194010061981,
      -0.209846668475803,
      -0.547311649601298,
      0.894521263389574
    ],
    [
      0.0,
      0.0,
      0.0,
      1.0
    ]
  ],
  "T_WH": {
    "0": [
      [
        -0.161201857580216,
        -0.296358819818417,
        0.941374214129813,
        -0.0862433822894299
      ],
      [
        -0.757804558060284,
        0.648236572362612,
        0.0743074561173408,
        -0.0412855513550832
      ],
      [
        -0.632254863876702,
        -0.701399170349814,
        -0.329079004096048,
        0.86882859637832
      ],
      [
        0.0,
        0.0,
        0.0,
        1.0
      ]
    ],
    "1": [
      [
        -0.352514550420586,
        0.633782684532521,
        0.688515069209471,
        -0.0983113971229442
      ],
      [
        0.896575203965161,
        0.0179375643072135,
        0.442528131785488,
        0.0465205444775722
      ],
      [
        0.268116384013738,
        0.773303144034392,
        -0.57455709207173,
        0.920213930400827
      ],
      [
        0.0,
        0.0,
        0.0,
        1.0
      ]
    ],
    "2": [
      [
        -0.637246316228689,
        -0.701592459416894,
        0.318881095931259,
        -0.124918252004725
      ],
      [
        -0.225111521799862,
        0.565189333173337,
        0.793653463685524,
        0.00790677056097807
      ],
      [
        -0.737049479482834,
        0.433968937317446,
        -0.518101366759102,
        0.855398409595869
      ],
      [
        0.0,
        0.0,
        0.0,
        1.0
      ]
    ],
    "3": [
      [
        0.654514784825432,
        -0.0402454372263494,
        0.75497728523935,
        -0.0596365274076489
      ],
      [
        -0.451378926922433,
        -0.821887242182579,
        0.347503130155498,
        -0.00267177743848913
      ],
      [
        0.606520783465226,
        -0.568226773322039,
        -0.556103293736652,
        0.933644117183279
      ],
      [
        0.0,
        0.0,
        0.0,
        1.0
      ]
    ]
  },
  "T_WP": {
    "0": [
      [
        -0.941374214129813,
        -0.296358819818417,
        -0.161201857580216,
        -0.0975275123200451
      ],
      [
        -0.0743074561173408,
        0.648236572362612,
        -0.757804558060284,
        -0.0943318704193031
      ],
      [
        0.329079004096048,
        -0.701399170349814,
        -0.632254863876702,
        0.824570755906951
      ],
      [
        0.0,
        0.0,
        0.0,
        1.0
      ]
    ],
    "1": [
      [
        -0.688515069209471,
        0.633782684532521,
        -0.352514550420586,
        -0.122987415652385
      ],
      [
        -0.442528131785488,
        0.0179375643072135,
        0.896575203965161,
        0.109280808755133
      ],
      [
        0.57455709207173,
        0.773303144034392,
        0.268116384013737,
        0.938982077281789
      ],
      [
        0.0,
        0.0,
        0.0,
        1.0
      ]
    ],
    "2": [
      [
        -0.318881095931259,
        -0.701592459416894,
        -0.637246316228689,
        -0.169525494140733
      ],
      [
        -0.793653463685524,
        0.565189333173337,
        -0.225111521799862,
        -0.00785103596501225
      ],
      [
        0.518101366759102,
        0.433968937317446,
        -0.737049479482834,
        0.80380494603207
      ],
      [
        0.0,
        0.0,
        0.0,
        1.0
      ]
    ],
    "3": [
      [
        -0.75497728523935,
        -0.0402454372263494,
        0.654514784825432,
        -0.0138204924698686
      ],
      [
        -0.347503130155498,
        -0.821887242182579,
        -0.451378926922433,
        -0.0342683023230594
      ],
      [
        0.556103293736652,
        -0.568226773322039,
        0.606520783465226,
        0.976100572025844
      ],
      [
        0.0,
        0.0,
        0.0,
        1.0
      ]
    ]
  }
}