{
  "T_WB": [
    [
      -0.606715752633052,
      0.0689386575650058,
      0.791923895964786,
      -0.191405814558693
    ],
    [
      0.0457514118390548,
      0.997609313225524,
      -0.0517925330567144,
      -0.000492278212238689
    ],
    [
      -0.793601161681133,
      0.00480829063519704,
      -0.608419326221254,
      0.195034834164918
    ],
    [
      0.0,
      0.0,
      0.0,
      1.0
    ]
  ],
  "T_WH": {
    "0": [
      [
        -0.703548880978249,
        -0.675821490666708,
        0.219736853593751,
        -0.217880481706095
      ],
      [
        -0.677049346233883,
        0.731389238835585,
        0.0816943332170348,
        -0.0305857197618933
      ],
      [
        -0.215923956147819,
        -0.0912967363520305,
        -0.972132578969012,
        0.163136922397347
      ],
      [
        0.0,
        0.0,
        0.0,
        1.0
      ]
    ],
    "1": [
      [
        0.369416914267408,
        0.239719317725123,
        0.897811668537756,
        -0.164931147411291
      ],
      [
        0.800849163083255,
        -0.572190966427982,
        -0.176743078866082,
        0.0296011633374159
      ],
      [
        0.471350996012523,
        0.784303606167671,
        -0.403356036164565,
        0.22693274593249
      ],
      [
        0.0,
        0.0,
        0.0,
        1.0
      ]
    ],
    "2": [
      [
        -0.603051948391191,
        0.771051300099941,
        0.204470633969232,
        -0.213468407621935
      ],
      [
        0.769531050502479,
        0.629836683663995,
        -0.105487981418225,
        0.0332612762845403
      ],
      [
        -0.210119751223296,
        0.0937317690291369,
        -0.973172156209028,
        0.163444652997999
      ],
      [
        0.0,
        0.0,
        0.0,
        1.0
      ]
    ],
    "3": [
      [
        0.245636089002695,
        -0.310944997236689,
        0.918137310249908,
        -0.169343221495451
      ],
      [
        -0.854401823441377,
        -0.516846719964327,
        0.0535443009307942,
        -0.0342458327090177
      ],
      [
        0.457886924774569,
        -0.797610604716106,
        -0.392628179534909,
        0.226625015331837
      ],
      [
        0.0,
        0.0,
        0.0,
        1.0
      ]
    ]
  },
  "T_WP": {
    "0": [
      [
        -0.219736853593751,
        -0.675821490666708,
        -0.703548880978249,
        -0.267128903374573
      ],
      [
        -0.0816943332170349,
        0.731389238835585,
        -0.677049346233883,
        -0.0779791739982651
      ],
      [
        0.972132578969012,
        -0.0912967363520305,
        -0.215923956147819,
        0.148022245466999
      ],
      [
        0.0,
        0.0,
        0.0,
        1.0
      ]
    ],
    "1": [
      [
        -0.897811668537756,
        0.239719317725123,
        0.369416914267408,
        -0.139071963412572
      ],
      [
        0.176743078866082,
        -0.572190966427982,
        0.800849163083255,
        0.0856606047532437
      ],
      [
        0.403356036164565,
        0.784303606167671,
        0.471350996012523,
        0.259927315653367
      ],
      [
        0.0,
        0.0,
        0.0,
        1.0
      ]
    ],
    "2": [
      [
        -0.204470633969232,
        0.771051300099941,
        -0.603051948391191,
        -0.255682044009318
      ],
      [
        0.105487981418225,
        0.629836683663995,
        0.769531050502479,
        0.0871284498197138
      ],
      [
        0.973172156209028,
        0.0937317690291369,
        -0.210119751223296,
        0.148736270412369
      ],
      [
        0.0,
        0.0,
        0.0,
        1.0
      ]
    ],
    "3": [
      [
        -0.918137310249908,
        -0.310944997236689,
        0.245636089002695,
        -0.152148695265263
      ],
      [
        -0.0535443009307942,
        -0.516846719964327,
        -0.854401823441377,
        -0.094053960349914
      ],
      [
        0.392628179534909,
        -0.797610604716106,
        0.457886924774569,
        0.258677100066057
      ],
      [
        0.0,
        0.0,
        0.0,
        1.0
      ]
    ]
  },
  "simTime": 0.930999999999914,
  "state": [
    -0.191405814558693,
    -0.000492278212238689,
    0.195034834164918,
    0.442287868466686,
    0.0319932038200222,
    0.896206504116076,
    -0.0131064219590377,
    -0.469024534164045,
    -0.00177945989285946,
    0.087978975895064,
    0.473253522877394,
    13.0227168657193,
    -0.234931061949156,
    0.938414167110516,
    -0.276120997886464,
    0.207685376985229,
    0.00168216496298427,
    0.987159983113269,
    -0.127774882828889,
    0.0298752802482759,
    -0.0910835588235379,
    0.937943591703719,
    0.278186269943671,
    0.207049969842644,
    -0.00212790622789628,
    0.986037609579055,
    0.131544474042295,
    0.0330745329671142,
    0.0966020657831229,
    -0.411337274694143,
    -2.11701190452578,
    2.95642012964917,
    -1.17615346295714,
    -0.7283258164561,
    0.972573336069038,
    0.459895344686798,
    -2.09372472179233,
    -2.95905273807335,
    1.19903165894503,
    -0.747806395052308,
    -1.03865056249039
  ]
}