{
  "T_WB": [
    [
      -0.912266500661336,
      0.072698782987599,
      0.403093932878236,
      -0.209419274051634
    ],
    [
      0.0604157582490082,
      0.997241330115232,
      -0.0431238410302217,
      -0.000586839857299317
    ],
    [
      -0.40511698054552,
      -0.0149872099513026,
      -0.914142010637055,
      0.191904628932825
    ],
    [
      0.0,
      0.0,
      0.0,
      1.0
    ]
  ],
  "T_WH": {
    "0": [
      [
        -0.81211127866526,
        -0.543804548872118,
        -0.211546410252381,
        -0.24823629513369
      ],
      [
        -0.576485429803292,
        0.803814818047245,
        0.146786537230726,
        -0.0300819320910264
      ],
      [
        0.0902209526063099,
        0.241160425678978,
        -0.96628247877996,
        0.176179540429446
      ],
      [
        0.0,
        0.0,
        0.0,
        1.0
      ]
    ],
    "1": [
      [
        0.597377084656188,
        0.53040480637981,
        0.601507572767683,
        -0.170602252969577
      ],
      [
        0.761436862691544,
        -0.610541369218717,
        -0.217837417830346,
        0.0289082523764278
      ],
      [
        0.251703243646426,
        0.588141120685954,
        -0.768593194932234,
        0.207629717436204
      ],
      [
        0.0,
        0.0,
        0.0,
        1.0
      ]
    ],
    "2": [
      [
        -0.72018778461573,
        0.652124266589743,
        -0.236777312711915,
        -0.243583573022484
      ],
      [
        0.690097309996113,
        0.708468759844691,
        -0.147775908253859,
        0.0337415130363484
      ],
      [
        0.071381073306688,
        -0.269825790555525,
        -0.960259748778773,
        0.175220358992562
      ],
      [
        0.0,
        0.0,
        0.0,
        1.0
      ]
    ],
    "3": [
      [
        0.472095693234989,
        -0.612761170884892,
        0.633758158830916,
        -0.175254975080783
      ],
      [
        -0.836906800810987,
        -0.537408994778496,
        0.103819935886538,
        -0.0349151927509471
      ],
      [
        0.276970509594963,
        -0.579409457799011,
        -0.766532463127142,
        0.208588898873087
      ],
      [
        0.0,
        0.0,
        0.0,
        1.0
      ]
    ]
  },
  "T_WP": {
    "0": [
      [
        0.211546410252381,
        -0.543804548872118,
        -0.81211127866526,
        -0.305084084640258
      ],
      [
        -0.146786537230726,
        0.803814818047245,
        -0.576485429803292,
        -0.0704359121772569
      ],
      [
        0.96628247877996,
        0.241160425678978,
        0.0902209526063098,
        0.182495007111887
      ],
      [
        0.0,
        0.0,
        0.0,
        1.0
      ]
    ],
    "1": [
      [
        -0.601507572767683,
        0.53040480637981,
        0.597377084656188,
        -0.128785857043644
      ],
      [
        0.217837417830346,
        -0.610541369218717,
        0.761436862691544,
        0.0822088327648359
      ],
      [
        0.768593194932234,
        0.588141120685954,
        0.251703243646426,
        0.225248944491454
      ],
      [
        0.0,
        0.0,
        0.0,
        1.0
      ]
    ],
    "2": [
      [
        0.236777312711915,
        0.652124266589743,
        -0.72018778461573,
        -0.293996717945585
      ],
      [
        0.147775908253859,
        0.708468759844691,
        0.690097309996113,
        0.0820483247360764
      ],
      [
        0.960259748778773,
        -0.269825790555525,
        0.0713810733066879,
        0.18021703412403
      ],
      [
        0.0,
        0.0,
        0.0,
        1.0
      ]
    ],
    "3": [
      [
        -0.633758158830916,
        -0.612761170884892,
        0.472095693234989,
        -0.142208276554334
      ],
      [
        -0.103819935886538,
        -0.537408994778496,
        -0.836906800810987,
        -0.0934986688077162
      ],
      [
        0.766532463127142,
        -0.579409457799011,
        0.276970509594963,
        0.227976834544735
      ],
      [
        0.0,
        0.0,
        0.0,
        1.0
      ]
    ]
  },
  "simTime": 0.96949999999991,
  "state": [
    -0.209419274051634,
    -0.000586839857299317,
    0.191904628932825,
    0.206659634917442,
    0.0340374053817516,
    0.97770775815343,
    -0.014859003239188,
    -0.463183716856115,
    -0.0033185442616903,
    -0.251421813313806,
    0.467797595968588,
    12.9211454245468,
    -0.25246418121626,
    0.944282873322324,
    -0.263885680008293,
    0.185758393578422,
    0.0647149306718401,
    0.986225476602707,
    -0.149358439494404,
    0.0214795854984071,
    -0.0677494889897843,
    0.943433137105362,
    0.266758894856367,
    0.185656187574383,
    -0.0656154542915756,
    0.985236277626291,
    0.153402351524622,
    0.0247886637994943,
    0.0718520559402636,
    0.392199575648806,
    -1.97376669789511,
    2.78366140617493,
    -1.03278566703395,
    -0.648621083705649,
    1.23007204022179,
    -0.347161428837489,
    -1.96289523890926,
    -2.8141218603505,
    1.04312870699431,
    -0.66117893467871,
    -1.29662091025582
  ]
}