{
  "arms": {
    "0": [
      [
        -0.940653324127197,
        -0.123306319117546,
        0.316175132989883,
        0.00503514986485243
      ],
      [
        -0.169645518064499,
        -0.636050462722778,
        -0.752768397331238,
        0.208372890949249
      ],
      [
        0.293924450874329,
        -0.761731863021851,
        0.577384650707245,
        0.0319924168288708
      ],
      [
        0.0,
        0.0,
        0.0,
        1.0
      ]
    ],
    "1": [
      [
        -0.970544040203094,
        0.23171004652977,
        -0.0659893751144409,
        -0.0129128713160753
      ],
      [
        -0.216632381081581,
        -0.71945858001709,
        0.659886240959167,
        0.286333560943604
      ],
      [
        0.105425640940666,
        0.654744148254395,
        0.748462200164795,
        0.0320304967463017
      ],
      [
        0.0,
        0.0,
        0.0,
        1.0
      ]
    ],
    "2": [
      [
        -0.996405005455017,
        0.0844091102480888,
        0.00721468403935432,
        -0.0129171526059508
      ],
      [
        0.0721807926893234,
        0.801293790340424,
        0.593900799751282,
        0.286363840103149
      ],
      [
        0.0443495623767376,
        0.59228652715683,
        -0.804505884647369,
        -0.0319694951176643
      ],
      [
        0.0,
        0.0,
        0.0,
        1.0
      ]
    ],
    "3": [
      [
        -0.945493042469025,
        -0.209367051720619,
        0.249415695667267,
        0.00503086810931563
      ],
      [
        -0.32556477189064,
        0.624434232711792,
        -0.709992527961731,
        0.208403170108795
      ],
      [
        -0.00709465891122818,
        -0.752494037151337,
        -0.658560812473297,
        -0.0320075787603855
      ],
      [
        0.0,
        0.0,
        0.0,
        1.0
      ]
    ]
  },
  "base": [
    [
      0.224350258708,
      -6.68982465867884e-05,
      0.97450852394104,
      -0.00394100090488791
    ],
    [
      -0.974508464336395,
      0.000473093445179984,
      0.224350288510323,
      0.247368365526199
    ],
    [
      -0.00047604224528186,
      -0.99999988079071,
      4.09457315981854e-05,
      1.14589356599026e-05
    ],
    [
      0.0,
      0.0,
      0.0,
      1.0
    ]
  ]
}