{
  "T_WB": [
    [
      0.0821008190291348,
      -3.76173472458227e-05,
      0.996624028457914,
      -0.00218907929583995
    ],
    [
      4.74305667200719e-05,
      0.999999998302683,
      3.38374932214112e-05,
      -1.19165194430117e-06
    ],
    [
      -0.996624028039203,
      4.44923565692293e-05,
      0.0821008206739958,
      0.145039000892675
    ],
    [
      0.0,
      0.0,
      0.0,
      1.0
    ]
  ],
  "T_WH": {
    "0": [
      [
        0.249885134033391,
        0.531250562586963,
        0.809524712124435,
        0.0010961572204373
      ],
      [
        -0.620570570583918,
        0.729637226612179,
        -0.287265877658378,
        -0.0319992943749613
      ],
      [
        -0.743269524946546,
        -0.430583740162959,
        0.512003960915356,
        0.105172616015697
      ],
      [
        0.0,
        0.0,
        0.0,
        1.0
      ]
    ],
    "1": [
      [
        -0.0110945871302035,
        -0.0270192675785899,
        0.999573343640139,
        -0.00547431581211721
      ],
      [
        0.675835761999658,
        -0.736947618298818,
        -0.012418964773311,
        0.0319969110710727
      ],
      [
        0.736968746242846,
        0.675409629086835,
        0.0264367168542612,
        0.184905385769653
      ],
      [
        0.0,
        0.0,
        0.0,
        1.0
      ]
    ],
    "2": [
      [
        0.250343847470676,
        -0.531431784560725,
        0.809263996723061,
        0.00109374971021357
      ],
      [
        0.620483156913212,
        0.729717808484067,
        0.287250016480809,
        0.0320007055164103
      ],
      [
        -0.743188139047303,
        0.430223405151107,
        0.512424835112032,
        0.105175463526517
      ],
      [
        0.0,
        0.0,
        0.0,
        1.0
      ]
    ],
    "3": [
      [
        -0.0110892720139385,
        0.0271564343456351,
        0.999569685474621,
        -0.00547190830189348
      ],
      [
        -0.675870126898456,
        -0.736914350440607,
        0.012522447083698,
        -0.032003088820299
      ],
      [
        0.736937310503727,
        -0.67544042534359,
        0.0265260664103048,
        0.184902538258833
      ],
      [
        0.0,
        0.0,
        0.0,
        1.0
      ]
    ]
  },
  "T_WP": {
    "0": [
      [
        -0.809524712124435,
        0.531250562586963,
        0.249885134033391,
        0.0185881166027747
      ],
      [
        0.287265877658378,
        0.729637226612179,
        -0.620570570583918,
        -0.0754392343158356
      ],
      [
        -0.512003960915356,
        -0.430583740162959,
        -0.743269524946546,
        0.0531437492694385
      ],
      [
        0.0,
        0.0,
        0.0,
        1.0
      ]
    ],
    "1": [
      [
        -0.999573343640139,
        -0.0270192675785899,
        -0.0110945871302035,
        -0.00625093691123146
      ],
      [
        0.0124189647733111,
        -0.736947618298818,
        0.675835761999658,
        0.0793054144110488
      ],
      [
        -0.0264367168542612,
        0.675409629086835,
        0.736968746242846,
        0.236493198006653
      ],
      [
        0.0,
        0.0,
        0.0,
        1.0
      ]
    ],
    "2": [
      [
        -0.809263996723061,
        -0.531431784560725,
        0.250343847470676,
        0.0186178190331609
      ],
      [
        -0.287250016480809,
        0.729717808484067,
        0.620483156913212,
        0.0754345265003352
      ],
      [
        -0.512424835112032,
        0.430223405151107,
        -0.743188139047303,
        0.053152293793206
      ],
      [
        0.0,
        0.0,
        0.0,
        1.0
      ]
    ],
    "3": [
      [
        -0.999569685474621,
        0.0271564343456351,
        -0.0110892720139385,
        -0.00624815734286918
      ],
      [
        -0.012522447083698,
        -0.736914350440607,
        -0.675870126898456,
        -0.0793139977031909
      ],
      [
        -0.0265260664103047,
        -0.67544042534359,
        0.736937310503727,
        0.236488149994094
      ],
      [
        0.0,
        0.0,
        0.0,
        1.0
      ]
    ]
  },
  "simTime": 0.293499999999984,
  "state": [
    -0.00218907929583995,
    -1.19165194430117e-06,
    0.145039000892675,
    0.735561288745849,
    3.62133771544208e-06,
    0.677458182952932,
    2.89057877525418e-05,
    -0.0940450569379001,
    -1.42565813893674e-06,
    1.97329571923109,
    -0.00569957022866683,
    -7.23250583406367,
    0.00745772456666908,
    0.958664514488978,
    0.263673116638517,
    -0.0778940638568673,
    0.0732895015510773,
    0.999362864203717,
    0.0147818665167155,
    -0.024434856698555,
    0.021407938970082,
    0.958599727603275,
    -0.263803401388762,
    -0.078113273566117,
    -0.0734346249900589,
    0.999363539132739,
    -0.0147397525131686,
    -0.0244139015708019,
    -0.0214293667201792,
    26.7962514662449,
    -6.51963526174116,
    7.01675557972157,
    1.55033255860183,
    -3.21740829338478,
    2.7595932529354,
    -26.8108858094653,
    -6.54668178627529,
    -7.03063742135984,
    -1.53913755218651,
    -3.21099059802118,
    -2.76625424822008
  ]
}