{
  "T_WB": [
    [
      0.611457359653537,
      -0.00111349478969007,
      0.791276599840333,
      -0.0177922567240211
    ],
    [
      0.000848891075486641,
      0.999999357515984,
      0.000751233359809838,
      2.50007414825252e-05
    ],
    [
      -0.791276927952198,
      0.000212360477172894,
      0.611457912037746,
      0.302189169634819
    ],
    [
      0.0,
      0.0,
      0.0,
      1.0
    ]
  ],
  "T_WH": {
    "0": [
      [
        0.470559532152381,
        0.877268045067181,
        -0.0947338577518029,
        0.00670166949539048
      ],
      [
        -0.694765781341084,
        0.302186188455485,
        -0.652674510444723,
        -0.0319410230560095
      ],
      [
        -0.54394322845132,
        0.37294005498304,
        0.75169241023919,
        0.270531296981461
      ],
      [
        0.0,
        0.0,
        0.0,
        1.0
      ]
    ],
    "1": [
      [
        -0.402782733908254,
        -0.343728746197261,
        0.848302197511625,
        -0.0422861829434326
      ],
      [
        0.675325658339923,
        -0.737193137031359,
        0.0219438807327578,
        0.0319910245389746
      ],
      [
        0.617819815523217,
        0.581718856279838,
        0.529057508967915,
        0.333847042288176
      ],
      [
        0.0,
        0.0,
        0.0,
        1.0
      ]
    ],
    "2": [
      [
        0.469572944928104,
        -0.877553184088611,
        -0.0969621497672598,
        0.00663040582885032
      ],
      [
        0.695907547013652,
        0.300298741926673,
        0.652329174272238,
        0.0320589358250135
      ],
      [
        -0.543335932366883,
        -0.373792823223237,
        0.751708048317837,
        0.270544888052
      ],
      [
        0.0,
        0.0,
        0.0,
        1.0
      ]
    ],
    "3": [
      [
        -0.40159666039395,
        0.345254060219443,
        0.84824510388355,
        -0.0422149192768925
      ],
      [
        -0.676207009793971,
        -0.736429065347596,
        -0.0204037157587262,
        -0.0320089343420484
      ],
      [
        0.617627883329373,
        -0.581783349377804,
        0.52921066894085,
        0.333833451217637
      ],
      [
        0.0,
        0.0,
        0.0,
        1.0
      ]
    ]
  },
  "T_WP": {
    "0": [
      [
        0.0947338577518029,
        0.877268045067181,
        0.470559532152381,
        0.0396408367460572
      ],
      [
        0.652674510444723,
        0.302186188455485,
        -0.694765781341084,
        -0.0805746277498854
      ],
      [
        -0.75169241023919,
        0.37294005498304,
        -0.54394322845132,
        0.232455270989869
      ],
      [
        0.0,
        0.0,
        0.0,
        1.0
      ]
    ],
    "1": [
      [
        -0.848302197511625,
        -0.343728746197261,
        -0.402782733908254,
        -0.0704809743170104
      ],
      [
        -0.0219438807327578,
        -0.737193137031359,
        0.675325658339923,
        0.0792638206227692
      ],
      [
        -0.529057508967915,
        0.581718856279838,
        0.617819815523217,
        0.377094429374801
      ],
      [
        0.0,
        0.0,
        0.0,
        1.0
      ]
    ],
    "2": [
      [
        0.0969621497672598,
        -0.877553184088611,
        0.469572944928104,
        0.0395005119738176
      ],
      [
        -0.652329174272238,
        0.300298741926673,
        0.695907547013652,
        0.0807724641159691
      ],
      [
        -0.751708048317837,
        -0.373792823223237,
        -0.543335932366883,
        0.232511372786318
      ],
      [
        0.0,
        0.0,
        0.0,
        1.0
      ]
    ],
    "3": [
      [
        -0.84824510388355,
        0.345254060219443,
        -0.40159666039395,
        -0.070326685504469
      ],
      [
        0.0204037157587262,
        -0.736429065347596,
        -0.676207009793971,
        -0.0793434250276264
      ],
      [
        -0.52921066894085,
        -0.581783349377804,
        0.617627883329373,
        0.377067403050693
      ],
      [
        0.0,
        0.0,
        0.0,
        1.0
      ]
    ]
  },
  "simTime": 0.396499999999973,
  "state": [
    -0.0177922567240211,
    2.50007414825252e-05,
    0.302189169634819,
    0.897623895237764,
    -0.000150083148826549,
    0.440761864793422,
    0.000546550140762717,
    -0.201196460290049,
    0.000264022353550952,
    1.03299881023997,
    -0.0101606338707188,
    -5.16412463858399,
    0.00403617489550011,
    0.831736691930026,
    0.554768412874432,
    -0.0119737256323857,
    0.0173986570907513,
    0.998445432815904,
    0.0422806134009098,
    -0.0288975450526688,
    0.0219999843053049,
    0.831498964099765,
    -0.55511216896043,
    -0.012185130312305,
    -0.0176486592220947,
    0.998445434669888,
    -0.0422534572846088,
    -0.0287929362524944,
    -0.022188423925889,
    0.859110600670258,
    0.146812614904716,
    -5.48219347573713,
    0.233305197646479,
    0.382472912345481,
    -0.489530016043866,
    -0.862116337016917,
    0.150416373207911,
    5.486169227078,
    -0.23657336773455,
    0.381582529615197,
    0.488733146926553
  ]
}