{
  "T_WB": [
    [
      0.649287204725574,
      -0.0012121597277986,
      0.760542343626208,
      -0.0197312841586881
    ],
    [
      0.00092387912507939,
      0.999999249148091,
      0.000805078018535648,
      2.74398993960192e-05
    ],
    [
      -0.760542748454689,
      0.000179922338774195,
      0.649287837096106,
      0.311560979846186
    ],
    [
      0.0,
      0.0,
      0.0,
      1.0
    ]
  ],
  "T_WH": {
    "0": [
      [
        0.450818402917783,
        0.882056334657679,
        -0.136891891947332,
        0.0062789931416244
      ],
      [
        -0.709156950493234,
        0.26078888096295,
        -0.655046241980846,
        -0.0319355809083397
      ],
      [
        -0.542087803919066,
        0.392384737287719,
        0.743084807263512,
        0.281133512393157
      ],
      [
        0.0,
        0.0,
        0.0,
        1.0
      ]
    ],
    "1": [
      [
        -0.433678162801849,
        -0.371923155211841,
        0.820729198777576,
        -0.0457415614590006
      ],
      [
        0.678675827240956,
        -0.733977398402817,
        0.0260057715255149,
        0.0319904607071318
      ],
      [
        0.592724533512506,
        0.568287203138608,
        0.570725224710877,
        0.341988447299214
      ],
      [
        0.0,
        0.0,
        0.0,
        1.0
      ]
    ],
    "2": [
      [
        0.449636492171625,
        -0.882290980996887,
        -0.139246722615464,
        0.00620141491904529
      ],
      [
        0.710290921454001,
        0.258659819761691,
        0.654661671812911,
        0.0320643710371381
      ],
      [
        -0.541584556470753,
        -0.393265460589156,
        0.742986167906225,
        0.281145027422839
      ],
      [
        0.0,
        0.0,
        0.0,
        1.0
      ]
    ],
    "3": [
      [
        -0.432350561402948,
        0.373547043231538,
        0.820692146025251,
        -0.0456639832364215
      ],
      [
        -0.679658101682038,
        -0.733124363773402,
        -0.0243625134133045,
        -0.0320094912383461
      ],
      [
        0.592568862557361,
        -0.568323212384308,
        0.570851004547294,
        0.341976932269533
      ],
      [
        0.0,
        0.0,
        0.0,
        1.0
      ]
    ]
  },
  "T_WP": {
    "0": [
      [
        0.136891891947332,
        0.882056334657679,
        0.450818402917783,
        0.0378362813458692
      ],
      [
        0.655046241980846,
        0.26078888096295,
        -0.709156950493234,
        -0.0815765674428661
      ],
      [
        -0.743084807263512,
        0.392384737287719,
        -0.542087803919066,
        0.243187366118823
      ],
      [
        0.0,
        0.0,
        0.0,
        1.0
      ]
    ],
    "1": [
      [
        -0.820729198777576,
        -0.371923155211841,
        -0.433678162801849,
        -0.0760990328551301
      ],
      [
        -0.0260057715255149,
        -0.733977398402817,
        0.678675827240956,
        0.0794977686139987
      ],
      [
        -0.570725224710877,
        0.568287203138608,
        0.592724533512506,
        0.38347916464509
      ],
      [
        0.0,
        0.0,
        0.0,
        1.0
      ]
    ],
    "2": [
      [
        0.139246722615464,
        -0.882290980996887,
        0.449636492171625,
        0.037675969371059
      ],
      [
        -0.654661671812911,
        0.258659819761691,
        0.710290921454001,
        0.0817847355389182
      ],
      [
        -0.742986167906225,
        -0.393265460589156,
        -0.541584556470753,
        0.243234108469886
      ],
      [
        0.0,
        0.0,
        0.0,
        1.0
      ]
    ],
    "3": [
      [
        -0.820692146025251,
        0.373547043231538,
        -0.432350561402948,
        -0.0759285225346279
      ],
      [
        0.0243625134133045,
        -0.733124363773402,
        -0.679658101682038,
        -0.0795855583560887
      ],
      [
        -0.570851004547294,
        -0.568323212384308,
        0.592568862557361,
        0.383456752648548
      ],
      [
        0.0,
        0.0,
        0.0,
        1.0
      ]
    ]
  },
  "simTime": 0.405999999999972,
  "state": [
    -0.0197312841586881,
    2.74398993960192e-05,
    0.311560979846186,
    0.908098878284982,
    -0.00017210561941837,
    0.418755360361635,
    0.000588052387233444,
    -0.207012622002733,
    0.000249224673836037,
    0.939984344981671,
    -0.0102713706338669,
    -5.09760405862954,
    0.00376500232472992,
    0.829999841563221,
    0.557739299934875,
    0.00293794016292025,
    -0.00430172300165665,
    0.998500358821599,
    0.0433612013576499,
    -0.0269668380530679,
    0.0197390297476562,
    0.829759927432328,
    -0.558098935757302,
    0.0027612406319887,
    0.00405170140027685,
    0.998499785081605,
    -0.043349115275207,
    -0.0268661492720926,
    -0.0199309663622922,
    0.590199734636447,
    -0.0270221145947727,
    -5.59704268183276,
    0.210420462716533,
    0.378960585376054,
    -0.508608004852538,
    -0.593115546235092,
    -0.0237152588194147,
    5.60130180622975,
    -0.213752505689318,
    0.378059483189858,
    0.507975511579069
  ]
}