{
  "T_WB": [
    [
      0.690571023280238,
      -0.00132313832752202,
      0.723263376033,
      -0.0220453690961613
    ],
    [
      0.00101006838906611,
      0.999999115779543,
      0.000864986694040887,
      3.00788743197888e-05
    ],
    [
      -0.723263881005775,
      0.000133210726672566,
      0.690571749123411,
      0.321307423709091
    ],
    [
      0.0,
      0.0,
      0.0,
      1.0
    ]
  ],
  "T_WH": {
    "0": [
      [
        0.425894261610855,
        0.886123646344226,
        -0.18275382709141,
        0.00561981226152889
      ],
      [
        -0.724729436306591,
        0.213191070346715,
        -0.655222719138426,
        -0.031929490095063
      ],
      [
        -0.541646861042944,
        0.411502674248946,
        0.732996744200335,
        0.292372605725607
      ],
      [
        0.0,
        0.0,
        0.0,
        1.0
      ]
    ],
    "1": [
      [
        -0.466983762437879,
        -0.403823988595563,
        0.786671692546601,
        -0.0497105504538515
      ],
      [
        0.682674611670654,
        -0.730086870878147,
        0.0304718813281723,
        0.0319896478437025
      ],
      [
        0.56203339776181,
        0.551270666012737,
        0.616619098466945,
        0.350242241692576
      ],
      [
        0.0,
        0.0,
        0.0,
        1.0
      ]
    ],
    "2": [
      [
        0.424488390015105,
        -0.88628090450009,
        -0.185245148548854,
        0.00553513140856748
      ],
      [
        0.725826099690091,
        0.210777617117297,
        0.654789484591058,
        0.0320704533148278
      ],
      [
        -0.541281885666844,
        -0.412406297770605,
        0.732758463484448,
        0.292381131212114
      ],
      [
        0.0,
        0.0,
        0.0,
        1.0
      ]
    ],
    "3": [
      [
        -0.465494399909468,
        0.405558038812211,
        0.786662342309403,
        -0.0496258696008901
      ],
      [
        -0.683774147852443,
        -0.729128490532563,
        -0.0287151357714308,
        -0.0320102955661883
      ],
      [
        0.561932272059178,
        -0.55126610765446,
        0.616715331550879,
        0.350233716206069
      ],
      [
        0.0,
        0.0,
        0.0,
        1.0
      ]
    ]
  },
  "T_WP": {
    "0": [
      [
        0.18275382709141,
        0.886123646344226,
        0.425894261610855,
        0.0354324105742888
      ],
      [
        0.655222719138426,
        0.213191070346715,
        -0.724729436306591,
        -0.0826605506365244
      ],
      [
        -0.732996744200335,
        0.411502674248946,
        -0.541646861042944,
        0.254457325452601
      ],
      [
        0.0,
        0.0,
        0.0,
        1.0
      ]
    ],
    "1": [
      [
        -0.786671692546601,
        -0.403823988595563,
        -0.466983762437878,
        -0.082399413824503
      ],
      [
        -0.0304718813281722,
        -0.730086870878147,
        0.682674611670654,
        0.0797768706606483
      ],
      [
        -0.616619098466945,
        0.551270666012737,
        0.56203339776181,
        0.389584579535903
      ],
      [
        0.0,
        0.0,
        0.0,
        1.0
      ]
    ],
    "2": [
      [
        0.185245148548854,
        -0.88628090450009,
        0.424488390015105,
        0.0352493187096248
      ],
      [
        -0.654789484591058,
        0.210777617117297,
        0.725826099690091,
        0.0828782802931342
      ],
      [
        -0.732758463484448,
        -0.412406297770605,
        -0.541281885666844,
        0.254491399215435
      ],
      [
        0.0,
        0.0,
        0.0,
        1.0
      ]
    ],
    "3": [
      [
        -0.786662342309403,
        0.405558038812211,
        -0.465494399909468,
        -0.0822104775945529
      ],
      [
        0.0287151357714307,
        -0.729128490532563,
        -0.683774147852443,
        -0.0798744859158592
      ],
      [
        -0.616715331550879,
        -0.55126610765446,
        0.561932272059178,
        0.389568975250211
      ],
      [
        0.0,
        0.0,
        0.0,
        1.0
      ]
    ]
  },
  "simTime": 0.41699999999997,
  "state": [
    -0.0220453690961613,
    3.00788743197888e-05,
    0.321307423709091,
    0.919394078752848,
    -0.000198983217392745,
    0.393337114755236,
    0.000634441413782301,
    -0.213733118375015,
    0.000230290517504109,
    0.832054092801169,
    -0.0104016047578811,
    -5.01652875336477,
    0.00346011561810667,
    0.828126080769092,
    0.559368339067561,
    0.0196619893726109,
    -0.0304575404905284,
    0.998558516013623,
    0.0444799613268433,
    -0.024760399398702,
    0.017010166332264,
    0.827883531931065,
    -0.559745436513191,
    0.0195249344875409,
    0.0302106072970912,
    0.998557301655885,
    -0.0444856378277399,
    -0.0246642205171462,
    -0.0172052190645607,
    0.286049420585245,
    -0.228387520134446,
    -5.68479514361998,
    0.183939770571704,
    0.37111591572781,
    -0.527975377221838,
    -0.288825287494917,
    -0.225491187418069,
    5.68933616733189,
    -0.187313871367681,
    0.370228385097835,
    0.527526212863428
  ]
}