{
  "T_WB": [
    [
      0.96750180286904,
      -0.00220053160741292,
      0.252854541398415,
      -0.0531308679003629
    ],
    [
      0.00190113396888671,
      0.999997172692134,
      0.0014283897826855,
      4.19796783253269e-05
    ],
    [
      -0.252856969717645,
      -0.000901259332108141,
      0.96750325094897,
      0.348472345946906
    ],
    [
      0.0,
      0.0,
      0.0,
      1.0
    ]
  ],
  "T_WH": {
    "0": [
      [
        0.0813387513102558,
        0.893573100141453,
        -0.441487397599163,
        -0.0143603787741641
      ],
      [
        -0.80233937451041,
        -0.204085944814685,
        -0.560892552312242,
        -0.0318818844890675
      ],
      [
        -0.591299869478703,
        0.399845022268241,
        0.700348786335621,
        0.338386907456827
      ],
      [
        0.0,
        0.0,
        0.0,
        1.0
      ]
    ],
    "1": [
      [
        -0.658028244708765,
        -0.680635371565589,
        0.32207812738414,
        -0.0919013570265617
      ],
      [
        0.731614029663223,
        -0.679108332411126,
        0.0596052384419325,
        0.0319658438457181
      ],
      [
        0.178156506379762,
        0.274858807069288,
        0.944834850866015,
        0.358557784436984
      ],
      [
        0.0,
        0.0,
        0.0,
        1.0
      ]
    ],
    "2": [
      [
        0.0780692407290563,
        -0.89233366757365,
        -0.444573750199613,
        -0.0145012127970385
      ],
      [
        0.801190900981294,
        -0.209224319120572,
        0.560640994285394,
        0.0321179345632291
      ],
      [
        -0.593294474807216,
        -0.399957260220505,
        0.698595631363478,
        0.338329226859573
      ],
      [
        0.0,
        0.0,
        0.0,
        1.0
      ]
    ],
    "3": [
      [
        -0.655063473130067,
        0.683287598150751,
        0.322505665662096,
        -0.0917605230036873
      ],
      [
        -0.733959465375249,
        -0.676809916224141,
        -0.0568492786827586,
        -0.0320339752065784
      ],
      [
        0.179430625470829,
        -0.273945971888708,
        0.944858854606919,
        0.358615465034239
      ],
      [
        0.0,
        0.0,
        0.0,
        1.0
      ]
    ]
  },
  "T_WP": {
    "0": [
      [
        0.441487397599163,
        0.893573100141453,
        0.0813387513102558,
        -0.00866666618244619
      ],
      [
        0.560892552312242,
        -0.204085944814685,
        -0.80233937451041,
        -0.0880456407047962
      ],
      [
        -0.700348786335621,
        0.399845022268241,
        -0.591299869478703,
        0.296995916593318
      ],
      [
        0.0,
        0.0,
        0.0,
        1.0
      ]
    ],
    "1": [
      [
        -0.32207812738414,
        -0.680635371565589,
        -0.658028244708765,
        -0.137963334156175
      ],
      [
        -0.0596052384419324,
        -0.679108332411126,
        0.731614029663223,
        0.0831788259221438
      ],
      [
        -0.944834850866015,
        0.274858807069288,
        0.178156506379762,
        0.371028739883567
      ],
      [
        0.0,
        0.0,
        0.0,
        1.0
      ]
    ],
    "2": [
      [
        0.444573750199613,
        -0.89233366757365,
        0.0780692407290563,
        -0.00903636594600458
      ],
      [
        -0.560640994285394,
        -0.209224319120572,
        0.801190900981294,
        0.0882012976319197
      ],
      [
        -0.698595631363478,
        -0.399957260220505,
        -0.593294474807216,
        0.296798613623067
      ],
      [
        0.0,
        0.0,
        0.0,
        1.0
      ]
    ],
    "3": [
      [
        -0.322505665662096,
        0.683287598150751,
        -0.655063473130067,
        -0.137614966122792
      ],
      [
        0.0568492786827585,
        -0.676809916224141,
        -0.733959465375249,
        -0.0834111377828459
      ],
      [
        -0.944858854606919,
        -0.273945971888708,
        0.179430625470829,
        0.371175608817197
      ],
      [
        0.0,
        0.0,
        0.0,
        1.0
      ]
    ]
  },
  "simTime": 0.540499999999957,
  "state": [
    -0.0531308679003629,
    4.19796783253269e-05,
    0.348472345946906,
    0.991842001846834,
    -0.000587202677053345,
    0.127467759525815,
    0.00103385054491094,
    -0.288320712070747,
    -4.9345056524083e-05,
    -0.397261216527776,
    -0.0115572250360926,
    -3.87856113636819,
    0.00101328362750155,
    0.819471021568756,
    0.438356167107505,
    0.158951691692441,
    -0.333234865036641,
    0.998743335802826,
    0.0464052787131931,
    -0.00437342454972233,
    -0.0184166352709058,
    0.819232806476655,
    -0.438784276513158,
    0.159145924835102,
    0.333164437006096,
    0.998737535187142,
    -0.0465990758238918,
    -0.00431390102157224,
    0.0182551964834131,
    -3.12463286230418,
    -1.89664389132311,
    -4.7485671774354,
    -0.146143105810358,
    0.229836185326006,
    -0.612761248688054,
    3.12517837483335,
    -1.89798835786978,
    4.75312389401485,
    0.143489149061639,
    0.229309971317369,
    0.61437773294349
  ]
}