{
  "T_WB": [
    [
      0.802826780073725,
      -0.000697554508212038,
      0.596211937664923,
      -0.00236555864779023
    ],
    [
      0.00130645678371078,
      0.999998972990056,
      -0.000589227888544582,
      -1.57476200196718e-05
    ],
    [
      -0.596210914330765,
      0.00125197305898157,
      0.802826866887459,
      0.525753490585205
    ],
    [
      0.0,
      0.0,
      0.0,
      1.0
    ]
  ],
  "T_WH": {
    "0": [
      [
        0.688071334004576,
        0.439871453661033,
        0.577122988257523,
        0.0321353929472118
      ],
      [
        -0.51551523589401,
        0.856044498141618,
        -0.0378399096538201,
        -0.0319477088643334
      ],
      [
        -0.51068765491473,
        -0.271479136317316,
        0.815780116000689,
        -0.023888499711118
      ],
      [
        0.0,
        0.0,
        0.0,
        1.0
      ]
    ],
    "1": [
      [
        -0.525807710422105,
        -0.570480988666155,
        0.630933984844017,
        -0.0321353929472118
      ],
      [
        0.751334342308211,
        -0.659236042924846,
        0.0300756675250891,
        0.0319477088643334
      ],
      [
        0.398776826970867,
        0.489856388423461,
        0.775253352776865,
        0.023888499711118
      ],
      [
        0.0,
        0.0,
        0.0,
        1.0
      ]
    ],
    "2": [
      [
        0.687378590748257,
        -0.441694529452933,
        0.576555821783366,
        0.0320907494586862
      ],
      [
        0.518007066517113,
        0.854571225724862,
        0.0371038973888385,
        0.0320522254070302
      ],
      [
        -0.50909660381825,
        0.273155565226957,
        0.816214852331337,
        -0.0238083734353432
      ],
      [
        0.0,
        0.0,
        0.0,
        1.0
      ]
    ],
    "3": [
      [
        -0.524889085430788,
        0.571318110611279,
        0.630941411292039,
        -0.0320907494586862
      ],
      [
        -0.752917139301166,
        -0.657379880413775,
        -0.0311042468759498,
        -0.0320522254070302
      ],
      [
        0.396997769946104,
        -0.491372882152373,
        0.775206721683378,
        0.0238083734353432
      ],
      [
        0.0,
        0.0,
        0.0,
        1.0
      ]
    ]
  },
  "T_WP": {
    "0": [
      [
        -0.577122988257523,
        0.439871453661033,
        0.688071334004576,
        0.0803003863275321
      ],
      [
        0.0378399096538201,
        0.856044498141618,
        -0.51551523589401,
        -0.0680337753769141
      ],
      [
        -0.815780116000689,
        -0.271479136317316,
        -0.51068765491473,
        -0.0596366355551491
      ],
      [
        0.0,
        0.0,
        0.0,
        1.0
      ]
    ],
    "1": [
      [
        -0.630933984844017,
        -0.570480988666155,
        -0.525807710422105,
        -0.0689419326767592
      ],
      [
        -0.030075667525089,
        -0.659236042924846,
        0.751334342308211,
        0.0845411128259081
      ],
      [
        -0.775253352776865,
        0.489856388423461,
        0.398776826970867,
        0.0518028775990787
      ],
      [
        0.0,
        0.0,
        0.0,
        1.0
      ]
    ],
    "2": [
      [
        -0.576555821783366,
        -0.441694529452933,
        0.687378590748257,
        0.0802072508110642
      ],
      [
        -0.0371038973888384,
        0.854571225724862,
        0.518007066517113,
        0.0683127200632282
      ],
      [
        -0.816214852331337,
        0.273155565226957,
        -0.50909660381825,
        -0.0594451357026207
      ],
      [
        0.0,
        0.0,
        0.0,
        1.0
      ]
    ],
    "3": [
      [
        -0.630941411292039,
        0.571318110611279,
        -0.524889085430788,
        -0.0688329854388414
      ],
      [
        0.0311042468759498,
        -0.657379880413775,
        -0.752917139301166,
        -0.0847564251581119
      ],
      [
        -0.775206721683378,
        -0.491372882152373,
        0.396997769946104,
        0.0515982173315705
      ],
      [
        0.0,
        0.0,
        0.0,
        1.0
      ]
    ]
  }
}