{
  "T_WB": [
    [
      0.787559151375607,
      -0.00159924192634651,
      0.61623698810587,
      -0.0286185210841919
    ],
    [
      0.00123672481502131,
      0.999998720528897,
      0.00101461928840261,
      3.60358453101975e-05
    ],
    [
      -0.616237822270157,
      -3.69571306191595e-05,
      0.787560121538607,
      0.341569192473005
    ],
    [
      0.0,
      0.0,
      0.0,
      1.0
    ]
  ],
  "T_WH": {
    "0": [
      [
        0.350761148220731,
        0.890763012415734,
        -0.288977287361692,
        0.0029350207124755
      ],
      [
        -0.759469766716958,
        0.0900464745932468,
        -0.644280455901168,
        -0.0319144542190137
      ],
      [
        -0.547879813774667,
        0.445458065507153,
        0.708092382061029,
        0.316920862210379
      ],
      [
        0.0,
        0.0,
        0.0,
        1.0
      ]
    ],
    "1": [
      [
        -0.542685782222186,
        -0.484637652473693,
        0.686016390167671,
        -0.0601720628808592
      ],
      [
        0.693888123378191,
        -0.718912617486296,
        0.041035602270408,
        0.0319865259096341
      ],
      [
        0.473298440741766,
        0.498288063497201,
        0.726427967363333,
        0.366217522735632
      ],
      [
        0.0,
        0.0,
        0.0,
        1.0
      ]
    ],
    "2": [
      [
        0.348782039251286,
        -0.890629739383807,
        -0.291770040307169,
        0.00283266922918932
      ],
      [
        0.760316115103452,
        0.0868675800973289,
        0.643718438948294,
        0.0320854638948358
      ],
      [
        -0.547969428170686,
        -0.446354893389964,
        0.707457995175067,
        0.316918496954019
      ],
      [
        0.0,
        0.0,
        0.0,
        1.0
      ]
    ],
    "3": [
      [
        -0.540780302486217,
        0.486645422519388,
        0.686099772033078,
        -0.0600697113975731
      ],
      [
        -0.69530062518645,
        -0.717660034114814,
        -0.0390014877877154,
        -0.0320133922042154
      ],
      [
        0.473406490300088,
        -0.498136836798133,
        0.726461276852733,
        0.366219887991991
      ],
      [
        0.0,
        0.0,
        0.0,
        1.0
      ]
    ]
  },
  "T_WP": {
    "0": [
      [
        0.288977287361692,
        0.890763012415734,
        0.350761148220731,
        0.0274883010879267
      ],
      [
        0.644280455901168,
        0.0900464745932468,
        -0.759469766716958,
        -0.0850773378892007
      ],
      [
        -0.708092382061029,
        0.445458065507153,
        -0.547879813774667,
        0.278569275246152
      ],
      [
        0.0,
        0.0,
        0.0,
        1.0
      ]
    ],
    "1": [
      [
        -0.686016390167671,
        -0.484637652473693,
        -0.542685782222186,
        -0.0981600676364123
      ],
      [
        -0.041035602270408,
        -0.718912617486296,
        0.693888123378191,
        0.0805586945461074
      ],
      [
        -0.726427967363333,
        0.498288063497201,
        0.473298440741766,
        0.399348413587555
      ],
      [
        0.0,
        0.0,
        0.0,
        1.0
      ]
    ],
    "2": [
      [
        0.291770040307169,
        -0.890629739383807,
        0.348782039251286,
        0.0272474119767793
      ],
      [
        -0.643718438948294,
        0.0868675800973289,
        0.760316115103452,
        0.0853075919520774
      ],
      [
        -0.707457995175067,
        -0.446354893389964,
        -0.547969428170686,
        0.278560636982071
      ],
      [
        0.0,
        0.0,
        0.0,
        1.0
      ]
    ],
    "3": [
      [
        -0.686099772033078,
        0.486645422519388,
        -0.540780302486217,
        -0.0979243325716083
      ],
      [
        0.0390014877877153,
        -0.717660034114814,
        -0.69530062518645,
        -0.0806844359672669
      ],
      [
        -0.726461276852733,
        -0.498136836798133,
        0.473406490300088,
        0.399358342312997
      ],
      [
        0.0,
        0.0,
        0.0,
        1.0
      ]
    ]
  },
  "simTime": 0.446499999999967,
  "state": [
    -0.0286185210841919,
    3.60358453101975e-05,
    0.341569192473005,
    0.94539912119738,
    -0.000278077373736584,
    0.325913887251941,
    0.000749939014586764,
    -0.231959726166583,
    0.000171943736895396,
    0.541303174269803,
    -0.010747491961067,
    -4.77963347981464,
    0.00270644088177862,
    0.823776262228116,
    0.553895424503051,
    0.0611006854507276,
    -0.104207652029546,
    0.998680791350684,
    0.0467629214949412,
    -0.0191108673147618,
    0.00920222315020912,
    0.823527131987673,
    -0.554311757949683,
    0.0610639298108538,
    0.103984298598127,
    0.998678042909737,
    -0.0468167236562985,
    -0.0190259281632636,
    -0.00940080068892611,
    -0.534936089335372,
    -0.737759524557807,
    -5.74748502439653,
    0.110742315822527,
    0.340150642756965,
    -0.568978674773577,
    0.532731296663941,
    -0.73607991718213,
    5.75255375724656,
    -0.114104648651435,
    0.339357708005109,
    0.569017169149764
  ]
}