{
  "T_WB": [
    [
      0.982149620955023,
      0.00113391041360896,
      0.188097943383435,
      -0.128318017656139
    ],
    [
      0.000266367518813004,
      0.999972443628935,
      -0.00741896428896661,
      -0.000110904832290479
    ],
    [
      -0.188101172527576,
      0.00733663614676028,
      0.982122254438724,
      0.0695673923080917
    ],
    [
      0.0,
      0.0,
      0.0,
      1.0
    ]
  ],
  "T_WH": {
    "0": [
      [
        -0.0185709119973198,
        0.748610550983027,
        0.662749850384349,
        -0.0890683179511733
      ],
      [
        -0.894373061840895,
        0.283870871582907,
        -0.345708192729219,
        -0.0320993683276639
      ],
      [
        -0.446936178308413,
        -0.599165729346772,
        0.664265369634321,
        0.0618085730502923
      ],
      [
        0.0,
        0.0,
        0.0,
        1.0
      ]
    ],
    "1": [
      [
        -0.481399037864215,
        -0.872939436472538,
        0.0789411590643039,
        -0.167567717361104
      ],
      [
        0.874518374833072,
        -0.472302698609229,
        0.110216935929842,
        0.0318775586630829
      ],
      [
        -0.0589285874829151,
        0.122093821045322,
        0.990767642002817,
        0.077326211565891
      ],
      [
        0.0,
        0.0,
        0.0,
        1.0
      ]
    ],
    "2": [
      [
        -0.0128400042954204,
        -0.749020486045016,
        0.662422407361482,
        -0.0889957476847023
      ],
      [
        0.900465069689237,
        0.279366599911288,
        0.333342108236513,
        0.031898868064588
      ],
      [
        -0.434738763580211,
        0.60076835331007,
        0.670879715822334,
        0.062278117763685
      ],
      [
        0.0,
        0.0,
        0.0,
        1.0
      ]
    ],
    "3": [
      [
        -0.470670772886779,
        0.879198394466135,
        0.0740216638446617,
        -0.167640287627575
      ],
      [
        -0.878598015566963,
        -0.459352397997155,
        -0.130617385887395,
        -0.0321206777291689
      ],
      [
        -0.0808365671707767,
        -0.126513072930956,
        0.988665712860323,
        0.0768566668524984
      ],
      [
        0.0,
        0.0,
        0.0,
        1.0
      ]
    ]
  },
  "T_WP": {
    "0": [
      [
        -0.662749850384349,
        0.748610550983027,
        -0.0185709119973197,
        -0.0903682817909857
      ],
      [
        0.345708192729219,
        0.283870871582907,
        -0.894373061840895,
        -0.0947054826565266
      ],
      [
        -0.664265369634321,
        -0.599165729346772,
        -0.446936178308413,
        0.0305230405687034
      ],
      [
        0.0,
        0.0,
        0.0,
        1.0
      ]
    ],
    "1": [
      [
        -0.0789411590643039,
        -0.872939436472538,
        -0.481399037864215,
        -0.201265650011599
      ],
      [
        -0.110216935929842,
        -0.472302698609229,
        0.874518374833072,
        0.093093844901398
      ],
      [
        -0.990767642002817,
        0.122093821045322,
        -0.058928587482915,
        0.073201210442087
      ],
      [
        0.0,
        0.0,
        0.0,
        1.0
      ]
    ],
    "2": [
      [
        -0.662422407361482,
        -0.749020486045016,
        -0.0128400042954203,
        -0.0898945479853818
      ],
      [
        -0.333342108236513,
        0.279366599911288,
        0.900465069689237,
        0.0949314229428346
      ],
      [
        -0.670879715822334,
        0.60076835331007,
        -0.434738763580211,
        0.0318464043130702
      ],
      [
        0.0,
        0.0,
        0.0,
        1.0
      ]
    ],
    "3": [
      [
        -0.0740216638446617,
        0.879198394466135,
        -0.470670772886779,
        -0.20058724172965
      ],
      [
        0.130617385887395,
        -0.459352397997155,
        -0.878598015566963,
        -0.0936225388188564
      ],
      [
        -0.988665712860323,
        -0.126513072930956,
        -0.0808365671707767,
        0.071198107150544
      ],
      [
        0.0,
        0.0,
        0.0,
        1.0
      ]
    ]
  },
  "simTime": 0.774999999999931,
  "state": [
    -0.128318017656139,
    -0.000110904832290479,
    0.0695673923080917,
    0.995520506948838,
    0.00370549886535015,
    0.0944729699903471,
    -0.000217861633371792,
    -0.288036098854481,
    -0.00456690655351206,
    1.58224172188493,
    0.499451696327558,
    13.169198504657,
    -0.187855917700636,
    0.902578119256423,
    -0.160964360522473,
    0.290314025101367,
    -0.274155029336636,
    0.985859246347005,
    -0.00876959231288525,
    0.0798757289669072,
    -0.147052740759179,
    0.903413105272696,
    0.160011388050287,
    0.289637336292316,
    0.272674403531496,
    0.98441563241309,
    0.00951839455425211,
    0.083474047083968,
    0.154490602592096,
    -3.13229257495472,
    -1.44278136891817,
    3.36819617467299,
    -2.35496001242031,
    -0.316502578485955,
    1.20189679753763,
    3.14933270671111,
    -1.63020644795873,
    -3.51226635598898,
    2.36896490446228,
    -0.322732779839847,
    -0.893011913359123
  ]
}