{
  "arms": {
    "0": [
      [
        -1.0,
        -3.45442634464639e-17,
        -5.74296212997847e-17,
        -8.88179806054832e-18
      ],
      [
        1.61823940580872e-17,
        0.70710676908493,
        -0.70710676908493,
        -0.0320000015199184
      ],
      [
        6.50353617437526e-17,
        -0.70710676908493,
        -0.70710676908493,
        0.154769569635391
      ],
      [
        0.0,
        0.0,
        0.0,
        1.0
      ]
    ],
    "1": [
      [
        -1.0,
        -1.59305483326836e-16,
        3.79073396038546e-16,
        8.8817707635881e-18
      ],
      [
        -1.55399377655683e-16,
        -0.70710676908493,
        -0.70710676908493,
        -0.0320000015199184
      ],
      [
        3.8069133484692e-16,
        -0.70710676908493,
        0.70710676908493,
        0.234769567847252
      ],
      [
        0.0,
        0.0,
        0.0,
        1.0
      ]
    ],
    "2": [
      [
        -1.0,
        1.54759325150024e-16,
        3.79034194294956e-16,
        8.88179806054832e-18
      ],
      [
        1.58586286180168e-16,
        -0.70710676908493,
        0.70710676908493,
        0.0320000015199184
      ],
      [
        3.77448998603949e-16,
        0.70710676908493,
        0.70710676908493,
        0.234769567847252
      ],
      [
        0.0,
        0.0,
        0.0,
        1.0
      ]
    ],
    "3": [
      [
        -1.0,
        2.79474232842261e-16,
        1.87500338169845e-16,
        -8.8817707635881e-18
      ],
      [
        3.30200892001173e-16,
        0.70710676908493,
        0.70710676908493,
        0.0320000015199184
      ],
      [
        6.50353617437526e-17,
        0.70710676908493,
        -0.70710676908493,
        0.154769569635391
      ],
      [
        0.0,
        0.0,
        0.0,
        1.0
      ]
    ]
  },
  "arms_in_parent_frame": {
    "0": [
      [
        2.22044604925031e-16,
        1.26880514983441e-08,
        0.999999940395355,
        7.45058059692383e-09
      ],
      [
        -4.91409067993851e-25,
        0.999999940395355,
        1.26880514983441e-08,
        0.0
      ],
      [
        -1.0,
        0.0,
        2.22044604925031e-16,
        0.0
      ],
      [
        0.0,
        0.0,
        0.0,
        1.0
      ]
    ],
    "1": [
      [
        2.22044591690142e-16,
        -1.26880514983441e-08,
        0.999999940395355,
        0.0
      ],
      [
        6.64556621397354e-24,
        0.999999940395355,
        -1.26880514983441e-08,
        1.49011611938477e-08
      ],
      [
        -1.0,
        -6.72184433034298e-24,
        2.22044631394811e-16,
        0.0
      ],
      [
        0.0,
        0.0,
        0.0,
        1.0
      ]
    ],
    "2": [
      [
        2.22044604925031e-16,
        1.26880514983441e-08,
        0.999999940395355,
        0.0
      ],
      [
        -3.10601990745014e-23,
        0.999999940395355,
        1.26880514983441e-08,
        -1.49011611938477e-08
      ],
      [
        -1.0,
        4.66669758917396e-24,
        2.22044631394811e-16,
        0.0
      ],
      [
        0.0,
        0.0,
        0.0,
        1.0
      ]
    ],
    "3": [
      [
        2.22044604925031e-16,
        -1.26880514983441e-08,
        0.999999940395355,
        7.45058059692383e-09
      ],
      [
        -2.81731338221826e-24,
        0.999999940395355,
        -1.26880514983441e-08,
        0.0
      ],
      [
        -1.0,
        1.32348898008484e-23,
        2.22044604925031e-16,
        0.0
      ],
      [
        0.0,
        0.0,
        0.0,
        1.0
      ]
    ]
  },
  "arms_link_world": {
    "0": [
      [
        -1.0,
        -3.45442634464639e-17,
        -5.74296212997847e-17,
        -8.88179806054832e-18
      ],
      [
        1.61823940580872e-17,
        0.70710676908493,
        -0.70710676908493,
        -0.0320000015199184
      ],
      [
        6.50353617437526e-17,
        -0.70710676908493,
        -0.70710676908493,
        0.154769569635391
      ],
      [
        0.0,
        0.0,
        0.0,
        1.0
      ]
    ],
    "1": [
      [
        -1.0,
        -1.59305483326836e-16,
        3.79073396038546e-16,
        8.8817707635881e-18
      ],
      [
        -1.55399377655683e-16,
        -0.70710676908493,
        -0.70710676908493,
        -0.0320000015199184
      ],
      [
        3.8069133484692e-16,
        -0.70710676908493,
        0.70710676908493,
        0.234769567847252
      ],
      [
        0.0,
        0.0,
        0.0,
        1.0
      ]
    ],
    "2": [
      [
        -1.0,
        1.54759325150024e-16,
        3.79034194294956e-16,
        8.88179806054832e-18
      ],
      [
        1.58586286180168e-16,
        -0.70710676908493,
        0.70710676908493,
        0.0320000015199184
      ],
      [
        3.77448998603949e-16,
        0.70710676908493,
        0.70710676908493,
        0.234769567847252
      ],
      [
        0.0,
        0.0,
        0.0,
        1.0
      ]
    ],
    "3": [
      [
        -1.0,
        2.79474232842261e-16,
        1.87500338169845e-16,
        -8.8817707635881e-18
      ],
      [
        3.30200892001173e-16,
        0.70710676908493,
        0.70710676908493,
        0.0320000015199184
      ],
      [
        6.50353617437526e-17,
        0.70710676908493,
        -0.70710676908493,
        0.154769569635391
      ],
      [
        0.0,
        0.0,
        0.0,
        1.0
      ]
    ]
  },
  "arms_relative_to_base": {
    "0": [
      [
        1.57009243181279e-16,
        0.70710676908493,
        0.70710676908493,
        0.0400000065565109
      ],
      [
        1.61819639241687e-17,
        0.70710676908493,
        -0.70710676908493,
        -0.0320000015199184
      ],
      [
        -1.0,
        1.22464672023627e-16,
        9.95799262839594e-17,
        3.30872245021211e-24
      ],
      [
        0.0,
        0.0,
        0.0,
        1.0
      ]
    ],
    "1": [
      [
        -1.58646729921889e-16,
        0.70710676908493,
        -0.70710676908493,
        -0.0399999916553497
      ],
      [
        -1.55399801172157e-16,
        -0.70710676908493,
        -0.70710676908493,
        -0.0320000015199184
      ],
      [
        -1.0,
        -2.29593574309198e-18,
        2.22064457259733e-16,
        3.30872245021211e-24
      ],
      [
        0.0,
        0.0,
        0.0,
        1.0
      ]
    ],
    "2": [
      [
        -1.55404393678918e-16,
        -0.70710676908493,
        -0.70710676908493,
        -0.0399999916553497
      ],
      [
        1.58585862663695e-16,
        -0.70710676908493,
        0.70710676908493,
        0.0320000015199184
      ],
      [
        -1.0,
        -2.24961362878901e-18,
        2.22024659946101e-16,
        3.30872245021211e-24
      ],
      [
        0.0,
        0.0,
        0.0,
        1.0
      ]
    ],
    "3": [
      [
        1.57009243181279e-16,
        -0.70710676908493,
        0.70710676908493,
        0.0400000065565109
      ],
      [
        3.302004684847e-16,
        0.70710676908493,
        0.70710676908493,
        0.0320000015199184
      ],
      [
        -1.0,
        1.22464698493407e-16,
        3.44509263713768e-16,
        0.0
      ],
      [
        0.0,
        0.0,
        0.0,
        1.0
      ]
    ]
  },
  "arms_view_frame": {
    "0": [
      [
        -0.999999940395355,
        -3.45442601377414e-17,
        -5.74296146823398e-17,
        -8.88179723336771e-18
      ],
      [
        6.50353617437526e-17,
        -0.707106828689575,
        -0.707106709480286,
        0.154769569635391
      ],
      [
        -1.61823973668097e-17,
        -0.707106709480286,
        0.707106828689575,
        0.0319999940693378
      ],
      [
        0.0,
        0.0,
        0.0,
        1.0
      ]
    ],
    "1": [
      [
        -0.999999940395355,
        -1.59305470091946e-16,
        3.79073369568766e-16,
        8.88176993640749e-18
      ],
      [
        3.8069133484692e-16,
        -0.707106709480286,
        0.707106828689575,
        0.234769567847252
      ],
      [
        1.55399364420793e-16,
        0.707106828689575,
        0.707106709480286,
        0.0319999903440475
      ],
      [
        0.0,
        0.0,
        0.0,
        1.0
      ]
    ],
    "2": [
      [
        -0.999999940395355,
        1.54759311915134e-16,
        3.79034167825176e-16,
        8.88179723336771e-18
      ],
      [
        3.77448998603949e-16,
        0.707106828689575,
        0.707106709480286,
        0.234769567847252
      ],
      [
        -1.58586299415058e-16,
        0.707106709480286,
        -0.707106828689575,
        -0.0320000126957893
      ],
      [
        0.0,
        0.0,
        0.0,
        1.0
      ]
    ],
    "3": [
      [
        -0.999999940395355,
        2.79474206372481e-16,
        1.87500324934955e-16,
        -8.88176993640749e-18
      ],
      [
        6.50353485088628e-17,
        0.707106709480286,
        -0.707106828689575,
        0.154769569635391
      ],
      [
        -3.30200892001173e-16,
        -0.707106828689575,
        -0.707106709480286,
        -0.032000008970499
      ],
      [
        0.0,
        0.0,
        0.0,
        1.0
      ]
    ]
  },
  "arms_visual_world": {
    "0": [
      [
        -1.0,
        -3.45442634464639e-17,
        -5.74296212997847e-17,
        -8.88179806054832e-18
      ],
      [
        1.61823940580872e-17,
        0.70710676908493,
        -0.70710676908493,
        -0.0320000015199184
      ],
      [
        6.50353617437526e-17,
        -0.70710676908493,
        -0.70710676908493,
        0.154769569635391
      ],
      [
        0.0,
        0.0,
        0.0,
        1.0
      ]
    ],
    "1": [
      [
        -1.0,
        -1.59305483326836e-16,
        3.79073396038546e-16,
        8.8817707635881e-18
      ],
      [
        -1.55399377655683e-16,
        -0.70710676908493,
        -0.70710676908493,
        -0.0320000015199184
      ],
      [
        3.8069133484692e-16,
        -0.70710676908493,
        0.70710676908493,
        0.234769567847252
      ],
      [
        0.0,
        0.0,
        0.0,
        1.0
      ]
    ],
    "2": [
      [
        -1.0,
        1.54759325150024e-16,
        3.79034194294956e-16,
        8.88179806054832e-18
      ],
      [
        1.58586286180168e-16,
        -0.70710676908493,
        0.70710676908493,
        0.0320000015199184
      ],
      [
        3.77448998603949e-16,
        0.70710676908493,
        0.70710676908493,
        0.234769567847252
      ],
      [
        0.0,
        0.0,
        0.0,
        1.0
      ]
    ],
    "3": [
      [
        -1.0,
        2.79474232842261e-16,
        1.87500338169845e-16,
        -8.8817707635881e-18
      ],
      [
        3.30200892001173e-16,
        0.70710676908493,
        0.70710676908493,
        0.0320000015199184
      ],
      [
        6.50353617437526e-17,
        0.70710676908493,
        -0.70710676908493,
        0.154769569635391
      ],
      [
        0.0,
        0.0,
        0.0,
        1.0
      ]
    ]
  },
  "base": [
    [
      -2.22044604925031e-16,
      4.29403218759174e-22,
      1.0,
      1.29456825514074e-35
    ],
    [
      1.20762351693786e-18,
      1.0,
      -4.29403218759174e-22,
      2.283357006638e-22
    ],
    [
      -1.0,
      1.20762351693786e-18,
      -2.22044604925031e-16,
      0.194769576191902
    ],
    [
      0.0,
      0.0,
      0.0,
      1.0
    ]
  ],
  "base_link_world": [
    [
      -2.22044604925031e-16,
      4.29403218759174e-22,
      1.0,
      1.29456825514074e-35
    ],
    [
      1.20762351693786e-18,
      1.0,
      -4.29403218759174e-22,
      2.283357006638e-22
    ],
    [
      -1.0,
      1.20762351693786e-18,
      -2.22044604925031e-16,
      0.194769576191902
    ],
    [
      0.0,
      0.0,
      0.0,
      1.0
    ]
  ],
  "base_view_frame": [
    [
      -2.22044591690142e-16,
      4.29403168272076e-22,
      0.999999940395355,
      1.29456811164778e-35
    ],
    [
      -1.0,
      -4.37113882867379e-08,
      -2.22044604925031e-16,
      0.194769576191902
    ],
    [
      4.37113882867379e-08,
      -1.0,
      4.39109110901523e-22,
      -8.51364845289027e-09
    ],
    [
      0.0,
      0.0,
      0.0,
      1.0
    ]
  ],
  "base_visual_world": [
    [
      -9.60260260817011e-22,
      2.22044591690142e-16,
      1.0,
      1.29456825514074e-35
    ],
    [
      0.999999940395355,
      6.25848770141602e-06,
      -4.29403218759174e-22,
      2.283357006638e-22
    ],
    [
      -6.25848770141602e-06,
      0.999999940395355,
      -2.22044604925031e-16,
      0.194769576191902
    ],
    [
      0.0,
      0.0,
      0.0,
      1.0
    ]
  ],
  "view_adjust": [
    [
      0.999999940395355,
      0.0,
      0.0,
      0.0
    ],
    [
      0.0,
      -4.37113882867379e-08,
      1.0,
      0.0
    ],
    [
      0.0,
      -1.0,
      -4.37113882867379e-08,
      0.0
    ],
    [
      0.0,
      0.0,
      0.0,
      1.0
    ]
  ]
}