{
  "T_WB": [
    [
      -2.22044604925031e-16,
      1.79055246786871e-22,
      1.0,
      -1.24631606945495e-37
    ],
    [
      -5.92001078344078e-21,
      1.0,
      -1.79055246786871e-22,
      2.45073104545588e-22
    ],
    [
      -1.0,
      -5.92001078344078e-21,
      -2.22044604925031e-16,
      0.4976268028
    ],
    [
      0.0,
      0.0,
      0.0,
      1.0
    ]
  ],
  "T_WH": {
    "0": [
      [
        -1.57010853397447e-16,
        -1.56807217974461e-16,
        1.0,
        -8.88178992676915e-18
      ],
      [
        -0.707106779455507,
        0.707106782917588,
        -1.43991445251215e-19,
        -0.032
      ],
      [
        -0.707106782917588,
        -0.707106779455507,
        -2.21902886326313e-16,
        0.4576268028
      ],
      [
        0.0,
        0.0,
        0.0,
        1.0
      ]
    ],
    "1": [
      [
        1.57010853397447e-16,
        1.56808296303998e-16,
        1.0,
        8.88178992676915e-18
      ],
      [
        0.707106779455507,
        -0.707106782917588,
        -1.43228951121809e-19,
        0.032
      ],
      [
        0.707106782917588,
        0.707106779455507,
        -2.21903648820438e-16,
        0.5376268028
      ],
      [
        0.0,
        0.0,
        0.0,
        1.0
      ]
    ],
    "2": [
      [
        -1.57010804753938e-16,
        1.56859424864121e-16,
        1.0,
        -8.88177846723335e-18
      ],
      [
        0.707106779455507,
        0.707106782917588,
        1.07041203303434e-19,
        0.032
      ],
      [
        -0.707106782917588,
        0.707106779455507,
        -2.2193976777577e-16,
        0.4576268028
      ],
      [
        0.0,
        0.0,
        0.0,
        1.0
      ]
    ],
    "3": [
      [
        1.57010804753938e-16,
        -1.56806588804363e-16,
        1.0,
        8.88177846723335e-18
      ],
      [
        -0.707106779455507,
        -0.707106782917588,
        1.4440193954042e-19,
        -0.032
      ],
      [
        0.707106782917588,
        -0.707106779455507,
        -2.21902407039716e-16,
        0.5376268028
      ],
      [
        0.0,
        0.0,
        0.0,
        1.0
      ]
    ]
  },
  "T_WP": {
    "0": [
      [
        -1.0,
        -1.56807217974461e-16,
        -9.57785134400791e-17,
        -1.98725496645904e-17
      ],
      [
        -4.31538112605278e-17,
        0.707106782917588,
        -0.707106779455507,
        -0.0814974745618855
      ],
      [
        1.78605083408542e-16,
        -0.707106779455507,
        -0.707106782917588,
        0.408129327995769
      ],
      [
        0.0,
        0.0,
        0.0,
        1.0
      ]
    ],
    "1": [
      [
        -1.0,
        1.56808296303998e-16,
        2.18243193354814e-16,
        1.98725496645904e-17
      ],
      [
        4.34410316569008e-17,
        -0.707106782917588,
        0.707106779455507,
        0.0814974745618855
      ],
      [
        2.65201451738209e-16,
        0.707106779455507,
        0.707106782917588,
        0.587124277604231
      ],
      [
        0.0,
        0.0,
        0.0,
        1.0
      ]
    ],
    "2": [
      [
        -1.0,
        1.56859424864121e-16,
        -9.57784647965706e-17,
        -1.9872534800009e-17
      ],
      [
        4.31907615024756e-17,
        0.707106782917588,
        0.707106779455507,
        0.0814974745618855
      ],
      [
        1.78641964858e-16,
        0.707106779455507,
        -0.707106782917588,
        0.408129327995769
      ],
      [
        0.0,
        0.0,
        0.0,
        1.0
      ]
    ],
    "3": [
      [
        -1.0,
        -1.56806588804363e-16,
        2.18243144711306e-16,
        1.9872534800009e-17
      ],
      [
        -4.34422046453194e-17,
        -0.707106782917588,
        -0.707106779455507,
        -0.0814974745618855
      ],
      [
        2.65200209957486e-16,
        -0.707106779455507,
        0.707106782917588,
        0.587124277604231
      ],
      [
        0.0,
        0.0,
        0.0,
        1.0
      ]
    ]
  },
  "simTime": 0.0219999999999999,
  "state": [
    -1.24631606945495e-37,
    2.45073104545588e-22,
    0.4976268028,
    0.707106781186548,
    -2.02973429522922e-21,
    0.707106781186548,
    -2.15634547443924e-21,
    1.76385824830052e-35,
    2.28374725630712e-20,
    -0.215745199999999,
    2.38957983811328e-20,
    -3.72339649019288e-19,
    4.04923175552874e-19,
    1.0,
    1.00950449184319e-19,
    7.40266761136008e-22,
    -1.77331476117697e-21,
    1.0,
    -1.00411284416121e-19,
    -7.40266761135984e-22,
    1.85992568764209e-21,
    1.0,
    -7.49736155341827e-20,
    8.42556185776401e-22,
    1.50421736045497e-21,
    1.0,
    1.01391645412805e-19,
    -8.42556185776375e-22,
    -1.67848840089934e-21,
    1.52574301981591e-17,
    1.8681941025703e-19,
    -5.13857059199109e-19,
    -1.35264494417997e-17,
    -1.86819410257024e-19,
    5.29317849406846e-19,
    -8.81375432875952e-18,
    2.12002497936795e-19,
    4.27176065426598e-19,
    1.53114643010432e-17,
    -2.12002497936789e-19,
    -4.91068600436616e-19
  ]
}