{
  "T_WB": [
    [
      0.55474667159019,
      0.0270739291392281,
      0.831578699054137,
      -0.149487869125798
    ],
    [
      0.00610000759631977,
      0.999311225463396,
      -0.0366041605582093,
      -0.000330435562599048
    ],
    [
      -0.831996947270199,
      0.0253786726171875,
      0.554199425035121,
      0.146298821490151
    ],
    [
      0.0,
      0.0,
      0.0,
      1.0
    ]
  ],
  "T_WH": {
    "0": [
      [
        -0.218852811304225,
        -0.0190329161723129,
        0.975572239809137,
        -0.128164367994646
      ],
      [
        -0.856725451576404,
        0.482298844628845,
        -0.182782179358076,
        -0.0320643944735749
      ],
      [
        -0.467038486214406,
        -0.875799961504714,
        -0.121858441738343,
        0.112206826075593
      ],
      [
        0.0,
        0.0,
        0.0,
        1.0
      ]
    ],
    "1": [
      [
        -0.33640844815573,
        -0.603992043807012,
        0.722511568784391,
        -0.17081137025695
      ],
      [
        0.862778304087541,
        -0.505163429432787,
        -0.0205792992964297,
        0.0314035233483768
      ],
      [
        0.377416154934153,
        0.616444255858981,
        0.691052476598692,
        0.180390816904709
      ],
      [
        0.0,
        0.0,
        0.0,
        1.0
      ]
    ],
    "2": [
      [
        -0.166995877697735,
        0.0435969204641729,
        0.984993241275291,
        -0.126431636529735
      ],
      [
        0.889451487339307,
        0.437725853050255,
        0.131423472946511,
        0.0318915239560824
      ],
      [
        -0.425427348088788,
        0.898050881686259,
        -0.111875758771389,
        0.113831061123093
      ],
      [
        0.0,
        0.0,
        0.0,
        1.0
      ]
    ],
    "3": [
      [
        -0.378470729689216,
        0.585917269493188,
        0.716561832697054,
        -0.172544101721861
      ],
      [
        -0.869599406775179,
        -0.490292045434958,
        -0.0584001876663213,
        -0.0325523950812805
      ],
      [
        0.317106888138319,
        -0.645224506271153,
        0.695074498167195,
        0.178766581857209
      ],
      [
        0.0,
        0.0,
        0.0,
        1.0
      ]
    ]
  },
  "T_WP": {
    "0": [
      [
        -0.975572239809137,
        -0.0190329161723129,
        -0.218852811304225,
        -0.143484064785941
      ],
      [
        0.182782179358076,
        0.482298844628845,
        -0.856725451576404,
        -0.0920351760839232
      ],
      [
        0.121858441738343,
        -0.875799961504714,
        -0.467038486214406,
        0.0795141320405844
      ],
      [
        0.0,
        0.0,
        0.0,
        1.0
      ]
    ],
    "1": [
      [
        -0.722511568784391,
        -0.603992043807012,
        -0.33640844815573,
        -0.194359961627851
      ],
      [
        0.0205792992964298,
        -0.505163429432787,
        0.862778304087541,
        0.0917980046345047
      ],
      [
        -0.691052476598692,
        0.616444255858981,
        0.377416154934153,
        0.206809947750099
      ],
      [
        0.0,
        0.0,
        0.0,
        1.0
      ]
    ],
    "2": [
      [
        -0.984993241275291,
        0.0435969204641729,
        -0.166995877697735,
        -0.138121347968577
      ],
      [
        -0.131423472946511,
        0.437725853050255,
        0.889451487339307,
        0.0941531280698339
      ],
      [
        0.111875758771389,
        0.898050881686259,
        -0.425427348088788,
        0.0840511467568777
      ],
      [
        0.0,
        0.0,
        0.0,
        1.0
      ]
    ],
    "3": [
      [
        -0.716561832697054,
        0.585917269493188,
        -0.378470729689216,
        -0.199037052800106
      ],
      [
        0.0584001876663213,
        -0.490292045434958,
        -0.869599406775179,
        -0.0934243535555431
      ],
      [
        -0.695074498167195,
        -0.645224506271153,
        0.31710688813832,
        0.200964064026891
      ],
      [
        0.0,
        0.0,
        0.0,
        1.0
      ]
    ]
  },
  "simTime": 0.835999999999924,
  "state": [
    -0.149487869125798,
    -0.000330435562599048,
    0.146298821490151,
    0.881512524313851,
    0.0175785458135274,
    0.471795805629428,
    -0.00594827667344657,
    -0.394923444119533,
    -0.00256626310429405,
    0.952189621166206,
    0.490098180930016,
    13.0406667259657,
    -0.20262794855027,
    0.920349075523995,
    -0.233543655488409,
    0.265040485638585,
    -0.167834683947338,
    0.987933416490071,
    -0.0641940109024709,
    0.0599952261913649,
    -0.12754319417655,
    0.921164028504481,
    0.233665881868661,
    0.263166525450694,
    0.166133886134482,
    0.986426609064934,
    0.0660500454473613,
    0.0634415056565374,
    0.136290541803488,
    -2.4744072938554,
    -2.36462576831164,
    2.46400290443922,
    -1.4014579233654,
    -1.00071483905329,
    0.323433675599835,
    2.49708494904204,
    -2.33613939880839,
    -2.41422723475202,
    1.44646431663595,
    -1.03467953429982,
    -0.365168187821903
  ]
}