{
  "T_WB": [
    [
      0.829865490260093,
      -0.0065089138859206,
      0.5579255345612,
      -0.0189038242836102
    ],
    [
      -0.000822644737684958,
      0.999916596068504,
      0.0128889162621267,
      -0.000101844606855197
    ],
    [
      -0.557962894224168,
      -0.0111550413178179,
      0.829790921691836,
      0.195559769081065
    ],
    [
      0.0,
      0.0,
      0.0,
      1.0
    ]
  ],
  "T_WH": {
    "0": [
      [
        0.412203349450185,
        0.539668326958531,
        0.734061642901895,
        0.0334029048547532
      ],
      [
        -0.859338627229686,
        0.497972085168517,
        0.116451389617807,
        -0.0320302368636995
      ],
      [
        -0.302697080351047,
        -0.678809177361871,
        0.66902360068704,
        -0.0219615544467966
      ],
      [
        0.0,
        0.0,
        0.0,
        1.0
      ]
    ],
    "1": [
      [
        -0.699222815498701,
        -0.463368323131166,
        0.544405410888504,
        -0.0334029048547532
      ],
      [
        0.578956445275727,
        -0.81376392185346,
        0.0509677737729485,
        0.0320302368636995
      ],
      [
        0.419400630375973,
        0.350824851754101,
        0.837272377803036,
        0.0219615544467966
      ],
      [
        0.0,
        0.0,
        0.0,
        1.0
      ]
    ],
    "2": [
      [
        0.402944360066083,
        -0.545094052490831,
        0.735192707138787,
        0.0329863343660543
      ],
      [
        0.856451729587904,
        0.507797853105514,
        -0.0929073477574164,
        0.0319644252846847
      ],
      [
        -0.322686035608642,
        0.667093557396977,
        0.671461025006384,
        -0.0226754770911369
      ],
      [
        0.0,
        0.0,
        0.0,
        1.0
      ]
    ],
    "3": [
      [
        -0.689457022052945,
        0.474676263316193,
        0.54711192619615,
        -0.0329863343660543
      ],
      [
        -0.581548895152964,
        -0.813048198696233,
        -0.0274501210048007,
        -0.0319644252846847
      ],
      [
        0.43179844521287,
        -0.337098014887344,
        0.836609246345485,
        0.0226754770911369
      ],
      [
        0.0,
        0.0,
        0.0,
        1.0
      ]
    ]
  },
  "T_WP": {
    "0": [
      [
        -0.734061642901895,
        0.539668326958531,
        0.412203349450185,
        0.0622571393162661
      ],
      [
        -0.116451389617807,
        0.497972085168517,
        -0.859338627229686,
        -0.0921839407697775
      ],
      [
        -0.66902360068704,
        -0.678809177361871,
        -0.302697080351046,
        -0.0431503500713698
      ],
      [
        0.0,
        0.0,
        0.0,
        1.0
      ]
    ],
    "1": [
      [
        -0.544405410888504,
        -0.463368323131166,
        -0.699222815498701,
        -0.0823485019396623
      ],
      [
        -0.0509677737729484,
        -0.81376392185346,
        0.578956445275727,
        0.0725571880330004
      ],
      [
        -0.837272377803036,
        0.350824851754101,
        0.419400630375973,
        0.0513195985731147
      ],
      [
        0.0,
        0.0,
        0.0,
        1.0
      ]
    ],
    "2": [
      [
        -0.735192707138787,
        -0.545094052490831,
        0.402944360066083,
        0.0611924395706801
      ],
      [
        0.0929073477574165,
        0.507797853105514,
        0.856451729587904,
        0.091916046355838
      ],
      [
        -0.671461025006384,
        0.667093557396977,
        -0.322686035608642,
        -0.0452634995837419
      ],
      [
        0.0,
        0.0,
        0.0,
        1.0
      ]
    ],
    "3": [
      [
        -0.54711192619615,
        0.474676263316193,
        -0.689457022052945,
        -0.0812483259097604
      ],
      [
        0.0274501210048007,
        -0.813048198696233,
        -0.581548895152964,
        -0.0726728479453922
      ],
      [
        -0.836609246345485,
        -0.337098014887344,
        0.43179844521287,
        0.0529013682560378
      ],
      [
        0.0,
        0.0,
        0.0,
        1.0
      ]
    ]
  }
}