{
  "T_WB": [
    [
      0.995500006513514,
      -0.00301866803045011,
      0.0947133817098487,
      -0.0079960690804041
    ],
    [
      0.00245613594229655,
      0.999978649994431,
      0.0060553242315169,
      -2.17520003239743e-06
    ],
    [
      -0.0947296385922934,
      -0.0057954463708825,
      0.995486166841878,
      0.435158168102001
    ],
    [
      0.0,
      0.0,
      0.0,
      1.0
    ]
  ],
  "T_WH": {
    "0": [
      [
        0.462418075810859,
        0.886660870375555,
        -0.00142271158201129,
        0.039916597637515
      ],
      [
        -0.87833770035632,
        0.457856779113958,
        -0.137441092662143,
        -0.0319010713621299
      ],
      [
        -0.121212240702635,
        0.0648048668253842,
        0.990508920676432,
        -0.0036037312598235
      ],
      [
        0.0,
        0.0,
        0.0,
        1.0
      ]
    ],
    "1": [
      [
        -0.754284505915255,
        -0.654947106018162,
        -0.045816726799426,
        -0.039916597637515
      ],
      [
        0.656546293982914,
        -0.752299534156594,
        -0.0547026029094828,
        0.0319010713621299
      ],
      [
        0.00135940923943832,
        -0.0713421279904484,
        0.997450977632642,
        0.0036037312598235
      ],
      [
        0.0,
        0.0,
        0.0,
        1.0
      ]
    ],
    "2": [
      [
        0.457300607791024,
        -0.889311707154371,
        -0.000917405111122432,
        0.0397234028835662
      ],
      [
        0.879648312020746,
        0.452179363402879,
        0.147487865506352,
        0.0320975622375136
      ],
      [
        -0.130747853798878,
        -0.0682532843952935,
        0.989063439773325,
        -0.00397463982755998
      ],
      [
        0.0,
        0.0,
        0.0,
        1.0
      ]
    ],
    "3": [
      [
        -0.751662169454233,
        0.658149437743853,
        -0.0429336768610064,
        -0.0397234028835662
      ],
      [
        -0.659480397109574,
        -0.749056494723296,
        0.0632453440266317,
        -0.0320975622375136
      ],
      [
        0.00946513811595609,
        0.075853050764608,
        0.997074082428255,
        0.00397463982755998
      ],
      [
        0.0,
        0.0,
        0.0,
        1.0
      ]
    ]
  },
  "T_WP": {
    "0": [
      [
        0.00142271158201132,
        0.886660870375555,
        0.462418075810859,
        0.0722858629442751
      ],
      [
        0.137441092662143,
        0.457856779113958,
        -0.87833770035632,
        -0.0933847103870723
      ],
      [
        -0.990508920676432,
        0.0648048668253842,
        -0.121212240702635,
        -0.012088588109008
      ],
      [
        0.0,
        0.0,
        0.0,
        1.0
      ]
    ],
    "1": [
      [
        0.0458167267994259,
        -0.654947106018162,
        -0.754284505915255,
        -0.0927165130515828
      ],
      [
        0.0547026029094828,
        -0.752299534156594,
        0.656546293982914,
        0.0778593119409339
      ],
      [
        -0.997450977632642,
        -0.0713421279904484,
        0.00135940923943838,
        0.00369888990658418
      ],
      [
        0.0,
        0.0,
        0.0,
        1.0
      ]
    ],
    "2": [
      [
        0.000917405111122459,
        -0.889311707154371,
        0.457300607791024,
        0.0717344454289379
      ],
      [
        -0.147487865506352,
        0.452179363402879,
        0.879648312020746,
        0.0936729440789658
      ],
      [
        -0.989063439773325,
        -0.0682532843952935,
        -0.130747853798878,
        -0.0131269895934814
      ],
      [
        0.0,
        0.0,
        0.0,
        1.0
      ]
    ],
    "3": [
      [
        0.0429336768610064,
        0.658149437743853,
        -0.751662169454233,
        -0.0923397547453625
      ],
      [
        -0.0632453440266318,
        -0.749056494723296,
        -0.659480397109574,
        -0.0782611900351838
      ],
      [
        -0.997074082428255,
        0.075853050764608,
        0.00946513811595615,
        0.0046371994956769
      ],
      [
        0.0,
        0.0,
        0.0,
        1.0
      ]
    ]
  }
}