{
  "T_WB": [
    [
      0.778618477261686,
      -0.00157278086069713,
      0.627495651958686,
      -0.0279254437508468
    ],
    [
      0.00121401547469864,
      0.999998763037215,
      0.00100004523216214,
      3.55104595006868e-05
    ],
    [
      -0.627496448621918,
      -1.68642640749363e-05,
      0.77861942351991,
      0.339900793357043
    ],
    [
      0.0,
      0.0,
      0.0,
      1.0
    ]
  ],
  "T_WH": {
    "0": [
      [
        0.358842394241615,
        0.89061367275486,
        -0.279355368656204,
        0.00326962432716292
      ],
      [
        -0.75644284777388,
        0.102143598894122,
        -0.64603475390779,
        -0.0319158893387023
      ],
      [
        -0.546833022180161,
        0.443141028462785,
        0.710351796468663,
        0.314801475068617
      ],
      [
        0.0,
        0.0,
        0.0,
        1.0
      ]
    ],
    "1": [
      [
        -0.535904124163629,
        -0.476770803605718,
        0.696775695998053,
        -0.0591205118288566
      ],
      [
        0.69272114510282,
        -0.720092052089314,
        0.0400605996614993,
        0.0319869102577036
      ],
      [
        0.482642916483658,
        0.504139898586651,
        0.716169517517459,
        0.36500011164547
      ],
      [
        0.0,
        0.0,
        0.0,
        1.0
      ]
    ],
    "2": [
      [
        0.356919025599893,
        -0.890514391992065,
        -0.282122184203629,
        0.00316896635207831
      ],
      [
        0.75732454724238,
        0.099041671896944,
        0.645484529149989,
        0.0320840314956795
      ],
      [
        -0.546871410213541,
        -0.444043764603064,
        0.709758265755455,
        0.314800395755716
      ],
      [
        0.0,
        0.0,
        0.0,
        1.0
      ]
    ],
    "3": [
      [
        -0.534039527722313,
        0.478752218858827,
        0.696848689291929,
        -0.059019853853772
      ],
      [
        -0.694102060160183,
        -0.718870149023272,
        -0.03805310663597,
        -0.0320130105766781
      ],
      [
        0.482725711881518,
        -0.504005973953691,
        0.716207976294227,
        0.36500119095837
      ],
      [
        0.0,
        0.0,
        0.0,
        1.0
      ]
    ]
  },
  "T_WP": {
    "0": [
      [
        0.279355368656204,
        0.89061367275486,
        0.358842394241615,
        0.028388591924076
      ],
      [
        0.64603475390779,
        0.102143598894122,
        -0.75644284777388,
        -0.0848668886828739
      ],
      [
        -0.710351796468663,
        0.443141028462785,
        -0.546833022180161,
        0.276523163516006
      ],
      [
        0.0,
        0.0,
        0.0,
        1.0
      ]
    ],
    "1": [
      [
        -0.696775695998053,
        -0.476770803605718,
        -0.535904124163629,
        -0.0966338005203106
      ],
      [
        -0.0400605996614993,
        -0.720092052089314,
        0.69272114510282,
        0.080477390414901
      ],
      [
        -0.716169517517459,
        0.504139898586651,
        0.482642916483658,
        0.398785115799326
      ],
      [
        0.0,
        0.0,
        0.0,
        1.0
      ]
    ],
    "2": [
      [
        0.282122184203629,
        -0.890514391992065,
        0.356919025599893,
        0.0281532981440708
      ],
      [
        -0.645484529149989,
        0.099041671896944,
        0.75732454724238,
        0.0850967498026461
      ],
      [
        -0.709758265755455,
        -0.444043764603064,
        -0.546871410213541,
        0.276519397040768
      ],
      [
        0.0,
        0.0,
        0.0,
        1.0
      ]
    ],
    "3": [
      [
        -0.696848689291929,
        0.478752218858827,
        -0.534039527722313,
        -0.0964026207943339
      ],
      [
        0.03805310663597,
        -0.718870149023272,
        -0.694102060160183,
        -0.080600154787891
      ],
      [
        -0.716207976294227,
        -0.504005973953691,
        0.482725711881518,
        0.398791990790077
      ],
      [
        0.0,
        0.0,
        0.0,
        1.0
      ]
    ]
  },
  "simTime": 0.443499999999967,
  "state": [
    -0.0279254437508468,
    3.55104595006868e-05,
    0.339900793357043,
    0.943031900814974,
    -0.000269585126271512,
    0.332701390985828,
    0.000738786337182073,
    -0.230092187618799,
    0.000178299632927412,
    0.570959563604943,
    -0.0107132051095641,
    -4.8049471917104,
    0.00277836661881375,
    0.824168889177829,
    0.5551215586485,
    0.0571259448197499,
    -0.0965521810395495,
    0.998670689338799,
    0.0465797408607311,
    -0.0196643912919224,
    0.0100246552076642,
    0.823920333923763,
    -0.555534526881633,
    0.057079494333998,
    0.0963255112414678,
    0.998668083465581,
    -0.0466286630903756,
    -0.0195783829554601,
    -0.0102231974664385,
    -0.45035005776479,
    -0.688804268145498,
    -5.75073511655724,
    0.118375629233424,
    0.343629963334452,
    -0.565434279997032,
    0.448075048829828,
    -0.687000564075157,
    5.75576516822864,
    -0.121745759652436,
    0.342825950055242,
    0.565422714816808
  ]
}