{
  "T_WB": [
    [
      0.333079370067442,
      -0.185878578242354,
      0.92439563358233,
      -0.0473974357611222
    ],
    [
      -0.194635187172015,
      0.945707943768792,
      0.260295272732945,
      0.0033640307443962
    ],
    [
      -0.9225916090828,
      -0.266618902636712,
      0.278817294310816,
      0.671766350017475
    ],
    [
      0.0,
      0.0,
      0.0,
      1.0
    ]
  ],
  "T_WH": {
    "0": [
      [
        0.0737630621688547,
        -0.374601108547401,
        0.924247272181278,
        -0.0281261464546692
      ],
      [
        -0.549032577733368,
        0.758428367616323,
        0.351211673755718,
        -0.0346840309430857
      ],
      [
        -0.832539632237966,
        -0.533348310834391,
        -0.149724213416451,
        0.643394490538538
      ],
      [
        0.0,
        0.0,
        0.0,
        1.0
      ]
    ],
    "1": [
      [
        -0.425394817755086,
        0.0730193820346049,
        0.90205732571406,
        -0.0666687250675752
      ],
      [
        0.788815925894299,
        -0.458682004048476,
        0.409121319681087,
        0.0414120924318781
      ],
      [
        0.443631247865429,
        0.885595273818327,
        0.137522096071883,
        0.700138209496413
      ],
      [
        0.0,
        0.0,
        0.0,
        1.0
      ]
    ],
    "2": [
      [
        -0.0857675002542383,
        0.014194816974888,
        0.996214054845237,
        -0.0400223754621798
      ],
      [
        -0.0657748285024631,
        0.997636478064538,
        -0.0198778663456839,
        0.0258412774581169
      ],
      [
        -0.994141643748823,
        -0.0672306835160459,
        -0.0846311252338904,
        0.626330880769789
      ],
      [
        0.0,
        0.0,
        0.0,
        1.0
      ]
    ],
    "3": [
      [
        -0.188164819165121,
        0.129143616256881,
        0.973609740711674,
        -0.0547724960600645
      ],
      [
        -0.533643038927714,
        -0.845661534907778,
        0.00903744330078756,
        -0.0191132159693246
      ],
      [
        0.824511435840978,
        -0.517859531878594,
        0.228040341628258,
        0.717201819265162
      ],
      [
        0.0,
        0.0,
        0.0,
        1.0
      ]
    ]
  },
  "T_WP": {
    "0": [
      [
        -0.924247272181278,
        -0.374601108547401,
        0.0737630621688547,
        -0.0229627321028494
      ],
      [
        -0.351211673755718,
        0.758428367616323,
        -0.549032577733368,
        -0.0731163113844215
      ],
      [
        0.149724213416451,
        -0.533348310834391,
        -0.832539632237966,
        0.585116716281881
      ],
      [
        0.0,
        0.0,
        0.0,
        1.0
      ]
    ],
    "1": [
      [
        -0.90205732571406,
        0.0730193820346049,
        -0.425394817755086,
        -0.0964463623104312
      ],
      [
        -0.409121319681087,
        -0.458682004048476,
        0.788815925894299,
        0.096629207244479
      ],
      [
        -0.137522096071883,
        0.885595273818327,
        0.443631247865429,
        0.731192396846993
      ],
      [
        0.0,
        0.0,
        0.0,
        1.0
      ]
    ],
    "2": [
      [
        -0.996214054845237,
        0.014194816974888,
        -0.0857675002542382,
        -0.0460261004799765
      ],
      [
        0.0198778663456839,
        0.997636478064538,
        -0.0657748285024631,
        0.0212370394629445
      ],
      [
        0.0846311252338904,
        -0.0672306835160459,
        -0.994141643748823,
        0.556740965707371
      ],
      [
        0.0,
        0.0,
        0.0,
        1.0
      ]
    ],
    "3": [
      [
        -0.973609740711674,
        0.129143616256881,
        -0.188164819165121,
        -0.0679440334016231
      ],
      [
        -0.00903744330078759,
        -0.845661534907778,
        -0.533643038927714,
        -0.0564682286942646
      ],
      [
        -0.228040341628258,
        -0.517859531878594,
        0.824511435840978,
        0.774917619774031
      ],
      [
        0.0,
        0.0,
        0.0,
        1.0
      ]
    ]
  }
}