{
  "T_WB": [
    [
      0.971742672920624,
      -0.00221755679336331,
      0.236032328436062,
      -0.0544337850380903
    ],
    [
      0.00193051231898767,
      0.99999708934361,
      0.00144721335471942,
      4.17335233859936e-05
    ],
    [
      -0.236034850704864,
      -0.000950655655876312,
      0.971744125532311,
      0.346582702583807
    ],
    [
      0.0,
      0.0,
      0.0,
      1.0
    ]
  ],
  "T_WH": {
    "0": [
      [
        0.068894168202662,
        0.894612331624821,
        -0.441500135552035,
        -0.0154931163038777
      ],
      [
        -0.802745338919155,
        -0.213048436874531,
        -0.556965245225311,
        -0.03188095284285
      ],
      [
        -0.59232889042426,
        0.392783833234161,
        0.703468084506074,
        0.337171729536601
      ],
      [
        0.0,
        0.0,
        0.0,
        1.0
      ]
    ],
    "1": [
      [
        -0.659465686405769,
        -0.687306724385193,
        0.304490517205816,
        -0.0933744537723029
      ],
      [
        0.733400818974861,
        -0.677151434055344,
        0.0599097161050991,
        0.031964419889622
      ],
      [
        0.165009839647129,
        0.262821996742448,
        0.950629449810988,
        0.355993675631014
      ],
      [
        0.0,
        0.0,
        0.0,
        1.0
      ]
    ],
    "2": [
      [
        0.0655861943172136,
        -0.893334628127306,
        -0.44458035640774,
        -0.015635039938653
      ],
      [
        0.801476432184714,
        -0.218246983399495,
        0.556779833407679,
        0.032118860875141
      ],
      [
        -0.594419027090693,
        -0.392837748218866,
        0.701672661436146,
        0.337110887574625
      ],
      [
        0.0,
        0.0,
        0.0,
        1.0
      ]
    ],
    "3": [
      [
        -0.656462345691764,
        0.689980767361556,
        0.304932335707491,
        -0.0932325301375276
      ],
      [
        -0.735787525731338,
        -0.67479905096128,
        -0.0571223056249698,
        -0.032035393828369
      ],
      [
        0.166354758474243,
        -0.261864051547582,
        0.950659409483786,
        0.35605451759299
      ],
      [
        0.0,
        0.0,
        0.0,
        1.0
      ]
    ]
  },
  "T_WP": {
    "0": [
      [
        0.441500135552035,
        0.894612331624821,
        0.0688941682026619,
        -0.0106705245296914
      ],
      [
        0.556965245225311,
        -0.213048436874531,
        -0.802745338919155,
        -0.0880731265671909
      ],
      [
        -0.703468084506074,
        0.392783833234161,
        -0.59232889042426,
        0.295708707206903
      ],
      [
        0.0,
        0.0,
        0.0,
        1.0
      ]
    ],
    "1": [
      [
        -0.304490517205816,
        -0.687306724385193,
        -0.659465686405769,
        -0.139537051820707
      ],
      [
        -0.0599097161050991,
        -0.677151434055344,
        0.733400818974861,
        0.0833024772178623
      ],
      [
        -0.950629449810988,
        0.262821996742448,
        0.165009839647129,
        0.367544364406313
      ],
      [
        0.0,
        0.0,
        0.0,
        1.0
      ]
    ],
    "2": [
      [
        0.44458035640774,
        -0.893334628127306,
        0.0655861943172136,
        -0.011044006336448
      ],
      [
        -0.556779833407679,
        -0.218246983399495,
        0.801476432184714,
        0.088222211128071
      ],
      [
        -0.701672661436146,
        -0.392837748218866,
        -0.594419027090693,
        0.295501555678276
      ],
      [
        0.0,
        0.0,
        0.0,
        1.0
      ]
    ],
    "3": [
      [
        -0.304932335707491,
        0.689980767361556,
        -0.656462345691764,
        -0.139184894335951
      ],
      [
        0.0571223056249698,
        -0.67479905096128,
        -0.735787525731338,
        -0.0835405206295627
      ],
      [
        -0.950659409483786,
        -0.261864051547582,
        0.166354758474243,
        0.367699350686187
      ],
      [
        0.0,
        0.0,
        0.0,
        1.0
      ]
    ]
  },
  "simTime": 0.544999999999956,
  "state": [
    -0.0544337850380903,
    4.17335233859936e-05,
    0.346582702583807,
    0.992910354437467,
    -0.000603747609207441,
    0.118859466272858,
    0.001044421858885,
    -0.290747271160371,
    -6.00463275771679e-05,
    -0.442585226864581,
    -0.0115805689206748,
    -3.83194460423418,
    0.000958068712995756,
    0.81968974619838,
    0.429334515727945,
    0.162430171352563,
    -0.342632504319516,
    0.998734999741688,
    0.0460778825547621,
    -0.0037925033081134,
    -0.0197698241999649,
    0.81945380935298,
    -0.429758706306648,
    0.162631761042211,
    0.342569436743612,
    0.998729106554075,
    -0.0462774172755903,
    -0.00373387893368273,
    0.0196119993909177,
    -3.23424930399716,
    -1.93502944902262,
    -4.66182929035028,
    -0.158935835009029,
    0.224674370483451,
    -0.611333524970985,
    3.23491506873586,
    -1.93646781597834,
    4.66628629503464,
    0.156333710473922,
    0.224156656273816,
    0.613020729535758
  ]
}