{
  "T_WB": [
    [
      0.983816943652561,
      -0.00226808105799913,
      0.179162153342852,
      -0.0590034117819075
    ],
    [
      0.00203000724944016,
      0.999996796246417,
      0.0015121400297702,
      4.05203639043267e-05
    ],
    [
      -0.179165009007619,
      -0.00112396851235191,
      0.983818395966493,
      0.338511466728547
    ],
    [
      0.0,
      0.0,
      0.0,
      1.0
    ]
  ],
  "T_WH": {
    "0": [
      [
        0.0272736335269543,
        0.899199613400271,
        -0.436687765085125,
        -0.0195781554419491
      ],
      [
        -0.803969308169862,
        -0.239873730220779,
        -0.54414515073723,
        -0.0318781768260034
      ],
      [
        -0.594045032329293,
        0.365924375808408,
        0.716386662881238,
        0.331380833360638
      ],
      [
        0.0,
        0.0,
        0.0,
        1.0
      ]
    ],
    "1": [
      [
        -0.662204934225139,
        -0.708303004306719,
        0.244522962475829,
        -0.0984286681218659
      ],
      [
        0.739480746788783,
        -0.670448614950836,
        0.060554767270706,
        0.0319592175538121
      ],
      [
        0.12104895793266,
        0.220919688576148,
        0.967750815542325,
        0.345642100096457
      ],
      [
        0.0,
        0.0,
        0.0,
        1.0
      ]
    ],
    "2": [
      [
        0.0238469794138154,
        -0.897809873162181,
        -0.439737141057412,
        -0.019723312629661
      ],
      [
        0.80228693890551,
        -0.245248982563826,
        0.544232123466664,
        0.0321216181337673
      ],
      [
        -0.596462060180245,
        -0.365773657066658,
        0.714452687419972,
        0.331308899375847
      ],
      [
        0.0,
        0.0,
        0.0,
        1.0
      ]
    ],
    "3": [
      [
        -0.659077824946409,
        0.711045919112611,
        0.245010451975448,
        -0.098283510934154
      ],
      [
        -0.742007031620543,
        -0.66790787777955,
        -0.0576596204088113,
        -0.0320405774059586
      ],
      [
        0.122645773223462,
        -0.219801655392585,
        0.967804343138167,
        0.345714034081247
      ],
      [
        0.0,
        0.0,
        0.0,
        1.0
      ]
    ]
  },
  "T_WP": {
    "0": [
      [
        0.436687765085125,
        0.899199613400271,
        0.0272736335269542,
        -0.0176690010950623
      ],
      [
        0.54414515073723,
        -0.239873730220779,
        -0.803969308169862,
        -0.0881560283978938
      ],
      [
        -0.716386662881238,
        0.365924375808408,
        -0.594045032329293,
        0.289797681097587
      ],
      [
        0.0,
        0.0,
        0.0,
        1.0
      ]
    ],
    "1": [
      [
        -0.244522962475829,
        -0.708303004306719,
        -0.662204934225139,
        -0.144783013517626
      ],
      [
        -0.0605547672707059,
        -0.670448614950836,
        0.739480746788783,
        0.0837228698290269
      ],
      [
        -0.967750815542325,
        0.220919688576148,
        0.12104895793266,
        0.354115527151743
      ],
      [
        0.0,
        0.0,
        0.0,
        1.0
      ]
    ],
    "2": [
      [
        0.439737141057412,
        -0.897809873162181,
        0.0238469794138154,
        -0.0180540240706939
      ],
      [
        -0.544232123466664,
        -0.245248982563826,
        0.80228693890551,
        0.088281703857153
      ],
      [
        -0.714452687419972,
        -0.365773657066658,
        -0.596462060180245,
        0.28955655516323
      ],
      [
        0.0,
        0.0,
        0.0,
        1.0
      ]
    ],
    "3": [
      [
        -0.245010451975448,
        0.711045919112611,
        -0.659077824946409,
        -0.144418958680403
      ],
      [
        0.0576596204088112,
        -0.66790787777955,
        -0.742007031620543,
        -0.0839810696193967
      ],
      [
        -0.967804343138167,
        -0.219801655392585,
        0.122645773223462,
        0.354299238206889
      ],
      [
        0.0,
        0.0,
        0.0,
        1.0
      ]
    ]
  },
  "simTime": 0.560499999999955,
  "state": [
    -0.0590034117819075,
    4.05203639043267e-05,
    0.338511466728547,
    0.99594579870913,
    -0.000661709840419737,
    0.0899464516078354,
    0.00107889613897919,
    -0.298800518979959,
    -9.63260864214123e-05,
    -0.598919141752673,
    -0.0116507842966025,
    -3.67057461250036,
    0.000784670314984481,
    0.820725676754591,
    0.396206226714892,
    0.173648521808639,
    -0.373197240479805,
    0.998699376540275,
    0.0447273424690669,
    -0.0018770778710484,
    -0.0244028013225464,
    0.820498826669129,
    -0.396614442835721,
    0.17387289675802,
    0.373157975851607,
    0.998693187547099,
    -0.0449457337311145,
    -0.0018213752828475,
    0.0242586223529888,
    -3.59344074021532,
    -2.05686361162784,
    -4.34038617439129,
    -0.202999845152246,
    0.206923048359637,
    -0.603741146794835,
    3.59448667702185,
    -2.05859071812892,
    4.34446228405599,
    0.200587477347009,
    0.206433343592643,
    0.605664132941322
  ]
}