{
  "T_WB": [
    [
      -2.22044604925031e-16,
      1.2683379161723e-19,
      1.0,
      -1.10016515548536e-35
    ],
    [
      -2.96618417595869e-18,
      1.0,
      -1.2683379161723e-19,
      3.33777838751728e-21
    ],
    [
      -1.0,
      -2.96618417595869e-18,
      -2.22044604925031e-16,
      0.142549430000002
    ],
    [
      0.0,
      0.0,
      0.0,
      1.0
    ]
  ],
  "T_WH": {
    "0": [
      [
        -1.5720913291445e-16,
        -1.51824693124103e-16,
        1.0,
        -8.885842878333e-18
      ],
      [
        -0.707106779455507,
        0.707106782917588,
        -3.80737335369524e-18,
        -0.032
      ],
      [
        -0.707106782917588,
        -0.707106779455507,
        -2.18519914017205e-16,
        0.102549430000002
      ],
      [
        0.0,
        0.0,
        0.0,
        1.0
      ]
    ],
    "1": [
      [
        1.5720913291445e-16,
        1.51820595951552e-16,
        1.0,
        8.885842878333e-18
      ],
      [
        0.707106779455507,
        -0.707106782917588,
        -3.81027049219697e-18,
        0.032
      ],
      [
        0.707106782917588,
        0.707106779455507,
        -2.18517016878718e-16,
        0.182549430000002
      ],
      [
        0.0,
        0.0,
        0.0,
        1.0
      ]
    ],
    "2": [
      [
        -1.57034019988364e-16,
        1.52696310075485e-16,
        1.0,
        -8.8777255156695e-18
      ],
      [
        0.707106779455507,
        0.707106782917588,
        3.0672235580617e-18,
        0.032
      ],
      [
        -0.707106782917588,
        0.707106779455507,
        -2.19012416734804e-16,
        0.102549430000002
      ],
      [
        0.0,
        0.0,
        0.0,
        1.0
      ]
    ],
    "3": [
      [
        1.57034019988364e-16,
        -1.519885991252e-16,
        1.0,
        8.8777255156695e-18
      ],
      [
        -0.707106779455507,
        -0.707106782917588,
        3.56765077135322e-18,
        -0.032
      ],
      [
        0.707106782917588,
        -0.707106779455507,
        -2.18511989523963e-16,
        0.182549430000002
      ],
      [
        0.0,
        0.0,
        0.0,
        1.0
      ]
    ]
  },
  "T_WP": {
    "0": [
      [
        -1.0,
        -1.51824693124103e-16,
        -9.59767929570823e-17,
        -1.98904821823445e-17
      ],
      [
        -3.94904293520838e-17,
        0.707106782917588,
        -0.707106779455507,
        -0.0814974745618855
      ],
      [
        1.75222111099435e-16,
        -0.707106779455507,
        -0.707106782917588,
        0.0530519551957705
      ],
      [
        0.0,
        0.0,
        0.0,
        1.0
      ]
    ],
    "1": [
      [
        -1.0,
        1.51820595951552e-16,
        2.18441472871818e-16,
        1.98904821823445e-17
      ],
      [
        4.7108073197976e-17,
        -0.707106782917588,
        0.707106779455507,
        0.0814974745618855
      ],
      [
        2.61814819796488e-16,
        0.707106779455507,
        0.707106782917588,
        0.232046904804233
      ],
      [
        0.0,
        0.0,
        0.0,
        1.0
      ]
    ],
    "2": [
      [
        -1.0,
        1.52696310075485e-16,
        -9.58016800309967e-17,
        -1.9870106914855e-17
      ],
      [
        4.02305791477173e-17,
        0.707106782917588,
        0.707106779455507,
        0.0814974745618855
      ],
      [
        1.75714613817034e-16,
        0.707106779455507,
        -0.707106782917588,
        0.0530519551957705
      ],
      [
        0.0,
        0.0,
        0.0,
        1.0
      ]
    ],
    "3": [
      [
        -1.0,
        -1.519885991252e-16,
        2.18266359945732e-16,
        1.9870106914855e-17
      ],
      [
        -4.68654534771322e-17,
        -0.707106782917588,
        -0.707106779455507,
        -0.0814974745618855
      ],
      [
        2.61809792441733e-16,
        -0.707106779455507,
        0.707106782917588,
        0.232046904804233
      ],
      [
        0.0,
        0.0,
        0.0,
        1.0
      ]
    ]
  },
  "simTime": 0.269999999999987,
  "state": [
    -1.10016515548536e-35,
    3.33777838751728e-21,
    0.142549430000002,
    0.707106781186548,
    -1.00386195546624e-18,
    0.707106781186548,
    -1.09354698960238e-18,
    -6.20995855309089e-35,
    -2.26525664451345e-20,
    -2.64778200000008,
    4.54157184825588e-19,
    -1.2450238072203e-17,
    -2.30593756543585e-17,
    1.0,
    2.54743366277547e-18,
    5.51008138938772e-20,
    -1.65852157561115e-18,
    1.0,
    -2.54948224905107e-18,
    -5.51008138938766e-20,
    1.65512103899214e-18,
    1.0,
    -2.2013102214402e-18,
    5.72293847676633e-20,
    1.18407810507975e-18,
    1.0,
    2.55516569658266e-18,
    -5.72293847676625e-20,
    -1.65516150035768e-18,
    9.25517683640147e-18,
    5.1670714006341e-20,
    -2.47457542502335e-17,
    -9.66165690890961e-18,
    -5.16707140063386e-20,
    2.47583327003352e-17,
    -1.42534264624471e-17,
    -6.28036482595669e-20,
    2.09281028682088e-17,
    9.28434892934959e-18,
    6.28036482595679e-20,
    -2.48921841771463e-17
  ]
}