{
  "T_WB": [
    [
      -2.22044604925031e-16,
      5.10107288449472e-20,
      1.0,
      -1.85756173170897e-36
    ],
    [
      -6.63106253898334e-19,
      1.0,
      -5.10107288449473e-20,
      5.33780870485092e-21
    ],
    [
      -1.0,
      -6.63106253898334e-19,
      -2.22044604925031e-16,
      0.399030020575001
    ],
    [
      0.0,
      0.0,
      0.0,
      1.0
    ]
  ],
  "T_WH": {
    "0": [
      [
        -1.57110947709025e-16,
        -1.53938060014041e-16,
        1.0,
        -8.88341654032429e-18
      ],
      [
        -0.707106779455507,
        0.707106782917588,
        -2.24356986662858e-18,
        -0.032
      ],
      [
        -0.707106782917588,
        -0.707106779455507,
        -2.19944862647819e-16,
        0.359030020575001
      ],
      [
        0.0,
        0.0,
        0.0,
        1.0
      ]
    ],
    "1": [
      [
        1.57110947709025e-16,
        1.53944526337031e-16,
        1.0,
        8.88341654032429e-18
      ],
      [
        0.707106779455507,
        -0.707106782917588,
        -2.2389974857817e-18,
        0.032
      ],
      [
        0.707106782917588,
        0.707106779455507,
        -2.19949435028644e-16,
        0.439030020575001
      ],
      [
        0.0,
        0.0,
        0.0,
        1.0
      ]
    ],
    "2": [
      [
        -1.57055139674282e-16,
        1.55111975716823e-16,
        1.0,
        -8.88015185367821e-18
      ],
      [
        0.707106779455507,
        0.707106782917588,
        1.37402387090257e-18,
        0.032
      ],
      [
        -0.707106782917588,
        0.707106779455507,
        -2.20735484159857e-16,
        0.359030020575001
      ],
      [
        0.0,
        0.0,
        0.0,
        1.0
      ]
    ],
    "3": [
      [
        1.57055139674282e-16,
        -1.54003760875094e-16,
        1.0,
        8.88015185367821e-18
      ],
      [
        -0.707106779455507,
        -0.707106782917588,
        2.15765010241873e-18,
        -0.032
      ],
      [
        0.707106782917588,
        -0.707106779455507,
        -2.19951857932178e-16,
        0.439030020575001
      ],
      [
        0.0,
        0.0,
        0.0,
        1.0
      ]
    ]
  },
  "T_WP": {
    "0": [
      [
        -1.0,
        -1.53938060014041e-16,
        -9.58786077516577e-17,
        -1.98811828799561e-17
      ],
      [
        -4.10542328391504e-17,
        0.707106782917588,
        -0.707106779455507,
        -0.0814974745618855
      ],
      [
        1.76647059730049e-16,
        -0.707106779455507,
        -0.707106782917588,
        0.30953254577077
      ],
      [
        0.0,
        0.0,
        0.0,
        1.0
      ]
    ],
    "1": [
      [
        -1.0,
        1.53944526337031e-16,
        2.18343287666393e-16,
        1.98811828799561e-17
      ],
      [
        4.55368001915607e-17,
        -0.707106782917588,
        0.707106779455507,
        0.0814974745618855
      ],
      [
        2.63247237946414e-16,
        0.707106779455507,
        0.707106782917588,
        0.488527495379232
      ],
      [
        0.0,
        0.0,
        0.0,
        1.0
      ]
    ],
    "2": [
      [
        -1.0,
        1.55111975716823e-16,
        -9.58227997169141e-17,
        -1.98740116308779e-17
      ],
      [
        4.19237788348765e-17,
        0.707106782917588,
        0.707106779455507,
        0.0814974745618855
      ],
      [
        1.77437681242087e-16,
        0.707106779455507,
        -0.707106782917588,
        0.30953254577077
      ],
      [
        0.0,
        0.0,
        0.0,
        1.0
      ]
    ],
    "3": [
      [
        -1.0,
        -1.54003760875094e-16,
        2.18287479631649e-16,
        1.98740116308779e-17
      ],
      [
        -4.54554528081978e-17,
        -0.707106782917588,
        -0.707106779455507,
        -0.0814974745618855
      ],
      [
        2.63249660849948e-16,
        -0.707106779455507,
        0.707106782917588,
        0.488527495379232
      ],
      [
        0.0,
        0.0,
        0.0,
        1.0
      ]
    ]
  },
  "simTime": 0.143500000000001,
  "state": [
    -1.85756173170897e-36,
    5.33780870485092e-21,
    0.399030020575001,
    0.707106781186548,
    -2.16408448249595e-19,
    0.707106781186548,
    -2.52478480529126e-19,
    -6.6145211474459e-35,
    -8.91700278650922e-22,
    -1.40724709999997,
    6.97242859892206e-19,
    -6.80553469006528e-18,
    -1.27426498614182e-17,
    1.0,
    1.51755771880032e-18,
    3.28157120442786e-20,
    -4.0311826943235e-19,
    1.0,
    -1.51432455730524e-18,
    -3.28157120442782e-20,
    4.00605897537459e-19,
    1.0,
    -9.6666989977711e-19,
    4.09817268636747e-20,
    2.34457217327044e-19,
    1.0,
    1.52077732064136e-18,
    -4.09817268636742e-20,
    -3.94607358841012e-19,
    2.20808434905838e-17,
    5.78820847094969e-19,
    -1.37018207279796e-17,
    -2.19614601223249e-17,
    -5.78820847094964e-19,
    1.36675330056218e-17,
    -2.20589116510611e-17,
    5.88284360899842e-19,
    8.46769084295838e-18,
    2.21652916578248e-17,
    -5.88284360899837e-19,
    -1.36550212840666e-17
  ]
}