{
  "T_WB": [
    [
      0.98952260044978,
      -0.0023229754111131,
      -0.144359367497727,
      -0.092157966085165
    ],
    [
      0.00263581694465382,
      0.999994574157367,
      0.00197588584179588,
      1.93507977389601e-05
    ],
    [
      0.144353994292291,
      -0.00233568856333578,
      0.989523354393819,
      0.222259503047764
    ],
    [
      0.0,
      0.0,
      0.0,
      1.0
    ]
  ],
  "T_WH": {
    "0": [
      [
        -0.161277822774963,
        0.957696852282867,
        -0.238340519023635,
        -0.0525027268540182
      ],
      [
        -0.842247645858632,
        -0.259440360971436,
        -0.472556453923341,
        -0.0318750428975106
      ],
      [
        -0.514400978737948,
        0.124528865033368,
        0.848459895838891,
        0.228108404853483
      ],
      [
        0.0,
        0.0,
        0.0,
        1.0
      ]
    ],
    "1": [
      [
        -0.622768555890364,
        -0.773991327865956,
        -0.114441033648445,
        -0.131813205316312
      ],
      [
        0.774560579181081,
        -0.630554862513309,
        0.0495628342560212,
        0.0319137444929886
      ],
      [
        -0.110522554136695,
        -0.0577753385893656,
        0.99219291233005,
        0.216410601242046
      ],
      [
        0.0,
        0.0,
        0.0,
        1.0
      ]
    ],
    "2": [
      [
        -0.16512204585824,
        -0.956410913994724,
        -0.240858617374107,
        -0.0526513972803294
      ],
      [
        0.838673913082391,
        -0.264669029498747,
        0.476000391112509,
        0.0321246098485609
      ],
      [
        -0.518999785632576,
        -0.123403680722937,
        0.845819575380809,
        0.227958920785429
      ],
      [
        0.0,
        0.0,
        0.0,
        1.0
      ]
    ],
    "3": [
      [
        -0.619171418364147,
        0.776961355664154,
        -0.113832361327749,
        -0.131664534890001
      ],
      [
        -0.777929681774553,
        -0.626671056383172,
        -0.0459216431080388,
        -0.0320859082530829
      ],
      [
        -0.107014788207398,
        0.0601202037265248,
        0.992438106991467,
        0.216560085310099
      ],
      [
        0.0,
        0.0,
        0.0,
        1.0
      ]
    ]
  },
  "T_WP": {
    "0": [
      [
        0.238340519023635,
        0.957696852282867,
        -0.161277822774963,
        -0.0637921744482656
      ],
      [
        0.472556453923341,
        -0.259440360971436,
        -0.842247645858632,
        -0.0908323781076149
      ],
      [
        -0.848459895838891,
        0.124528865033368,
        -0.514400978737948,
        0.192100336341826
      ],
      [
        0.0,
        0.0,
        0.0,
        1.0
      ]
    ],
    "1": [
      [
        0.114441033648445,
        -0.773991327865956,
        -0.622768555890364,
        -0.175407004228637
      ],
      [
        -0.0495628342560212,
        -0.630554862513309,
        0.774560579181081,
        0.0861329850356643
      ],
      [
        -0.99219291233005,
        -0.0577753385893656,
        -0.110522554136695,
        0.208674022452477
      ],
      [
        0.0,
        0.0,
        0.0,
        1.0
      ]
    ],
    "2": [
      [
        0.240858617374107,
        -0.956410913994724,
        -0.16512204585824,
        -0.0642099404904062
      ],
      [
        -0.476000391112509,
        -0.264669029498747,
        0.838673913082391,
        0.0908317837643282
      ],
      [
        -0.845819575380809,
        -0.123403680722937,
        -0.518999785632576,
        0.191628935791149
      ],
      [
        0.0,
        0.0,
        0.0,
        1.0
      ]
    ],
    "3": [
      [
        0.113832361327748,
        0.776961355664154,
        -0.619171418364147,
        -0.175006534175491
      ],
      [
        0.0459216431080388,
        -0.626671056383172,
        -0.777929681774553,
        -0.0865409859773016
      ],
      [
        -0.992438106991467,
        0.0601202037265248,
        -0.107014788207398,
        0.209069050135582
      ],
      [
        0.0,
        0.0,
        0.0,
        1.0
      ]
    ]
  },
  "simTime": 0.663999999999943,
  "state": [
    -0.092157966085165,
    1.93507977389601e-05,
    0.222259503047764,
    0.997376625077128,
    -0.00108072875800509,
    -0.0723681893406345,
    0.00124295883598221,
    -0.336720711918025,
    -0.000299623384366768,
    -1.64881528404143,
    -0.0118451755093389,
    -2.6306153857947,
    0.000276953852094943,
    0.836310234094243,
    0.119769157498452,
    0.221660603915667,
    -0.48693646190554,
    0.998253135669232,
    0.0270991517902461,
    0.0075712414481862,
    -0.0519517988305348,
    0.836180676739155,
    -0.120025527836822,
    0.221944589704524,
    0.486966474838291,
    0.998245370129111,
    -0.0273983021873474,
    0.00761412038437222,
    0.0519378399995359,
    -5.0508233029502,
    -2.53083005500893,
    -1.57198584691217,
    -0.478353572628209,
    0.0915507291057398,
    -0.446142631569623,
    5.05263345575888,
    -2.53334222147938,
    1.57300018279132,
    0.477634312190099,
    0.091243432749012,
    0.449190866127535
  ]
}