{
  "T_WB": [
    [
      0.569523120483429,
      -0.00100729773341985,
      0.821974695830774,
      -0.0158112692057915
    ],
    [
      0.000769558924265815,
      0.999999464281315,
      0.000692254392664469,
      2.22901070171902e-05
    ],
    [
      -0.821974952789852,
      0.000238303080818621,
      0.569523590554212,
      0.291370401172297
    ],
    [
      0.0,
      0.0,
      0.0,
      1.0
    ]
  ],
  "T_WH": {
    "0": [
      [
        0.489189061747619,
        0.870865248484601,
        -0.0478307521197285,
        0.00700188914101511
      ],
      [
        -0.678869145786175,
        0.345762812165856,
        -0.647753626483641,
        -0.0319469103930143
      ],
      [
        -0.547568027523551,
        0.34934481061698,
        0.76034693300424,
        0.258483777362117
      ],
      [
        0.0,
        0.0,
        0.0,
        1.0
      ]
    ],
    "1": [
      [
        -0.368231047711443,
        -0.313494855131904,
        0.875286736622439,
        -0.0386244275525981
      ],
      [
        0.671922271902609,
        -0.740415193926274,
        0.017487170278664,
        0.0319914906070487
      ],
      [
        0.642593460924222,
        0.594563971670791,
        0.483288037890951,
        0.324257024982477
      ],
      [
        0.0,
        0.0,
        0.0,
        1.0
      ]
    ],
    "2": [
      [
        0.488408337107544,
        -0.871186223520163,
        -0.0499185355606499,
        0.00693742208607624
      ],
      [
        0.679994894638703,
        0.344123477692648,
        0.647445731599195,
        0.0320530553209899
      ],
      [
        -0.546867661787697,
        -0.350162242466823,
        0.760474959772814,
        0.258499028759289
      ],
      [
        0.0,
        0.0,
        0.0,
        1.0
      ]
    ],
    "3": [
      [
        -0.367194889421453,
        0.314913015963566,
        0.875212948692773,
        -0.0385599604976592
      ],
      [
        -0.672698251995348,
        -0.73974259460772,
        -0.0160609926667572,
        -0.0320084751069555
      ],
      [
        0.642374481860208,
        -0.594651735135591,
        0.483471135596595,
        0.324241773585305
      ],
      [
        0.0,
        0.0,
        0.0,
        1.0
      ]
    ]
  },
  "T_WP": {
    "0": [
      [
        0.0478307521197285,
        0.870865248484601,
        0.489189061747619,
        0.0412451234633484
      ],
      [
        0.647753626483641,
        0.345762812165856,
        -0.678869145786175,
        -0.0794677505980465
      ],
      [
        -0.76034693300424,
        0.34934481061698,
        -0.547568027523551,
        0.220154015435468
      ],
      [
        0.0,
        0.0,
        0.0,
        1.0
      ]
    ],
    "1": [
      [
        -0.875286736622439,
        -0.313494855131904,
        -0.368231047711443,
        -0.0644006008923991
      ],
      [
        -0.0174871702786639,
        -0.740415193926274,
        0.671922271902609,
        0.0790260496402313
      ],
      [
        -0.483288037890951,
        0.594563971670791,
        0.642593460924222,
        0.369238567247173
      ],
      [
        0.0,
        0.0,
        0.0,
        1.0
      ]
    ],
    "2": [
      [
        0.04991853556065,
        -0.871186223520163,
        0.488408337107544,
        0.0411260056836043
      ],
      [
        -0.647445731599195,
        0.344123477692648,
        0.679994894638703,
        0.0796526979456991
      ],
      [
        -0.760474959772814,
        -0.350162242466823,
        -0.546867661787697,
        0.220218292434151
      ],
      [
        0.0,
        0.0,
        0.0,
        1.0
      ]
    ],
    "3": [
      [
        -0.875212948692773,
        0.314913015963566,
        -0.367194889421453,
        -0.0642636027571609
      ],
      [
        0.0160609926667572,
        -0.73974259460772,
        -0.672698251995348,
        -0.0790973527466299
      ],
      [
        -0.483471135596595,
        -0.594651735135591,
        0.642374481860208,
        0.36920798731552
      ],
      [
        0.0,
        0.0,
        0.0,
        1.0
      ]
    ]
  },
  "simTime": 0.386499999999974,
  "state": [
    -0.0158112692057915,
    2.22901070171902e-05,
    0.291370401172297,
    0.885867678510588,
    -0.000128109232015632,
    0.463937698738654,
    0.000501445278112273,
    -0.194972979106838,
    0.000277763072606471,
    1.13072459842375,
    -0.0100472072171851,
    -5.2302997081282,
    0.00432678414391333,
    0.833729246315726,
    0.550071780126613,
    -0.0280235283600191,
    0.0391313481036095,
    0.998384045914653,
    0.0410275254557588,
    -0.0309345359430053,
    0.0242712485063477,
    0.833493699823783,
    -0.550398310657357,
    -0.0282714128294265,
    -0.0393786642259265,
    0.998384667134535,
    -0.0409849322873254,
    -0.0308259191293558,
    -0.0244551521339972,
    1.1593162666671,
    0.32321632446272,
    -5.30925423467516,
    0.257959329805796,
    0.381313894179542,
    -0.466488508603061,
    -1.16239109186049,
    0.327032899252318,
    5.31288796588546,
    -0.261126566644198,
    0.38047137295686,
    0.465505178508709
  ]
}