{
  "T_WB": [
    [
      -0.924810094821006,
      0.0568712471002207,
      -0.376154156922967,
      -0.23713246969438
    ],
    [
      0.0690152819236754,
      0.997436996318078,
      -0.0188766850099691,
      -0.000922237096568745
    ],
    [
      0.374116531816168,
      -0.0434177340407768,
      -0.926364788294874,
      0.15842924128293
    ],
    [
      0.0,
      0.0,
      0.0,
      1.0
    ]
  ],
  "T_WH": {
    "0": [
      [
        -0.629306168343256,
        -0.149300950409024,
        -0.762681435916787,
        -0.275944753394427
      ],
      [
        -0.427631377329253,
        0.885969747163518,
        0.179412965625395,
        -0.0300796097018002
      ],
      [
        0.648926152661931,
        0.439052198853365,
        -0.621391997915494,
        0.174783270044881
      ],
      [
        0.0,
        0.0,
        0.0,
        1.0
      ]
    ],
    "1": [
      [
        0.671854826086791,
        0.73111885561227,
        -0.118643632918472,
        -0.198320185994333
      ],
      [
        0.689889359504321,
        -0.675996981892609,
        -0.258999521456703,
        0.0282351355086627
      ],
      [
        -0.269562171505212,
        0.0921590985214651,
        -0.958562953724536,
        0.142075212520978
      ],
      [
        0.0,
        0.0,
        0.0,
        1.0
      ]
    ],
    "2": [
      [
        -0.573562076841377,
        0.237884147246477,
        -0.783860750706542,
        -0.272304993580013
      ],
      [
        0.547368526668388,
        0.823213239747098,
        -0.150690603283566,
        0.0337563580625568
      ],
      [
        0.609437642439557,
        -0.515491119607219,
        -0.602374190668734,
        0.172004535066271
      ],
      [
        0.0,
        0.0,
        0.0,
        1.0
      ]
    ],
    "3": [
      [
        0.586418372978432,
        -0.805836964803401,
        -0.0820991960360777,
        -0.201959945808747
      ],
      [
        -0.785438920679388,
        -0.590476772490832,
        0.185534048171239,
        -0.0356008322556943
      ],
      [
        -0.197987862545475,
        -0.0443166707374578,
        -0.979202144084368,
        0.144853947499588
      ],
      [
        0.0,
        0.0,
        0.0,
        1.0
      ]
    ]
  },
  "T_WP": {
    "0": [
      [
        0.762681435916787,
        -0.149300950409024,
        -0.629306168343256,
        -0.319996185178455
      ],
      [
        -0.179412965625395,
        0.885969747163518,
        -0.427631377329253,
        -0.0600138061148479
      ],
      [
        0.621391997915494,
        0.439052198853365,
        0.648926152661931,
        0.220208100731216
      ],
      [
        0.0,
        0.0,
        0.0,
        1.0
      ]
    ],
    "1": [
      [
        0.118643632918472,
        0.73111885561227,
        0.671854826086791,
        -0.151290348168257
      ],
      [
        0.258999521456703,
        -0.675996981892609,
        0.689889359504321,
        0.0765273906739652
      ],
      [
        0.958562953724536,
        0.0921590985214651,
        -0.269562171505212,
        0.123205860515613
      ],
      [
        0.0,
        0.0,
        0.0,
        1.0
      ]
    ],
    "2": [
      [
        0.783860750706542,
        0.237884147246477,
        -0.573562076841377,
        -0.31245433895891
      ],
      [
        0.150690603283566,
        0.823213239747098,
        0.547368526668388,
        0.072072154929344
      ],
      [
        0.602374190668734,
        -0.515491119607219,
        0.609437642439557,
        0.21466517003704
      ],
      [
        0.0,
        0.0,
        0.0,
        1.0
      ]
    ],
    "3": [
      [
        0.0820991960360778,
        -0.805836964803401,
        0.586418372978432,
        -0.160910659700257
      ],
      [
        -0.185534048171239,
        -0.590476772490832,
        -0.785438920679388,
        -0.0905815567032515
      ],
      [
        0.979202144084368,
        -0.0443166707374578,
        -0.197987862545475,
        0.130994797121404
      ],
      [
        0.0,
        0.0,
        0.0,
        1.0
      ]
    ]
  },
  "simTime": 1.0319999999999,
  "state": [
    -0.23713246969438,
    -0.000922237096568745,
    0.15842924128293,
    -0.191221150243768,
    0.0320846425716021,
    0.980893964635571,
    -0.0158769503373104,
    -0.418587400414993,
    -0.00769675349436111,
    -0.826733321277458,
    0.464400187995346,
    12.6814728470353,
    -0.281845823186706,
    0.952719814112178,
    -0.216577873381909,
    0.153384015523722,
    0.147960549949116,
    0.984032842039191,
    -0.176384179362745,
    0.0118517245101123,
    -0.0206766458822772,
    0.951414735025984,
    0.220123116937421,
    0.153909662281487,
    -0.150557733848481,
    0.983222491719548,
    0.18033352382267,
    0.0155172063488291,
    0.0226399706190016,
    1.41639969584748,
    -1.72188168057359,
    2.15792530832301,
    -0.693174454221542,
    -0.534600369271607,
    1.58801585432099,
    -1.39629473587239,
    -1.73248815611005,
    -2.21964903152412,
    0.687262733892296,
    -0.5398854496236,
    -1.64774701280925
  ]
}