{
  "T_WB": [
    [
      0.754601699845167,
      0.0168268530506044,
      0.655967325106363,
      -0.14168024480884
    ],
    [
      0.00161964395672151,
      0.999620342497524,
      -0.0275054107147199,
      -0.000270761645704171
    ],
    [
      -0.656181111694201,
      0.0218180631941824,
      0.754287956137586,
      0.12473255859474
    ],
    [
      0.0,
      0.0,
      0.0,
      1.0
    ]
  ],
  "T_WH": {
    "0": [
      [
        -0.143614464184543,
        0.258163633700891,
        0.955367167067897,
        -0.112034636112653
      ],
      [
        -0.873517026987439,
        0.42065636139679,
        -0.244982099712281,
        -0.0321938268473561
      ],
      [
        -0.465126745350138,
        -0.869712460443545,
        0.165097991838857,
        0.0977871361047579
      ],
      [
        0.0,
        0.0,
        0.0,
        1.0
      ]
    ],
    "1": [
      [
        -0.432856662933362,
        -0.730823507013352,
        0.527761414799244,
        -0.171325853505028
      ],
      [
        0.867195350605432,
        -0.497464849447715,
        0.0223818554254093,
        0.0316523035559478
      ],
      [
        0.246185566681955,
        0.467360380392549,
        0.84909772205372,
        0.151677981084722
      ],
      [
        0.0,
        0.0,
        0.0,
        1.0
      ]
    ],
    "2": [
      [
        -0.108159746940484,
        -0.245325760911119,
        0.963388156547065,
        -0.110957717517414
      ],
      [
        0.896859862836391,
        0.393995988890399,
        0.201021260495915,
        0.0317818750724855
      ],
      [
        -0.428886763114532,
        0.885766578603899,
        0.177408321827028,
        0.0991834921491856
      ],
      [
        0.0,
        0.0,
        0.0,
        1.0
      ]
    ],
    "3": [
      [
        -0.452820567062908,
        0.723731055794329,
        0.520736874941321,
        -0.172402772100267
      ],
      [
        -0.870489347380913,
        -0.485205211990435,
        -0.0826087062825058,
        -0.0323233983638938
      ],
      [
        0.192877759581499,
        -0.490702823648024,
        0.849711073673092,
        0.150281625040294
      ],
      [
        0.0,
        0.0,
        0.0,
        1.0
      ]
    ]
  },
  "T_WP": {
    "0": [
      [
        -0.955367167067897,
        0.258163633700891,
        -0.143614464184543,
        -0.122087648605571
      ],
      [
        0.244982099712281,
        0.42065636139679,
        -0.873517026987439,
        -0.0933400187364768
      ],
      [
        -0.165097991838857,
        -0.869712460443545,
        -0.465126745350138,
        0.0652282639302483
      ],
      [
        0.0,
        0.0,
        0.0,
        1.0
      ]
    ],
    "1": [
      [
        -0.527761414799244,
        -0.730823507013352,
        -0.432856662933362,
        -0.201625819910363
      ],
      [
        -0.0223818554254093,
        -0.497464849447715,
        0.867195350605432,
        0.092355978098328
      ],
      [
        -0.84909772205372,
        0.467360380392549,
        0.246185566681956,
        0.168910970752459
      ],
      [
        0.0,
        0.0,
        0.0,
        1.0
      ]
    ],
    "2": [
      [
        -0.963388156547065,
        -0.245325760911119,
        -0.108159746940484,
        -0.118528899803248
      ],
      [
        -0.201021260495915,
        0.393995988890399,
        0.896859862836391,
        0.0945620654710328
      ],
      [
        -0.177408321827028,
        0.885766578603899,
        -0.428886763114532,
        0.0691614187311683
      ],
      [
        0.0,
        0.0,
        0.0,
        1.0
      ]
    ],
    "3": [
      [
        -0.520736874941321,
        0.723731055794329,
        -0.452820567062908,
        -0.20410021179467
      ],
      [
        0.0826087062825057,
        -0.485205211990435,
        -0.870489347380913,
        -0.0932576526805577
      ],
      [
        -0.849711073673092,
        -0.490702823648024,
        0.192877759581499,
        0.163783068210999
      ],
      [
        0.0,
        0.0,
        0.0,
        1.0
      ]
    ]
  },
  "simTime": 0.815499999999927,
  "state": [
    -0.14168024480884,
    -0.000270761645704171,
    0.12473255859474,
    0.936550852661013,
    0.0131662562072203,
    0.350260862256537,
    -0.00405936555678605,
    -0.366006092852086,
    -0.00326466952360444,
    1.15295650694757,
    0.49351071961266,
    13.0056501992661,
    -0.198371817890935,
    0.915317511235504,
    -0.210821086749399,
    0.276721460670058,
    -0.202912681250028,
    0.987717818962958,
    -0.0481746533446039,
    0.0682480724529898,
    -0.13204133248584,
    0.916414163274191,
    0.210612759531184,
    0.274814110641734,
    0.20075993491062,
    0.986131152163485,
    0.049528850676306,
    0.0717927416198921,
    0.141202145642699,
    -2.79247621297054,
    -2.32398006981988,
    2.30906318737745,
    -1.55122927097991,
    -1.03754624261323,
    0.279502000045646,
    2.81547565647179,
    -2.31929398580647,
    -2.26848198872591,
    1.58638106012991,
    -1.06830028300782,
    -0.292392472309329
  ]
}