{
  "T_WB": [
    [
      0.705752885690826,
      0.0194763599514474,
      0.70819032451885,
      -0.143716116268494
    ],
    [
      0.00258649721946776,
      0.999544549293453,
      -0.0300666594400083,
      -0.000288188417772413
    ],
    [
      -0.708453367816969,
      0.0230513639680911,
      0.705381074489531,
      0.130923592411196
    ],
    [
      0.0,
      0.0,
      0.0,
      1.0
    ]
  ],
  "T_WH": {
    "0": [
      [
        -0.162649397671017,
        0.18330975456917,
        0.969506424587814,
        -0.116109244359308
      ],
      [
        -0.869739142261866,
        0.437369770422254,
        -0.228607760888337,
        -0.0321701541063842
      ],
      [
        -0.465938834885921,
        -0.880400600749781,
        0.0882937389885319,
        0.101847814051538
      ],
      [
        0.0,
        0.0,
        0.0,
        1.0
      ]
    ],
    "1": [
      [
        -0.41088997709279,
        -0.700376788889338,
        0.583645252109315,
        -0.171322988177681
      ],
      [
        0.866297624326581,
        -0.499416202219216,
        0.0105774782938319,
        0.0315937772708394
      ],
      [
        0.28407367496973,
        0.509956675165641,
        0.811939860237935,
        0.159999370770854
      ],
      [
        0.0,
        0.0,
        0.0,
        1.0
      ]
    ],
    "2": [
      [
        -0.122858967372062,
        -0.16763553661374,
        0.978163586012327,
        -0.114862757322415
      ],
      [
        0.895499116009482,
        0.406115611356318,
        0.182075378453322,
        0.0318006970483968
      ],
      [
        -0.427769806511057,
        0.898314219567355,
        0.100222530204469,
        0.103323101345496
      ],
      [
        0.0,
        0.0,
        0.0,
        1.0
      ]
    ],
    "3": [
      [
        -0.436578427627067,
        0.690495690461529,
        0.576727819672967,
        -0.172569475214574
      ],
      [
        -0.87023378349011,
        -0.486740983342466,
        -0.0760024815864448,
        -0.0323770738839416
      ],
      [
        0.228237680068755,
        -0.535069076464773,
        0.813393290363258,
        0.158524083476896
      ],
      [
        0.0,
        0.0,
        0.0,
        1.0
      ]
    ]
  },
  "T_WP": {
    "0": [
      [
        -0.969506424587814,
        0.18330975456917,
        -0.162649397671017,
        -0.127494702196279
      ],
      [
        0.228607760888337,
        0.437369770422254,
        -0.869739142261866,
        -0.0930518940647148
      ],
      [
        -0.088293738988532,
        -0.880400600749781,
        -0.465938834885921,
        0.069232095609524
      ],
      [
        0.0,
        0.0,
        0.0,
        1.0
      ]
    ],
    "1": [
      [
        -0.583645252109315,
        -0.700376788889338,
        -0.41088997709279,
        -0.200085286574176
      ],
      [
        -0.0105774782938318,
        -0.499416202219216,
        0.866297624326581,
        0.0922346109737001
      ],
      [
        -0.811939860237935,
        0.509956675165641,
        0.284073674969731,
        0.179884528018735
      ],
      [
        0.0,
        0.0,
        0.0,
        1.0
      ]
    ],
    "2": [
      [
        -0.978163586012327,
        -0.16763553661374,
        -0.122858967372062,
        -0.123462885038459
      ],
      [
        -0.182075378453322,
        0.406115611356318,
        0.895499116009482,
        0.0944856351690605
      ],
      [
        -0.100222530204469,
        0.898314219567355,
        -0.427769806511057,
        0.0733792148897223
      ],
      [
        0.0,
        0.0,
        0.0,
        1.0
      ]
    ],
    "3": [
      [
        -0.576727819672967,
        0.690495690461529,
        -0.436578427627066,
        -0.203129965148468
      ],
      [
        0.0760024815864447,
        -0.486740983342466,
        -0.87023378349011,
        -0.0932934387282493
      ],
      [
        -0.813393290363258,
        -0.535069076464773,
        0.228237680068755,
        0.174500721081709
      ],
      [
        0.0,
        0.0,
        0.0,
        1.0
      ]
    ]
  },
  "simTime": 0.820999999999926,
  "state": [
    -0.143716116268494,
    -0.000288188417772413,
    0.130923592411196,
    0.923401119432098,
    0.0143810805213144,
    0.383539629345227,
    -0.00457273182167221,
    -0.374244266338956,
    -0.0030726052525163,
    1.09841861312638,
    0.492601427599569,
    13.0153848048307,
    -0.199428874505742,
    0.916729794132157,
    -0.217277924572478,
    0.273707264577137,
    -0.193600416739195,
    0.987798215357348,
    -0.0526377754372882,
    0.0660213113355308,
    -0.130863045904446,
    0.91775845717306,
    0.217160695859668,
    0.271786496435693,
    0.191553509015836,
    0.986230635677351,
    0.0541179600907589,
    0.0695415600505117,
    0.139944099814192,
    -2.71724126182087,
    -2.34595503232611,
    2.33882497187532,
    -1.498511374227,
    -1.03466572099058,
    0.277366483016848,
    2.73949279351366,
    -2.33237479956715,
    -2.29366335457013,
    1.53749326859986,
    -1.06672501171915,
    -0.301137028848142
  ]
}