{
  "T_WB": [
    [
      0.543356503624218,
      -0.000942642684356336,
      0.8395015315019,
      -0.0146529176032184
    ],
    [
      0.000721843752023188,
      0.999999524528663,
      0.000655655431515085,
      2.06015391564896e-05
    ],
    [
      -0.83950175039178,
      0.000249734292478279,
      0.543356925714507,
      0.284410371388696
    ],
    [
      0.0,
      0.0,
      0.0,
      1.0
    ]
  ],
  "T_WH": {
    "0": [
      [
        0.499111148918482,
        0.866342529340366,
        -0.0184033388657982,
        0.00711150710764967
      ],
      [
        -0.669067973337262,
        0.371788652648226,
        -0.643522528600503,
        -0.0319505094956798
      ],
      [
        -0.550668782554124,
        0.333502353242303,
        0.765205901899747,
        0.250822309875666
      ],
      [
        0.0,
        0.0,
        0.0,
        1.0
      ]
    ],
    "1": [
      [
        -0.346559176553044,
        -0.29512147877666,
        0.890393199609899,
        -0.0364173423140866
      ],
      [
        0.669951109190701,
        -0.742258951647415,
        0.0147363493929175,
        0.0319917125739928
      ],
      [
        0.656553309671824,
        0.601626928805516,
        0.454953613124478,
        0.317998432901727
      ],
      [
        0.0,
        0.0,
        0.0,
        1.0
      ]
    ],
    "2": [
      [
        0.498453378280666,
        -0.86667636224686,
        -0.0204037448313063,
        0.00705117797585086
      ],
      [
        0.670172293615533,
        0.370294211896651,
        0.64323502198336,
        0.0320494600741546
      ],
      [
        -0.549921200310269,
        -0.334296694207987,
        0.765396886387007,
        0.250838292870384
      ],
      [
        0.0,
        0.0,
        0.0,
        1.0
      ]
    ],
    "3": [
      [
        -0.345612975155626,
        0.296473690181361,
        0.890311755754311,
        -0.0363570131822878
      ],
      [
        -0.6706645592025,
        -0.741640066003581,
        -0.0133813873690671,
        -0.0320082569958417
      ],
      [
        0.656323640008337,
        -0.601725322326102,
        0.455154826446733,
        0.317982449907008
      ],
      [
        0.0,
        0.0,
        0.0,
        1.0
      ]
    ]
  },
  "T_WP": {
    "0": [
      [
        0.0184033388657982,
        0.866342529340366,
        0.499111148918482,
        0.0420492875319434
      ],
      [
        0.643522528600503,
        0.371788652648226,
        -0.669067973337262,
        -0.0787852676292882
      ],
      [
        -0.765205901899747,
        0.333502353242303,
        -0.550668782554124,
        0.212275495096877
      ],
      [
        0.0,
        0.0,
        0.0,
        1.0
      ]
    ],
    "1": [
      [
        -0.890393199609899,
        -0.29512147877666,
        -0.346559176553044,
        -0.0606764846727997
      ],
      [
        -0.0147363493929174,
        -0.742258951647415,
        0.669951109190701,
        0.0788882902173419
      ],
      [
        -0.454953613124478,
        0.601626928805516,
        0.656553309671824,
        0.363957164578754
      ],
      [
        0.0,
        0.0,
        0.0,
        1.0
      ]
    ],
    "2": [
      [
        0.0204037448313063,
        -0.86667636224686,
        0.498453378280666,
        0.0419429144554975
      ],
      [
        -0.64323502198336,
        0.370294211896651,
        0.670172293615533,
        0.078961520627242
      ],
      [
        -0.765396886387007,
        -0.334296694207987,
        -0.549921200310269,
        0.212343808848665
      ],
      [
        0.0,
        0.0,
        0.0,
        1.0
      ]
    ],
    "3": [
      [
        -0.890311755754311,
        0.296473690181361,
        -0.345612975155626,
        -0.0605499214431816
      ],
      [
        0.013381387369067,
        -0.741640066003581,
        -0.6706645592025,
        -0.0789547761400167
      ],
      [
        -0.455154826446733,
        -0.601725322326102,
        0.656323640008337,
        0.363925104707592
      ],
      [
        0.0,
        0.0,
        0.0,
        1.0
      ]
    ]
  },
  "simTime": 0.380499999999974,
  "state": [
    -0.0146529176032184,
    2.06015391564896e-05,
    0.284410371388696,
    0.878452183369617,
    -0.000115521694498997,
    0.477830015588687,
    0.000473698645154137,
    -0.191124266372875,
    0.000284948403408919,
    1.189274941151,
    -0.00998122894289202,
    -5.26790987971772,
    0.00450219857038265,
    0.835044998491461,
    0.546461793292395,
    -0.0377534816423684,
    0.051517313496868,
    0.998346196117977,
    0.04021692277916,
    -0.0321472004645823,
    0.025573996974098,
    0.834810728102461,
    -0.546777856290181,
    -0.0380229345335179,
    -0.0517617674081326,
    0.998347190333763,
    -0.0401653546373808,
    -0.0320363267316245,
    -0.0257547201320376,
    1.35545269129245,
    0.421545726149491,
    -5.17191174516902,
    0.273408061797456,
    0.3773749836203,
    -0.450859884950838,
    -1.35856066603277,
    0.425416116608159,
    5.17531660596448,
    -0.27649502374162,
    0.376587530697759,
    0.449753174379804
  ]
}