{
  "T_WB": [
    [
      -0.28298960571717,
      0.0466952317547807,
      -0.957985614916742,
      -0.268542512710422
    ],
    [
      -0.0244795485511646,
      0.998137151295885,
      0.055883619296412,
      -0.00282086400262151
    ],
    [
      0.958810531209776,
      0.0392655387624117,
      -0.281319360704033,
      0.136162049915873
    ],
    [
      0.0,
      0.0,
      0.0,
      1.0
    ]
  ],
  "T_WH": {
    "0": [
      [
        0.0482159906008472,
        0.182943056996496,
        -0.981940454481409,
        -0.281356344355262
      ],
      [
        -0.397178079443141,
        0.905531586622889,
        0.149204955809425,
        -0.0357404347861364
      ],
      [
        0.916474108450554,
        0.382811159091544,
        0.116322074494705,
        0.173257973923867
      ],
      [
        0.0,
        0.0,
        0.0,
        1.0
      ]
    ],
    "1": [
      [
        0.488977637114063,
        0.460871864079174,
        -0.740606505036606,
        -0.255728681065582
      ],
      [
        0.70643225197501,
        -0.707292857119254,
        0.0262733255907725,
        0.0300987067808934
      ],
      [
        -0.511717054407868,
        -0.536035389846855,
        -0.671425138835198,
        0.0990661259078796
      ],
      [
        0.0,
        0.0,
        0.0,
        1.0
      ]
    ],
    "2": [
      [
        0.0712799192402247,
        -0.00936324729804266,
        -0.997412403528823,
        -0.278367849522956
      ],
      [
        0.355475935234276,
        0.934537462319106,
        0.0166310249678825,
        0.0281403428968002
      ],
      [
        0.931963536079832,
        -0.355741565075268,
        0.0699421639311721,
        0.175770968404662
      ],
      [
        0.0,
        0.0,
        0.0,
        1.0
      ]
    ],
    "3": [
      [
        0.244071658589415,
        -0.525581403061477,
        -0.814980499293904,
        -0.258717175897888
      ],
      [
        -0.564143730517149,
        -0.760511248258782,
        0.32150348767947,
        -0.0337820709020432
      ],
      [
        -0.788778090968307,
        0.381296249690182,
        -0.482122695151966,
        0.0965531314270852
      ],
      [
        0.0,
        0.0,
        0.0,
        1.0
      ]
    ]
  },
  "T_WP": {
    "0": [
      [
        0.981940454481409,
        0.182943056996496,
        0.0482159906008472,
        -0.277981225013203
      ],
      [
        -0.149204955809425,
        0.905531586622889,
        -0.397178079443141,
        -0.0635429003471562
      ],
      [
        -0.116322074494705,
        0.382811159091544,
        0.916474108450554,
        0.237411161515406
      ],
      [
        0.0,
        0.0,
        0.0,
        1.0
      ]
    ],
    "1": [
      [
        0.740606505036606,
        0.460871864079174,
        0.488977637114063,
        -0.221500246467598
      ],
      [
        -0.0262733255907725,
        -0.707292857119254,
        0.70643225197501,
        0.0795489644191441
      ],
      [
        0.671425138835198,
        -0.536035389846855,
        -0.511717054407868,
        0.0632459320993288
      ],
      [
        0.0,
        0.0,
        0.0,
        1.0
      ]
    ],
    "2": [
      [
        0.997412403528823,
        -0.00936324729804266,
        0.0712799192402246,
        -0.27337825517614
      ],
      [
        -0.0166310249678825,
        0.934537462319106,
        0.355475935234276,
        0.0530236583631996
      ],
      [
        -0.069942163931172,
        -0.355741565075268,
        0.931963536079832,
        0.24100841593025
      ],
      [
        0.0,
        0.0,
        0.0,
        1.0
      ]
    ],
    "3": [
      [
        0.814980499293904,
        -0.525581403061477,
        0.244071658589415,
        -0.241632159796629
      ],
      [
        -0.32150348767947,
        -0.760511248258782,
        -0.564143730517149,
        -0.0732721320382437
      ],
      [
        0.482122695151966,
        0.381296249690182,
        -0.788778090968307,
        0.0413386650593037
      ],
      [
        0.0,
        0.0,
        0.0,
        1.0
      ]
    ]
  },
  "simTime": 1.11149999999989,
  "state": [
    -0.268542512710422,
    -0.00282086400262151,
    0.136162049915873,
    -0.598712824498249,
    0.00693908659294506,
    0.800382114636048,
    0.0297199163745963,
    -0.350611703062969,
    -0.0241505926858294,
    0.656796308002195,
    -1.90731814550662,
    8.98805133296251,
    -2.73396495029194,
    0.95540640203225,
    -0.15208998609777,
    0.136817361552889,
    0.212951291760057,
    0.974634481968028,
    -0.169874006231955,
    0.145674511380474,
    0.00306354364737755,
    0.965946126157604,
    0.110576303172868,
    0.13925823244724,
    -0.187957727251129,
    0.979868802690833,
    0.181071724432468,
    0.00667980433381552,
    -0.0838184963975622,
    1.32942347374819,
    -0.627939763356353,
    1.46465502064685,
    -0.20206098370889,
    2.1390986743515,
    1.46820682943657,
    -2.84760115657809,
    -0.862708082902112,
    -0.212451158198572,
    -0.448886197943175,
    -0.525288095859072,
    -3.02646424931527
  ]
}