{
  "T_WB": [
    [
      -2.22044604925031e-16,
      9.74324958557744e-21,
      1.0,
      7.85193006613124e-37
    ],
    [
      -7.67979491075349e-20,
      1.0,
      -9.74324958557744e-21,
      3.25023800105633e-21
    ],
    [
      -1.0,
      -7.67979491075349e-20,
      -2.22044604925031e-16,
      0.4731495292
    ],
    [
      0.0,
      0.0,
      0.0,
      1.0
    ]
  ],
  "T_WH": {
    "0": [
      [
        -1.57039769857316e-16,
        -1.55628294349547e-16,
        1.0,
        -8.88209598098799e-18
      ],
      [
        -0.707106779455507,
        0.707106782917588,
        -9.98063361781586e-19,
        -0.032
      ],
      [
        -0.707106782917588,
        -0.707106779455507,
        -2.21089708463587e-16,
        0.4331495292
      ],
      [
        0.0,
        0.0,
        0.0,
        1.0
      ]
    ],
    "1": [
      [
        1.57039769857316e-16,
        1.55635925829593e-16,
        1.0,
        8.88209598098799e-18
      ],
      [
        0.707106779455507,
        -0.707106782917588,
        -9.92667090477174e-19,
        0.032
      ],
      [
        0.707106782917588,
        0.707106779455507,
        -2.21095104734865e-16,
        0.5131495292
      ],
      [
        0.0,
        0.0,
        0.0,
        1.0
      ]
    ],
    "2": [
      [
        -1.57033157632381e-16,
        1.5631465627652e-16,
        1.0,
        -8.88147241301451e-18
      ],
      [
        0.707106779455507,
        0.707106782917588,
        5.08056638603853e-19,
        0.032
      ],
      [
        -0.707106782917588,
        0.707106779455507,
        -2.21570364086208e-16,
        0.4331495292
      ],
      [
        0.0,
        0.0,
        0.0,
        1.0
      ]
    ],
    "3": [
      [
        1.57033157632381e-16,
        -1.55640144425793e-16,
        1.0,
        8.88147241301451e-18
      ],
      [
        -0.707106779455507,
        -0.707106782917588,
        9.85008543411362e-19,
        -0.032
      ],
      [
        0.707106782917588,
        -0.707106779455507,
        -2.21093412183736e-16,
        0.5131495292
      ],
      [
        0.0,
        0.0,
        0.0,
        1.0
      ]
    ]
  },
  "T_WP": {
    "0": [
      [
        -1.0,
        -1.55628294349547e-16,
        -9.58074298999486e-17,
        -1.98748798710001e-17
      ],
      [
        -4.22997393439974e-17,
        0.707106782917588,
        -0.707106779455507,
        -0.0814974745618855
      ],
      [
        1.77791905545817e-16,
        -0.707106779455507,
        -0.707106782917588,
        0.383652054395769
      ],
      [
        0.0,
        0.0,
        0.0,
        1.0
      ]
    ],
    "1": [
      [
        -1.0,
        1.55635925829593e-16,
        2.18272109814684e-16,
        1.98748798710001e-17
      ],
      [
        4.42904697962562e-17,
        -0.707106782917588,
        0.707106779455507,
        0.0814974745618855
      ],
      [
        2.64392907652635e-16,
        0.707106779455507,
        0.707106782917588,
        0.562647004004231
      ],
      [
        0.0,
        0.0,
        0.0,
        1.0
      ]
    ],
    "2": [
      [
        -1.0,
        1.5631465627652e-16,
        -9.58008176750137e-17,
        -1.98737934472812e-17
      ],
      [
        4.27897460671752e-17,
        0.707106782917588,
        0.707106779455507,
        0.0814974745618855
      ],
      [
        1.78272561168438e-16,
        0.707106779455507,
        -0.707106782917588,
        0.383652054395769
      ],
      [
        0.0,
        0.0,
        0.0,
        1.0
      ]
    ],
    "3": [
      [
        -1.0,
        -1.55640144425793e-16,
        2.18265497589749e-16,
        1.98737934472812e-17
      ],
      [
        -4.42828112491904e-17,
        -0.707106782917588,
        -0.707106779455507,
        -0.0814974745618855
      ],
      [
        2.64391215101506e-16,
        -0.707106779455507,
        0.707106782917588,
        0.562647004004231
      ],
      [
        0.0,
        0.0,
        0.0,
        1.0
      ]
    ]
  },
  "simTime": 0.0740000000000011,
  "state": [
    7.85193006613124e-37,
    3.25023800105633e-21,
    0.4731495292,
    0.707106781186548,
    -2.37074163712012e-20,
    0.707106781186548,
    -3.05969342239561e-20,
    -4.74508852324748e-36,
    5.88895666905456e-20,
    -0.725688399999997,
    4.01274366278422e-19,
    -2.87181564114487e-18,
    -4.12325236288948e-18,
    1.0,
    6.87030808296524e-19,
    1.18170433673586e-20,
    -7.00212901281204e-20,
    1.0,
    -6.83215068273394e-19,
    -1.18170433673584e-20,
    6.89088023777609e-20,
    1.0,
    -3.50739362679627e-19,
    1.54004487358257e-20,
    4.33695345600928e-20,
    1.0,
    6.87995288043235e-19,
    -1.54004487358255e-20,
    -6.66676288128561e-20,
    2.52939506335344e-17,
    5.87810386230641e-19,
    -5.38059150728172e-18,
    -2.54084756662513e-17,
    -5.87810386230634e-19,
    5.33087431375662e-18,
    -1.33834979488104e-17,
    8.06775425426526e-19,
    2.99423345291167e-18,
    2.53059296493205e-17,
    -8.06775425426518e-19,
    -5.1691016867421e-18
  ]
}