{
  "T_WB": [
    [
      0.998115221176764,
      -0.00233678248814725,
      0.0613232802682775,
      -0.0694386523434856
    ],
    [
      0.00223939466873898,
      0.999996120079271,
      0.00165678541789484,
      3.59467578496805e-05
    ],
    [
      -0.0613269138859624,
      -0.00151633571692217,
      0.998116581547074,
      0.312304683982598
    ],
    [
      0.0,
      0.0,
      0.0,
      1.0
    ]
  ],
  "T_WH": {
    "0": [
      [
        -0.0549009858400198,
        0.914408353132269,
        -0.401052671697529,
        -0.0294392664567943
      ],
      [
        -0.808359487509571,
        -0.276480962002797,
        -0.519724173579863,
        -0.0318743532979374
      ],
      [
        -0.586123554130917,
        0.295661362663335,
        0.754349745092422,
        0.309900130170101
      ],
      [
        0.0,
        0.0,
        0.0,
        1.0
      ]
    ],
    "1": [
      [
        -0.658061244358702,
        -0.743726779052506,
        0.11758348860814,
        -0.109438038230177
      ],
      [
        0.752255309647604,
        -0.656151442073813,
        0.0598099838776395,
        0.0319462468136368
      ],
      [
        0.0326702889498017,
        0.127811436047955,
        0.991260252928209,
        0.314709237795095
      ],
      [
        0.0,
        0.0,
        0.0,
        1.0
      ]
    ],
    "2": [
      [
        -0.0585249430634848,
        -0.912890202175112,
        -0.403988007015183,
        -0.0295888205360357
      ],
      [
        0.805831081888136,
        -0.282067545885057,
        0.520647833973577,
        0.0321253983871359
      ],
      [
        -0.589246212123941,
        -0.295075207923446,
        0.752143286326829,
        0.309803084684218
      ],
      [
        0.0,
        0.0,
        0.0,
        1.0
      ]
    ],
    "3": [
      [
        -0.654712158713588,
        0.746587498460493,
        0.118148619861158,
        -0.109288484150935
      ],
      [
        -0.755074131207307,
        -0.653184976253716,
        -0.05667841897903,
        -0.0320535048714366
      ],
      [
        0.0348575044161698,
        -0.12631901653724,
        0.991377052612648,
        0.314806283280978
      ],
      [
        0.0,
        0.0,
        0.0,
        1.0
      ]
    ]
  },
  "T_WP": {
    "0": [
      [
        0.401052671697529,
        0.914408353132269,
        -0.0549009858400198,
        -0.0332823354655957
      ],
      [
        0.519724173579863,
        -0.276480962002797,
        -0.808359487509571,
        -0.0884595174236074
      ],
      [
        -0.754349745092422,
        0.295661362663335,
        -0.586123554130917,
        0.268871481380937
      ],
      [
        0.0,
        0.0,
        0.0,
        1.0
      ]
    ],
    "1": [
      [
        -0.11758348860814,
        -0.743726779052506,
        -0.658061244358702,
        -0.155502325335286
      ],
      [
        -0.0598099838776395,
        -0.656151442073813,
        0.752255309647604,
        0.0846041184889691
      ],
      [
        -0.991260252928209,
        0.127811436047955,
        0.0326702889498018,
        0.316996158021582
      ],
      [
        0.0,
        0.0,
        0.0,
        1.0
      ]
    ],
    "2": [
      [
        0.403988007015183,
        -0.912890202175112,
        -0.0585249430634848,
        -0.0336855665504797
      ],
      [
        -0.520647833973577,
        -0.282067545885057,
        0.805831081888136,
        0.0885335741193055
      ],
      [
        -0.752143286326829,
        -0.295075207923446,
        -0.589246212123941,
        0.268555849835543
      ],
      [
        0.0,
        0.0,
        0.0,
        1.0
      ]
    ],
    "3": [
      [
        -0.118148619861158,
        0.746587498460493,
        -0.654712158713588,
        -0.155118335260887
      ],
      [
        0.0566784189790299,
        -0.653184976253716,
        -0.755074131207307,
        -0.0849086940559481
      ],
      [
        -0.991377052612648,
        -0.12631901653724,
        0.0348575044161699,
        0.31724630859011
      ],
      [
        0.0,
        0.0,
        0.0,
        1.0
      ]
    ]
  },
  "simTime": 0.594499999999951,
  "state": [
    -0.0694386523434856,
    3.59467578496805e-05,
    0.312304683982598,
    0.99952837913727,
    -0.000793654587765644,
    0.0306770164595286,
    0.00114458409896178,
    -0.314572332395736,
    -0.000171573847956352,
    -0.942868396046966,
    -0.0117568061662792,
    -3.31663767214108,
    0.000493594114002145,
    0.824396195831844,
    0.313852078339346,
    0.194318930887541,
    -0.429078009595901,
    0.998587278543674,
    0.0405590483817896,
    0.00186206559549354,
    -0.0342774479333172,
    0.824195389030218,
    -0.314214850324528,
    0.194579852411524,
    0.429080027002391,
    0.998580530974305,
    -0.040813323167447,
    0.00191227287888344,
    0.0341692701640258,
    -4.26586167793463,
    -2.2722896177052,
    -3.52788982137333,
    -0.298594370485376,
    0.168143691477572,
    -0.572335895308597,
    4.26751690515933,
    -2.27447497605829,
    3.53098488881502,
    0.296658460027159,
    0.167712829233841,
    0.574724058426993
  ]
}