{
  "T_WB": [
    [
      0.972262112404268,
      -0.00225086825098692,
      -0.233883129736429,
      -0.104727220018967
    ],
    [
      0.00283590313109126,
      0.999993634913758,
      0.00216512941896641,
      7.2672617295895e-06
    ],
    [
      0.23387676762907,
      -0.00276834320244187,
      0.972262307116393,
      0.154288118857985
    ],
    [
      0.0,
      0.0,
      0.0,
      1.0
    ]
  ],
  "T_WH": {
    "0": [
      [
        -0.170637979383404,
        0.978162788131388,
        -0.11866018669705,
        -0.0657647077387649
      ],
      [
        -0.87648501943251,
        -0.205702879020619,
        -0.435270417410858,
        -0.031879092930267
      ],
      [
        -0.450174067114425,
        0.0297302115306694,
        0.892445753992924,
        0.163731776545626
      ],
      [
        0.0,
        0.0,
        0.0,
        1.0
      ]
    ],
    "1": [
      [
        -0.59833024642314,
        -0.770248011596637,
        -0.220723620953108,
        -0.14368973229917
      ],
      [
        0.783535183932595,
        -0.62006876939176,
        0.0398413951149114,
        0.0318936274537262
      ],
      [
        -0.167551579386584,
        -0.149106411184815,
        0.974522317029552,
        0.144844461170344
      ],
      [
        0.0,
        0.0,
        0.0,
        1.0
      ]
    ],
    "2": [
      [
        -0.174515902840074,
        -0.977209925401775,
        -0.120850988213464,
        -0.0659087633068281
      ],
      [
        0.87288711473825,
        -0.210331976092333,
        0.44025963334949,
        0.0321204997042135
      ],
      [
        -0.455644910626517,
        -0.0286569630168903,
        0.889700226981427,
        0.16355460258067
      ],
      [
        0.0,
        0.0,
        0.0,
        1.0
      ]
    ],
    "3": [
      [
        -0.594704875308654,
        0.773212268103306,
        -0.220156534626297,
        -0.143545676731106
      ],
      [
        -0.787183422608297,
        -0.615673033945547,
        -0.0359022902190444,
        -0.0321059651807543
      ],
      [
        -0.163304532866681,
        0.151952307408699,
        0.974803634491772,
        0.1450216351353
      ],
      [
        0.0,
        0.0,
        0.0,
        1.0
      ]
    ]
  },
  "T_WP": {
    "0": [
      [
        0.11866018669705,
        0.978162788131388,
        -0.170637979383404,
        -0.0777093662956032
      ],
      [
        0.435270417410858,
        -0.205702879020619,
        -0.87648501943251,
        -0.0932330442905427
      ],
      [
        -0.892445753992924,
        0.0297302115306694,
        -0.450174067114425,
        0.132219591847616
      ],
      [
        0.0,
        0.0,
        0.0,
        1.0
      ]
    ],
    "1": [
      [
        0.220723620953108,
        -0.770248011596637,
        -0.59833024642314,
        -0.185572849548789
      ],
      [
        -0.0398413951149113,
        -0.62006876939176,
        0.783535183932595,
        0.0867410903290079
      ],
      [
        -0.974522317029552,
        -0.149106411184815,
        -0.167551579386584,
        0.133115850613283
      ],
      [
        0.0,
        0.0,
        0.0,
        1.0
      ]
    ],
    "2": [
      [
        0.120850988213464,
        -0.977209925401775,
        -0.174515902840074,
        -0.0781248765056333
      ],
      [
        -0.44025963334949,
        -0.210331976092333,
        0.87288711473825,
        0.093222597735891
      ],
      [
        -0.889700226981427,
        -0.0286569630168903,
        -0.455644910626517,
        0.131659458836813
      ],
      [
        0.0,
        0.0,
        0.0,
        1.0
      ]
    ],
    "3": [
      [
        0.220156534626297,
        0.773212268103306,
        -0.594704875308654,
        -0.185175018002712
      ],
      [
        0.0359022902190444,
        -0.615673033945547,
        -0.787183422608297,
        -0.0872088047633351
      ],
      [
        -0.974803634491772,
        0.151952307408699,
        -0.163304532866681,
        0.133590317834633
      ],
      [
        0.0,
        0.0,
        0.0,
        1.0
      ]
    ]
  },
  "simTime": 0.700999999999939,
  "state": [
    -0.104727220018967,
    7.2672617295895e-06,
    0.154288118857985,
    0.993040539760893,
    -0.00124201188770102,
    -0.117759517017837,
    0.0012806051662561,
    -0.341860678261392,
    -0.000351663063058649,
    -2.02534057066206,
    -0.0118607545866188,
    -2.30490273662027,
    0.000372209662839583,
    0.844024835681376,
    0.0129987789104939,
    0.229303834122338,
    -0.484636833264516,
    0.998045976831552,
    0.0175209670065424,
    0.00961566656087778,
    -0.0592012060865257,
    0.843937332576884,
    -0.0132090231039107,
    0.229576590325632,
    0.48465440219409,
    0.998037615014042,
    -0.0178254993113433,
    0.00965676567552466,
    0.0592445564425353,
    -5.12182599973478,
    -2.59107117507816,
    -0.477748411180119,
    -0.557788552746206,
    0.05426752165416,
    -0.348170796748108,
    5.12319852113016,
    -2.59350677765758,
    0.477908570649291,
    0.557825663556421,
    0.0540178261184227,
    0.351381945079869
  ]
}