{
  "T_WB": [
    [
      0.430034677023844,
      0.0328525641871493,
      0.902214434368752,
      -0.153908715625272
    ],
    [
      0.00942489133746848,
      0.99911987607337,
      -0.0408735202595727,
      -0.000356763167449609
    ],
    [
      -0.902763173805996,
      0.026080304090674,
      0.429346561367694,
      0.156193075575204
    ],
    [
      0.0,
      0.0,
      0.0,
      1.0
    ]
  ],
  "T_WH": {
    "0": [
      [
        -0.265038155422635,
        -0.160113105057185,
        0.950851497216634,
        -0.137758610598307
      ],
      [
        -0.84438647335402,
        0.514685658607332,
        -0.148694843356112,
        -0.0319516035482987
      ],
      [
        -0.465581636006972,
        -0.842295949422104,
        -0.271608677696769,
        0.119247978892062
      ],
      [
        0.0,
        0.0,
        0.0,
        1.0
      ]
    ],
    "1": [
      [
        -0.270087871406142,
        -0.522069975288942,
        0.809008950890596,
        -0.170058820652237
      ],
      [
        0.859063950473277,
        -0.510110348402889,
        -0.0423858637935989,
        0.0312380772133995
      ],
      [
        0.434812224663182,
        0.683542517590594,
        0.586266113577586,
        0.193138172258345
      ],
      [
        0.0,
        0.0,
        0.0,
        1.0
      ]
    ],
    "2": [
      [
        -0.204342778719568,
        0.192168995297816,
        0.959851606255568,
        -0.13565604649033
      ],
      [
        0.882680140577252,
        0.4601072621002,
        0.0957970604621017,
        0.031992068520397
      ],
      [
        -0.423225469715242,
        0.866817388270959,
        -0.263643352230673,
        0.120917118353865
      ],
      [
        0.0,
        0.0,
        0.0,
        1.0
      ]
    ],
    "3": [
      [
        -0.324455119043226,
        0.497601757215486,
        0.804438541432909,
        -0.172161384760215
      ],
      [
        -0.869031385931109,
        -0.492634543174593,
        -0.0457783479148769,
        -0.0327055948552962
      ],
      [
        0.373514827005973,
        -0.713935359880165,
        0.592269344065247,
        0.191469032796542
      ],
      [
        0.0,
        0.0,
        0.0,
        1.0
      ]
    ]
  },
  "T_WP": {
    "0": [
      [
        -0.950851497216634,
        -0.160113105057185,
        -0.265038155422635,
        -0.156311281477892
      ],
      [
        0.148694843356111,
        0.514685658607332,
        -0.84438647335402,
        -0.0910586566830801
      ],
      [
        0.271608677696769,
        -0.842295949422104,
        -0.465581636006972,
        0.0866572643715742
      ],
      [
        0.0,
        0.0,
        0.0,
        1.0
      ]
    ],
    "1": [
      [
        -0.809008950890596,
        -0.522069975288942,
        -0.270087871406142,
        -0.188964971650667
      ],
      [
        0.042385863793599,
        -0.510110348402889,
        0.859063950473277,
        0.0913725537465289
      ],
      [
        -0.586266113577586,
        0.683542517590594,
        0.434812224663183,
        0.223575027984768
      ],
      [
        0.0,
        0.0,
        0.0,
        1.0
      ]
    ],
    "2": [
      [
        -0.959851606255568,
        0.192168995297816,
        -0.204342778719568,
        -0.149960041000699
      ],
      [
        -0.0957970604621017,
        0.4601072621002,
        0.882680140577252,
        0.0937796783608047
      ],
      [
        0.263643352230673,
        0.866817388270959,
        -0.423225469715242,
        0.0912913354737984
      ],
      [
        0.0,
        0.0,
        0.0,
        1.0
      ]
    ],
    "3": [
      [
        -0.804438541432909,
        0.497601757215486,
        -0.324455119043226,
        -0.194873243093241
      ],
      [
        0.0457783479148769,
        -0.492634543174593,
        -0.869031385931109,
        -0.0935377918704738
      ],
      [
        -0.592269344065247,
        -0.713935359880165,
        0.373514827005973,
        0.21761507068696
      ],
      [
        0.0,
        0.0,
        0.0,
        1.0
      ]
    ]
  },
  "simTime": 0.846999999999923,
  "state": [
    -0.153908715625272,
    -0.000356763167449609,
    0.156193075575204,
    0.845355119826116,
    0.0198005024101642,
    0.533792712033855,
    -0.00692835244627717,
    -0.408680868783456,
    -0.00222639067447061,
    0.84704673791648,
    0.488209747195971,
    13.0560756508394,
    -0.205294088649723,
    0.922821094814779,
    -0.244003161654532,
    0.258446840365212,
    -0.148556099749168,
    0.987973452229662,
    -0.0722574728573281,
    0.0557420973416968,
    -0.124820406543258,
    0.923469234459148,
    0.244304024038932,
    0.256660323638326,
    0.147124420527968,
    0.986514202117374,
    0.0744002682816514,
    0.0591320894568189,
    0.133258114562719,
    -2.26837849674877,
    -2.35554379669246,
    2.57081262424392,
    -1.35942867813321,
    -0.965177773301987,
    0.383799800180466,
    2.29338370243507,
    -2.32193763868669,
    -2.52221837446328,
    1.4055319190014,
    -0.999222238191605,
    -0.432632784199116
  ]
}