{
  "arms": {
    "0": [
      [
        0.917164146900177,
        0.398321896791458,
        -0.012224780395627,
        -0.000918992969673127
      ],
      [
        -0.211650103330612,
        0.512872815132141,
        0.83196496963501,
        0.553209245204926
      ],
      [
        0.337659627199173,
        -0.760461091995239,
        0.554693460464478,
        0.0320812799036503
      ],
      [
        0.0,
        0.0,
        0.0,
        1.0
      ]
    ],
    "1": [
      [
        0.977719485759735,
        0.0724111199378967,
        -0.197030648589134,
        -0.0145059330388904
      ],
      [
        -0.182850852608681,
        0.754796266555786,
        -0.629958808422089,
        0.474371492862701
      ],
      [
        0.10310198366642,
        0.651950299739838,
        0.751219511032104,
        0.0320825316011906
      ],
      [
        0.0,
        0.0,
        0.0,
        1.0
      ]
    ],
    "2": [
      [
        0.867043495178223,
        -0.429893463850021,
        -0.251847296953201,
        -0.0147763723507524
      ],
      [
        -0.496014833450317,
        -0.697149574756622,
        -0.517640650272369,
        0.474417060613632
      ],
      [
        0.0469550974667072,
        0.573737025260925,
        -0.817692577838898,
        -0.0319168828427792
      ],
      [
        0.0,
        0.0,
        0.0,
        1.0
      ]
    ],
    "3": [
      [
        0.997810959815979,
        -0.0556516908109188,
        0.035721231251955,
        -0.00118943164125085
      ],
      [
        -0.0634084939956665,
        -0.651804804801941,
        0.755731403827667,
        0.553254842758179
      ],
      [
        -0.0187744628638029,
        -0.756342172622681,
        -0.65390682220459,
        -0.0319181308150291
      ],
      [
        0.0,
        0.0,
        0.0,
        1.0
      ]
    ]
  },
  "base": [
    [
      0.1698367446661,
      -0.00422560470178723,
      -0.985463082790375,
      -0.00784768257290125
    ],
    [
      0.985472202301025,
      0.000712355016730726,
      0.169835269451141,
      0.513813138008118
    ],
    [
      -1.56572423293255e-05,
      -0.999990820884705,
      0.00428520049899817,
      8.21988869574852e-05
    ],
    [
      0.0,
      0.0,
      0.0,
      1.0
    ]
  ]
}