{
  "T_WB": [
    [
      0.607756433599591,
      -0.0543790031951705,
      0.792259453354648,
      -0.0299678759105829
    ],
    [
      -0.076242250331516,
      0.989048526718416,
      0.126372983902877,
      0.00179601210201042
    ],
    [
      -0.790455082014591,
      -0.137207637570326,
      0.596954627680929,
      0.372275789313572
    ],
    [
      0.0,
      0.0,
      0.0,
      1.0
    ]
  ],
  "T_WH": {
    "0": [
      [
        0.248041085749609,
        -0.225651370163403,
        0.942102477930896,
        -0.00391749046435378
      ],
      [
        -0.687821243970564,
        0.643800509600872,
        0.335295153827851,
        -0.0329032307662395
      ],
      [
        -0.682185866258559,
        -0.731165072320222,
        0.00448117127809736,
        0.345048230435239
      ],
      [
        0.0,
        0.0,
        0.0,
        1.0
      ]
    ],
    "1": [
      [
        -0.57159037621622,
        -0.220860870462583,
        0.790256235480309,
        -0.0560182613568119
      ],
      [
        0.671049806436546,
        -0.680064392226149,
        0.295304215526214,
        0.0364952549702604
      ],
      [
        0.472203980392451,
        0.6990943415052,
        0.536926906177123,
        0.399503348191906
      ],
      [
        0.0,
        0.0,
        0.0,
        1.0
      ]
    ],
    "2": [
      [
        0.148617342300698,
        0.227478825510763,
        0.962375326736779,
        -0.00739774666884469
      ],
      [
        0.427062684545297,
        0.862989809705439,
        -0.269937125667319,
        0.0303958749437391
      ],
      [
        -0.891925080394335,
        0.451111928781332,
        0.0311075340511695,
        0.336266941630738
      ],
      [
        0.0,
        0.0,
        0.0,
        1.0
      ]
    ],
    "3": [
      [
        -0.53854584846884,
        0.248786677078517,
        0.805030159935146,
        -0.052538005152321
      ],
      [
        -0.540371770314869,
        -0.83504484824204,
        -0.103433317993784,
        -0.0268038507397183
      ],
      [
        0.64650345625043,
        -0.490719156679927,
        0.584147233429715,
        0.408284636996406
      ],
      [
        0.0,
        0.0,
        0.0,
        1.0
      ]
    ]
  },
  "T_WP": {
    "0": [
      [
        -0.942102477930896,
        -0.225651370163403,
        0.248041085749609,
        0.0134453855381189
      ],
      [
        -0.335295153827851,
        0.643800509600872,
        -0.687821243970564,
        -0.081050717844179
      ],
      [
        -0.00448117127809741,
        -0.731165072320222,
        -0.682185866258559,
        0.29729521979714
      ],
      [
        0.0,
        0.0,
        0.0,
        1.0
      ]
    ],
    "1": [
      [
        -0.790256235480309,
        -0.220860870462583,
        -0.57159037621622,
        -0.0960295876919473
      ],
      [
        -0.295304215526214,
        -0.680064392226149,
        0.671049806436546,
        0.0834687414208186
      ],
      [
        -0.536926906177123,
        0.6990943415052,
        0.472203980392451,
        0.432557626819377
      ],
      [
        0.0,
        0.0,
        0.0,
        1.0
      ]
    ],
    "2": [
      [
        -0.962375326736779,
        0.227478825510763,
        0.148617342300698,
        0.00300546729220415
      ],
      [
        0.269937125667319,
        0.862989809705439,
        0.427062684545297,
        0.0602902628619099
      ],
      [
        -0.0311075340511695,
        0.451111928781332,
        -0.891925080394335,
        0.273832186003135
      ],
      [
        0.0,
        0.0,
        0.0,
        1.0
      ]
    ],
    "3": [
      [
        -0.805030159935146,
        0.248786677078517,
        -0.53854584846884,
        -0.0902362145451399
      ],
      [
        0.103433317993784,
        -0.83504484824204,
        -0.540371770314869,
        -0.0646298746617591
      ],
      [
        -0.584147233429715,
        -0.490719156679927,
        0.64650345625043,
        0.453539878933937
      ],
      [
        0.0,
        0.0,
        0.0,
        1.0
      ]
    ]
  }
}