{
  "T_WB": [
    [
      0.872246979553438,
      -0.0018625361139513,
      0.489062099961884,
      -0.0366125687131988
    ],
    [
      0.00148073582715817,
      0.999998222215738,
      0.00116747024570732,
      4.05018419321299e-05
    ],
    [
      -0.489063404970474,
      -0.000294150622417953,
      0.872248186810438,
      0.354034592186826
    ],
    [
      0.0,
      0.0,
      0.0,
      1.0
    ]
  ],
  "T_WH": {
    "0": [
      [
        0.257675805459876,
        0.890128713598672,
        -0.375864407077577,
        -0.00166308837541487
      ],
      [
        -0.785034742065814,
        -0.0339231928212649,
        -0.618522166731696,
        -0.0319002118358852
      ],
      [
        -0.56331486136109,
        0.454444815369243,
        0.690040779051318,
        0.334481468807925
      ],
      [
        0.0,
        0.0,
        0.0,
        1.0
      ]
    ],
    "1": [
      [
        -0.603815209027069,
        -0.565137419900051,
        0.562162689953994,
        -0.0715620490509828
      ],
      [
        0.706995737738755,
        -0.705432929053576,
        0.0502136378499437,
        0.0319812155197494
      ],
      [
        0.36819046724057,
        0.4277663839476,
        0.825500878617076,
        0.373587715565728
      ],
      [
        0.0,
        0.0,
        0.0,
        1.0
      ]
    ],
    "2": [
      [
        0.25513661059892,
        -0.889586254020571,
        -0.378868851437729,
        -0.00178229068670775
      ],
      [
        0.78535386429506,
        -0.037910793171607,
        0.617885166999432,
        0.0320996743859221
      ],
      [
        -0.564025369791919,
        -0.455191243785234,
        0.688967570943902,
        0.33446264316809
      ],
      [
        0.0,
        0.0,
        0.0,
        1.0
      ]
    ],
    "3": [
      [
        -0.601486074601702,
        0.567412058489166,
        0.562368258298176,
        -0.0714428467396899
      ],
      [
        -0.708749674523566,
        -0.703831632398414,
        -0.0479054495660296,
        -0.0320186707020578
      ],
      [
        0.368630439495948,
        -0.427392780842718,
        0.825498037526772,
        0.373606541205563
      ],
      [
        0.0,
        0.0,
        0.0,
        1.0
      ]
    ]
  },
  "T_WP": {
    "0": [
      [
        0.375864407077577,
        0.890128713598672,
        0.257675805459876,
        0.0163742180067765
      ],
      [
        0.618522166731696,
        -0.0339231928212649,
        -0.785034742065814,
        -0.0868526437804922
      ],
      [
        -0.690040779051318,
        0.454444815369243,
        -0.56331486136109,
        0.295049428512648
      ],
      [
        0.0,
        0.0,
        0.0,
        1.0
      ]
    ],
    "1": [
      [
        -0.562162689953994,
        -0.565137419900051,
        -0.603815209027069,
        -0.113829113682878
      ],
      [
        -0.0502136378499437,
        -0.705432929053576,
        0.706995737738755,
        0.0814709171614623
      ],
      [
        -0.825500878617076,
        0.4277663839476,
        0.36819046724057,
        0.399361048272568
      ],
      [
        0.0,
        0.0,
        0.0,
        1.0
      ]
    ],
    "2": [
      [
        0.378868851437729,
        -0.889586254020571,
        0.25513661059892,
        0.0160772720552166
      ],
      [
        -0.617885166999432,
        -0.037910793171607,
        0.78535386429506,
        0.0870744448865763
      ],
      [
        -0.688967570943902,
        -0.455191243785234,
        -0.564025369791919,
        0.294980867282656
      ],
      [
        0.0,
        0.0,
        0.0,
        1.0
      ]
    ],
    "3": [
      [
        -0.562368258298176,
        0.567412058489166,
        -0.601486074601702,
        -0.113546871961809
      ],
      [
        0.0479054495660295,
        -0.703831632398414,
        -0.708749674523566,
        -0.0816311479187074
      ],
      [
        -0.825498037526772,
        -0.427392780842718,
        0.368630439495949,
        0.399410671970279
      ],
      [
        0.0,
        0.0,
        0.0,
        1.0
      ]
    ]
  },
  "simTime": 0.479499999999964,
  "state": [
    -0.0366125687131988,
    4.05018419321299e-05,
    0.354034592186826,
    0.967534674905713,
    -0.000377666275440649,
    0.252736550508559,
    0.000863863597817638,
    -0.25250113075124,
    9.75055412781934e-05,
    0.213784356089106,
    -0.0110975895980239,
    -4.48466565882955,
    0.00198970464162309,
    0.820387032627069,
    0.530172425334481,
    0.101219372971266,
    -0.188777526860617,
    0.998757395687937,
    0.0480110940818545,
    -0.0133629433269375,
    -0.000176491796057906,
    0.820134457936785,
    -0.530614231923566,
    0.101280286284809,
    0.188600931585632,
    0.998753282598377,
    -0.0481174957270243,
    -0.0132885964905894,
    -1.75281573543949e-05,
    -1.47527406588893,
    -1.22689839879347,
    -5.58728273262694,
    0.0239616101074194,
    0.300887381186508,
    -0.599471515790013,
    1.47397536424449,
    -1.22649906140073,
    5.59254828957011,
    -0.0271661886935856,
    0.300210768860297,
    0.600069199718152
  ]
}