{
  "T_WB": [
    [
      -0.146112964217189,
      0.0670091863548565,
      -0.986995831111625,
      -0.27394396526431
    ],
    [
      -0.0781115854172296,
      0.993806839875892,
      0.0790350886600331,
      -0.0031733143831445
    ],
    [
      0.986179284872316,
      0.0886438602496109,
      -0.139973869449888,
      0.145470565700532
    ],
    [
      0.0,
      0.0,
      0.0,
      1.0
    ]
  ],
  "T_WH": {
    "0": [
      [
        0.161733275213072,
        0.220311825333428,
        -0.961927776554511,
        -0.281932777796353
      ],
      [
        -0.428745214821186,
        0.893643429188874,
        0.132585678847621,
        -0.0380995966758622
      ],
      [
        0.888830629792194,
        0.390978415114955,
        0.238989519555586,
        0.182081133567438
      ],
      [
        0.0,
        0.0,
        0.0,
        1.0
      ]
    ],
    "1": [
      [
        0.445035876787461,
        0.362743171469767,
        -0.818755433523389,
        -0.265955152732267
      ],
      [
        0.712966996690885,
        -0.696750755959483,
        0.0788444398766926,
        0.0317529679095732
      ],
      [
        -0.541868185079726,
        -0.618834206893854,
        -0.568702993113681,
        0.108859997833627
      ],
      [
        0.0,
        0.0,
        0.0,
        1.0
      ]
    ],
    "2": [
      [
        0.190447668722782,
        -0.00347100222499311,
        -0.981691212969543,
        -0.277644189869642
      ],
      [
        0.295667145779333,
        0.953764299319198,
        0.0539870378040975,
        0.0255040410761949
      ],
      [
        0.936114642757371,
        -0.300535544466395,
        0.182668448637217,
        0.187754340623413
      ],
      [
        0.0,
        0.0,
        0.0,
        1.0
      ]
    ],
    "3": [
      [
        0.136956976975085,
        -0.466745912469588,
        -0.87372251868129,
        -0.270243740658978
      ],
      [
        -0.482696785459018,
        -0.801674020173162,
        0.352594070691684,
        -0.0318506698424839
      ],
      [
        -0.865012485323407,
        0.373452833129343,
        -0.335091601897586,
        0.103186790777652
      ],
      [
        0.0,
        0.0,
        0.0,
        1.0
      ]
    ]
  },
  "T_WP": {
    "0": [
      [
        0.961927776554511,
        0.220311825333428,
        0.161733275213072,
        -0.270611448531438
      ],
      [
        -0.132585678847621,
        0.893643429188874,
        -0.428745214821186,
        -0.0681117617133452
      ],
      [
        -0.238989519555586,
        0.390978415114955,
        0.888830629792194,
        0.244299277652891
      ],
      [
        0.0,
        0.0,
        0.0,
        1.0
      ]
    ],
    "1": [
      [
        0.818755433523389,
        0.362743171469767,
        0.44503587678746,
        -0.234802641357145
      ],
      [
        -0.0788444398766925,
        -0.696750755959483,
        0.712966996690885,
        0.0816606576779352
      ],
      [
        0.568702993113681,
        -0.618834206893854,
        -0.541868185079726,
        0.0709292248780466
      ],
      [
        0.0,
        0.0,
        0.0,
        1.0
      ]
    ],
    "2": [
      [
        0.981691212969543,
        -0.00347100222499311,
        0.190447668722782,
        -0.264312853059048
      ],
      [
        -0.0539870378040975,
        0.953764299319198,
        0.295667145779333,
        0.0462007412807482
      ],
      [
        -0.182668448637217,
        -0.300535544466395,
        0.936114642757371,
        0.253282365616429
      ],
      [
        0.0,
        0.0,
        0.0,
        1.0
      ]
    ],
    "3": [
      [
        0.87372251868129,
        -0.466745912469588,
        0.136956976975085,
        -0.260656752270722
      ],
      [
        -0.352594070691684,
        -0.801674020173162,
        -0.482696785459018,
        -0.0656394448246151
      ],
      [
        0.335091601897586,
        0.373452833129343,
        -0.865012485323407,
        0.0426359168050138
      ],
      [
        0.0,
        0.0,
        0.0,
        1.0
      ]
    ]
  },
  "simTime": 1.12749999999989,
  "state": [
    -0.27394396526431,
    -0.0031733143831445,
    0.145470565700532,
    -0.653398807430962,
    -0.00367645742550316,
    0.754965839217737,
    0.0555253430682988,
    -0.326138979442869,
    -0.0206886170681182,
    0.504891085563856,
    -1.90498980475995,
    8.89744717568965,
    -2.77094443965489,
    0.955850256052685,
    -0.136745716428962,
    0.134454229599286,
    0.222649853324022,
    0.973019134843366,
    -0.170049977418883,
    0.155278419238218,
    0.0143311174507008,
    0.968633447358244,
    0.0887399426609861,
    0.135327842249881,
    -0.188575826519202,
    0.978487023837839,
    0.177133587349987,
    0.00760030270389449,
    -0.105494416024276,
    1.83742129322687,
    -1.08725275523122,
    1.25352565095663,
    -0.260853449397315,
    0.0392161918882656,
    1.64631166714502,
    -2.355622938894,
    -1.17208896193485,
    -0.427317598513784,
    -0.472110112144659,
    -0.335626532349075,
    -2.42729196048529
  ]
}