{
  "T_WB": [
    [
      0.24079276047133,
      -0.000277579208150398,
      0.970576513961872,
      -0.00469183125927834
    ],
    [
      0.000247038748292061,
      0.999999944239607,
      0.000224705674813405,
      2.79056572511422e-06
    ],
    [
      -0.970576522215767,
      0.00018566250739892,
      0.240792815617452,
      0.19386388102037
    ],
    [
      0.0,
      0.0,
      0.0,
      1.0
    ]
  ],
  "T_WH": {
    "0": [
      [
        0.476812180256694,
        0.782158312273821,
        0.401096645834675,
        0.00494876169423569
      ],
      [
        -0.588590245577594,
        0.623006264960162,
        -0.51519386315376,
        -0.0319873261000106
      ],
      [
        -0.652848885707685,
        0.00956913587303208,
        0.757427728611039,
        0.155034878931503
      ],
      [
        0.0,
        0.0,
        0.0,
        1.0
      ]
    ],
    "1": [
      [
        -0.10107827275654,
        -0.106231351093966,
        0.989190620063345,
        -0.0143324242127924
      ],
      [
        0.656615287752279,
        -0.754097770748874,
        -0.0138894219308129,
        0.0319929072314608
      ],
      [
        0.747421933493089,
        0.648113764856395,
        0.145976029323731,
        0.232692883109238
      ],
      [
        0.0,
        0.0,
        0.0,
        1.0
      ]
    ],
    "2": [
      [
        0.477259233000589,
        -0.782372117569273,
        0.400146840754568,
        0.00493099662491406
      ],
      [
        0.588977433934352,
        0.622728506991693,
        0.515087166308774,
        0.0320126703313242
      ],
      [
        -0.652172681758287,
        -0.0101526464564094,
        0.758002451802193,
        0.155046761331976
      ],
      [
        0.0,
        0.0,
        0.0,
        1.0
      ]
    ],
    "3": [
      [
        -0.100936065618905,
        0.106827747148874,
        0.989140911648321,
        -0.0143146591434708
      ],
      [
        -0.656787688969856,
        -0.753937959264676,
        0.0144043464777652,
        -0.032007089199874
      ],
      [
        0.747289664236708,
        -0.64820165536576,
        0.146262680496688,
        0.232681000708764
      ],
      [
        0.0,
        0.0,
        0.0,
        1.0
      ]
    ]
  },
  "T_WP": {
    "0": [
      [
        -0.401096645834675,
        0.782158312273821,
        0.476812180256694,
        0.0383256143122042
      ],
      [
        0.51519386315376,
        0.623006264960162,
        -0.588590245577594,
        -0.0731886432904422
      ],
      [
        -0.757427728611039,
        0.00956913587303208,
        -0.652848885707685,
        0.109335456931965
      ],
      [
        0.0,
        0.0,
        0.0,
        1.0
      ]
    ],
    "1": [
      [
        -0.989190620063345,
        -0.106231351093966,
        -0.10107827275654,
        -0.0214079033057502
      ],
      [
        0.013889421930813,
        -0.754097770748874,
        0.656615287752279,
        0.0779559773741203
      ],
      [
        -0.145976029323731,
        0.648113764856395,
        0.747421933493089,
        0.285012418453754
      ],
      [
        0.0,
        0.0,
        0.0,
        1.0
      ]
    ],
    "2": [
      [
        -0.400146840754568,
        -0.782372117569273,
        0.477259233000589,
        0.0383391429349553
      ],
      [
        -0.515087166308774,
        0.622728506991693,
        0.588977433934352,
        0.0732410907067288
      ],
      [
        -0.758002451802193,
        -0.0101526464564094,
        -0.652172681758287,
        0.109394673608896
      ],
      [
        0.0,
        0.0,
        0.0,
        1.0
      ]
    ],
    "3": [
      [
        -0.989140911648321,
        0.106827747148874,
        -0.100936065618905,
        -0.0213801837367941
      ],
      [
        -0.0144043464777652,
        -0.753937959264676,
        -0.656787688969856,
        -0.0779822274277639
      ],
      [
        -0.146262680496687,
        -0.64820165536576,
        0.747289664236708,
        0.284991277205334
      ],
      [
        0.0,
        0.0,
        0.0,
        1.0
      ]
    ]
  },
  "simTime": 0.319499999999981,
  "state": [
    -0.00469183125927834,
    2.79056572511422e-06,
    0.19386388102037,
    0.787652448788231,
    -1.23922573574648e-05,
    0.616119787085033,
    0.000166513148422747,
    -0.119815343508539,
    0.000250163907406558,
    1.77253818911442,
    -0.00927746965085878,
    -5.63053752066888,
    0.00622384306120579,
    0.878089870440325,
    0.449124127869234,
    -0.111831710263854,
    0.121405789710598,
    0.998228620176258,
    0.0278066318566905,
    -0.0401344035904352,
    0.0339947456856168,
    0.877905842853093,
    -0.449335175358795,
    -0.112217171089058,
    -0.121599908644912,
    0.998231755271751,
    -0.0276980426377035,
    -0.0400403523238468,
    -0.0341020730587184,
    8.24958902889521,
    -0.875899694069777,
    0.315734220375118,
    0.652699094881156,
    -0.160240546362137,
    0.0373687101252394,
    -8.25477166627417,
    -0.88253543121908,
    -0.316444033558773,
    -0.652357496516798,
    -0.156669015021299,
    -0.0422836027066471
  ]
}