{
  "T_WB": [
    [
      -0.0389448031107267,
      0.0517750731203514,
      0.99789911519855,
      -0.169769960393759
    ],
    [
      0.0241240620637889,
      0.998414371533023,
      -0.0508603219205464,
      -0.000422772517118123
    ],
    [
      -0.998950114840681,
      0.022092634965106,
      -0.040132076199586,
      0.181151973695666
    ],
    [
      0.0,
      0.0,
      0.0,
      1.0
    ]
  ],
  "T_WH": {
    "0": [
      [
        -0.452607802984376,
        -0.531546099729669,
        0.715964329097361,
        -0.172984554858039
      ],
      [
        -0.784939103793842,
        0.618464069722047,
        -0.0370512860527672,
        -0.0314070699236233
      ],
      [
        -0.423103746158052,
        -0.57875810000813,
        -0.69715298296859,
        0.140487004783155
      ],
      [
        0.0,
        0.0,
        0.0,
        1.0
      ]
    ],
    "1": [
      [
        0.00178274845886554,
        -0.197552986196188,
        0.980290589291207,
        -0.166555365929478
      ],
      [
        0.839395548846216,
        -0.532511754966055,
        -0.108840908670098,
        0.030561524889387
      ],
      [
        0.543518108608253,
        0.823045593189066,
        0.164875762763864,
        0.221816942608176
      ],
      [
        0.0,
        0.0,
        0.0,
        1.0
      ]
    ],
    "2": [
      [
        -0.365933075669675,
        0.592640042189886,
        0.717544956448098,
        -0.169670950178336
      ],
      [
        0.84533750996801,
        0.534137996916674,
        -0.0100545756214262,
        0.0324914498544902
      ],
      [
        -0.389226769855333,
        0.602888364992238,
        -0.696439617615892,
        0.141900933420922
      ],
      [
        0.0,
        0.0,
        0.0,
        1.0
      ]
    ],
    "3": [
      [
        -0.0912935579423776,
        0.150829076076415,
        0.984335347373118,
        -0.169868970609181
      ],
      [
        -0.865418791363208,
        -0.501037053774319,
        -0.00349088822430269,
        -0.0333369948887264
      ],
      [
        0.49266195492819,
        -0.852181002226103,
        0.176271772020505,
        0.22040301397041
      ],
      [
        0.0,
        0.0,
        0.0,
        1.0
      ]
    ]
  },
  "T_WP": {
    "0": [
      [
        -0.715964329097361,
        -0.531546099729669,
        -0.452607802984376,
        -0.204667101066945
      ],
      [
        0.0370512860527671,
        0.618464069722047,
        -0.784939103793842,
        -0.0863528071891922
      ],
      [
        0.69715298296859,
        -0.57875810000813,
        -0.423103746158052,
        0.110869742552091
      ],
      [
        0.0,
        0.0,
        0.0,
        1.0
      ]
    ],
    "1": [
      [
        -0.980290589291207,
        -0.197552986196188,
        0.0017827484588656,
        -0.166430573537358
      ],
      [
        0.108840908670098,
        -0.532511754966055,
        0.839395548846216,
        0.0893192133086221
      ],
      [
        -0.164875762763864,
        0.823045593189066,
        0.543518108608253,
        0.259863210210754
      ],
      [
        0.0,
        0.0,
        0.0,
        1.0
      ]
    ],
    "2": [
      [
        -0.717544956448098,
        0.592640042189886,
        -0.365933075669675,
        -0.195286265475214
      ],
      [
        0.0100545756214262,
        0.534137996916674,
        0.84533750996801,
        0.0916650755522509
      ],
      [
        0.696439617615892,
        0.602888364992238,
        -0.389226769855333,
        0.114655059531049
      ],
      [
        0.0,
        0.0,
        0.0,
        1.0
      ]
    ],
    "3": [
      [
        -0.984335347373118,
        0.150829076076415,
        -0.0912935579423776,
        -0.176259519665147
      ],
      [
        0.00349088822430263,
        -0.501037053774319,
        -0.865418791363208,
        -0.093916310284151
      ],
      [
        -0.176271772020505,
        -0.852181002226103,
        0.49266195492819,
        0.254889350815383
      ],
      [
        0.0,
        0.0,
        0.0,
        1.0
      ]
    ]
  },
  "simTime": 0.883999999999919,
  "state": [
    -0.169769960393759,
    -0.000422772517118123,
    0.181151973695666,
    0.692700781763438,
    0.0263291737234412,
    0.720675247743971,
    -0.00997942105181768,
    -0.446298327716876,
    -0.00145840680887903,
    0.504844993632522,
    0.48155479200684,
    13.0761382823643,
    -0.216424885537784,
    0.930285593914826,
    -0.268712350952532,
    0.235864937410872,
    -0.0820372933504597,
    0.987837750639441,
    -0.0978841551277701,
    0.0429383027162415,
    -0.112922861929638,
    0.930393268134006,
    0.269711363660572,
    0.234534791357826,
    0.0813485006992664,
    0.986534707767709,
    0.100908639691624,
    0.0461742631590733,
    0.120144305845031,
    -1.47515083578436,
    -2.26972370291926,
    2.86776229999796,
    -1.28397017096356,
    -0.846240053589471,
    0.637749531601905,
    1.51321798225085,
    -2.23518371360788,
    -2.83649865396863,
    1.32288477447303,
    -0.875458025740375,
    -0.69788851596708
  ]
}