{
  "T_WB": [
    [
      -0.647175584394563,
      0.0698145740213127,
      0.759137463321221,
      -0.193282812617335
    ],
    [
      0.0474938558439799,
      0.997555812460733,
      -0.051251679805438,
      -0.000499605677934151
    ],
    [
      -0.760860103186274,
      0.00288552941945532,
      -0.648909529209845,
      0.19531654765538
    ],
    [
      0.0,
      0.0,
      0.0,
      1.0
    ]
  ],
  "T_WH": {
    "0": [
      [
        -0.720849320807447,
        -0.670907686250881,
        0.173951525491821,
        -0.221403902361799
      ],
      [
        -0.666811874764179,
        0.739775397517354,
        0.0899682438503876,
        -0.0305216374429184
      ],
      [
        -0.189045445237181,
        -0.0511393953574995,
        -0.980635804913091,
        0.164789806586506
      ],
      [
        0.0,
        0.0,
        0.0,
        1.0
      ]
    ],
    "1": [
      [
        0.397660329178562,
        0.274153975066651,
        0.875617416771019,
        -0.16516172287287
      ],
      [
        0.79702029504067,
        -0.575996531168784,
        -0.181622260130227,
        0.0295224260870501
      ],
      [
        0.454560130115787,
        0.770108819607127,
        -0.447557252284483,
        0.225843288724253
      ],
      [
        0.0,
        0.0,
        0.0,
        1.0
      ]
    ],
    "2": [
      [
        -0.620449293714384,
        0.76830621116704,
        0.15731573287968,
        -0.216935769624435
      ],
      [
        0.761878237803008,
        0.638068453651817,
        -0.111401073677784,
        0.0333219345545685
      ],
      [
        -0.185968343250958,
        0.0507367158626543,
        -0.981244903666748,
        0.164974480469351
      ],
      [
        0.0,
        0.0,
        0.0,
        1.0
      ]
    ],
    "3": [
      [
        0.272663230418223,
        -0.347003707376971,
        0.897353436414291,
        -0.169629855610234
      ],
      [
        -0.852996267592655,
        -0.518612363205807,
        0.0586394423838359,
        -0.0343211459104368
      ],
      [
        0.445030482383958,
        -0.781427951763133,
        -0.437399389519894,
        0.225658614841408
      ],
      [
        0.0,
        0.0,
        0.0,
        1.0
      ]
    ]
  },
  "T_WP": {
    "0": [
      [
        -0.173951525491821,
        -0.670907686250881,
        -0.720849320807447,
        -0.27186335481832
      ],
      [
        -0.0899682438503877,
        0.739775397517354,
        -0.666811874764179,
        -0.0771984686764109
      ],
      [
        0.980635804913091,
        -0.0511393953574995,
        -0.189045445237181,
        0.151556625419903
      ],
      [
        0.0,
        0.0,
        0.0,
        1.0
      ]
    ],
    "1": [
      [
        -0.875617416771019,
        0.274153975066651,
        0.397660329178562,
        -0.137325499830371
      ],
      [
        0.181622260130227,
        -0.575996531168784,
        0.79702029504067,
        0.085313846739897
      ],
      [
        0.447557252284483,
        0.770108819607127,
        0.454560130115787,
        0.257662497832358
      ],
      [
        0.0,
        0.0,
        0.0,
        1.0
      ]
    ],
    "2": [
      [
        -0.15731573287968,
        0.76830621116704,
        -0.620449293714384,
        -0.260367220184442
      ],
      [
        0.111401073677784,
        0.638068453651817,
        0.761878237803008,
        0.086653411200779
      ],
      [
        0.981244903666748,
        0.0507367158626543,
        -0.185968343250958,
        0.151956696441784
      ],
      [
        0.0,
        0.0,
        0.0,
        1.0
      ]
    ],
    "3": [
      [
        -0.897353436414291,
        -0.347003707376971,
        0.272663230418223,
        -0.150543429480958
      ],
      [
        -0.0586394423838359,
        -0.518612363205807,
        -0.852996267592655,
        -0.0940308846419227
      ],
      [
        0.437399389519894,
        -0.781427951763133,
        0.445030482383958,
        0.256810748608285
      ],
      [
        0.0,
        0.0,
        0.0,
        1.0
      ]
    ]
  },
  "simTime": 0.934999999999913,
  "state": [
    -0.193282812617335,
    -0.000499605677934151,
    0.19531654765538,
    0.418769238022662,
    0.032319237129569,
    0.907419545478433,
    -0.01332518971709,
    -0.469433702072911,
    -0.00188639467290888,
    0.0528783231543346,
    0.472607563678822,
    13.014352622135,
    -0.236680214690486,
    0.939052744295758,
    -0.27556965297652,
    0.205349358470009,
    0.00854112199669268,
    0.987078283028107,
    -0.130157020233358,
    0.0289111030955641,
    -0.0888806017984584,
    0.938538931709965,
    0.277726057425515,
    0.204772492072171,
    -0.00900761800648531,
    0.98597040219102,
    0.133968659607755,
    0.0321163747851089,
    0.0942512743512895,
    -0.323505409907913,
    -2.1027740394221,
    2.94806744894386,
    -1.16372036928539,
    -0.719542831798976,
    1.00026570045913,
    0.372226666370219,
    -2.08069142468856,
    -2.95372264889747,
    1.18523004383315,
    -0.738226791048659,
    -1.06657418438954
  ]
}