{
  "arms": {
    "0": [
      [
        -0.510069608688354,
        0.351874619722366,
        0.784864962100983,
        0.0281947664916515
      ],
      [
        -0.791018486022949,
        -0.550277709960938,
        -0.267365425825119,
        0.546624183654785
      ],
      [
        0.337814599275589,
        -0.757217764854431,
        0.559019267559052,
        0.031964935362339
      ],
      [
        0.0,
        0.0,
        0.0,
        1.0
      ]
    ],
    "1": [
      [
        -0.505732178688049,
        0.690674543380737,
        -0.51691722869873,
        -0.0410784780979156
      ],
      [
        -0.854820668697357,
        -0.320448130369186,
        0.408160030841827,
        0.586639165878296
      ],
      [
        0.116260573267937,
        0.648291230201721,
        0.752463936805725,
        0.0321048013865948
      ],
      [
        0.0,
        0.0,
        0.0,
        1.0
      ]
    ],
    "2": [
      [
        -0.763318061828613,
        -0.504491031169891,
        -0.403527170419693,
        -0.0411409176886082
      ],
      [
        -0.644498407840729,
        0.637567937374115,
        0.422053158283234,
        0.586754739284515
      ],
      [
        0.0443539693951607,
        0.582233488559723,
        -0.811810851097107,
        -0.0318950638175011
      ],
      [
        0.0,
        0.0,
        0.0,
        1.0
      ]
    ],
    "3": [
      [
        -0.395467489957809,
        -0.597329914569855,
        0.697712123394012,
        0.0281323231756687
      ],
      [
        -0.918398916721344,
        0.267258554697037,
        -0.291746944189072,
        0.546739816665649
      ],
      [
        -0.0122003499418497,
        -0.756154537200928,
        -0.654279351234436,
        -0.0320349298417568
      ],
      [
        0.0,
        0.0,
        0.0,
        1.0
      ]
    ]
  },
  "base": [
    [
      0.865915536880493,
      -0.000975663715507835,
      0.500189125537872,
      -0.00647307699546218
    ],
    [
      -0.50018709897995,
      0.00180632853880525,
      0.865915477275848,
      0.566689491271973
    ],
    [
      -0.00174834835343063,
      -0.999997913837433,
      0.00107611354906112,
      3.49358342646156e-05
    ],
    [
      0.0,
      0.0,
      0.0,
      1.0
    ]
  ]
}