{
  "T_WB": [
    [
      0.0285111318378616,
      -0.367982024595876,
      0.929395688033705,
      -0.0657145469890058
    ],
    [
      -0.319160790159888,
      0.877755162289194,
      0.357326552468727,
      0.00416919643329476
    ],
    [
      -0.947271611200209,
      -0.306814446610635,
      -0.0924196405812643,
      0.856592932437923
    ],
    [
      0.0,
      0.0,
      0.0,
      1.0
    ]
  ],
  "T_WH": {
    "0": [
      [
        -0.0943275421306009,
        -0.315808024256186,
        0.944122665023462,
        0.0129158700605825
      ],
      [
        -0.526469044867609,
        0.820717746411344,
        0.22192955080762,
        -0.0408545967996497
      ],
      [
        -0.844945358938545,
        -0.476117288638933,
        -0.243679436693629,
        -0.0280728021564681
      ],
      [
        0.0,
        0.0,
        0.0,
        1.0
      ]
    ],
    "1": [
      [
        -0.3518934800525,
        0.360861704627282,
        0.863683859308505,
        -0.0129158700605825
      ],
      [
        0.867747235315163,
        -0.22021209669497,
        0.445557367879936,
        0.0408545967996497
      ],
      [
        0.350978224822328,
        0.906248013847588,
        -0.23564554546579,
        0.0280728021564681
      ],
      [
        0.0,
        0.0,
        0.0,
        1.0
      ]
    ],
    "2": [
      [
        -0.236556965417714,
        -0.486900191892211,
        0.840814489199425,
        -0.0106349795135536
      ],
      [
        -0.303883285742147,
        0.859037754786718,
        0.411957624638205,
        0.0153217335868587
      ],
      [
        -0.922873637481817,
        -0.158058024112423,
        -0.351172194592279,
        -0.0477089267395487
      ],
      [
        0.0,
        0.0,
        0.0,
        1.0
      ]
    ],
    "3": [
      [
        0.206313169167965,
        0.0358861589854516,
        0.977827725021715,
        0.0106349795135536
      ],
      [
        -0.520348480925627,
        -0.842283070331898,
        0.140700703021211,
        -0.0153217335868587
      ],
      [
        0.828656946284929,
        -0.537839579266477,
        -0.155100781262362,
        0.0477089267395487
      ],
      [
        0.0,
        0.0,
        0.0,
        1.0
      ]
    ]
  },
  "T_WP": {
    "0": [
      [
        -0.944122665023462,
        -0.315808024256186,
        -0.0943275421306008,
        0.00631294211144044
      ],
      [
        -0.22192955080762,
        0.820717746411344,
        -0.526469044867609,
        -0.0777074299403824
      ],
      [
        0.243679436693629,
        -0.476117288638933,
        -0.844945358938545,
        -0.0872189772821663
      ],
      [
        0.0,
        0.0,
        0.0,
        1.0
      ]
    ],
    "1": [
      [
        -0.863683859308505,
        0.360861704627282,
        -0.3518934800525,
        -0.0375484136642575
      ],
      [
        -0.445557367879936,
        -0.22021209669497,
        0.867747235315163,
        0.101596903271711
      ],
      [
        0.23564554546579,
        0.906248013847588,
        0.350978224822328,
        0.052641277894031
      ],
      [
        0.0,
        0.0,
        0.0,
        1.0
      ]
    ],
    "2": [
      [
        -0.840814489199425,
        -0.486900191892211,
        -0.236556965417714,
        -0.0271939670927935
      ],
      [
        -0.411957624638205,
        0.859037754786718,
        -0.303883285742147,
        -0.0059500964150916
      ],
      [
        0.351172194592279,
        -0.158058024112423,
        -0.922873637481817,
        -0.112310081363276
      ],
      [
        0.0,
        0.0,
        0.0,
        1.0
      ]
    ],
    "3": [
      [
        -0.977827725021715,
        0.0358861589854516,
        0.206313169167965,
        0.0250769013553111
      ],
      [
        -0.140700703021211,
        -0.842283070331898,
        -0.520348480925627,
        -0.0517461272516526
      ],
      [
        0.155100781262362,
        -0.537839579266477,
        0.828656946284929,
        0.105714912979494
      ],
      [
        0.0,
        0.0,
        0.0,
        1.0
      ]
    ]
  }
}