{
  "T_WB": [
    [
      0.653252082642706,
      0.0222076069778961,
      0.756814732094509,
      -0.145796245701923
    ],
    [
      0.00372959069789991,
      0.999463247386363,
      -0.0325470010466711,
      -0.000304564816821752
    ],
    [
      -0.757131300816572,
      0.0240840054023655,
      0.652818622595576,
      0.136816107237404
    ],
    [
      0.0,
      0.0,
      0.0,
      1.0
    ]
  ],
  "T_WH": {
    "0": [
      [
        -0.182454690037124,
        0.108440498995441,
        0.977215914862768,
        -0.120376805819508
      ],
      [
        -0.865451291874998,
        0.453945554818855,
        -0.211961068718051,
        -0.0321382051052694
      ],
      [
        -0.466587984709587,
        -0.884406067051681,
        0.0110254744489692,
        0.105760167031865
      ],
      [
        0.0,
        0.0,
        0.0,
        1.0
      ]
    ],
    "1": [
      [
        -0.38593793656728,
        -0.667242852650263,
        0.637054852195107,
        -0.171215685584339
      ],
      [
        0.865202137041553,
        -0.501422178982428,
        -0.00102979767074644,
        0.0315290754716259
      ],
      [
        0.320120557254481,
        0.550783781543768,
        0.770817783144258,
        0.167872047442943
      ],
      [
        0.0,
        0.0,
        0.0,
        1.0
      ]
    ],
    "2": [
      [
        -0.138268090854497,
        -0.0896977266832035,
        0.986324618408827,
        -0.118955518972923
      ],
      [
        0.893693862675488,
        0.41790948974461,
        0.163287899727951,
        0.0318274427274579
      ],
      [
        -0.426840971402252,
        0.904049764232736,
        0.0223787605357581,
        0.107301543377617
      ],
      [
        0.0,
        0.0,
        0.0,
        1.0
      ]
    ],
    "3": [
      [
        -0.417528219582605,
        0.65444576383439,
        0.630373641621699,
        -0.172636972430924
      ],
      [
        -0.870003606255391,
        -0.488124927630078,
        -0.0694822288700197,
        -0.0324365723611014
      ],
      [
        0.262228737850745,
        -0.577438132811952,
        0.773176106601757,
        0.166330671097191
      ],
      [
        0.0,
        0.0,
        0.0,
        1.0
      ]
    ]
  },
  "T_WP": {
    "0": [
      [
        -0.977215914862768,
        0.108440498995441,
        -0.182454690037124,
        -0.133148634122107
      ],
      [
        0.211961068718051,
        0.453945554818855,
        -0.865451291874998,
        -0.0927197955365193
      ],
      [
        -0.0110254744489692,
        -0.884406067051681,
        -0.466587984709587,
        0.0730990081021943
      ],
      [
        0.0,
        0.0,
        0.0,
        1.0
      ]
    ],
    "1": [
      [
        -0.637054852195107,
        -0.667242852650263,
        -0.38593793656728,
        -0.198231341144049
      ],
      [
        0.00102979767074649,
        -0.501422178982428,
        0.865202137041553,
        0.0920932250645346
      ],
      [
        -0.770817783144258,
        0.550783781543768,
        0.320120557254481,
        0.190280486450756
      ],
      [
        0.0,
        0.0,
        0.0,
        1.0
      ]
    ],
    "2": [
      [
        -0.986324618408827,
        -0.0896977266832035,
        -0.138268090854497,
        -0.128634285332737
      ],
      [
        -0.163287899727951,
        0.41790948974461,
        0.893693862675488,
        0.094386013114742
      ],
      [
        -0.0223787605357581,
        0.904049764232736,
        -0.426840971402252,
        0.0774226753794591
      ],
      [
        0.0,
        0.0,
        0.0,
        1.0
      ]
    ],
    "3": [
      [
        -0.630373641621699,
        0.65444576383439,
        -0.417528219582605,
        -0.201863947801707
      ],
      [
        0.0694822288700196,
        -0.488124927630078,
        -0.870003606255391,
        -0.0933368247989788
      ],
      [
        -0.773176106601757,
        -0.577438132811952,
        0.262228737850745,
        0.184686682746743
      ],
      [
        0.0,
        0.0,
        0.0,
        1.0
      ]
    ]
  },
  "simTime": 0.826499999999925,
  "state": [
    -0.145796245701923,
    -0.000304564816821752,
    0.136816107237404,
    0.909056372375312,
    0.0155741184402742,
    0.416350976385333,
    -0.00508164753075604,
    -0.382107880063554,
    -0.00288300117144561,
    1.04439612782293,
    0.491690742039922,
    13.0250193778181,
    -0.200546474089031,
    0.918093878494582,
    -0.223487294764452,
    0.270591135464301,
    -0.184221325469617,
    0.987860471807376,
    -0.0569676383386056,
    0.0637932550526295,
    -0.12967959373942,
    0.919047650414478,
    0.22345861163564,
    0.268675227502885,
    0.182294506992868,
    0.986314131463807,
    0.0585814666566541,
    0.0672873157215296,
    0.138654473357852,
    -2.63413792274254,
    -2.35854555095466,
    2.37929425632663,
    -1.45599369198793,
    -1.02552715861971,
    0.28722591658505,
    2.65612786947693,
    -2.33812749932554,
    -2.33133066471571,
    1.49789457971456,
    -1.05855395240522,
    -0.319177656994776
  ]
}