{
  "T_WB": [
    [
      0.94482820230681,
      -0.00211948189999918,
      -0.327559423497719,
      -0.120465022834031
    ],
    [
      0.00308298506494836,
      0.999992313962829,
      0.00242223416624407,
      -1.01153673251751e-05
    ],
    [
      0.327551771982342,
      -0.00329845596338508,
      0.94482747465317,
      0.0503551797242642
    ],
    [
      0.0,
      0.0,
      0.0,
      1.0
    ]
  ],
  "T_WH": {
    "0": [
      [
        -0.127257121377824,
        0.991100972657209,
        0.0390446802594576,
        -0.0826040713209584
      ],
      [
        -0.92564849470088,
        -0.104526533538006,
        -0.363660649568417,
        -0.0318865500115378
      ],
      [
        -0.356343218423789,
        -0.0824200569307104,
        0.930712869202374,
        0.0635628011943862
      ],
      [
        0.0,
        0.0,
        0.0,
        1.0
      ]
    ],
    "1": [
      [
        -0.569179582621475,
        -0.750321090233122,
        -0.336233347956776,
        -0.158325974347103
      ],
      [
        0.791176864389487,
        -0.611100950884634,
        0.0243884620818,
        0.0318663192768874
      ],
      [
        -0.223771696113835,
        -0.252138631271123,
        0.941462871620045,
        0.0371475582541422
      ],
      [
        0.0,
        0.0,
        0.0,
        1.0
      ]
    ],
    "2": [
      [
        -0.131073136575976,
        -0.990669001266294,
        0.0373465232408573,
        -0.0827397181625583
      ],
      [
        0.922526588799693,
        -0.10809062078579,
        0.370487665996784,
        0.0321129580820833
      ],
      [
        -0.362993837173219,
        0.0830141411338276,
        0.928086271068631,
        0.0633517000127296
      ],
      [
        0.0,
        0.0,
        0.0,
        1.0
      ]
    ],
    "3": [
      [
        -0.565606449964451,
        0.753224295789436,
        -0.335771505627145,
        -0.158190327505503
      ],
      [
        -0.795177055063062,
        -0.606045849581898,
        -0.020046927589813,
        -0.0321331888167336
      ],
      [
        -0.218592760309775,
        0.255659125471915,
        0.941730118825499,
        0.0373586594357989
      ],
      [
        0.0,
        0.0,
        0.0,
        1.0
      ]
    ]
  },
  "T_WP": {
    "0": [
      [
        -0.0390446802594577,
        0.991100972657209,
        -0.127257121377824,
        -0.0915120698174061
      ],
      [
        0.363660649568416,
        -0.104526533538006,
        -0.92564849470088,
        -0.0966819446405994
      ],
      [
        -0.930712869202374,
        -0.0824200569307104,
        -0.356343218423789,
        0.038618775904721
      ],
      [
        0.0,
        0.0,
        0.0,
        1.0
      ]
    ],
    "1": [
      [
        0.336233347956776,
        -0.750321090233122,
        -0.569179582621475,
        -0.198168545130606
      ],
      [
        -0.0243884620817999,
        -0.611100950884634,
        0.791176864389487,
        0.0872486997841515
      ],
      [
        -0.941462871620045,
        -0.252138631271123,
        -0.223771696113835,
        0.0214835395261738
      ],
      [
        0.0,
        0.0,
        0.0,
        1.0
      ]
    ],
    "2": [
      [
        -0.0373465232408573,
        -0.990669001266294,
        -0.131073136575976,
        -0.0919148377228767
      ],
      [
        -0.370487665996784,
        -0.10809062078579,
        0.922526588799693,
        0.0966898192980618
      ],
      [
        -0.928086271068631,
        0.0830141411338276,
        -0.362993837173219,
        0.0379421314106043
      ],
      [
        0.0,
        0.0,
        0.0,
        1.0
      ]
    ],
    "3": [
      [
        0.335771505627145,
        0.753224295789436,
        -0.565606449964451,
        -0.197782779003015
      ],
      [
        0.0200469275898129,
        -0.606045849581898,
        -0.795177055063062,
        -0.087795582671148
      ],
      [
        -0.941730118825499,
        0.255659125471915,
        -0.218592760309775,
        0.0220571662141146
      ],
      [
        0.0,
        0.0,
        0.0,
        1.0
      ]
    ]
  },
  "simTime": 0.746999999999934,
  "state": [
    -0.120465022834031,
    -1.01153673251751e-05,
    0.0503551797242642,
    0.986109526234638,
    -0.00145031813846101,
    -0.166084795362828,
    0.00131893740668256,
    -0.34104032065996,
    -0.000401578571517614,
    -2.49344617888907,
    -0.0118634617546305,
    -1.95054587558435,
    0.000692598937375135,
    0.853998531397318,
    -0.112487058851785,
    0.23345294767127,
    -0.451146197130924,
    0.997787097871931,
    0.00378181897015217,
    0.0113122065601507,
    -0.0654113074959351,
    0.853962055740131,
    0.112311774701049,
    0.233694801517514,
    0.451133696772121,
    0.997777841364196,
    -0.00407294018081212,
    0.0113527504286142,
    0.0655278986279412,
    -4.88752296390937,
    -2.61021355305724,
    0.827757003688906,
    -0.632799832982986,
    0.0132636776368571,
    -0.202573209559814,
    4.88805268058414,
    -2.61238213674935,
    -0.828223790048702,
    0.633832717872709,
    0.0130548206456883,
    0.205786454451069
  ]
}