{
  "T_WB": [
    [
      0.996411077794902,
      -0.00243118387351548,
      -0.0846111895234587,
      -0.00432853508467884
    ],
    [
      0.00261550272627876,
      0.999994441988502,
      0.00206764058612911,
      3.77360247071304e-06
    ],
    [
      0.0846056924390453,
      -0.00228152078178969,
      0.996411898498724,
      0.295579955848096
    ],
    [
      0.0,
      0.0,
      0.0,
      1.0
    ]
  ],
  "T_WH": {
    "0": [
      [
        0.62958721374118,
        0.729506372250255,
        -0.26728335739415,
        0.0399342409957486
      ],
      [
        -0.776537535063108,
        0.579928047848252,
        -0.246318728392763,
        -0.0318952020345809
      ],
      [
        -0.0246859662911851,
        0.362634681415315,
        0.931604363935186,
        0.00345723636257908
      ],
      [
        0.0,
        0.0,
        0.0,
        1.0
      ]
    ],
    "1": [
      [
        -0.662493316493405,
        -0.700984346916213,
        -0.264052174730713,
        -0.0399342409957486
      ],
      [
        0.73001870615657,
        -0.683192860696214,
        -0.0178942380450147,
        0.0318952020345809
      ],
      [
        -0.167854979857785,
        -0.204617840063308,
        0.964342390059033,
        -0.00345723636257908
      ],
      [
        0.0,
        0.0,
        0.0,
        1.0
      ]
    ],
    "2": [
      [
        0.624794887777478,
        -0.73338681895696,
        -0.267908794158235,
        0.0397786452278436
      ],
      [
        0.780288800575157,
        0.574208103682801,
        0.247859721136744,
        0.0321044422526832
      ],
      [
        -0.0279416517784898,
        -0.363907718309455,
        0.93101580902297,
        0.00331121903254454
      ],
      [
        0.0,
        0.0,
        0.0,
        1.0
      ]
    ],
    "3": [
      [
        -0.66200857495696,
        0.701971601807169,
        -0.262641422741602,
        -0.0397786452278436
      ],
      [
        -0.731127045343719,
        -0.681941868959641,
        0.0202121480004958,
        -0.0321044422526832
      ],
      [
        -0.164917828782756,
        0.205404862688566,
        0.964681788017931,
        -0.00331121903254454
      ],
      [
        0.0,
        0.0,
        0.0,
        1.0
      ]
    ]
  },
  "T_WP": {
    "0": [
      [
        0.26728335739415,
        0.729506372250255,
        0.62958721374118,
        0.0840053459576312
      ],
      [
        0.246318728392763,
        0.579928047848252,
        -0.776537535063108,
        -0.0862528294889985
      ],
      [
        -0.931604363935186,
        0.362634681415315,
        -0.024685966291185,
        0.00172921872219613
      ],
      [
        0.0,
        0.0,
        0.0,
        1.0
      ]
    ],
    "1": [
      [
        0.264052174730713,
        -0.700984346916213,
        -0.662493316493405,
        -0.0863087731502869
      ],
      [
        0.0178942380450147,
        -0.683192860696214,
        0.73001870615657,
        0.0829965114655408
      ],
      [
        -0.964342390059033,
        -0.204617840063308,
        -0.167854979857785,
        -0.015207084952624
      ],
      [
        0.0,
        0.0,
        0.0,
        1.0
      ]
    ],
    "2": [
      [
        0.267908794158235,
        -0.73338681895696,
        0.624794887777478,
        0.0835142873722671
      ],
      [
        -0.247859721136744,
        0.574208103682801,
        0.780288800575157,
        0.0867246582929442
      ],
      [
        -0.93101580902297,
        -0.363907718309455,
        -0.0279416517784898,
        0.00135530340805025
      ],
      [
        0.0,
        0.0,
        0.0,
        1.0
      ]
    ],
    "3": [
      [
        0.262641422741602,
        0.701971601807169,
        -0.66200857495696,
        -0.0861192454748308
      ],
      [
        -0.0202121480004959,
        -0.681941868959641,
        -0.731127045343719,
        -0.0832833354267436
      ],
      [
        -0.964681788017931,
        0.205404862688566,
        -0.164917828782756,
        -0.0148554670473375
      ],
      [
        0.0,
        0.0,
        0.0,
        1.0
      ]
    ]
  }
}