{
  "T_WB": [
    [
      0.0417101234707654,
      -1.10264785454161e-05,
      0.99912975407525,
      -0.00158781811075984
    ],
    [
      9.21201896275201e-06,
      0.999999999900842,
      1.06515135322152e-05,
      -8.83972364486207e-07
    ],
    [
      -0.999129754093627,
      8.75972629621174e-06,
      0.0417101235682057,
      0.134073259041834
    ],
    [
      0.0,
      0.0,
      0.0,
      1.0
    ]
  ],
  "T_WH": {
    "0": [
      [
        0.162690204278892,
        0.374823584740133,
        0.912709799308766,
        8.0939675384232e-05
      ],
      [
        -0.642121225520008,
        0.742559089565459,
        -0.190489711639237,
        -0.0320005154884329
      ],
      [
        -0.749140994184923,
        -0.555079524776651,
        0.36148926955769,
        0.0941077885668472
      ],
      [
        0.0,
        0.0,
        0.0,
        1.0
      ]
    ],
    "1": [
      [
        -0.00207162573139281,
        -0.00914936399007466,
        0.999955997784606,
        -0.00325657589690391
      ],
      [
        0.689392532296789,
        -0.724369312395126,
        -0.00519958398662157,
        0.0319987475437039
      ],
      [
        0.724385011427107,
        0.689351425906112,
        0.00780812531661173,
        0.17403872951682
      ],
      [
        0.0,
        0.0,
        0.0,
        1.0
      ]
    ],
    "2": [
      [
        0.162993782694899,
        -0.37495548356447,
        0.912601453071242,
        8.02339807573255e-05
      ],
      [
        0.642005234989026,
        0.742664420914877,
        0.190470040042667,
        0.031999484505221
      ],
      [
        -0.749174415639972,
        0.554849478013727,
        0.361773066574064,
        0.0941083491893301
      ],
      [
        0.0,
        0.0,
        0.0,
        1.0
      ]
    ],
    "3": [
      [
        -0.00207053054786171,
        0.0091850739176519,
        0.999955672677733,
        -0.003255870202277
      ],
      [
        -0.689395478276336,
        -0.724366317288765,
        0.00522617543278834,
        -0.0320012524499499
      ],
      [
        0.724382210877236,
        -0.689354098264919,
        0.00783197101425164,
        0.174038168894337
      ],
      [
        0.0,
        0.0,
        0.0,
        1.0
      ]
    ]
  },
  "T_WP": {
    "0": [
      [
        -0.912709799308766,
        0.374823584740133,
        0.162690204278892,
        0.0114692539749067
      ],
      [
        0.190489711639237,
        0.742559089565459,
        -0.642121225520008,
        -0.0769490012748335
      ],
      [
        -0.36148926955769,
        -0.555079524776651,
        -0.749140994184923,
        0.0416679189739025
      ],
      [
        0.0,
        0.0,
        0.0,
        1.0
      ]
    ],
    "1": [
      [
        -0.999955997784606,
        -0.00914936399007466,
        -0.00207162573139275,
        -0.0034015896981014
      ],
      [
        0.00519958398662161,
        -0.724369312395126,
        0.689392532296789,
        0.0802562248044792
      ],
      [
        -0.00780812531661168,
        0.689351425906112,
        0.724385011427107,
        0.224745680316718
      ],
      [
        0.0,
        0.0,
        0.0,
        1.0
      ]
    ],
    "2": [
      [
        -0.912601453071242,
        -0.37495548356447,
        0.162993782694899,
        0.0114897987694003
      ],
      [
        -0.190470040042667,
        0.742664420914877,
        0.642005234989026,
        0.0769398509544528
      ],
      [
        -0.361773066574064,
        0.554849478013727,
        -0.749174415639972,
        0.0416661400945321
      ],
      [
        0.0,
        0.0,
        0.0,
        1.0
      ]
    ],
    "3": [
      [
        -0.999955672677733,
        0.0091850739176519,
        -0.00207053054786165,
        -0.00340080734062732
      ],
      [
        -0.00522617543278838,
        -0.724366317288765,
        -0.689395478276336,
        -0.0802589359292935
      ],
      [
        -0.0078319710142516,
        -0.689354098264919,
        0.724382210877236,
        0.224744923655744
      ],
      [
        0.0,
        0.0,
        0.0,
        1.0
      ]
    ]
  },
  "simTime": 0.287999999999985,
  "state": [
    -0.00158781811075984,
    -8.83972364486207e-07,
    0.134073259041834,
    0.721702890208258,
    -6.553206526087e-07,
    0.692202960276441,
    7.01067495459524e-06,
    -0.13037938880232,
    -0.000116148724152138,
    2.01594657705114,
    -0.00298362016305217,
    -7.26545202224285,
    0.00555598494344946,
    0.98022727910277,
    0.182234677112196,
    -0.0574011955106256,
    0.0514791852552628,
    0.999776975806017,
    0.00997602797145309,
    -0.0139560934875822,
    0.0123168570931386,
    0.98019841120822,
    -0.182317352913323,
    -0.0575407341494247,
    -0.0515802423909043,
    0.99977708801836,
    -0.00996596676484525,
    -0.0139492927914576,
    -0.0123235956842531,
    34.6415029439108,
    -9.47775808085318,
    8.78733092774739,
    1.96591919549329,
    -4.26085868687816,
    3.7803118991399,
    -34.6665335343312,
    -9.51200557429864,
    -8.80938838765875,
    -1.95523078903806,
    -4.25701656128735,
    -3.78416234255428
  ]
}