{
  "T_WB": [
    [
      0.0966571437007968,
      0.118209201524508,
      -0.98827323208035,
      -0.282830494183664
    ],
    [
      -0.179788849849302,
      0.978662647877417,
      0.0994755805181748,
      -0.00374308914725215
    ],
    [
      0.978945027078369,
      0.168065482251713,
      0.115847432574186,
      0.155792791326261
    ],
    [
      0.0,
      0.0,
      0.0,
      1.0
    ]
  ],
  "T_WH": {
    "0": [
      [
        0.337229950373957,
        0.27500911005282,
        -0.900358789571543,
        -0.282746902884417
      ],
      [
        -0.491461281875393,
        0.867144334757529,
        0.0807868251345293,
        -0.0422518478733016
      ],
      [
        0.80295813651035,
        0.415247747839621,
        0.427583370731309,
        0.18957249697734
      ],
      [
        0.0,
        0.0,
        0.0,
        1.0
      ]
    ],
    "1": [
      [
        0.309338944913586,
        0.1662096222635,
        -0.936313931663293,
        -0.282914085482912
      ],
      [
        0.734459294475561,
        -0.667188362094868,
        0.124214468737051,
        0.0347656695787973
      ],
      [
        -0.604052118544592,
        -0.726108842359182,
        -0.32846154589175,
        0.122013085675181
      ],
      [
        0.0,
        0.0,
        0.0,
        1.0
      ]
    ],
    "2": [
      [
        0.38999247016935,
        0.0151148697605692,
        -0.920693984950119,
        -0.275181513986848
      ],
      [
        0.184940242622497,
        0.978205659569613,
        0.094397003367217,
        0.0203825615908531
      ],
      [
        0.90205486522159,
        -0.207087489477514,
        0.378697493828464,
        0.20032868784145
      ],
      [
        0.0,
        0.0,
        0.0,
        1.0
      ]
    ],
    "3": [
      [
        -0.0769525971745367,
        -0.376093033521861,
        -0.923380922439065,
        -0.29047947438048
      ],
      [
        -0.335365618233059,
        -0.862400170542501,
        0.379204229875439,
        -0.0278687398853574
      ],
      [
        -0.938939934125316,
        0.338850964266874,
        -0.0597647397731968,
        0.111256894811071
      ],
      [
        0.0,
        0.0,
        0.0,
        1.0
      ]
    ]
  },
  "T_WP": {
    "0": [
      [
        0.900358789571543,
        0.27500911005282,
        0.337229950373957,
        -0.25914080635824
      ],
      [
        -0.0807868251345293,
        0.867144334757529,
        -0.491461281875393,
        -0.0766541376045791
      ],
      [
        -0.427583370731309,
        0.415247747839621,
        0.80295813651035,
        0.245779566533065
      ],
      [
        0.0,
        0.0,
        0.0,
        1.0
      ]
    ],
    "1": [
      [
        0.936313931663293,
        0.1662096222635,
        0.309338944913586,
        -0.261260359338961
      ],
      [
        -0.124214468737051,
        -0.667188362094868,
        0.734459294475561,
        0.0861778201920866
      ],
      [
        0.32846154589175,
        -0.726108842359182,
        -0.604052118544592,
        0.0797294373770591
      ],
      [
        0.0,
        0.0,
        0.0,
        1.0
      ]
    ],
    "2": [
      [
        0.920693984950119,
        0.0151148697605692,
        0.38999247016935,
        -0.247882041074994
      ],
      [
        -0.094397003367217,
        0.978205659569613,
        0.184940242622497,
        0.0333283785744279
      ],
      [
        -0.378697493828464,
        -0.207087489477514,
        0.90205486522159,
        0.263472528406961
      ],
      [
        0.0,
        0.0,
        0.0,
        1.0
      ]
    ],
    "3": [
      [
        0.923380922439065,
        -0.376093033521861,
        -0.0769525971745367,
        -0.295866156182698
      ],
      [
        -0.379204229875439,
        -0.862400170542501,
        -0.335365618233059,
        -0.0513443331616716
      ],
      [
        0.0597647397731968,
        0.338850964266874,
        -0.938939934125316,
        0.0455310994222989
      ],
      [
        0.0,
        0.0,
        0.0,
        1.0
      ]
    ]
  },
  "simTime": 1.15599999999989,
  "state": [
    -0.282830494183664,
    -0.00374308914725215,
    0.155792791326261,
    -0.740129587327854,
    -0.0231682069288613,
    0.664484400043078,
    0.10065739043405,
    -0.300463978003177,
    -0.0196217492244352,
    0.217390891005483,
    -1.83987265502076,
    8.78120170404622,
    -2.81691278638603,
    0.95833510214231,
    -0.102535989186816,
    0.125701031821591,
    0.235115830012266,
    0.973766749036087,
    -0.16770930698666,
    0.148506399892224,
    0.0399719403181253,
    0.971952642083811,
    0.0545865546524073,
    0.124261954650915,
    -0.192060761801606,
    0.976278363022455,
    0.167977326317702,
    0.0104071558435838,
    -0.136219920880167,
    2.21632142079829,
    -1.37229715310035,
    0.818334030724525,
    0.0429887415048848,
    -1.27717468968883,
    1.71468677639873,
    -2.04197470413944,
    -1.29018825995154,
    -0.414912447067484,
    -0.759119567398573,
    -0.206102776347896,
    -1.98634221083382
  ]
}