{
  "T_WB": [
    [
      -2.22044604925031e-16,
      3.3419849392345e-21,
      1.0,
      6.50489121013525e-37
    ],
    [
      -1.93007301985418e-20,
      1.0,
      -3.3419849392345e-21,
      1.89590434841697e-21
    ],
    [
      -1.0,
      -1.93007301985418e-20,
      -2.22044604925031e-16,
      0.485965529575
    ],
    [
      0.0,
      0.0,
      0.0,
      1.0
    ]
  ],
  "T_WH": {
    "0": [
      [
        -1.57024085829848e-16,
        -1.5615681370775e-16,
        1.0,
        -8.88189114051931e-18
      ],
      [
        -0.707106779455507,
        0.707106782917588,
        -6.13253456540759e-19,
        -0.032
      ],
      [
        -0.707106782917588,
        -0.707106779455507,
        -2.2145233780264e-16,
        0.445965529575
      ],
      [
        0.0,
        0.0,
        0.0,
        1.0
      ]
    ],
    "1": [
      [
        1.57024085829848e-16,
        1.56164329576564e-16,
        1.0,
        8.88189114051931e-18
      ],
      [
        0.707106779455507,
        -0.707106782917588,
        -6.07938934723319e-19,
        0.032
      ],
      [
        0.707106782917588,
        0.707106779455507,
        -2.21457652324431e-16,
        0.525965529575
      ],
      [
        0.0,
        0.0,
        0.0,
        1.0
      ]
    ],
    "2": [
      [
        -1.57022337304277e-16,
        1.56557274472726e-16,
        1.0,
        -8.8816772534832e-18
      ],
      [
        0.707106779455507,
        0.707106782917588,
        3.2884853904865e-19,
        0.032
      ],
      [
        -0.707106782917588,
        0.707106779455507,
        -2.21734269930169e-16,
        0.445965529575
      ],
      [
        0.0,
        0.0,
        0.0,
        1.0
      ]
    ],
    "3": [
      [
        1.57022337304277e-16,
        -1.5616007063478e-16,
        1.0,
        8.8816772534832e-18
      ],
      [
        -0.707106779455507,
        -0.707106782917588,
        6.0971406706121e-19,
        -0.032
      ],
      [
        0.707106782917588,
        -0.707106779455507,
        -2.21453404403531e-16,
        0.525965529575
      ],
      [
        0.0,
        0.0,
        0.0,
        1.0
      ]
    ]
  },
  "T_WP": {
    "0": [
      [
        -1.0,
        -1.5615681370775e-16,
        -9.57917458724804e-17,
        -1.98735771486087e-17
      ],
      [
        -4.26845492492383e-17,
        0.707106782917588,
        -0.707106779455507,
        -0.0814974745618855
      ],
      [
        1.7815453488487e-16,
        -0.707106779455507,
        -0.707106782917588,
        0.396468054770768
      ],
      [
        0.0,
        0.0,
        0.0,
        1.0
      ]
    ],
    "1": [
      [
        -1.0,
        1.56164329576564e-16,
        2.18256425787216e-16,
        1.98735771486087e-17
      ],
      [
        4.39057416405023e-17,
        -0.707106782917588,
        0.707106779455507,
        0.0814974745618855
      ],
      [
        2.64755455242202e-16,
        0.707106779455507,
        0.707106782917588,
        0.575463004379231
      ],
      [
        0.0,
        0.0,
        0.0,
        1.0
      ]
    ],
    "2": [
      [
        -1.0,
        1.56557274472726e-16,
        -9.57899973469091e-17,
        -1.98732408647826e-17
      ],
      [
        4.29689541667304e-17,
        0.707106782917588,
        0.707106779455507,
        0.0814974745618855
      ],
      [
        1.78436467012398e-16,
        0.707106779455507,
        -0.707106782917588,
        0.396468054770768
      ],
      [
        0.0,
        0.0,
        0.0,
        1.0
      ]
    ],
    "3": [
      [
        -1.0,
        -1.5616007063478e-16,
        2.18254677261644e-16,
        1.98732408647826e-17
      ],
      [
        -4.39075167728402e-17,
        -0.707106782917588,
        -0.707106779455507,
        -0.0814974745618855
      ],
      [
        2.64751207321301e-16,
        -0.707106779455507,
        0.707106782917588,
        0.575463004379231
      ],
      [
        0.0,
        0.0,
        0.0,
        1.0
      ]
    ]
  },
  "simTime": 0.0535000000000005,
  "state": [
    6.50489121013525e-37,
    1.89590434841697e-21,
    0.485965529575,
    0.707106781186548,
    -5.64226849604244e-21,
    0.707106781186548,
    -8.00540870919846e-21,
    1.53189235756276e-35,
    7.33806632189792e-20,
    -0.524653100000004,
    2.17496700977101e-19,
    -1.725622335082e-18,
    -1.6486730240286e-18,
    1.0,
    4.25034318020136e-19,
    6.23821844753021e-21,
    -2.7194059831638e-20,
    1.0,
    -4.2127638361346e-19,
    -6.23821844753007e-21,
    2.66781408209144e-20,
    1.0,
    -2.27167075751282e-19,
    7.72709586926182e-21,
    1.87084127926689e-20,
    1.0,
    4.25768994724314e-19,
    -7.72709586926168e-21,
    -2.58268280707598e-20,
    2.54825785857372e-17,
    4.8436342513907e-19,
    -3.01979011855824e-18,
    -2.58520966903198e-17,
    -4.84363425139062e-19,
    2.94945267108838e-18,
    -1.08895291901252e-17,
    6.54536656289354e-19,
    1.84070094239702e-18,
    2.54760800610348e-17,
    -6.54536656289346e-19,
    -2.8610958433308e-18
  ]
}