{
  "T_WB": [
    [
      0.836860351736249,
      0.0120471397830947,
      0.547283855156471,
      -0.137924721094172
    ],
    [
      0.000281823925262989,
      0.999748196728746,
      -0.0224379970785004,
      -0.000234551902558061
    ],
    [
      -0.547416360978696,
      0.0189317078116641,
      0.836646232389877,
      0.112073237328409
    ],
    [
      0.0,
      0.0,
      0.0,
      1.0
    ]
  ],
  "T_WH": {
    "0": [
      [
        -0.108919866138027,
        0.398654748964384,
        0.910610154725181,
        -0.104835815497781
      ],
      [
        -0.879531018577864,
        0.388217047398956,
        -0.27515942918283,
        -0.0322152212408674
      ],
      [
        -0.463207998764981,
        -0.830880205105995,
        0.308344668582353,
        0.0895707682392876
      ],
      [
        0.0,
        0.0,
        0.0,
        1.0
      ]
    ],
    "1": [
      [
        -0.465740677209188,
        -0.781280546054169,
        0.41555544750373,
        -0.171013626690563
      ],
      [
        0.868505077688334,
        -0.493598274255989,
        0.0453836278969712,
        0.0317461174357513
      ],
      [
        0.169660106160252,
        0.382049017808983,
        0.908434915868431,
        0.13457570641753
      ],
      [
        0.0,
        0.0,
        0.0,
        1.0
      ]
    ],
    "2": [
      [
        -0.0815215751926829,
        -0.390564615638523,
        0.916958839746494,
        -0.104064798551663
      ],
      [
        0.898384570663265,
        0.369591230416638,
        0.237291983836995,
        0.0317686633497723
      ],
      [
        -0.431577798284718,
        0.843126089864528,
        0.320747565255712,
        0.0907823975392341
      ],
      [
        0.0,
        0.0,
        0.0,
        1.0
      ]
    ],
    "3": [
      [
        -0.47545896517737,
        0.779066119681453,
        0.408649915694288,
        -0.171784643636681
      ],
      [
        -0.871174709649653,
        -0.481605871090152,
        -0.0954484688108651,
        -0.0322377671548885
      ],
      [
        0.122447530392848,
        -0.401387301861905,
        0.907686529703241,
        0.133364077117583
      ],
      [
        0.0,
        0.0,
        0.0,
        1.0
      ]
    ]
  },
  "T_WP": {
    "0": [
      [
        -0.910610154725181,
        0.398654748964384,
        -0.108919866138027,
        -0.112460206127443
      ],
      [
        0.27515942918283,
        0.388217047398956,
        -0.879531018577864,
        -0.0937823925413179
      ],
      [
        -0.308344668582353,
        -0.830880205105995,
        -0.463207998764981,
        0.057146208325739
      ],
      [
        0.0,
        0.0,
        0.0,
        1.0
      ]
    ],
    "1": [
      [
        -0.415555447503731,
        -0.781280546054169,
        -0.465740677209188,
        -0.203615474095206
      ],
      [
        -0.0453836278969712,
        -0.493598274255989,
        0.868505077688334,
        0.0925414728739347
      ],
      [
        -0.908434915868431,
        0.382049017808983,
        0.169660106160252,
        0.146451913848747
      ],
      [
        0.0,
        0.0,
        0.0,
        1.0
      ]
    ],
    "2": [
      [
        -0.916958839746494,
        -0.390564615638523,
        -0.0815215751926829,
        -0.109771308815151
      ],
      [
        -0.237291983836995,
        0.369591230416638,
        0.898384570663265,
        0.0946555832962009
      ],
      [
        -0.320747565255712,
        0.843126089864528,
        -0.431577798284718,
        0.0605719516593039
      ],
      [
        0.0,
        0.0,
        0.0,
        1.0
      ]
    ],
    "3": [
      [
        -0.408649915694288,
        0.779066119681453,
        -0.47545896517737,
        -0.205066771199097
      ],
      [
        0.0954484688108651,
        -0.481605871090152,
        -0.871174709649653,
        -0.0932199968303642
      ],
      [
        -0.907686529703241,
        -0.401387301861905,
        0.122447530392848,
        0.141935404245083
      ],
      [
        0.0,
        0.0,
        0.0,
        1.0
      ]
    ]
  },
  "simTime": 0.804999999999928,
  "state": [
    -0.137924721094172,
    -0.000234551902558061,
    0.112073237328409,
    0.958286854346713,
    0.0107926203679292,
    0.285587820382199,
    -0.00306936169594344,
    -0.349033557846013,
    -0.00363180313403156,
    1.25874136935854,
    0.495286947469079,
    12.9880615637998,
    -0.196513623786782,
    0.912468042580747,
    -0.197951269510481,
    0.282062867159693,
    -0.220585369273901,
    0.987497858923351,
    -0.0391919553814963,
    0.0723908209065959,
    -0.134430421793737,
    0.913662564641189,
    0.197557606040683,
    0.280247507192617,
    0.218295774079766,
    0.985885167575089,
    0.0403352692234502,
    0.0759751377465764,
    0.143635931634458,
    -2.91152835161971,
    -2.24414053836124,
    2.30027912540205,
    -1.68700112050729,
    -1.01508669246382,
    0.333985467523892,
    2.93699885017588,
    -2.26384626858732,
    -2.27561667948011,
    1.7123225190941,
    -1.04236985770315,
    -0.314862559898394
  ]
}