{
  "T_WB": [
    [
      0.075737303095998,
      0.113041969545918,
      -0.99069943678238,
      -0.282077357451207
    ],
    [
      -0.170717288906501,
      0.98035305830427,
      0.0988103655588764,
      -0.003693973375631
    ],
    [
      0.982404941044251,
      0.161645891363326,
      0.0935475152914095,
      0.155217271755164
    ],
    [
      0.0,
      0.0,
      0.0,
      1.0
    ]
  ],
  "T_WH": {
    "0": [
      [
        0.323085080877937,
        0.27031558682704,
        -0.906942949712081,
        -0.282665208352836
      ],
      [
        -0.485670625848545,
        0.86987595059637,
        0.0862547028395843,
        -0.0418939627976277
      ],
      [
        0.812243851132146,
        0.412607942352562,
        0.412328282083105,
        0.189340800873308
      ],
      [
        0.0,
        0.0,
        0.0,
        1.0
      ]
    ],
    "1": [
      [
        0.323323723143267,
        0.184346827871086,
        -0.928158400870587,
        -0.281489506549577
      ],
      [
        0.731976631723604,
        -0.670346639867372,
        0.121842492707147,
        0.0345060160463657
      ],
      [
        -0.599726588257803,
        -0.71878482835435,
        -0.351676541532505,
        0.121093742637021
      ],
      [
        0.0,
        0.0,
        0.0,
        1.0
      ]
    ],
    "2": [
      [
        0.37311670579091,
        0.0129411947181728,
        -0.927694157219396,
        -0.275430522301897
      ],
      [
        0.194531854852557,
        0.976585095509123,
        0.0918635329010444,
        0.0208486329338456
      ],
      [
        0.907161110998131,
        -0.214741883918121,
        0.361862739148331,
        0.199686137920561
      ],
      [
        0.0,
        0.0,
        0.0,
        1.0
      ]
    ],
    "3": [
      [
        -0.0575398537000217,
        -0.383441682076208,
        -0.92177092690253,
        -0.288724192600516
      ],
      [
        -0.348502840421452,
        -0.85750346802015,
        0.378462115081016,
        -0.0282365796851076
      ],
      [
        -0.935539916547851,
        0.343016440976208,
        -0.084289891242397,
        0.110748405589768
      ],
      [
        0.0,
        0.0,
        0.0,
        1.0
      ]
    ]
  },
  "T_WP": {
    "0": [
      [
        0.906942949712081,
        0.27031558682704,
        0.323085080877937,
        -0.260049252691381
      ],
      [
        -0.0862547028395843,
        0.86987595059637,
        -0.485670625848545,
        -0.0758909066070258
      ],
      [
        -0.412328282083105,
        0.412607942352562,
        0.812243851132146,
        0.246197870452558
      ],
      [
        0.0,
        0.0,
        0.0,
        1.0
      ]
    ],
    "1": [
      [
        0.928158400870587,
        0.184346827871086,
        0.323323723143266,
        -0.258856845929549
      ],
      [
        -0.121842492707147,
        -0.670346639867372,
        0.731976631723604,
        0.085744380267018
      ],
      [
        0.351676541532505,
        -0.71878482835435,
        -0.599726588257803,
        0.0791128814589743
      ],
      [
        0.0,
        0.0,
        0.0,
        1.0
      ]
    ],
    "2": [
      [
        0.927694157219396,
        0.0129411947181728,
        0.37311670579091,
        -0.249312352896534
      ],
      [
        -0.0918635329010444,
        0.976585095509123,
        0.194531854852557,
        0.0344658627735246
      ],
      [
        -0.361862739148331,
        -0.214741883918121,
        0.907161110998131,
        0.26318741569043
      ],
      [
        0.0,
        0.0,
        0.0,
        1.0
      ]
    ],
    "3": [
      [
        0.92177092690253,
        -0.383441682076208,
        -0.0575398537000218,
        -0.292751982359518
      ],
      [
        -0.378462115081016,
        -0.85750346802015,
        -0.348502840421452,
        -0.0526317785146092
      ],
      [
        0.0842898912423969,
        0.343016440976208,
        -0.935539916547851,
        0.045260611431418
      ],
      [
        0.0,
        0.0,
        0.0,
        1.0
      ]
    ]
  },
  "simTime": 1.15349999999989,
  "state": [
    -0.282077357451207,
    -0.003693973375631,
    0.155217271755164,
    -0.733082170819151,
    -0.021428541132789,
    0.672879677192896,
    0.0967692537575099,
    -0.302062096909812,
    -0.0196704771974626,
    0.243017481132098,
    -1.84711900241982,
    8.78969141141017,
    -2.81332403349062,
    0.958077782293044,
    -0.105713084993472,
    0.126582923131075,
    0.234282885224673,
    0.973610593815695,
    -0.168123403924563,
    0.149669974477107,
    0.0376275351662767,
    0.971709074179137,
    0.0574503628972723,
    0.125308425796176,
    -0.191777812547181,
    0.976455808694661,
    0.168947511526478,
    0.0101160397854468,
    -0.133747739250152,
    2.19783286908711,
    -1.36321436986836,
    0.85638178027308,
    0.0125550109616527,
    -1.227065813519,
    1.71402017603664,
    -2.05530730112183,
    -1.29019956450267,
    -0.427989416632913,
    -0.730961355609074,
    -0.21223385213022,
    -2.008703834056
  ]
}