{
  "T_WB": [
    [
      0.986781641600843,
      0.000591823919177967,
      0.162054440062572,
      -0.127746597260936
    ],
    [
      0.000456433620271367,
      0.999979215156969,
      -0.00643124578938711,
      -0.000101716618849843
    ],
    [
      -0.162054877951561,
      0.00642020237234874,
      0.986760861370982,
      0.0663793361715429
    ],
    [
      0.0,
      0.0,
      0.0,
      1.0
    ]
  ],
  "T_WH": {
    "0": [
      [
        -0.0136000797004151,
        0.768084913439888,
        0.640203564171726,
        -0.0882942699623163
      ],
      [
        -0.895782296222493,
        0.275126339370428,
        -0.349112553711531,
        -0.032082794159062
      ],
      [
        -0.444284948660768,
        -0.578230977318465,
        0.684295127311916,
        0.0596916945775653
      ],
      [
        0.0,
        0.0,
        0.0,
        1.0
      ]
    ],
    "1": [
      [
        -0.477857492433624,
        -0.876612075465952,
        0.0565993469249075,
        -0.167198924559556
      ],
      [
        0.875383159490455,
        -0.469838319367397,
        0.113825646207387,
        0.0318793609213623
      ],
      [
        -0.0731883939266197,
        0.103938553007521,
        0.991887209411002,
        0.0730669777655205
      ],
      [
        0.0,
        0.0,
        0.0,
        1.0
      ]
    ],
    "2": [
      [
        -0.00931441156992799,
        -0.76877728977658,
        0.63944876296767,
        -0.0882563932314889
      ],
      [
        0.900990753472341,
        0.270925185985822,
        0.338843925363715,
        0.031915875610984
      ],
      [
        -0.433738289633795,
        0.579293554532004,
        0.690137720881294,
        0.0601025875293957
      ],
      [
        0.0,
        0.0,
        0.0,
        1.0
      ]
    ],
    "3": [
      [
        -0.466504891124164,
        0.882995512556197,
        0.0518855602538005,
        -0.167236801290384
      ],
      [
        -0.879605826756903,
        -0.456941064357711,
        -0.132281719216784,
        -0.0321193088486837
      ],
      [
        -0.0930955213344712,
        -0.107348910144732,
        0.989853239322982,
        0.0726560848136902
      ],
      [
        0.0,
        0.0,
        0.0,
        1.0
      ]
    ]
  },
  "T_WP": {
    "0": [
      [
        -0.640203564171726,
        0.768084913439888,
        -0.0136000797004151,
        -0.0892462755413453
      ],
      [
        0.349112553711531,
        0.275126339370428,
        -0.895782296222493,
        -0.0947875548946365
      ],
      [
        -0.684295127311916,
        -0.578230977318465,
        -0.444284948660768,
        0.0285917481713116
      ],
      [
        0.0,
        0.0,
        0.0,
        1.0
      ]
    ],
    "1": [
      [
        -0.0565993469249075,
        -0.876612075465952,
        -0.477857492433624,
        -0.20064894902991
      ],
      [
        -0.113825646207387,
        -0.469838319367397,
        0.875383159490455,
        0.0931561820856941
      ],
      [
        -0.991887209411002,
        0.103938553007521,
        -0.0731883939266196,
        0.0679437901906571
      ],
      [
        0.0,
        0.0,
        0.0,
        1.0
      ]
    ],
    "2": [
      [
        -0.63944876296767,
        -0.76877728977658,
        -0.00931441156992795,
        -0.0889084020413839
      ],
      [
        -0.338843925363715,
        0.270925185985822,
        0.900990753472341,
        0.0949852283540479
      ],
      [
        -0.690137720881294,
        0.579293554532004,
        -0.433738289633794,
        0.02974090725503
      ],
      [
        0.0,
        0.0,
        0.0,
        1.0
      ]
    ],
    "3": [
      [
        -0.0518855602538005,
        0.882995512556197,
        -0.466504891124164,
        -0.199892143669075
      ],
      [
        0.132281719216784,
        -0.456941064357711,
        -0.879605826756903,
        -0.0936917167216669
      ],
      [
        -0.989853239322982,
        -0.107348910144732,
        -0.0930955213344711,
        0.0661393983202772
      ],
      [
        0.0,
        0.0,
        0.0,
        1.0
      ]
    ]
  },
  "simTime": 0.772999999999931,
  "state": [
    -0.127746597260936,
    -0.000101716618849843,
    0.0663793361715429,
    0.996684719222783,
    0.0032235490105029,
    0.0812968513922019,
    -3.39601621995813e-05,
    -0.283388640323324,
    -0.00462159566204747,
    1.60588750370916,
    0.497573263060465,
    13.2944512577253,
    -0.185213197213765,
    0.901707711969184,
    -0.158747553001064,
    0.290146274157609,
    -0.278455662869209,
    0.985677593592619,
    -0.00649143803496533,
    0.0797499547250301,
    -0.148450286099616,
    0.902447290905315,
    0.157768686670985,
    0.289629822728615,
    0.277150670989555,
    0.984276632734475,
    0.00720092577634702,
    0.0833331764867263,
    0.155573900823623,
    -3.18241327017506,
    -1.36055938934053,
    3.65315765008096,
    -2.39229149901875,
    -0.151569269891572,
    1.23765451521248,
    3.19477312057563,
    -1.57286127138991,
    -3.81976185850953,
    2.41431150468982,
    -0.151878247639524,
    -0.890359534770368
  ]
}