{
  "T_WB": [
    [
      -2.22044604925031e-16,
      1.00541303108851e-22,
      1.0,
      -1.76251423595457e-37
    ],
    [
      -7.33210547307572e-21,
      1.0,
      -1.00541303108851e-22,
      1.65110015993543e-22
    ],
    [
      -1.0,
      -7.33210547307572e-21,
      -2.22044604925031e-16,
      0.4984113308
    ],
    [
      0.0,
      0.0,
      0.0,
      1.0
    ]
  ],
  "T_WH": {
    "0": [
      [
        -1.57010148888803e-16,
        -1.56864945390196e-16,
        1.0,
        -8.88178741432295e-18
      ],
      [
        -0.707106779455507,
        0.707106782917588,
        -1.02673835186916e-19,
        -0.032
      ],
      [
        -0.707106782917588,
        -0.707106779455507,
        -2.21943207610498e-16,
        0.4584113308
      ],
      [
        0.0,
        0.0,
        0.0,
        1.0
      ]
    ],
    "1": [
      [
        1.57010148888803e-16,
        1.56859521935198e-16,
        1.0,
        8.88178741432295e-18
      ],
      [
        0.707106779455507,
        -0.707106782917588,
        -1.06508797002275e-19,
        0.032
      ],
      [
        0.707106782917588,
        0.707106779455507,
        -2.21939372648702e-16,
        0.5384113308
      ],
      [
        0.0,
        0.0,
        0.0,
        1.0
      ]
    ],
    "2": [
      [
        -1.57010126862425e-16,
        1.56893997874501e-16,
        1.0,
        -8.88178097967955e-18
      ],
      [
        0.707106779455507,
        0.707106782917588,
        8.21150514728532e-20,
        0.032
      ],
      [
        -0.707106782917588,
        0.707106779455507,
        -2.21963735244109e-16,
        0.4584113308
      ],
      [
        0.0,
        0.0,
        0.0,
        1.0
      ]
    ],
    "3": [
      [
        1.57010126862425e-16,
        -1.56864434942016e-16,
        1.0,
        8.88178097967955e-18
      ],
      [
        -0.707106779455507,
        -0.707106782917588,
        1.03019201555381e-19,
        -0.032
      ],
      [
        0.707106782917588,
        -0.707106779455507,
        -2.21942831094129e-16,
        0.5384113308
      ],
      [
        0.0,
        0.0,
        0.0,
        1.0
      ]
    ]
  },
  "T_WP": {
    "0": [
      [
        -1.0,
        -1.56864945390196e-16,
        -9.57778089314353e-17,
        -1.98724978365392e-17
      ],
      [
        -4.31951288705921e-17,
        0.707106782917588,
        -0.707106779455507,
        -0.0814974745618855
      ],
      [
        1.78645404692728e-16,
        -0.707106779455507,
        -0.707106782917588,
        0.408913855995769
      ],
      [
        0.0,
        0.0,
        0.0,
        1.0
      ]
    ],
    "1": [
      [
        -1.0,
        1.56859521935198e-16,
        2.18242488846171e-16,
        1.98724978365392e-17
      ],
      [
        4.34043115027813e-17,
        -0.707106782917588,
        0.707106779455507,
        0.0814974745618855
      ],
      [
        2.65237175566472e-16,
        0.707106779455507,
        0.707106782917588,
        0.587908805604231
      ],
      [
        0.0,
        0.0,
        0.0,
        1.0
      ]
    ],
    "2": [
      [
        -1.0,
        1.56893997874501e-16,
        -9.5777786905057e-17,
        -1.98724898600493e-17
      ],
      [
        4.32156876543062e-17,
        0.707106782917588,
        0.707106779455507,
        0.0814974745618855
      ],
      [
        1.78665932326338e-16,
        0.707106779455507,
        -0.707106782917588,
        0.408913855995769
      ],
      [
        0.0,
        0.0,
        0.0,
        1.0
      ]
    ],
    "3": [
      [
        -1.0,
        -1.56864434942016e-16,
        2.18242466819792e-16,
        1.98724898600493e-17
      ],
      [
        -4.34008219073344e-17,
        -0.707106782917588,
        -0.707106779455507,
        -0.0814974745618855
      ],
      [
        2.65240634011899e-16,
        -0.707106779455507,
        0.707106782917588,
        0.587908805604231
      ],
      [
        0.0,
        0.0,
        0.0,
        1.0
      ]
    ]
  },
  "simTime": 0.0179999999999999,
  "state": [
    -1.76251423595457e-37,
    1.65110015993543e-22,
    0.4984113308,
    0.707106781186548,
    -2.55674403158462e-21,
    0.707106781186548,
    -2.62783746880222e-21,
    7.99693973233047e-36,
    1.67700653563863e-20,
    -0.176518799999999,
    1.58285680695447e-20,
    -2.55074406072036e-19,
    1.68404806522475e-19,
    1.0,
    7.21145001881741e-20,
    4.15771310183888e-22,
    -9.2786525705925e-22,
    1.0,
    -7.48262276867671e-20,
    -4.15771310183874e-22,
    9.81562975129777e-22,
    1.0,
    -5.76593514731248e-20,
    4.75851558041017e-22,
    7.90866573847688e-22,
    1.0,
    7.24408177152359e-20,
    -4.75851558041e-22,
    -8.71418607194783e-22,
    1.34406191259141e-17,
    1.3744288886012e-19,
    -3.37331531773572e-19,
    -1.21965069534388e-17,
    -1.37442888860115e-19,
    3.53723516189513e-19,
    -8.7142583651106e-18,
    1.54900233920039e-19,
    2.88670801624645e-19,
    1.35019090508566e-17,
    -1.54900233920035e-19,
    -3.21343881043838e-19
  ]
}