{
  "T_WB": [
    [
      -2.22044604925031e-16,
      3.12523434182196e-23,
      1.0,
      -1.66982406017913e-37
    ],
    [
      -6.19095588484709e-21,
      1.0,
      -3.12523434182198e-23,
      8.87230705706178e-23
    ],
    [
      -1.0,
      -6.19095588484709e-21,
      -2.22044604925031e-16,
      0.4992939248
    ],
    [
      0.0,
      0.0,
      0.0,
      1.0
    ]
  ],
  "T_WH": {
    "0": [
      [
        -1.57009497434408e-16,
        -1.56936310827166e-16,
        1.0,
        -8.88178519707624e-18
      ],
      [
        -0.707106779455507,
        0.707106782917588,
        -5.17502028201944e-20,
        -0.032
      ],
      [
        -0.707106782917588,
        -0.707106779455507,
        -2.21993209946977e-16,
        0.4592939248
      ],
      [
        0.0,
        0.0,
        0.0,
        1.0
      ]
    ],
    "1": [
      [
        1.57009497434408e-16,
        1.56927916852898e-16,
        1.0,
        8.88178519707624e-18
      ],
      [
        0.707106779455507,
        -0.707106782917588,
        -5.76856389608928e-20,
        0.032
      ],
      [
        0.707106782917588,
        0.707106779455507,
        -2.21987274510866e-16,
        0.5392939248
      ],
      [
        0.0,
        0.0,
        0.0,
        1.0
      ]
    ],
    "2": [
      [
        -1.57009493643876e-16,
        1.56946315671307e-16,
        1.0,
        -8.88178319692626e-18
      ],
      [
        0.707106779455507,
        0.707106782917588,
        4.46730293544491e-20,
        0.032
      ],
      [
        -0.707106782917588,
        0.707106779455507,
        -2.22000281759786e-16,
        0.4592939248
      ],
      [
        0.0,
        0.0,
        0.0,
        1.0
      ]
    ],
    "3": [
      [
        1.57009493643876e-16,
        -1.56936099197652e-16,
        1.0,
        8.88178319692626e-18
      ],
      [
        -0.707106779455507,
        -0.707106782917588,
        5.1897167173408e-20,
        -0.032
      ],
      [
        0.707106782917588,
        -0.707106779455507,
        -2.21993057622002e-16,
        0.5392939248
      ],
      [
        0.0,
        0.0,
        0.0,
        1.0
      ]
    ]
  },
  "T_WP": {
    "0": [
      [
        -1.0,
        -1.56936310827166e-16,
        -9.57771574770404e-17,
        -1.98724500174848e-17
      ],
      [
        -4.32460525029588e-17,
        0.707106782917588,
        -0.707106779455507,
        -0.0814974745618855
      ],
      [
        1.78695407029207e-16,
        -0.707106779455507,
        -0.707106782917588,
        0.409796449995769
      ],
      [
        0.0,
        0.0,
        0.0,
        1.0
      ]
    ],
    "1": [
      [
        -1.0,
        1.56927916852898e-16,
        2.18241837391776e-16,
        1.98724500174848e-17
      ],
      [
        4.33554883447399e-17,
        -0.707106782917588,
        0.707106779455507,
        0.0814974745618855
      ],
      [
        2.65285077428636e-16,
        0.707106779455507,
        0.707106782917588,
        0.588791399604231
      ],
      [
        0.0,
        0.0,
        0.0,
        1.0
      ]
    ],
    "2": [
      [
        -1.0,
        1.56946315671307e-16,
        -9.57771536865079e-17,
        -1.98724477519976e-17
      ],
      [
        4.32531296764246e-17,
        0.707106782917588,
        0.707106779455507,
        0.0814974745618855
      ],
      [
        1.78702478842016e-16,
        0.707106779455507,
        -0.707106782917588,
        0.409796449995769
      ],
      [
        0.0,
        0.0,
        0.0,
        1.0
      ]
    ],
    "3": [
      [
        -1.0,
        -1.56936099197652e-16,
        2.18241833601243e-16,
        1.98724477519976e-17
      ],
      [
        -4.33496998729524e-17,
        -0.707106782917588,
        -0.707106779455507,
        -0.0814974745618855
      ],
      [
        2.65290860539773e-16,
        -0.707106779455507,
        0.707106782917588,
        0.588791399604231
      ],
      [
        0.0,
        0.0,
        0.0,
        1.0
      ]
    ]
  },
  "simTime": 0.012,
  "state": [
    -1.66982406017913e-37,
    8.87230705706178e-23,
    0.4992939248,
    0.707106781186548,
    -2.17778407212157e-21,
    0.707106781186548,
    -2.19988281608057e-21,
    -8.92296059639735e-36,
    8.95074991134111e-21,
    -0.1176792,
    7.8865710958134e-21,
    -1.09485681501779e-19,
    -6.39325392963463e-19,
    1.0,
    3.64562790497288e-20,
    1.14541459284073e-22,
    -2.35281557184261e-22,
    1.0,
    -4.06532661838419e-20,
    -1.14541459284069e-22,
    2.49449238011856e-22,
    1.0,
    -3.14759557230098e-20,
    1.34744936900673e-22,
    1.9539893538711e-22,
    1.0,
    3.65841925505166e-20,
    -1.34744936900666e-22,
    -2.15883325224241e-22,
    1.02375553737392e-17,
    6.44223346955715e-20,
    -1.37529723098976e-19,
    -1.06794402929159e-17,
    -6.44223346955691e-20,
    1.46333545177603e-19,
    -8.78289233591415e-18,
    7.40759493889866e-20,
    1.17213728493481e-19,
    1.03082222264121e-17,
    -7.4075949388984e-20,
    -1.28380761144749e-19
  ]
}