{
  "T_WB": [
    [
      0.493678731152228,
      0.0299511497767298,
      0.869128436443647,
      -0.151679377285681
    ],
    [
      0.00768860344769408,
      0.999217361715964,
      -0.0388014100570053,
      -0.000344067068955086
    ],
    [
      -0.869610370099708,
      0.0258378147767893,
      0.493062076763778,
      0.151390517192198
    ],
    [
      0.0,
      0.0,
      0.0,
      1.0
    ]
  ],
  "T_WH": {
    "0": [
      [
        -0.241370588253756,
        -0.090714219366545,
        0.966183817671748,
        -0.132890664832447
      ],
      [
        -0.850863325074838,
        0.49855565519567,
        -0.165752407870918,
        -0.0320114785059582
      ],
      [
        -0.466660305970657,
        -0.862098131929964,
        -0.197522074093602,
        0.115779292315352
      ],
      [
        0.0,
        0.0,
        0.0,
        1.0
      ]
    ],
    "1": [
      [
        -0.304357590223231,
        -0.564121735119337,
        0.767550079955345,
        -0.170468089738915
      ],
      [
        0.861045627796957,
        -0.507545190645763,
        -0.0315959855693615,
        0.031323344368048
      ],
      [
        0.4073903338633,
        0.651279162432136,
        0.640209784724073,
        0.187001742069043
      ],
      [
        0.0,
        0.0,
        0.0,
        1.0
      ]
    ],
    "2": [
      [
        -0.185074594165285,
        0.11893015335632,
        0.97550141630712,
        -0.130973791246736
      ],
      [
        0.886318445587055,
        0.448972317942397,
        0.113417241782626,
        0.0319384326438635
      ],
      [
        -0.42448440207704,
        0.885595548963563,
        -0.18850335819084,
        0.117432912461067
      ],
      [
        0.0,
        0.0,
        0.0,
        1.0
      ]
    ],
    "3": [
      [
        -0.352567630536244,
        0.542881141481957,
        0.762217903306729,
        -0.172384963324625
      ],
      [
        -0.869334206829543,
        -0.491474298370435,
        -0.0520677527586762,
        -0.0326265667817737
      ],
      [
        0.346343908181028,
        -0.680979500619906,
        0.645223075378861,
        0.185348121923329
      ],
      [
        0.0,
        0.0,
        0.0,
        1.0
      ]
    ]
  },
  "T_WP": {
    "0": [
      [
        -0.966183817671748,
        -0.090714219366545,
        -0.241370588253756,
        -0.14978660601021
      ],
      [
        0.165752407870918,
        0.49855565519567,
        -0.850863325074838,
        -0.0915719112611968
      ],
      [
        0.197522074093602,
        -0.862098131929964,
        -0.466660305970657,
        0.083113070897406
      ],
      [
        0.0,
        0.0,
        0.0,
        1.0
      ]
    ],
    "1": [
      [
        -0.767550079955345,
        -0.564121735119337,
        -0.304357590223231,
        -0.191773121054541
      ],
      [
        0.0315959855693616,
        -0.507545190645763,
        0.861045627796957,
        0.091596538313835
      ],
      [
        -0.640209784724073,
        0.651279162432136,
        0.4073903338633,
        0.215519065439474
      ],
      [
        0.0,
        0.0,
        0.0,
        1.0
      ]
    ],
    "2": [
      [
        -0.97550141630712,
        0.11893015335632,
        -0.185074594165285,
        -0.143929012838306
      ],
      [
        -0.113417241782626,
        0.448972317942397,
        0.886318445587055,
        0.0939807238349574
      ],
      [
        0.18850335819084,
        0.885595548963563,
        -0.42448440207704,
        0.0877190043156737
      ],
      [
        0.0,
        0.0,
        0.0,
        1.0
      ]
    ],
    "3": [
      [
        -0.762217903306729,
        0.542881141481957,
        -0.352567630536244,
        -0.197064697462162
      ],
      [
        0.0520677527586762,
        -0.491474298370435,
        -0.869334206829543,
        -0.0934799612598417
      ],
      [
        -0.645223075378861,
        -0.680979500619906,
        0.346343908181028,
        0.209592195496001
      ],
      [
        0.0,
        0.0,
        0.0,
        1.0
      ]
    ]
  },
  "simTime": 0.841499999999924,
  "state": [
    -0.151679377285681,
    -0.000344067068955086,
    0.151390517192198,
    0.863996262959506,
    0.0187035603060311,
    0.503109469648495,
    -0.00644173686954913,
    -0.401941564689976,
    -0.0023919639575603,
    0.899407381153334,
    0.489160338765879,
    13.048805619779,
    -0.203925498024921,
    0.921602382921104,
    -0.238940143227924,
    0.261760006543956,
    -0.158235124806318,
    0.987958815168301,
    -0.0682604278559151,
    0.0578458826594201,
    -0.126221025901103,
    0.922334237151226,
    0.239150687723377,
    0.259925453343613,
    0.156669276644205,
    0.986475693625031,
    0.0702597948754472,
    0.061263921560895,
    0.134818392758754,
    -2.37388487063773,
    -2.36174034665036,
    2.51712762309288,
    -1.37820919268365,
    -0.983437376609282,
    0.351825684163977,
    2.39754945445268,
    -2.33023624419288,
    -2.46758958778359,
    1.42405368000598,
    -1.0175641701298,
    -0.397524495353072
  ]
}