{
  "T_WB": [
    [
      -2.22044604925031e-16,
      1.277363036615e-19,
      1.0,
      -1.11239440270535e-35
    ],
    [
      -3.01221148313423e-18,
      1.0,
      -1.277363036615e-19,
      3.2916094913041e-21
    ],
    [
      -1.0,
      -3.01221148313423e-18,
      -2.22044604925031e-16,
      0.137234252800001
    ],
    [
      0.0,
      0.0,
      0.0,
      1.0
    ]
  ],
  "T_WH": {
    "0": [
      [
        -1.57209864711919e-16,
        -1.51805414164644e-16,
        1.0,
        -8.88587175871842e-18
      ],
      [
        -0.707106779455507,
        0.707106782917588,
        -3.8215230956474e-18,
        -0.032
      ],
      [
        -0.707106782917588,
        -0.707106779455507,
        -2.18506799193225e-16,
        0.0972342528000014
      ],
      [
        0.0,
        0.0,
        0.0,
        1.0
      ]
    ],
    "1": [
      [
        1.57209864711918e-16,
        1.51801234229798e-16,
        1.0,
        8.88587175871842e-18
      ],
      [
        0.707106779455507,
        -0.707106782917588,
        -3.82447875592885e-18,
        0.032
      ],
      [
        0.707106782917588,
        0.707106779455507,
        -2.18503843532958e-16,
        0.177234252800001
      ],
      [
        0.0,
        0.0,
        0.0,
        1.0
      ]
    ],
    "2": [
      [
        -1.57033246765007e-16,
        1.52668865984837e-16,
        1.0,
        -8.87769663528408e-18
      ],
      [
        0.707106779455507,
        0.707106782917588,
        3.08608270923151e-18,
        0.032
      ],
      [
        -0.707106782917588,
        0.707106779455507,
        -2.18992464080771e-16,
        0.0972342528000014
      ],
      [
        0.0,
        0.0,
        0.0,
        1.0
      ]
    ],
    "3": [
      [
        1.57033246765007e-16,
        -1.51970537140113e-16,
        1.0,
        8.87769663528408e-18
      ],
      [
        -0.707106779455507,
        -0.707106782917588,
        3.57987577204321e-18,
        -0.032
      ],
      [
        0.707106782917588,
        -0.707106779455507,
        -2.18498671020377e-16,
        0.177234252800001
      ],
      [
        0.0,
        0.0,
        0.0,
        1.0
      ]
    ]
  },
  "T_WP": {
    "0": [
      [
        -1.0,
        -1.51805414164644e-16,
        -9.59775247545508e-17,
        -1.98905622885527e-17
      ],
      [
        -3.94762796101316e-17,
        0.707106782917588,
        -0.707106779455507,
        -0.0814974745618855
      ],
      [
        1.75208996275454e-16,
        -0.707106779455507,
        -0.707106782917588,
        0.0477367779957703
      ],
      [
        0.0,
        0.0,
        0.0,
        1.0
      ]
    ],
    "1": [
      [
        -1.0,
        1.51801234229798e-16,
        2.18442204669286e-16,
        1.98905622885527e-17
      ],
      [
        4.71222814617079e-17,
        -0.707106782917588,
        0.707106779455507,
        0.0814974745618855
      ],
      [
        2.61801646450728e-16,
        0.707106779455507,
        0.707106782917588,
        0.226731727604233
      ],
      [
        0.0,
        0.0,
        0.0,
        1.0
      ]
    ],
    "2": [
      [
        -1.0,
        1.52668865984837e-16,
        -9.58009068076396e-17,
        -1.98700239088346e-17
      ],
      [
        4.02117199965475e-17,
        0.707106782917588,
        0.707106779455507,
        0.0814974745618855
      ],
      [
        1.75694661163001e-16,
        0.707106779455507,
        -0.707106782917588,
        0.0477367779957703
      ],
      [
        0.0,
        0.0,
        0.0,
        1.0
      ]
    ],
    "3": [
      [
        -1.0,
        -1.51970537140113e-16,
        2.18265586722375e-16,
        1.98700239088346e-17
      ],
      [
        -4.68776784778222e-17,
        -0.707106782917588,
        -0.707106779455507,
        -0.0814974745618855
      ],
      [
        2.61796473938147e-16,
        -0.707106779455507,
        0.707106782917588,
        0.226731727604233
      ],
      [
        0.0,
        0.0,
        0.0,
        1.0
      ]
    ]
  },
  "simTime": 0.271999999999986,
  "state": [
    -1.11239440270535e-35,
    3.2916094913041e-21,
    0.137234252800001,
    0.707106781186548,
    -1.01981597978473e-18,
    0.707106781186548,
    -1.11013918630748e-18,
    -6.09145226585776e-35,
    -2.32282250977098e-20,
    -2.66739520000008,
    4.48346139980702e-19,
    -1.25072942464381e-17,
    -2.3109170520999e-17,
    1.0,
    2.55675405631083e-18,
    5.51476264356181e-20,
    -1.68332168400922e-18,
    1.0,
    -2.55884402373361e-18,
    -5.51476264356175e-20,
    1.6799341398834e-18,
    1.0,
    -2.21535135295789e-18,
    5.71618592816372e-20,
    1.20508256362045e-18,
    1.0,
    2.56451577532014e-18,
    -5.71618592816364e-20,
    -1.68010866991491e-18,
    9.16151515871695e-18,
    4.19598505760606e-20,
    -2.48540684570295e-17,
    -9.26529868769396e-18,
    -4.19598505760583e-20,
    2.48674649029064e-17,
    -1.39738169506609e-17,
    -7.22410371354184e-20,
    2.10804813528119e-17,
    9.19136828461878e-18,
    7.22410371354195e-20,
    -2.50017571818492e-17
  ]
}