{
  "T_WB": [
    [
      0.641017550573341,
      -0.000402046657492757,
      0.767526115656946,
      -0.00242397844604172
    ],
    [
      0.00101358801737077,
      0.999999434251608,
      -0.000322700782549919,
      -1.48920159337813e-05
    ],
    [
      -0.767525551689509,
      0.000984812139047266,
      0.641017595428367,
      0.520487697588426
    ],
    [
      0.0,
      0.0,
      0.0,
      1.0
    ]
  ],
  "T_WH": {
    "0": [
      [
        0.551408116272255,
        0.30155827427443,
        0.777824978080359,
        0.0256535675159734
      ],
      [
        -0.526786345321508,
        0.848839720922431,
        0.0443539690122387,
        -0.0319594383753566
      ],
      [
        -0.646873430967676,
        -0.434204716004971,
        0.626913892737392,
        -0.0307325360560299
      ],
      [
        0.0,
        0.0,
        0.0,
        1.0
      ]
    ],
    "1": [
      [
        -0.424995299257571,
        -0.412822089059408,
        0.805578623346966,
        -0.0256535675159734
      ],
      [
        0.734606447919539,
        -0.677285107614083,
        0.0404752971479858,
        0.0319594383753566
      ],
      [
        0.528897307881223,
        0.608985062040774,
        0.591104755459799,
        0.0307325360560299
      ],
      [
        0.0,
        0.0,
        0.0,
        1.0
      ]
    ],
    "2": [
      [
        0.551241174867624,
        -0.302846049383012,
        0.777442883756527,
        0.0256278365298939
      ],
      [
        0.528490006693884,
        0.847773465245466,
        -0.0444799331203721,
        0.0320405254167463
      ],
      [
        -0.645624875570373,
        0.435389965431907,
        0.627378751669152,
        -0.0306695080791308
      ],
      [
        0.0,
        0.0,
        0.0,
        1.0
      ]
    ],
    "3": [
      [
        -0.424488984919459,
        0.413385092490369,
        0.805556867631812,
        -0.0256278365298939
      ],
      [
        -0.73586326159006,
        -0.675892718904698,
        -0.0409181228021846,
        -0.0320405254167463
      ],
      [
        0.527555079516904,
        -0.610148996424926,
        0.59110391661498,
        0.0306695080791308
      ],
      [
        0.0,
        0.0,
        0.0,
        1.0
      ]
    ]
  },
  "T_WP": {
    "0": [
      [
        -0.777824978080359,
        0.30155827427443,
        0.551408116272255,
        0.0642521356550313
      ],
      [
        -0.0443539690122387,
        0.848839720922431,
        -0.526786345321508,
        -0.0688344825478622
      ],
      [
        -0.626913892737392,
        -0.434204716004971,
        -0.646873430967676,
        -0.0760136762237672
      ],
      [
        0.0,
        0.0,
        0.0,
        1.0
      ]
    ],
    "1": [
      [
        -0.805578623346966,
        -0.412822089059408,
        -0.424995299257571,
        -0.0554032384640034
      ],
      [
        -0.0404752971479858,
        -0.677285107614083,
        0.734606447919539,
        0.0833818897297243
      ],
      [
        -0.591104755459799,
        0.608985062040774,
        0.528897307881223,
        0.0677553476077155
      ],
      [
        0.0,
        0.0,
        0.0,
        1.0
      ]
    ],
    "2": [
      [
        -0.777442883756527,
        -0.302846049383012,
        0.551241174867624,
        0.0642147187706276
      ],
      [
        0.0444799331203721,
        0.847773465245466,
        0.528490006693884,
        0.0690348258853182
      ],
      [
        -0.627378751669152,
        0.435389965431907,
        -0.645624875570373,
        -0.075863249369057
      ],
      [
        0.0,
        0.0,
        0.0,
        1.0
      ]
    ],
    "3": [
      [
        -0.805556867631812,
        0.413385092490369,
        -0.424488984919459,
        -0.055342065474256
      ],
      [
        0.0409181228021845,
        -0.675892718904698,
        -0.73586326159006,
        -0.0835509537280505
      ],
      [
        -0.59110391661498,
        -0.610148996424926,
        0.527555079516904,
        0.0675983636453141
      ],
      [
        0.0,
        0.0,
        0.0,
        1.0
      ]
    ]
  }
}