{
  "T_WB": [
    [
      0.985102085021944,
      -0.00227369789540689,
      0.171955553511074,
      -0.0596020168730626
    ],
    [
      0.00204265601939262,
      0.999996757747371,
      0.00152054303847058,
      4.0323103810177e-05
    ],
    [
      -0.171958453243235,
      -0.00114664407111558,
      0.985103535454811,
      0.337293433913584
    ],
    [
      0.0,
      0.0,
      0.0,
      1.0
    ]
  ],
  "T_WH": {
    "0": [
      [
        0.0220636292758262,
        0.899904584969602,
        -0.435528339162755,
        -0.0201251751395318
      ],
      [
        -0.804130938877983,
        -0.242874476685709,
        -0.542572964414794,
        -0.03187786690333
      ],
      [
        -0.594042615813372,
        0.362192941020849,
        0.718282426398054,
        0.33045178839413
      ],
      [
        0.0,
        0.0,
        0.0,
        1.0
      ]
    ],
    "1": [
      [
        -0.662324362396533,
        -0.710788875468193,
        0.236866235429804,
        -0.0990788586065933
      ],
      [
        0.740255492425131,
        -0.669589677874554,
        0.0605926498700829,
        0.0319585131109504
      ],
      [
        0.115534604818007,
        0.215473519938096,
        0.969650925485576,
        0.344135079433038
      ],
      [
        0.0,
        0.0,
        0.0,
        1.0
      ]
    ],
    "2": [
      [
        0.0186231195844327,
        -0.898502733350842,
        -0.438572705007972,
        -0.0202706918048378
      ],
      [
        0.802395833134999,
        -0.248268977401616,
        0.542700139881636,
        0.0321219255925018
      ],
      [
        -0.596501556062123,
        -0.362015680628646,
        0.716331306445868,
        0.330378403173579
      ],
      [
        0.0,
        0.0,
        0.0,
        1.0
      ]
    ],
    "3": [
      [
        -0.659182312162322,
        0.713539974318207,
        0.237359188535662,
        -0.0989333419412873
      ],
      [
        -0.742799497676193,
        -0.667024365382279,
        -0.0576836392607462,
        -0.0320412793848814
      ],
      [
        0.117164779623959,
        -0.214334320714954,
        0.969707797936744,
        0.344208464653589
      ],
      [
        0.0,
        0.0,
        0.0,
        1.0
      ]
    ]
  },
  "T_WP": {
    "0": [
      [
        0.435528339162755,
        0.899904584969602,
        0.0220636292758261,
        -0.018580721090224
      ],
      [
        0.542572964414794,
        -0.242874476685709,
        -0.804130938877983,
        -0.0881670326247888
      ],
      [
        -0.718282426398054,
        0.362192941020849,
        -0.594042615813372,
        0.288868805287194
      ],
      [
        0.0,
        0.0,
        0.0,
        1.0
      ]
    ],
    "1": [
      [
        -0.236866235429804,
        -0.710788875468193,
        -0.662324362396533,
        -0.145441563974351
      ],
      [
        -0.0605926498700829,
        -0.669589677874554,
        0.740255492425131,
        0.0837763975807095
      ],
      [
        -0.969650925485576,
        0.215473519938096,
        0.115534604818007,
        0.352222501770298
      ],
      [
        0.0,
        0.0,
        0.0,
        1.0
      ]
    ],
    "2": [
      [
        0.438572705007972,
        -0.898502733350842,
        0.0186231195844326,
        -0.0189670734339275
      ],
      [
        -0.542700139881636,
        -0.248268977401616,
        0.802395833134999,
        0.0882896339119517
      ],
      [
        -0.716331306445868,
        -0.362015680628646,
        -0.596501556062123,
        0.28862329424923
      ],
      [
        0.0,
        0.0,
        0.0,
        1.0
      ]
    ],
    "3": [
      [
        -0.237359188535662,
        0.713539974318207,
        -0.659182312162322,
        -0.14507610379265
      ],
      [
        0.0576836392607462,
        -0.667024365382279,
        -0.742799497676193,
        -0.0840372442222149
      ],
      [
        -0.969707797936744,
        -0.214334320714954,
        0.117164779623959,
        0.352409999227266
      ],
      [
        0.0,
        0.0,
        0.0,
        1.0
      ]
    ]
  },
  "simTime": 0.562499999999954,
  "state": [
    -0.0596020168730626,
    4.0323103810177e-05,
    0.337293433913584,
    0.996268334614742,
    -0.000669294359992271,
    0.0863005464504954,
    0.00108313035876741,
    -0.299803126284832,
    -0.000100930803727646,
    -0.61911451855669,
    -0.0116587499687253,
    -3.64969978620073,
    0.00076417196460329,
    0.820890208642986,
    0.391711509170789,
    0.175011644813848,
    -0.37692477116365,
    0.998694028055444,
    0.0445279150261331,
    -0.0016395671107958,
    -0.0249962983160649,
    0.820664666575351,
    -0.392117408830998,
    0.175238674628862,
    0.376888378224577,
    0.998687803187583,
    -0.0447486322975879,
    -0.00158422219517369,
    0.0248540119878118,
    -3.63756763761601,
    -2.07145075465827,
    -4.29647648802152,
    -0.208676845837363,
    0.204635207071382,
    -0.602456806826376,
    3.63865838858299,
    -2.07321130463055,
    4.30049969602438,
    0.206290223546517,
    0.204149014822581,
    0.604409247873167
  ]
}