{
  "T_WB": [
    [
      0.988752159753297,
      -0.00232004299194116,
      -0.149545257309305,
      -0.0928318146230067
    ],
    [
      0.00264675703557549,
      0.999994525762594,
      0.00198572959875463,
      1.87484423636002e-05
    ],
    [
      0.149539831685024,
      -0.00235920439137504,
      0.988752887679351,
      0.218941525385532
    ],
    [
      0.0,
      0.0,
      0.0,
      1.0
    ]
  ],
  "T_WH": {
    "0": [
      [
        -0.162729438190794,
        0.958939551651717,
        -0.232280145996409,
        -0.0532074868571327
      ],
      [
        -0.84384780415632,
        -0.25726062741766,
        -0.470890489393477,
        -0.0318752061006164
      ],
      [
        -0.51131205087174,
        0.119381346359791,
        0.851062912348234,
        0.224998613193457
      ],
      [
        0.0,
        0.0,
        0.0,
        1.0
      ]
    ],
    "1": [
      [
        -0.621479226189994,
        -0.774108342325678,
        -0.120498322627651,
        -0.132456142388881
      ],
      [
        0.775103882762247,
        -0.629922566497722,
        0.0491073430742524,
        0.0319127029853436
      ],
      [
        -0.113919016591508,
        -0.0628795241609972,
        0.991498171001899,
        0.212884437577607
      ],
      [
        0.0,
        0.0,
        0.0,
        1.0
      ]
    ],
    "2": [
      [
        -0.166577064463233,
        -0.957668679030783,
        -0.234782415862534,
        -0.053355969608617
      ],
      [
        0.84026274139876,
        -0.262463668908401,
        0.474416850375471,
        0.0321244435481896
      ],
      [
        -0.515956012671481,
        -0.118251950117438,
        0.848413737089145,
        0.224847624112409
      ],
      [
        0.0,
        0.0,
        0.0,
        1.0
      ]
    ],
    "3": [
      [
        -0.617878821744678,
        0.777079120678177,
        -0.119890791328777,
        -0.132307659637397
      ],
      [
        -0.778488178157607,
        -0.62601150099562,
        -0.0454506005467618,
        -0.0320869466634624
      ],
      [
        -0.110371726942453,
        0.0652506002059921,
        0.99174615757486,
        0.213035426658655
      ],
      [
        0.0,
        0.0,
        0.0,
        1.0
      ]
    ]
  },
  "T_WP": {
    "0": [
      [
        0.232280145996409,
        0.958939551651717,
        -0.162729438190794,
        -0.0645985475304883
      ],
      [
        0.470890489393477,
        -0.25726062741766,
        -0.84384780415632,
        -0.0909445523915588
      ],
      [
        -0.851062912348234,
        0.119381346359791,
        -0.51131205087174,
        0.189206769632436
      ],
      [
        0.0,
        0.0,
        0.0,
        1.0
      ]
    ],
    "1": [
      [
        0.120498322627651,
        -0.774108342325678,
        -0.621479226189994,
        -0.17595968822218
      ],
      [
        -0.0491073430742524,
        -0.629922566497722,
        0.775103882762247,
        0.0861699747787009
      ],
      [
        -0.991498171001899,
        -0.0628795241609972,
        -0.113919016591508,
        0.204910106416202
      ],
      [
        0.0,
        0.0,
        0.0,
        1.0
      ]
    ],
    "2": [
      [
        0.234782415862534,
        -0.957668679030783,
        -0.166577064463233,
        -0.0650163641210433
      ],
      [
        -0.474416850375471,
        -0.262463668908401,
        0.84026274139876,
        0.0909428354461028
      ],
      [
        -0.848413737089145,
        -0.118251950117438,
        -0.515956012671481,
        0.188730703225406
      ],
      [
        0.0,
        0.0,
        0.0,
        1.0
      ]
    ],
    "3": [
      [
        0.119890791328777,
        0.777079120678177,
        -0.617878821744678,
        -0.175559177159524
      ],
      [
        0.0454506005467617,
        -0.62601150099562,
        -0.778488178157607,
        -0.0865811191344949
      ],
      [
        -0.99174615757486,
        0.0652506002059921,
        -0.110371726942453,
        0.205309405772684
      ],
      [
        0.0,
        0.0,
        0.0,
        1.0
      ]
    ]
  },
  "simTime": 0.665999999999943,
  "state": [
    -0.0928318146230067,
    1.87484423636002e-05,
    0.218941525385532,
    0.997183480257676,
    -0.0010893015368162,
    -0.074982461832662,
    0.00124520715742132,
    -0.337125485024001,
    -0.000302726422413475,
    -1.66916253976796,
    -0.011846346195932,
    -2.6121726504938,
    0.000278334661710225,
    0.836711823190564,
    0.113963512379687,
    0.222185047306001,
    -0.487400705306053,
    0.998242205172185,
    0.0266206442429603,
    0.00769858187938739,
    -0.0523886719635983,
    0.836584515842125,
    -0.114217067724134,
    0.222468795579827,
    0.487430450717802,
    0.998234409266227,
    -0.0269204372659635,
    0.00774132844816351,
    0.0523777247326906,
    -5.06083321378503,
    -2.53528211192567,
    -1.51281850745384,
    -0.483006860661139,
    0.0894542482935444,
    -0.441350932834563,
    5.06262749400387,
    -2.53779391346294,
    1.51378004613608,
    0.482326889604103,
    0.0891503898434393,
    0.444411512930331
  ]
}