{
  "arms": {
    "0": [
      [
        -0.487559288740158,
        0.367145657539368,
        0.792142570018768,
        0.0287172943353653
      ],
      [
        -0.805087625980377,
        -0.540104031562805,
        -0.245197147130966,
        0.554958879947662
      ],
      [
        0.337816298007965,
        -0.75729238986969,
        0.558917164802551,
        0.0319646038115025
      ],
      [
        0.0,
        0.0,
        0.0,
        1.0
      ]
    ],
    "1": [
      [
        -0.481403082609177,
        0.699383616447449,
        -0.528311848640442,
        -0.0416601598262787
      ],
      [
        -0.86878103017807,
        -0.300928443670273,
        0.393270403146744,
        0.592998206615448
      ],
      [
        0.116062819957733,
        0.648308932781219,
        0.752479195594788,
        0.0321065485477448
      ],
      [
        0.0,
        0.0,
        0.0,
        1.0
      ]
    ],
    "2": [
      [
        -0.744814395904541,
        -0.522310733795166,
        -0.415262341499329,
        -0.041725680232048
      ],
      [
        -0.66579258441925,
        0.623128235340118,
        0.410403966903687,
        0.59311580657959
      ],
      [
        0.0444032773375511,
        0.58215343952179,
        -0.811865568161011,
        -0.0318933092057705
      ],
      [
        0.0,
        0.0,
        0.0,
        1.0
      ]
    ],
    "3": [
      [
        -0.369465470314026,
        -0.604616284370422,
        0.705644547939301,
        0.0286517757922411
      ],
      [
        -0.929162919521332,
        0.250431448221207,
        -0.271919727325439,
        0.555076479911804
      ],
      [
        -0.0123084606602788,
        -0.756123721599579,
        -0.654312908649445,
        -0.0320352539420128
      ],
      [
        0.0,
        0.0,
        0.0,
        1.0
      ]
    ]
  },
  "base": [
    [
      0.87971818447113,
      -0.00102372246328741,
      0.475494176149368,
      -0.00650419341400266
    ],
    [
      -0.475492000579834,
      0.00183743517845869,
      0.879718124866486,
      0.574037313461304
    ],
    [
      -0.00177427707239985,
      -0.999997794628143,
      0.00112965342123061,
      3.56490418198518e-05
    ],
    [
      0.0,
      0.0,
      0.0,
      1.0
    ]
  ]
}