{
  "T_WB": [
    [
      -2.22044604925031e-16,
      4.89545818309028e-22,
      1.0,
      5.67201584645541e-38
    ],
    [
      -8.92718609610958e-22,
      1.0,
      -4.89545818309028e-22,
      5.08685698641914e-22
    ],
    [
      -1.0,
      -8.92718609610958e-22,
      -2.22044604925031e-16,
      0.495438705175
    ],
    [
      0.0,
      0.0,
      0.0,
      1.0
    ]
  ],
  "T_WH": {
    "0": [
      [
        -1.57013083203896e-16,
        -1.56661487881518e-16,
        1.0,
        -8.88179986246744e-18
      ],
      [
        -0.707106779455507,
        0.707106782917588,
        -2.48614893703607e-19,
        -0.032
      ],
      [
        -0.707106782917588,
        -0.707106779455507,
        -2.21801416300887e-16,
        0.455438705175
      ],
      [
        0.0,
        0.0,
        0.0,
        1.0
      ]
    ],
    "1": [
      [
        1.57013083203896e-16,
        1.56680505202329e-16,
        1.0,
        8.88179986246744e-18
      ],
      [
        0.707106779455507,
        -0.707106782917588,
        -2.35167617165254e-19,
        0.032
      ],
      [
        0.707106782917588,
        0.707106779455507,
        -2.2181486357736e-16,
        0.535438705175
      ],
      [
        0.0,
        0.0,
        0.0,
        1.0
      ]
    ],
    "2": [
      [
        -1.57012909268515e-16,
        1.56786223917379e-16,
        1.0,
        -8.88176853153507e-18
      ],
      [
        0.707106779455507,
        0.707106782917588,
        1.60290205784956e-19,
        0.032
      ],
      [
        -0.707106782917588,
        0.707106779455507,
        -2.21889495006599e-16,
        0.455438705175
      ],
      [
        0.0,
        0.0,
        0.0,
        1.0
      ]
    ],
    "3": [
      [
        1.57012909268515e-16,
        -1.56660921608746e-16,
        1.0,
        8.88176853153507e-18
      ],
      [
        -0.707106779455507,
        -0.707106782917588,
        2.48892318134379e-19,
        -0.032
      ],
      [
        0.707106782917588,
        -0.707106779455507,
        -2.21800892894683e-16,
        0.535438705175
      ],
      [
        0.0,
        0.0,
        0.0,
        1.0
      ]
    ]
  },
  "T_WP": {
    "0": [
      [
        -1.0,
        -1.56661487881518e-16,
        -9.57807432465286e-17,
        -1.98727156867402e-17
      ],
      [
        -4.30491878120754e-17,
        0.707106782917588,
        -0.707106779455507,
        -0.0814974745618855
      ],
      [
        1.78503613383117e-16,
        -0.707106779455507,
        -0.707106782917588,
        0.405941230370768
      ],
      [
        0.0,
        0.0,
        0.0,
        1.0
      ]
    ],
    "1": [
      [
        -1.0,
        1.56680505202329e-16,
        2.18245423161264e-16,
        1.98727156867402e-17
      ],
      [
        4.35329703229443e-17,
        -0.707106782917588,
        0.707106779455507,
        0.0814974745618855
      ],
      [
        2.6511266649513e-16,
        0.707106779455507,
        0.707106782917588,
        0.584936179979231
      ],
      [
        0.0,
        0.0,
        0.0,
        1.0
      ]
    ],
    "2": [
      [
        -1.0,
        1.56786223917379e-16,
        -9.57805693111472e-17,
        -1.98726721803311e-17
      ],
      [
        4.31375124999941e-17,
        0.707106782917588,
        0.707106779455507,
        0.0814974745618855
      ],
      [
        1.78591692088828e-16,
        0.707106779455507,
        -0.707106782917588,
        0.405941230370768
      ],
      [
        0.0,
        0.0,
        0.0,
        1.0
      ]
    ],
    "3": [
      [
        -1.0,
        -1.56660921608746e-16,
        2.18245249225883e-16,
        1.98726721803311e-17
      ],
      [
        -4.35466950239134e-17,
        -0.707106782917588,
        -0.707106779455507,
        -0.0814974745618855
      ],
      [
        2.65098695812453e-16,
        -0.707106779455507,
        0.707106782917588,
        0.584936179979231
      ],
      [
        0.0,
        0.0,
        0.0,
        1.0
      ]
    ]
  },
  "simTime": 0.0304999999999999,
  "state": [
    5.67201584645541e-38,
    5.08685698641914e-22,
    0.495438705175,
    0.707106781186548,
    -1.42543107359752e-22,
    0.707106781186548,
    -4.88704275187583e-22,
    2.67684294321083e-35,
    3.92304591357111e-20,
    -0.2991013,
    5.19197788310935e-20,
    -6.65322335239733e-19,
    5.55950060859827e-19,
    1.0,
    1.73705720661157e-19,
    1.74539499183964e-21,
    -4.94118253077397e-21,
    1.0,
    -1.64197060255674e-19,
    -1.74539499183959e-21,
    5.05365039861628e-21,
    1.0,
    -1.11683863899537e-19,
    2.00458846811892e-21,
    4.01306383040381e-21,
    1.0,
    1.74335018215893e-19,
    -2.00458846811887e-21,
    -4.70479079343677e-21,
    1.87477361741539e-17,
    2.83969545414694e-19,
    -1.00248410409483e-18,
    -1.67229946602132e-17,
    -2.83969545414687e-19,
    9.94376919455796e-19,
    -8.68585590268595e-18,
    3.34859552795648e-19,
    7.60444881441065e-19,
    1.87821763021347e-17,
    -3.34859552795641e-19,
    -9.56524529806763e-19
  ]
}