{
  "T_WB": [
    [
      -2.22044604925031e-16,
      1.21178963519068e-19,
      1.0,
      -1.02460931131703e-35
    ],
    [
      -2.69584245520005e-18,
      1.0,
      -1.21178963519068e-19,
      3.60702042961609e-21
    ],
    [
      -1.0,
      -2.69584245520005e-18,
      -2.22044604925031e-16,
      0.173616738800002
    ],
    [
      0.0,
      0.0,
      0.0,
      1.0
    ]
  ],
  "T_WH": {
    "0": [
      [
        -1.57204162446946e-16,
        -1.51950683301067e-16,
        1.0,
        -8.88566192383386e-18
      ],
      [
        -0.707106779455507,
        0.707106782917588,
        -3.71477019371376e-18,
        -0.032
      ],
      [
        -0.707106782917588,
        -0.707106779455507,
        -2.18605487874195e-16,
        0.133616738800002
      ],
      [
        0.0,
        0.0,
        0.0,
        1.0
      ]
    ],
    "1": [
      [
        1.57204162446946e-16,
        1.51947491672897e-16,
        1.0,
        8.88566192383386e-18
      ],
      [
        0.707106779455507,
        -0.707106782917588,
        -3.71702701564135e-18,
        0.032
      ],
      [
        0.707106782917588,
        0.707106779455507,
        -2.18603231052278e-16,
        0.213616738800002
      ],
      [
        0.0,
        0.0,
        0.0,
        1.0
      ]
    ],
    "2": [
      [
        -1.57038428815823e-16,
        1.52869618094151e-16,
        1.0,
        -8.87790647016864e-18
      ],
      [
        0.707106779455507,
        0.707106782917588,
        2.9477937943148e-18,
        0.032
      ],
      [
        -0.707106782917588,
        0.707106779455507,
        -2.19138081521538e-16,
        0.133616738800002
      ],
      [
        0.0,
        0.0,
        0.0,
        1.0
      ]
    ],
    "3": [
      [
        1.57038428815823e-16,
        -1.52107105950103e-16,
        1.0,
        8.87790647016864e-18
      ],
      [
        -0.707106779455507,
        -0.707106782917588,
        3.4869713034281e-18,
        -0.032
      ],
      [
        0.707106782917588,
        -0.707106779455507,
        -2.18598904015064e-16,
        0.213616738800002
      ],
      [
        0.0,
        0.0,
        0.0,
        1.0
      ]
    ]
  },
  "T_WP": {
    "0": [
      [
        -1.0,
        -1.51950683301067e-16,
        -9.59718224895784e-17,
        -1.98899532951201e-17
      ],
      [
        -3.95830325120653e-17,
        0.707106782917588,
        -0.707106779455507,
        -0.0814974745618855
      ],
      [
        1.75307684956425e-16,
        -0.707106779455507,
        -0.707106782917588,
        0.0841192639957713
      ],
      [
        0.0,
        0.0,
        0.0,
        1.0
      ]
    ],
    "1": [
      [
        -1.0,
        1.51947491672897e-16,
        2.18436502404314e-16,
        1.98899532951201e-17
      ],
      [
        4.70148297214204e-17,
        -0.707106782917588,
        0.707106779455507,
        0.0814974745618855
      ],
      [
        2.61901033970049e-16,
        0.707106779455507,
        0.707106782917588,
        0.263114213604234
      ],
      [
        0.0,
        0.0,
        0.0,
        1.0
      ]
    ],
    "2": [
      [
        -1.0,
        1.52869618094151e-16,
        -9.58060888584558e-17,
        -1.98705964872763e-17
      ],
      [
        4.03500089114642e-17,
        0.707106782917588,
        0.707106779455507,
        0.0814974745618855
      ],
      [
        1.75840278603767e-16,
        0.707106779455507,
        -0.707106782917588,
        0.0841192639957713
      ],
      [
        0.0,
        0.0,
        0.0,
        1.0
      ]
    ],
    "3": [
      [
        -1.0,
        -1.52107105950103e-16,
        2.18270768773191e-16,
        1.98705964872763e-17
      ],
      [
        -4.67847740092071e-17,
        -0.707106782917588,
        -0.707106779455507,
        -0.0814974745618855
      ],
      [
        2.61896706932835e-16,
        -0.707106779455507,
        0.707106782917588,
        0.263114213604234
      ],
      [
        0.0,
        0.0,
        0.0,
        1.0
      ]
    ]
  },
  "simTime": 0.257999999999988,
  "state": [
    -1.02460931131703e-35,
    3.60702042961609e-21,
    0.173616738800002,
    0.707106781186548,
    -9.1028100712053e-19,
    0.707106781186548,
    -9.9596747396202e-19,
    -6.46868963516246e-35,
    -2.17482817302399e-20,
    -2.53010280000006,
    4.88003397234539e-19,
    -1.20834243722251e-17,
    -2.20458895355465e-17,
    1.0,
    2.48643785794559e-18,
    5.46148637843327e-20,
    -1.51210362911414e-18,
    1.0,
    -2.48803367203062e-18,
    -5.4614863784332e-20,
    1.50864224421352e-18,
    1.0,
    -2.112656928455e-18,
    5.74345148547994e-20,
    1.06134037471791e-18,
    1.0,
    2.49391300047895e-18,
    -5.74345148547987e-20,
    -1.50788878461535e-18,
    1.0963669374657e-17,
    1.10495762092204e-19,
    -2.40461412174819e-17,
    -1.08956357383068e-17,
    -1.10495762092202e-19,
    2.40538325553439e-17,
    -1.53034231792146e-17,
    -5.3234151804363e-21,
    1.99729760716583e-17,
    1.09923567601535e-17,
    5.32341518043753e-21,
    -2.41845272110723e-17
  ]
}