{
  "T_WB": [
    [
      0.806214228788908,
      -0.00165519910505089,
      0.591621397190998,
      -0.0301394254452691
    ],
    [
      0.00128563997032731,
      0.999998626754169,
      0.00104576270874505,
      3.71080308107299e-05
    ],
    [
      -0.59162231569488,
      -8.24966601974551e-05,
      0.806215249648708,
      0.344878660408287
    ],
    [
      0.0,
      0.0,
      0.0,
      1.0
    ]
  ],
  "T_WH": {
    "0": [
      [
        0.33298369214413,
        0.890912596511428,
        -0.308863410172409,
        0.0021621100776489
      ],
      [
        -0.765621785662412,
        0.064253345958308,
        -0.640074049506978,
        -0.0319114224265096
      ],
      [
        -0.550404525858175,
        0.44960677587246,
        0.703497409380027,
        0.321216407673619
      ],
      [
        0.0,
        0.0,
        0.0,
        1.0
      ]
    ],
    "1": [
      [
        -0.55666944872855,
        -0.501384724768202,
        0.662368841825584,
        -0.062440960968187
      ],
      [
        0.696433339794052,
        -0.716327928450064,
        0.0430685749211883,
        0.031985638488131
      ],
      [
        0.45287937475177,
        0.485270704547012,
        0.747938911431203,
        0.368540913142956
      ],
      [
        0.0,
        0.0,
        0.0,
        1.0
      ]
    ],
    "2": [
      [
        0.330886287265252,
        -0.890703126788129,
        -0.311708525436292,
        0.00205617733492564
      ],
      [
        0.76638405386572,
        0.0609091298262143,
        0.639488514270709,
        0.0320884896857572
      ],
      [
        -0.550608524162278,
        -0.450486423584179,
        0.702774668927512,
        0.321211127887366
      ],
      [
        0.0,
        0.0,
        0.0,
        1.0
      ]
    ],
    "3": [
      [
        -0.554676655777505,
        0.503448418621023,
        0.662475280537677,
        -0.0623350282254638
      ],
      [
        -0.697914011401756,
        -0.715008285027701,
        -0.0409778602522826,
        -0.0320142736241358
      ],
      [
        0.453045075268004,
        -0.485080242980208,
        0.747962109766043,
        0.368546192929209
      ],
      [
        0.0,
        0.0,
        0.0,
        1.0
      ]
    ]
  },
  "T_WP": {
    "0": [
      [
        0.308863410172409,
        0.890912596511428,
        0.33298369214413,
        0.025470968527738
      ],
      [
        0.640074049506978,
        0.064253345958308,
        -0.765621785662412,
        -0.0855049474228785
      ],
      [
        -0.703497409380027,
        0.44960677587246,
        -0.550404525858175,
        0.282688090863546
      ],
      [
        0.0,
        0.0,
        0.0,
        1.0
      ]
    ],
    "1": [
      [
        -0.662368841825584,
        -0.501384724768202,
        -0.55666944872855,
        -0.101407822379186
      ],
      [
        -0.0430685749211883,
        -0.716327928450064,
        0.696433339794052,
        0.0807359722737147
      ],
      [
        -0.747938911431203,
        0.485270704547012,
        0.45287937475177,
        0.40024246937558
      ],
      [
        0.0,
        0.0,
        0.0,
        1.0
      ]
    ],
    "2": [
      [
        0.311708525436292,
        -0.890703126788129,
        0.330886287265252,
        0.0252182174434933
      ],
      [
        -0.639488514270709,
        0.0609091298262143,
        0.76638405386572,
        0.0857353734563576
      ],
      [
        -0.702774668927512,
        -0.450486423584179,
        -0.550608524162278,
        0.282668531196006
      ],
      [
        0.0,
        0.0,
        0.0,
        1.0
      ]
    ],
    "3": [
      [
        -0.662475280537677,
        0.503448418621023,
        -0.554676655777505,
        -0.101162394129889
      ],
      [
        0.0409778602522825,
        -0.715008285027701,
        -0.697914011401756,
        -0.0808682544222587
      ],
      [
        -0.747962109766043,
        -0.485080242980208,
        0.453045075268005,
        0.400259348197969
      ],
      [
        0.0,
        0.0,
        0.0,
        1.0
      ]
    ]
  },
  "simTime": 0.452999999999966,
  "state": [
    -0.0301394254452691,
    3.71080308107299e-05,
    0.344878660408287,
    0.950319433821042,
    -0.000296810558847041,
    0.311275259343139,
    0.000773644884739884,
    -0.236011891013217,
    0.000157899238946903,
    0.476979044689349,
    -0.0108206422385946,
    -4.72388666554457,
    0.00255444325407633,
    0.822969827513243,
    0.550709563546999,
    0.0695240301780481,
    -0.12085548745712,
    0.998700862214189,
    0.0471207109451121,
    -0.0179290522945024,
    0.0074010469856045,
    0.822719571354901,
    -0.551132627590105,
    0.069507836065949,
    0.120639937171175,
    0.998697815617043,
    -0.0471850468282755,
    -0.0178463679884632,
    -0.00759944650491935,
    -0.719019511213248,
    -0.841328574541046,
    -5.73371547363643,
    0.0940502814045843,
    0.332507373009606,
    -0.576210836484598,
    0.716975048947705,
    -0.839914761381221,
    5.73885626141967,
    -0.097391526809804,
    0.331738515937222,
    0.576358311714129
  ]
}