{
  "T_WB": [
    [
      -0.0714294612781095,
      -0.432128548643712,
      0.898978725837602,
      -0.0721132387073765
    ],
    [
      -0.361021636925115,
      0.851373856597456,
      0.380560026768819,
      0.00413672664248949
    ],
    [
      -0.929817836854849,
      -0.297367573466665,
      -0.21682093191645,
      0.889958202229793
    ],
    [
      0.0,
      0.0,
      0.0,
      1.0
    ]
  ],
  "T_WH": {
    "0": [
      [
        -0.131686663566711,
        -0.287109505550022,
        0.94880280061849,
        0.0109709351054744
      ],
      [
        -0.559944999823879,
        0.811359262243884,
        0.167802695876128,
        -0.0416848288881232
      ],
      [
        -0.817997689367705,
        -0.509180006867789,
        -0.267610726233486,
        -0.0276769511232606
      ],
      [
        0.0,
        0.0,
        0.0,
        1.0
      ]
    ],
    "1": [
      [
        -0.345662940418446,
        0.442697468945942,
        0.827366957649464,
        -0.0109709351054744
      ],
      [
        0.882008074443358,
        -0.147663323071118,
        0.447501172776468,
        0.0416848288881232
      ],
      [
        0.320279390904244,
        0.88442890839708,
        -0.339421003701237,
        0.0276769511232606
      ],
      [
        0.0,
        0.0,
        0.0,
        1.0
      ]
    ],
    "2": [
      [
        -0.304386695759579,
        -0.624724614659515,
        0.719074332237694,
        -0.0166852920077232
      ],
      [
        -0.313985501078831,
        0.778508708985003,
        0.543449441205692,
        0.012803097934114
      ],
      [
        -0.899311872798776,
        -0.0603601347995878,
        -0.433122164718148,
        -0.0467084758251272
      ],
      [
        0.0,
        0.0,
        0.0,
        1.0
      ]
    ],
    "3": [
      [
        0.332971396228828,
        0.0111606471025599,
        0.942870876233685,
        0.0166852920077232
      ],
      [
        -0.511029686908021,
        -0.838212548241175,
        0.190390081332315,
        -0.012803097934114
      ],
      [
        0.792451076339804,
        -0.545229459885733,
        -0.273397380529876,
        0.0467084758251272
      ],
      [
        0.0,
        0.0,
        0.0,
        1.0
      ]
    ]
  },
  "T_WP": {
    "0": [
      [
        -0.94880280061849,
        -0.287109505550022,
        -0.131686663566711,
        0.00175286865580467
      ],
      [
        -0.167802695876128,
        0.811359262243884,
        -0.559944999823879,
        -0.0808809788757947
      ],
      [
        0.267610726233486,
        -0.509180006867789,
        -0.817997689367705,
        -0.084936789379
      ],
      [
        0.0,
        0.0,
        0.0,
        1.0
      ]
    ],
    "1": [
      [
        -0.827366957649464,
        0.442697468945942,
        -0.345662940418446,
        -0.0351673409347656
      ],
      [
        -0.447501172776468,
        -0.147663323071118,
        0.882008074443358,
        0.103425394099158
      ],
      [
        0.339421003701237,
        0.88442890839708,
        0.320279390904244,
        0.0500965084865577
      ],
      [
        0.0,
        0.0,
        0.0,
        1.0
      ]
    ],
    "2": [
      [
        -0.719074332237694,
        -0.624724614659515,
        -0.304386695759579,
        -0.0379923607108937
      ],
      [
        -0.543449441205692,
        0.778508708985003,
        -0.313985501078831,
        -0.00917588714140416
      ],
      [
        0.433122164718148,
        -0.0603601347995878,
        -0.899311872798776,
        -0.109660306921042
      ],
      [
        0.0,
        0.0,
        0.0,
        1.0
      ]
    ],
    "3": [
      [
        -0.942870876233685,
        0.0111606471025599,
        0.332971396228828,
        0.0399932897437412
      ],
      [
        -0.190390081332315,
        -0.838212548241175,
        -0.511029686908021,
        -0.0485751760176755
      ],
      [
        0.273397380529876,
        -0.545229459885733,
        0.792451076339804,
        0.102180051168914
      ],
      [
        0.0,
        0.0,
        0.0,
        1.0
      ]
    ]
  }
}