{
  "T_WB": [
    [
      0.988602834646705,
      -0.00228933474807223,
      0.150529712266087,
      -0.0614097401927322
    ],
    [
      0.00208034700389982,
      0.99999664131052,
      0.00154580853374808,
      3.96763439604771e-05
    ],
    [
      -0.150532745556716,
      -0.00121503666237376,
      0.988604276847448,
      0.333396920776926
    ],
    [
      0.0,
      0.0,
      0.0,
      1.0
    ]
  ],
  "T_WH": {
    "0": [
      [
        0.00668291591045056,
        0.902170760853244,
        -0.43132731990498,
        -0.0217923680949257
      ],
      [
        -0.804654302968977,
        -0.251241463722507,
        -0.5379676380788,
        -0.0318770022978202
      ],
      [
        -0.593705980556407,
        0.350664576437443,
        0.724256559158082,
        0.327414492127854
      ],
      [
        0.0,
        0.0,
        0.0,
        1.0
      ]
    ],
    "1": [
      [
        -0.662384826861118,
        -0.717941778046944,
        0.214023233502717,
        -0.101027112290539
      ],
      [
        0.742564386558189,
        -0.667023521017667,
        0.0606444904723714,
        0.0319563549857411
      ],
      [
        0.0992193174720832,
        0.199096021416767,
        0.974944255481506,
        0.339379349425999
      ],
      [
        0.0,
        0.0,
        0.0,
        1.0
      ]
    ],
    "2": [
      [
        0.00320268844627584,
        -0.900735918472853,
        -0.434355324543837,
        -0.0219388855188023
      ],
      [
        0.802762499169104,
        -0.256688705945457,
        0.538222331539504,
        0.0321227827460531
      ],
      [
        -0.596290292319512,
        -0.350407924300967,
        0.722254923051825,
        0.327336729781462
      ],
      [
        0.0,
        0.0,
        0.0,
        1.0
      ]
    ],
    "3": [
      [
        -0.659199368211637,
        0.720716475104725,
        0.214531945085107,
        -0.100880594866662
      ],
      [
        -0.745161159973792,
        -0.664384120587002,
        -0.0576938989699038,
        -0.0320434300581321
      ],
      [
        0.100950674172551,
        -0.197892654801679,
        0.975011517142055,
        0.339457111772391
      ],
      [
        0.0,
        0.0,
        0.0,
        1.0
      ]
    ]
  },
  "T_WP": {
    "0": [
      [
        0.43132731990498,
        0.902170760853244,
        0.00668291591045053,
        -0.0213245639811941
      ],
      [
        0.5379676380788,
        -0.251241463722507,
        -0.804654302968977,
        -0.0882028035056485
      ],
      [
        -0.724256559158082,
        0.350664576437443,
        -0.593705980556407,
        0.285855073488905
      ],
      [
        0.0,
        0.0,
        0.0,
        1.0
      ]
    ],
    "1": [
      [
        -0.214023233502717,
        -0.717941778046944,
        -0.662384826861118,
        -0.147394050170817
      ],
      [
        -0.0606444904723714,
        -0.667023521017667,
        0.742564386558189,
        0.0839358620448144
      ],
      [
        -0.974944255481506,
        0.199096021416767,
        0.0992193174720832,
        0.346324701649045
      ],
      [
        0.0,
        0.0,
        0.0,
        1.0
      ]
    ],
    "2": [
      [
        0.434355324543837,
        -0.900735918472853,
        0.00320268844627581,
        -0.021714697327563
      ],
      [
        -0.538222331539504,
        -0.256688705945457,
        0.802762499169104,
        0.0883161576878904
      ],
      [
        -0.722254923051825,
        -0.350407924300967,
        -0.596290292319512,
        0.285596409319096
      ],
      [
        0.0,
        0.0,
        0.0,
        1.0
      ]
    ],
    "3": [
      [
        -0.214531945085107,
        0.720716475104725,
        -0.659199368211637,
        -0.147024550641477
      ],
      [
        0.0576938989699038,
        -0.664384120587002,
        -0.745161159973792,
        -0.0842047112562976
      ],
      [
        -0.975011517142055,
        -0.197892654801679,
        0.100950674172551,
        0.34652365896447
      ],
      [
        0.0,
        0.0,
        0.0,
        1.0
      ]
    ]
  },
  "simTime": 0.568499999999954,
  "state": [
    -0.0614097401927322,
    3.96763439604771e-05,
    0.333396920776926,
    0.99714639757719,
    -0.000692186524172876,
    0.0754810072408395,
    0.00109554669268957,
    -0.302757902612859,
    -0.000114625124796447,
    -0.679730564420363,
    -0.0116812375112423,
    -3.58705753109366,
    0.000705225530852931,
    0.821424448786731,
    0.377943628510747,
    0.178987803692578,
    -0.387793572320187,
    0.998676995236628,
    0.0438951633420179,
    -0.000940235387702721,
    -0.0267691945664044,
    0.821203009020207,
    -0.37834226653682,
    0.179222412315095,
    0.387765488732428,
    0.998670665453659,
    -0.0441227048316139,
    -0.000885937457707073,
    0.0266327616951303,
    -3.76670580574149,
    -2.11371448717018,
    -4.16160547313449,
    -0.22568279896319,
    0.197775307023251,
    -0.598182939543969,
    3.76792467746635,
    -2.11557030309369,
    4.16546554756005,
    0.223375134213924,
    0.197299567758305,
    0.600222296533265
  ]
}