{
  "arms": {
    "0": [
      [
        -0.790474593639374,
        0.0969322398304939,
        0.604775965213776,
        0.0176229029893875
      ],
      [
        -0.511854112148285,
        -0.64682799577713,
        -0.565348505973816,
        0.394745767116547
      ],
      [
        0.336385548114777,
        -0.756450772285461,
        0.560916244983673,
        0.0319757722318172
      ],
      [
        0.0,
        0.0,
        0.0,
        1.0
      ]
    ],
    "1": [
      [
        -0.812121689319611,
        0.499175250530243,
        -0.302129685878754,
        -0.0290302075445652
      ],
      [
        -0.571296691894531,
        -0.574960827827454,
        0.585696280002594,
        0.459734052419662
      ],
      [
        0.118652351200581,
        0.648262321949005,
        0.752115368843079,
        0.0320714935660362
      ],
      [
        0.0,
        0.0,
        0.0,
        1.0
      ]
    ],
    "2": [
      [
        -0.960417151451111,
        -0.199006378650665,
        -0.194923654198647,
        -0.0290542244911194
      ],
      [
        -0.275105178356171,
        0.787546694278717,
        0.551441073417664,
        0.459811061620712
      ],
      [
        0.0437711849808693,
        0.583238005638123,
        -0.811121106147766,
        -0.0319284573197365
      ],
      [
        0.0,
        0.0,
        0.0,
        1.0
      ]
    ],
    "3": [
      [
        -0.737364888191223,
        -0.435697764158249,
        0.516197919845581,
        0.0175988841801882
      ],
      [
        -0.675412118434906,
        0.48748716711998,
        -0.553330540657043,
        0.394822776317596
      ],
      [
        -0.0105549786239862,
        -0.75665295124054,
        -0.653731524944305,
        -0.0320241786539555
      ],
      [
        0.0,
        0.0,
        0.0,
        1.0
      ]
    ]
  },
  "base": [
    [
      0.583163857460022,
      -0.000375277188140899,
      0.812354385852814,
      -0.00571566075086594
    ],
    [
      -0.812353610992432,
      0.00120345968753099,
      0.583163917064667,
      0.427278429269791
    ],
    [
      -0.00119648384861648,
      -0.999999225139618,
      0.000396956427721307,
      2.36571941059083e-05
    ],
    [
      0.0,
      0.0,
      0.0,
      1.0
    ]
  ]
}