{
  "arms": {
    "0": [
      [
        0.835520148277283,
        -0.0271539185196161,
        -0.54878830909729,
        -0.0306087676435709
      ],
      [
        0.432531893253326,
        0.648454606533051,
        0.626436531543732,
        0.245861023664474
      ],
      [
        0.338854134082794,
        -0.760768830776215,
        0.553541898727417,
        0.0321644656360149
      ],
      [
        0.0,
        0.0,
        0.0,
        1.0
      ]
    ],
    "1": [
      [
        0.863012611865997,
        -0.43202406167984,
        0.261847913265228,
        0.0102972127497196
      ],
      [
        0.495243966579437,
        0.621209502220154,
        -0.607315480709076,
        0.177110120654106
      ],
      [
        0.0997124761343002,
        0.653799593448639,
        0.750068962574005,
        0.0320427156984806
      ],
      [
        0.0,
        0.0,
        0.0,
        1.0
      ]
    ],
    "2": [
      [
        0.981473207473755,
        0.125022560358047,
        0.145187929272652,
        0.0100260963663459
      ],
      [
        0.185265198349953,
        -0.81248939037323,
        -0.552754759788513,
        0.177062153816223
      ],
      [
        0.0488568432629108,
        0.569412291049957,
        -0.820598959922791,
        -0.0319566950201988
      ],
      [
        0.0,
        0.0,
        0.0,
        1.0
      ]
    ],
    "3": [
      [
        0.801756739616394,
        0.378326892852783,
        -0.4626604616642,
        -0.0308798830956221
      ],
      [
        0.59732449054718,
        -0.532817006111145,
        0.599424362182617,
        0.245813056826591
      ],
      [
        -0.0197350103408098,
        -0.756951034069061,
        -0.653173565864563,
        -0.0318349413573742
      ],
      [
        0.0,
        0.0,
        0.0,
        1.0
      ]
    ]
  },
  "base": [
    [
      -0.51132470369339,
      -0.00423619337379932,
      -0.859377026557922,
      -0.0102913351729512
    ],
    [
      0.859386205673218,
      -0.000749596511013806,
      -0.511326491832733,
      0.211461588740349
    ],
    [
      0.00152189214713871,
      -0.99999076128006,
      0.00402381410822272,
      0.000103885635326151
    ],
    [
      0.0,
      0.0,
      0.0,
      1.0
    ]
  ]
}