{
  "T_WB": [
    [
      0.701127192344001,
      0.0197214976090579,
      0.712763440902993,
      -0.143903420933505
    ],
    [
      0.00268322063816796,
      0.999537379046955,
      -0.030295679806697,
      -0.000289720378528449
    ],
    [
      -0.713031177777539,
      0.0231536264977849,
      0.700749919084673,
      0.131471568619139
    ],
    [
      0.0,
      0.0,
      0.0,
      1.0
    ]
  ],
  "T_WH": {
    "0": [
      [
        -0.164415993178828,
        0.176494291945654,
        0.970472640571398,
        -0.116489421163234
      ],
      [
        -0.869371142253893,
        0.438881959118939,
        -0.227104475904996,
        -0.0321675876825043
      ],
      [
        -0.466005577437847,
        -0.881040516020985,
        0.0812798309932754,
        0.102209405460108
      ],
      [
        0.0,
        0.0,
        0.0,
        1.0
      ]
    ],
    "1": [
      [
        -0.408741864354783,
        -0.697474369779855,
        0.588608181920682,
        -0.171317420703775
      ],
      [
        0.866206645794616,
        -0.499595368928259,
        0.00951389124791022,
        0.0315881469254474
      ],
      [
        0.287430226498564,
        0.513745044594721,
        0.808362476893474,
        0.16073373177817
      ],
      [
        0.0,
        0.0,
        0.0,
        1.0
      ]
    ],
    "2": [
      [
        -0.12422812134161,
        -0.160550598397583,
        0.979178675841193,
        -0.115227245316255
      ],
      [
        0.895353876178529,
        0.407199987682928,
        0.180359658580036,
        0.0318028045765008
      ],
      [
        -0.427678395853728,
        0.899117164436984,
        0.0931639111178815,
        0.103691237555967
      ],
      [
        0.0,
        0.0,
        0.0,
        1.0
      ]
    ],
    "3": [
      [
        -0.434960265820114,
        0.687333109669044,
        0.581706767633297,
        -0.172579596550755
      ],
      [
        -0.870212220290133,
        -0.486872253227087,
        -0.0754062377744442,
        -0.0323822453335577
      ],
      [
        0.231387680777117,
        -0.539007055046835,
        0.809895756128112,
        0.159251899682312
      ],
      [
        0.0,
        0.0,
        0.0,
        1.0
      ]
    ]
  },
  "T_WP": {
    "0": [
      [
        -0.970472640571398,
        0.176494291945654,
        -0.164415993178828,
        -0.127998540685752
      ],
      [
        0.227104475904996,
        0.438881959118939,
        -0.869371142253893,
        -0.0930235676402768
      ],
      [
        -0.0812798309932754,
        -0.881040516020985,
        -0.466005577437847,
        0.0695890150394592
      ],
      [
        0.0,
        0.0,
        0.0,
        1.0
      ]
    ],
    "1": [
      [
        -0.588608181920682,
        -0.697474369779855,
        -0.408741864354783,
        -0.19992935120861
      ],
      [
        -0.00951389124791016,
        -0.499595368928259,
        0.866206645794616,
        0.0922226121310706
      ],
      [
        -0.808362476893474,
        0.513745044594721,
        0.287430226498564,
        0.180853847633069
      ],
      [
        0.0,
        0.0,
        0.0,
        1.0
      ]
    ],
    "2": [
      [
        -0.979178675841193,
        -0.160550598397583,
        -0.12422812134161,
        -0.123923213810167
      ],
      [
        -0.180359658580036,
        0.407199987682928,
        0.895353876178529,
        0.0944775759089979
      ],
      [
        -0.0931639111178815,
        0.899117164436984,
        -0.427678395853728,
        0.0737537498462058
      ],
      [
        0.0,
        0.0,
        0.0,
        1.0
      ]
    ],
    "3": [
      [
        -0.581706767633297,
        0.687333109669044,
        -0.434960265820114,
        -0.203026815158163
      ],
      [
        0.0754062377744442,
        -0.486872253227087,
        -0.870212220290133,
        -0.0932971007538671
      ],
      [
        -0.809895756128112,
        -0.539007055046835,
        0.231387680777117,
        0.17544903733671
      ],
      [
        0.0,
        0.0,
        0.0,
        1.0
      ]
    ]
  },
  "simTime": 0.821499999999926,
  "state": [
    -0.143903420933505,
    -0.000289720378528449,
    0.131471568619139,
    0.922146204578703,
    0.0144904642124784,
    0.38654245162022,
    -0.00461919077644366,
    -0.374973902665994,
    -0.0030552411315778,
    1.09348689522844,
    0.492518812530915,
    13.0162692299705,
    -0.199527932603836,
    0.916855722293312,
    -0.217853145313274,
    0.27342775652986,
    -0.192750754950971,
    0.987804573395624,
    -0.0530365574464216,
    0.0658184760830855,
    -0.130756172164153,
    0.917877820252747,
    0.217744051201587,
    0.271506730459997,
    0.190714264199899,
    0.986238849722222,
    0.0545286106705866,
    0.0693364086644537,
    0.139828553416105,
    -2.70999955598711,
    -2.34744801493212,
    2.34212400033508,
    -1.49425235948247,
    -1.0340583652722,
    0.277823286816788,
    2.73220677873896,
    -2.33316749649548,
    -2.29664140127752,
    1.53353652566761,
    -1.06621929892903,
    -0.302436725119281
  ]
}