{
  "T_WB": [
    [
      -2.22044604925031e-16,
      1.89617569223634e-20,
      1.0,
      5.25039780776374e-37
    ],
    [
      -1.80232490398509e-19,
      1.0,
      -1.89617569223634e-20,
      4.24479797179954e-21
    ],
    [
      -1.0,
      -1.80232490398509e-19,
      -2.22044604925031e-16,
      0.457134125575
    ],
    [
      0.0,
      0.0,
      0.0,
      1.0
    ]
  ],
  "T_WH": {
    "0": [
      [
        -1.57058095049393e-16,
        -1.55133677372904e-16,
        1.0,
        -8.88239097322277e-18
      ],
      [
        -0.707106779455507,
        0.707106782917588,
        -1.36076824846457e-18,
        -0.032
      ],
      [
        -0.707106782917588,
        -0.707106779455507,
        -2.20752919313785e-16,
        0.417134125575
      ],
      [
        0.0,
        0.0,
        0.0,
        1.0
      ]
    ],
    "1": [
      [
        1.57058095049393e-16,
        1.55141444566293e-16,
        1.0,
        8.88239097322277e-18
      ],
      [
        0.707106779455507,
        -0.707106782917588,
        -1.3552760133346e-18,
        0.032
      ],
      [
        0.707106782917588,
        0.707106779455507,
        -2.20758411548888e-16,
        0.497134125575
      ],
      [
        0.0,
        0.0,
        0.0,
        1.0
      ]
    ],
    "2": [
      [
        -1.57042480424764e-16,
        1.56036930847296e-16,
        1.0,
        -8.88117742077974e-18
      ],
      [
        0.707106779455507,
        0.707106782917588,
        7.11030383093408e-19,
        0.032
      ],
      [
        -0.707106782917588,
        0.707106779455507,
        -2.21380574762106e-16,
        0.417134125575
      ],
      [
        0.0,
        0.0,
        0.0,
        1.0
      ]
    ],
    "3": [
      [
        1.57042480424764e-16,
        -1.55157727738716e-16,
        1.0,
        8.88117742077974e-18
      ],
      [
        -0.707106779455507,
        -0.707106782917588,
        1.33272086473242e-18,
        -0.032
      ],
      [
        0.707106782917588,
        -0.707106779455507,
        -2.20758884283511e-16,
        0.497134125575
      ],
      [
        0.0,
        0.0,
        0.0,
        1.0
      ]
    ]
  },
  "T_WP": {
    "0": [
      [
        -1.0,
        -1.55133677372904e-16,
        -9.58257550920257e-17,
        -1.98764576266803e-17
      ],
      [
        -4.19370344573145e-17,
        0.707106782917588,
        -0.707106779455507,
        -0.0814974745618855
      ],
      [
        1.77455116396015e-16,
        -0.707106779455507,
        -0.707106782917588,
        0.367636650770769
      ],
      [
        0.0,
        0.0,
        0.0,
        1.0
      ]
    ],
    "1": [
      [
        -1.0,
        1.55141444566293e-16,
        2.18290435006761e-16,
        1.98764576266803e-17
      ],
      [
        4.46530787191136e-17,
        -0.707106782917588,
        0.707106779455507,
        0.0814974745618855
      ],
      [
        2.64056214466658e-16,
        0.707106779455507,
        0.707106782917588,
        0.546631600379231
      ],
      [
        0.0,
        0.0,
        0.0,
        1.0
      ]
    ],
    "2": [
      [
        -1.0,
        1.56036930847296e-16,
        -9.58101404673958e-17,
        -1.98741510505132e-17
      ],
      [
        4.25867723226856e-17,
        0.707106782917588,
        0.707106779455507,
        0.0814974745618855
      ],
      [
        1.78082771844336e-16,
        0.707106779455507,
        -0.707106782917588,
        0.367636650770769
      ],
      [
        0.0,
        0.0,
        0.0,
        1.0
      ]
    ],
    "3": [
      [
        -1.0,
        -1.55157727738716e-16,
        2.18274820382131e-16,
        1.98741510505132e-17
      ],
      [
        -4.46305235705114e-17,
        -0.707106782917588,
        -0.707106779455507,
        -0.0814974745618855
      ],
      [
        2.64056687201281e-16,
        -0.707106779455507,
        0.707106782917588,
        0.546631600379231
      ],
      [
        0.0,
        0.0,
        0.0,
        1.0
      ]
    ]
  },
  "simTime": 0.0935000000000017,
  "state": [
    5.25039780776374e-37,
    4.24479797179954e-21,
    0.457134125575,
    0.707106781186548,
    -5.70178146239555e-20,
    0.707106781186548,
    -7.04258015269696e-20,
    -2.52629360768717e-35,
    4.36927931913822e-20,
    -0.91691709999999,
    5.37524212448968e-19,
    -3.9760451442526e-18,
    -6.64413968915556e-18,
    1.0,
    9.31080062084896e-19,
    1.77204048887684e-20,
    -1.34011478368521e-19,
    1.0,
    -9.27196465390131e-19,
    -1.77204048887681e-20,
    1.32452242188807e-19,
    1.0,
    -4.9286131182453e-19,
    2.33210794440391e-20,
    7.85484480896293e-20,
    1.0,
    9.32462866114437e-19,
    -2.33210794440388e-20,
    -1.28653945000443e-19,
    2.4501385150353e-17,
    6.15472463557261e-19,
    -7.752440551419e-18,
    -2.48677989983912e-17,
    -6.15472463557255e-19,
    7.70924411358388e-18,
    -1.59246843586145e-17,
    8.02400879841816e-19,
    4.25363727569727e-18,
    2.45315208469868e-17,
    -8.02400879841809e-19,
    -7.55984677890815e-18
  ]
}