{
  "T_WB": [
    [
      0.88603850486564,
      -0.0019080017850482,
      0.463607730117444,
      -0.0382668522742761
    ],
    [
      0.00152747604705393,
      0.999998117887136,
      0.00119626046977961,
      4.10857123275621e-05
    ],
    [
      -0.463609140022483,
      -0.000351783135089953,
      0.886039751668197,
      0.355213695382141
    ],
    [
      0.0,
      0.0,
      0.0,
      1.0
    ]
  ],
  "T_WH": {
    "0": [
      [
        0.238760159977217,
        0.889864936840974,
        -0.388759540318514,
        -0.00276425602252897
      ],
      [
        -0.788476390966009,
        -0.0560324965531978,
        -0.612507420542179,
        -0.0318977550181786
      ],
      [
        -0.566832044698314,
        0.45277008901983,
        0.688259166006603,
        0.336680586841564
      ],
      [
        0.0,
        0.0,
        0.0,
        1.0
      ]
    ],
    "1": [
      [
        -0.613034888670955,
        -0.57959138602445,
        0.536900410242391,
        -0.0737694485260233
      ],
      [
        0.7096182809115,
        -0.702688226971633,
        0.0516831797751403,
        0.0319799264428338
      ],
      [
        0.347318471533544,
        0.412677938496499,
        0.84206104197373,
        0.373746803922717
      ],
      [
        0.0,
        0.0,
        0.0,
        1.0
      ]
    ],
    "2": [
      [
        0.236123664084251,
        -0.889239014943431,
        -0.391790236685226,
        -0.00288636813677205
      ],
      [
        0.788664290889959,
        -0.0601677778523241,
        0.611872923721381,
        0.0321021245265981
      ],
      [
        -0.567674423886144,
        -0.453468645895999,
        0.687104020985748,
        0.336658072720918
      ],
      [
        0.0,
        0.0,
        0.0,
        1.0
      ]
    ],
    "3": [
      [
        -0.610628453981155,
        0.581913495885618,
        0.537130872781264,
        -0.0736473364117802
      ],
      [
        -0.711437910591088,
        -0.701015836811639,
        -0.049324394705507,
        -0.0320199531019429
      ],
      [
        0.3478347173046,
        -0.41225414472805,
        0.842055538306217,
        0.373769318043363
      ],
      [
        0.0,
        0.0,
        0.0,
        1.0
      ]
    ]
  },
  "T_WP": {
    "0": [
      [
        0.388759540318514,
        0.889864936840974,
        0.238760159977217,
        0.0139489551758762
      ],
      [
        0.612507420542179,
        -0.0560324965531978,
        -0.788476390966009,
        -0.0870911023857992
      ],
      [
        -0.688259166006603,
        0.45277008901983,
        -0.566832044698314,
        0.297002343712682
      ],
      [
        0.0,
        0.0,
        0.0,
        1.0
      ]
    ],
    "1": [
      [
        -0.536900410242391,
        -0.57959138602445,
        -0.613034888670955,
        -0.11668189073299
      ],
      [
        -0.0516831797751402,
        -0.702688226971633,
        0.7096182809115,
        0.0816532061066388
      ],
      [
        -0.84206104197373,
        0.412677938496499,
        0.347318471533544,
        0.398059096930065
      ],
      [
        0.0,
        0.0,
        0.0,
        1.0
      ]
    ],
    "2": [
      [
        0.391790236685226,
        -0.889239014943431,
        0.236123664084251,
        0.0136422883491255
      ],
      [
        -0.611872923721381,
        -0.0601677778523241,
        0.788664290889959,
        0.0873086248888952
      ],
      [
        -0.687104020985748,
        -0.453468645895999,
        -0.567674423886144,
        0.296920863048888
      ],
      [
        0.0,
        0.0,
        0.0,
        1.0
      ]
    ],
    "3": [
      [
        -0.537130872781264,
        0.581913495885618,
        -0.610628453981155,
        -0.116391328190461
      ],
      [
        0.049324394705507,
        -0.701015836811639,
        -0.711437910591088,
        -0.0818206068433191
      ],
      [
        -0.842055538306217,
        -0.41225414472805,
        0.3478347173046,
        0.398117748254685
      ],
      [
        0.0,
        0.0,
        0.0,
        1.0
      ]
    ]
  },
  "simTime": 0.485999999999963,
  "state": [
    -0.0382668522742761,
    4.10857123275621e-05,
    0.355213695382141,
    0.971091701954683,
    -0.00039853177659575,
    0.238704766056995,
    0.000884437027210446,
    -0.256504835718553,
    8.21188680858271e-05,
    0.149002359202913,
    -0.0111591583052967,
    -4.42331037725416,
    0.00186459093406839,
    0.819944149906512,
    0.523286303751622,
    0.108357174527781,
    -0.205235859606472,
    0.998765210629735,
    0.0480864611993095,
    -0.0123048962261286,
    -0.00208226173473281,
    0.819691694892295,
    -0.523730431985803,
    0.108435271060975,
    0.205070114659581,
    0.998760870792621,
    -0.0482028889580332,
    -0.0122323966986748,
    0.00189022238668823,
    -1.66020081175871,
    -1.31240814034371,
    -5.53014157159171,
    0.0063229827853569,
    0.293170561532984,
    -0.603635155491661,
    1.65910049900923,
    -1.31223615851751,
    5.53539596837519,
    -0.00948333538876759,
    0.292514113057545,
    0.604343992370522
  ]
}