{
  "arms": {
    "0": [
      [
        -0.269801497459412,
        0.490056216716766,
        0.828885972499847,
        0.032188456505537
      ],
      [
        -0.901735782623291,
        -0.430526882410049,
        -0.0389767549932003,
        0.619632422924042
      ],
      [
        0.337756901979446,
        -0.757952153682709,
        0.558058083057404,
        0.0319643132388592
      ],
      [
        0.0,
        0.0,
        0.0,
        1.0
      ]
    ],
    "1": [
      [
        -0.247534364461899,
        0.752222836017609,
        -0.610645055770874,
        -0.045501347631216
      ],
      [
        -0.962120831012726,
        -0.116529457271099,
        0.24646370112896,
        0.638718247413635
      ],
      [
        0.114237494766712,
        0.648522615432739,
        0.752574384212494,
        0.0321192890405655
      ],
      [
        0.0,
        0.0,
        0.0,
        1.0
      ]
    ],
    "2": [
      [
        -0.553443491458893,
        -0.662570655345917,
        -0.50467836856842,
        -0.0455966666340828
      ],
      [
        -0.831680417060852,
        0.472233176231384,
        0.292067736387253,
        0.638849914073944
      ],
      [
        0.0448103509843349,
        0.581374168395996,
        -0.812401473522186,
        -0.0318805053830147
      ],
      [
        0.0,
        0.0,
        0.0,
        1.0
      ]
    ],
    "3": [
      [
        -0.124831758439541,
        -0.64824104309082,
        0.751132726669312,
        0.0320931375026703
      ],
      [
        -0.992088794708252,
        0.0916991084814072,
        -0.0857385843992233,
        0.619764089584351
      ],
      [
        -0.0132989315316081,
        -0.755893290042877,
        -0.654559731483459,
        -0.0320354774594307
      ],
      [
        0.0,
        0.0,
        0.0,
        1.0
      ]
    ]
  },
  "base": [
    [
      0.971122562885284,
      -0.00148936919867992,
      0.238576143980026,
      -0.00670410552993417
    ],
    [
      -0.23857294023037,
      0.00205726688727736,
      0.97112238407135,
      0.629241168498993
    ],
    [
      -0.00193717470392585,
      -0.999996781349182,
      0.00164253532420844,
      4.19038988184184e-05
    ],
    [
      0.0,
      0.0,
      0.0,
      1.0
    ]
  ]
}