{
  "T_WB": [
    [
      -0.642213565078724,
      0.0697109315890709,
      0.763349279717915,
      -0.193048105053794
    ],
    [
      0.0472780976980967,
      0.997562327994081,
      -0.0513242948814632,
      -0.000498666004296835
    ],
    [
      -0.765066348957347,
      0.00312854343329919,
      -0.643943859283603,
      0.195289011618367
    ],
    [
      0.0,
      0.0,
      0.0,
      1.0
    ]
  ],
  "T_WH": {
    "0": [
      [
        -0.718747707588478,
        -0.671653105314937,
        0.179677040706682,
        -0.220967397467794
      ],
      [
        -0.668096902947024,
        0.738738146747759,
        0.0889521152771559,
        -0.0305295365921836
      ],
      [
        -0.19247924851501,
        -0.0561075454862186,
        -0.979695708998773,
        0.164586244270208
      ],
      [
        0.0,
        0.0,
        0.0,
        1.0
      ]
    ],
    "1": [
      [
        0.394175770398923,
        0.269892273120529,
        0.878512164366692,
        -0.165128812639795
      ],
      [
        0.797502809229122,
        -0.575517998388836,
        -0.181020172362549,
        0.0295322045835899
      ],
      [
        0.456743616596964,
        0.771969684923146,
        -0.44209509639622,
        0.225991778966527
      ],
      [
        0.0,
        0.0,
        0.0,
        1.0
      ]
    ],
    "2": [
      [
        -0.618324625324875,
        0.768789514169203,
        0.163209499173099,
        -0.216505897846093
      ],
      [
        0.762843638055033,
        0.637039436497287,
        -0.11068125508044,
        0.0333144523994376
      ],
      [
        -0.189061475705164,
        0.0560663825362469,
        -0.98036336077675,
        0.164786471049939
      ],
      [
        0.0,
        0.0,
        0.0,
        1.0
      ]
    ],
    "3": [
      [
        0.269317431178583,
        -0.342544206298397,
        0.900073101472747,
        -0.169590312261496
      ],
      [
        -0.853176694961117,
        -0.518387363999726,
        0.0580005863818584,
        -0.0343117844080313
      ],
      [
        0.4467187576525,
        -0.783541962869135,
        -0.431861487035589,
        0.225791552186796
      ],
      [
        0.0,
        0.0,
        0.0,
        1.0
      ]
    ]
  },
  "T_WP": {
    "0": [
      [
        -0.179677040706682,
        -0.671653105314937,
        -0.718747707588478,
        -0.271279736998987
      ],
      [
        -0.088952115277156,
        0.738738146747759,
        -0.668096902947024,
        -0.0772963197984753
      ],
      [
        0.979695708998773,
        -0.0561075454862186,
        -0.19247924851501,
        0.151112696874157
      ],
      [
        0.0,
        0.0,
        0.0,
        1.0
      ]
    ],
    "1": [
      [
        -0.878512164366692,
        0.269892273120529,
        0.394175770398923,
        -0.137536508711871
      ],
      [
        0.181020172362549,
        -0.575517998388836,
        0.797502809229122,
        0.0853574012296284
      ],
      [
        0.44209509639622,
        0.771969684923146,
        0.456743616596964,
        0.257963832128314
      ],
      [
        0.0,
        0.0,
        0.0,
        1.0
      ]
    ],
    "2": [
      [
        -0.163209499173099,
        0.768789514169203,
        -0.618324625324875,
        -0.259788621618834
      ],
      [
        0.11068125508044,
        0.637039436497287,
        0.762843638055033,
        0.0867135070632899
      ],
      [
        0.98036336077675,
        0.0560663825362469,
        -0.189061475705164,
        0.151552167750578
      ],
      [
        0.0,
        0.0,
        0.0,
        1.0
      ]
    ],
    "3": [
      [
        -0.900073101472747,
        -0.342544206298397,
        0.269317431178583,
        -0.150738092078995
      ],
      [
        -0.0580005863818584,
        -0.518387363999726,
        -0.853176694961117,
        -0.0940341530553095
      ],
      [
        0.431861487035589,
        -0.783541962869135,
        0.4467187576525,
        0.257061865222471
      ],
      [
        0.0,
        0.0,
        0.0,
        1.0
      ]
    ]
  },
  "simTime": 0.934499999999913,
  "state": [
    -0.193048105053794,
    -0.000498666004296835,
    0.195289011618367,
    0.421724111129466,
    0.0322798939387922,
    0.906051840729382,
    -0.0132982874935075,
    -0.469395941253296,
    -0.00187233164637885,
    0.0572658180042944,
    0.472687504354819,
    13.0154282144931,
    -0.236460405584011,
    0.938973319320241,
    -0.275648176717852,
    0.2056406994706,
    0.00768706693715241,
    0.987088694515737,
    -0.129860858748878,
    0.0290304287575931,
    -0.0891588511050525,
    0.938464861339621,
    0.277793242655102,
    0.205056542959493,
    -0.00815061687666269,
    0.985979009851828,
    0.133667420629592,
    0.0322348738393625,
    0.0945480073951934,
    -0.334440444010181,
    -2.10456284184433,
    2.94924111683319,
    -1.16530563235406,
    -0.72063299237371,
    0.996814224909004,
    0.383148165363776,
    -2.08232826689984,
    -2.95451911172582,
    1.18698573747016,
    -0.739415711015206,
    -1.06309613421629
  ]
}