{
  "T_WB": [
    [
      0.299748777007487,
      -0.000394942479875524,
      0.954018089295457,
      -0.00613262098102358
    ],
    [
      0.000329863973718872,
      0.999999897440671,
      0.000310335956929362,
      5.75119802171523e-06
    ],
    [
      -0.954018114016854,
      0.000221673374383661,
      0.299748876542749,
      0.212813747680468
    ],
    [
      0.0,
      0.0,
      0.0,
      1.0
    ]
  ],
  "T_WH": {
    "0": [
      [
        0.510909657437823,
        0.807953118353519,
        0.293569549646399,
        0.00586996825863191
      ],
      [
        -0.595285577218375,
        0.578900055381522,
        -0.557234068803278,
        -0.031981050961131
      ],
      [
        -0.620166432091057,
        0.109938548389971,
        0.776728467410172,
        0.174645929571814
      ],
      [
        0.0,
        0.0,
        0.0,
        1.0
      ]
    ],
    "1": [
      [
        -0.14644602275627,
        -0.139546139023623,
        0.979326522413475,
        -0.0181352102206791
      ],
      [
        0.657253721438137,
        -0.753614448580165,
        -0.00909992016089197,
        0.0319925533571744
      ],
      [
        0.739304475892437,
        0.642333354244362,
        0.202081057871824,
        0.250981565789123
      ],
      [
        0.0,
        0.0,
        0.0,
        1.0
      ]
    ],
    "2": [
      [
        0.511197695472394,
        -0.808198203953404,
        0.292391140888717,
        0.00584469193991987
      ],
      [
        0.595868951283256,
        0.57844031063226,
        0.557087964267985,
        0.0320189424750719
      ],
      [
        -0.619368314527234,
        -0.110555281023327,
        0.777277569982273,
        0.174660116667774
      ],
      [
        0.0,
        0.0,
        0.0,
        1.0
      ]
    ],
    "3": [
      [
        -0.146190701972636,
        0.140295684535142,
        0.979257575695774,
        -0.018109933901967
      ],
      [
        -0.657501672448574,
        -0.753389614664146,
        0.00977953186701566,
        -0.0320074400790285
      ],
      [
        0.7391345137281,
        -0.642433817149305,
        0.202383203845819,
        0.250967378693162
      ],
      [
        0.0,
        0.0,
        0.0,
        1.0
      ]
    ]
  },
  "T_WP": {
    "0": [
      [
        -0.293569549646399,
        0.807953118353519,
        0.510909657437823,
        0.0416336442792795
      ],
      [
        0.557234068803278,
        0.578900055381522,
        -0.595285577218375,
        -0.0736510413664173
      ],
      [
        -0.776728467410172,
        0.109938548389971,
        -0.620166432091057,
        0.13123427932544
      ],
      [
        0.0,
        0.0,
        0.0,
        1.0
      ]
    ],
    "1": [
      [
        -0.979326522413475,
        -0.139546139023623,
        -0.14644602275627,
        -0.0283864318136179
      ],
      [
        0.00909992016089201,
        -0.753614448580165,
        0.657253721438137,
        0.078000313857844
      ],
      [
        -0.202081057871824,
        0.642333354244362,
        0.739304475892437,
        0.302732879101593
      ],
      [
        0.0,
        0.0,
        0.0,
        1.0
      ]
    ],
    "2": [
      [
        -0.292391140888717,
        -0.808198203953404,
        0.511197695472394,
        0.0416285306229875
      ],
      [
        -0.557087964267985,
        0.57844031063226,
        0.595868951283256,
        0.0737297690648998
      ],
      [
        -0.777277569982273,
        -0.110555281023327,
        -0.619368314527234,
        0.131304334650868
      ],
      [
        0.0,
        0.0,
        0.0,
        1.0
      ]
    ],
    "3": [
      [
        -0.979257575695774,
        0.140295684535142,
        -0.146190701972636,
        -0.0283432830400516
      ],
      [
        -0.0097795318670157,
        -0.753389614664146,
        -0.657501672448574,
        -0.0780325571504287
      ],
      [
        -0.202383203845819,
        -0.642433817149305,
        0.7391345137281,
        0.302706794654129
      ],
      [
        0.0,
        0.0,
        0.0,
        1.0
      ]
    ]
  },
  "simTime": 0.33049999999998,
  "state": [
    -0.00613262098102358,
    5.75119802171523e-06,
    0.212813747680468,
    0.806147869654027,
    -2.74957566357372e-05,
    0.591714087184519,
    0.000224774660108405,
    -0.14127764465743,
    0.000284148027222914,
    1.6719725049741,
    -0.00947678320797036,
    -5.52197496545556,
    0.00587478448557024,
    0.861213994060295,
    0.481820328513767,
    -0.107184713265911,
    0.121124170617197,
    0.998148282269822,
    0.0309941144417106,
    -0.0400797080544675,
    0.0336598941478884,
    0.861007441383712,
    -0.482051020892723,
    -0.107578404348749,
    -0.121325537525845,
    0.998151550028319,
    -0.0308867362500118,
    -0.0399712698695889,
    -0.0337903874629945,
    5.40187763983674,
    0.0567331777467437,
    -1.64902473819752,
    0.512438577224174,
    0.101962217228541,
    -0.176715659326263,
    -5.40605525386131,
    0.0547633625389712,
    1.64954885445112,
    -0.513583315991691,
    0.103822780233512,
    0.173189685916216
  ]
}