{
  "T_WB": [
    [
      0.134010837265108,
      0.127804028000241,
      -0.982704037807121,
      -0.284176541445225
    ],
    [
      -0.196130842371093,
      0.975453594503281,
      0.100114822286384,
      -0.00383117525246738
    ],
    [
      0.971377263562572,
      0.179322099579339,
      0.15578766458275,
      0.156667084564089
    ],
    [
      0.0,
      0.0,
      0.0,
      1.0
    ]
  ],
  "T_WH": {
    "0": [
      [
        0.362088717302079,
        0.28354619208061,
        -0.887971462243647,
        -0.282905836850629
      ],
      [
        -0.501993407724869,
        0.861989053818216,
        0.0705513266944789,
        -0.0428909239714161
      ],
      [
        0.785426240587433,
        0.420209980907359,
        0.454454830035426,
        0.189783867920053
      ],
      [
        0.0,
        0.0,
        0.0,
        1.0
      ]
    ],
    "1": [
      [
        0.283446819729747,
        0.133233830669507,
        -0.949687657469666,
        -0.285447246039822
      ],
      [
        0.739188860358928,
        -0.661251574685177,
        0.127852194731427,
        0.0352285734664813
      ],
      [
        -0.610948221297322,
        -0.738237835214034,
        -0.285914619339648,
        0.123550301208125
      ],
      [
        0.0,
        0.0,
        0.0,
        1.0
      ]
    ],
    "2": [
      [
        0.420032552951227,
        0.0192687749065629,
        -0.907304452085889,
        -0.274726379058613
      ],
      [
        0.167828445999638,
        0.980880262565395,
        0.0985267639932902,
        0.0195381060767939
      ],
      [
        0.891855519226417,
        -0.193655944456252,
        0.408767792275927,
        0.201260482293131
      ],
      [
        0.0,
        0.0,
        0.0,
        1.0
      ]
    ],
    "3": [
      [
        -0.112041661718303,
        -0.363175376245912,
        -0.924959627296263,
        -0.293626703831837
      ],
      [
        -0.311621375107367,
        -0.871025391051903,
        0.379745818566938,
        -0.0272004565817287
      ],
      [
        -0.943577651608809,
        0.330784543519676,
        -0.0155820779385965,
        0.112073686835048
      ],
      [
        0.0,
        0.0,
        0.0,
        1.0
      ]
    ]
  },
  "T_WP": {
    "0": [
      [
        0.887971462243647,
        0.28354619208061,
        0.362088717302079,
        -0.257559626639483
      ],
      [
        -0.0705513266944789,
        0.861989053818216,
        -0.501993407724869,
        -0.0780304625121569
      ],
      [
        -0.454454830035426,
        0.420209980907359,
        0.785426240587433,
        0.244763704761174
      ],
      [
        0.0,
        0.0,
        0.0,
        1.0
      ]
    ],
    "1": [
      [
        0.949687657469666,
        0.133233830669507,
        0.283446819729747,
        -0.26560596865874
      ],
      [
        -0.127852194731427,
        -0.661251574685177,
        0.739188860358928,
        0.0869717936916063
      ],
      [
        0.285914619339648,
        -0.738237835214034,
        -0.610948221297322,
        0.0807839257173127
      ],
      [
        0.0,
        0.0,
        0.0,
        1.0
      ]
    ],
    "2": [
      [
        0.907304452085889,
        0.0192687749065629,
        0.420032552951227,
        -0.245324100352027
      ],
      [
        -0.0985267639932902,
        0.980880262565395,
        0.167828445999638,
        0.0312860972967686
      ],
      [
        -0.408767792275927,
        -0.193655944456252,
        0.891855519226417,
        0.26369036863898
      ],
      [
        0.0,
        0.0,
        0.0,
        1.0
      ]
    ],
    "3": [
      [
        0.924959627296263,
        -0.363175376245912,
        -0.112041661718303,
        -0.301469620152118
      ],
      [
        -0.379745818566938,
        -0.871025391051903,
        -0.311621375107367,
        -0.0490139528392443
      ],
      [
        0.0155820779385965,
        0.330784543519676,
        -0.943577651608809,
        0.0460232512224309
      ],
      [
        0.0,
        0.0,
        0.0,
        1.0
      ]
    ]
  },
  "simTime": 1.16049999999989,
  "state": [
    -0.284176541445225,
    -0.00383117525246738,
    0.156667084564089,
    -0.752537722700852,
    -0.0263133909781561,
    0.649163903158406,
    0.107614163582635,
    -0.297829140221902,
    -0.0195252963740125,
    0.171164947154189,
    -1.82639007559053,
    8.76656536001843,
    -2.82325176905027,
    0.958806634589629,
    -0.0967720776907994,
    0.124087667378412,
    0.23648943581247,
    0.974066826926796,
    -0.166862302312368,
    0.146277338548276,
    0.0442010064932118,
    0.972374342934341,
    0.0494738559637952,
    0.122368209482719,
    -0.192526611373795,
    0.975965206803405,
    0.166144472990221,
    0.0109493841966166,
    -0.140598862689933,
    2.24503095408845,
    -1.3836953786985,
    0.750314267271136,
    0.0971750214638785,
    -1.34876628711931,
    1.71437703957737,
    -2.02158357920357,
    -1.28747120123222,
    -0.387684225785231,
    -0.809821159983193,
    -0.196629810274895,
    -1.9503985731967
  ]
}