{
  "T_WB": [
    [
      -0.637223851799744,
      0.0696056081201693,
      0.767529036594526,
      -0.192813417325345
    ],
    [
      0.0470617353450787,
      0.997568893313179,
      -0.0513954877419139,
      -0.000497733312519077
    ],
    [
      -0.76924050580024,
      0.00337081772584593,
      -0.638950453340516,
      0.195259281842393
    ],
    [
      0.0,
      0.0,
      0.0,
      1.0
    ]
  ],
  "T_WH": {
    "0": [
      [
        -0.71662825993186,
        -0.672361455089881,
        0.18540229442068,
        -0.220529750857181
      ],
      [
        -0.669380469984112,
        0.737697745889843,
        0.0879307802358909,
        -0.0305374684847377
      ],
      [
        -0.195892122023533,
        -0.0610909929405506,
        -0.97872067879996,
        0.164381795443157
      ],
      [
        0.0,
        0.0,
        0.0,
        1.0
      ]
    ],
    "1": [
      [
        0.390677791662062,
        0.265618096362496,
        0.881372730453364,
        -0.16509708379351
      ],
      [
        0.797984220948311,
        -0.575040261970552,
        -0.180415853600388,
        0.0295420018596995
      ],
      [
        0.458903090226653,
        0.773805998941339,
        -0.436614509359029,
        0.22613676824163
      ],
      [
        0.0,
        0.0,
        0.0,
        1.0
      ]
    ],
    "2": [
      [
        -0.616185235399199,
        0.769233145733555,
        0.169103882808452,
        -0.21607499193749
      ],
      [
        0.76380655192138,
        0.636010414952687,
        -0.109955915319195,
        0.0333069406873058
      ],
      [
        -0.19213356530811,
        0.0614094420799484,
        -0.979445543920347,
        0.164597527777611
      ],
      [
        0.0,
        0.0,
        0.0,
        1.0
      ]
    ],
    "3": [
      [
        0.265962016555317,
        -0.338070722962439,
        0.902758213491012,
        -0.169551842713201
      ],
      [
        -0.853355757747011,
        -0.518163602456038,
        0.0573622856048014,
        -0.034302407312344
      ],
      [
        0.448383938684086,
        -0.785630108489635,
        -0.426306434580467,
        0.225921035907176
      ],
      [
        0.0,
        0.0,
        0.0,
        1.0
      ]
    ]
  },
  "T_WP": {
    "0": [
      [
        -0.18540229442068,
        -0.672361455089881,
        -0.71662825993186,
        -0.270693729052411
      ],
      [
        -0.0879307802358909,
        0.737697745889843,
        -0.669380469984112,
        -0.0773941013836255
      ],
      [
        0.97872067879996,
        -0.0610909929405506,
        -0.195892122023533,
        0.150669346901509
      ],
      [
        0.0,
        0.0,
        0.0,
        1.0
      ]
    ],
    "1": [
      [
        -0.881372730453364,
        0.265618096362496,
        0.390677791662062,
        -0.137749638377166
      ],
      [
        0.180415853600388,
        -0.575040261970552,
        0.797984220948311,
        0.0854008973260813
      ],
      [
        0.436614509359029,
        0.773805998941339,
        0.458903090226653,
        0.258259984557496
      ],
      [
        0.0,
        0.0,
        0.0,
        1.0
      ]
    ],
    "2": [
      [
        -0.169103882808452,
        0.769233145733555,
        -0.616185235399199,
        -0.259207958415434
      ],
      [
        0.109955915319195,
        0.636010414952687,
        0.76380655192138,
        0.0867733993218024
      ],
      [
        0.979445543920347,
        0.0614094420799484,
        -0.19213356530811,
        0.151148178206043
      ],
      [
        0.0,
        0.0,
        0.0,
        1.0
      ]
    ],
    "3": [
      [
        -0.902758213491012,
        -0.338070722962439,
        0.265962016555317,
        -0.150934501554329
      ],
      [
        -0.0573622856048014,
        -0.518163602456038,
        -0.853355757747011,
        -0.0940373103546347
      ],
      [
        0.426306434580467,
        -0.785630108489635,
        0.448383938684086,
        0.257307911615062
      ],
      [
        0.0,
        0.0,
        0.0,
        1.0
      ]
    ]
  },
  "simTime": 0.933999999999913,
  "state": [
    -0.192813417325345,
    -0.000497733312519077,
    0.195259281842393,
    0.424674754421816,
    0.0322401466637231,
    0.904674416358371,
    -0.0132712579099407,
    -0.469354361238737,
    -0.00185846725892937,
    0.0616532833383922,
    0.472767679721062,
    13.0164952708651,
    -0.236240923394938,
    0.938893781723191,
    -0.275723966764535,
    0.205932231339485,
    0.00683204864552861,
    0.987099049256102,
    -0.129564234480265,
    0.0291500953631802,
    -0.0894362792247102,
    0.938390692616771,
    0.277857678066882,
    0.205340776532579,
    -0.00729275273782352,
    0.985987558537922,
    0.133365668003113,
    0.0323537349242496,
    0.0948439183235399,
    -0.345388338255134,
    -2.10634907422087,
    2.95037793145933,
    -1.16688198757314,
    -0.721725316091358,
    0.993359825720357,
    0.394080562825596,
    -2.0839629275166,
    -2.95527851677997,
    1.18873271116965,
    -0.740607033487898,
    -1.05961449393204
  ]
}