{
  "T_WB": [
    [
      0.00679174515327219,
      0.0501032277228932,
      0.998720951402103,
      -0.168212973524997
    ],
    [
      0.022564338222337,
      0.998482008830652,
      -0.0502446880982763,
      -0.000417600001650079
    ],
    [
      -0.999722322866886,
      0.0228767264540404,
      0.00565088916773493,
      0.179329593497719
    ],
    [
      0.0,
      0.0,
      0.0,
      1.0
    ]
  ],
  "T_WH": {
    "0": [
      [
        -0.433189662880689,
        -0.505251437073653,
        0.746369681396776,
        -0.169544607005999
      ],
      [
        -0.791689800854702,
        0.609099851327707,
        -0.0471659870585512,
        -0.0314664507553375
      ],
      [
        -0.430782979231954,
        -0.611325082462329,
        -0.663858168855719,
        0.138608645336515
      ],
      [
        0.0,
        0.0,
        0.0,
        1.0
      ]
    ],
    "1": [
      [
        -0.0259879818015026,
        -0.230358403409175,
        0.972758773170749,
        -0.166881340043995
      ],
      [
        0.841705296482045,
        -0.530016796174305,
        -0.103026160013839,
        0.0306312507520373
      ],
      [
        0.539311430136574,
        0.816098769605678,
        0.207667955092119,
        0.220050541658924
      ],
      [
        0.0,
        0.0,
        0.0,
        1.0
      ]
    ],
    "2": [
      [
        -0.348548339019212,
        0.563484630815792,
        0.748998749132026,
        -0.166338000431734
      ],
      [
        0.849790460543785,
        0.527119477155304,
        -0.00110904116291878,
        0.0324363978098243
      ],
      [
        -0.395436756682697,
        0.636105437516384,
        -0.662570482157453,
        0.140072755829573
      ],
      [
        0.0,
        0.0,
        0.0,
        1.0
      ]
    ],
    "3": [
      [
        -0.115772720660467,
        0.185715654155852,
        0.97575938271294,
        -0.170087946618261
      ],
      [
        -0.865909315681254,
        -0.50014407848338,
        -0.00754703746068033,
        -0.0332715978131244
      ],
      [
        0.486618674289527,
        -0.845792880414274,
        0.218715955689633,
        0.218586431165866
      ],
      [
        0.0,
        0.0,
        0.0,
        1.0
      ]
    ]
  },
  "T_WP": {
    "0": [
      [
        -0.746369681396776,
        -0.505251437073653,
        -0.433189662880688,
        -0.199867883407647
      ],
      [
        0.0471659870585511,
        0.609099851327707,
        -0.791689800854702,
        -0.0868847368151666
      ],
      [
        0.663858168855719,
        -0.611325082462329,
        -0.430782979231954,
        0.108453836790278
      ],
      [
        0.0,
        0.0,
        0.0,
        1.0
      ]
    ],
    "1": [
      [
        -0.972758773170749,
        -0.230358403409175,
        -0.0259879818015025,
        -0.168700498770101
      ],
      [
        0.103026160013839,
        -0.530016796174305,
        0.841705296482045,
        0.0895506215057805
      ],
      [
        -0.207667955092119,
        0.816098769605678,
        0.539311430136574,
        0.257802341768484
      ],
      [
        0.0,
        0.0,
        0.0,
        1.0
      ]
    ],
    "2": [
      [
        -0.748998749132026,
        0.563484630815792,
        -0.348548339019212,
        -0.190736384163078
      ],
      [
        0.00110904116291883,
        0.527119477155304,
        0.849790460543785,
        0.0919217300478892
      ],
      [
        0.662570482157453,
        0.636105437516384,
        -0.395436756682697,
        0.112392182861785
      ],
      [
        0.0,
        0.0,
        0.0,
        1.0
      ]
    ],
    "3": [
      [
        -0.97575938271294,
        0.185715654155852,
        -0.115772720660467,
        -0.178192037064493
      ],
      [
        0.00754703746068028,
        -0.50014407848338,
        -0.865909315681254,
        -0.0938852499108122
      ],
      [
        -0.218715955689633,
        -0.845792880414274,
        0.486618674289527,
        0.252649738366132
      ],
      [
        0.0,
        0.0,
        0.0,
        1.0
      ]
    ]
  },
  "simTime": 0.880499999999919,
  "state": [
    -0.168212973524997,
    -0.000417600001650079,
    0.179329593497719,
    0.709035373439094,
    0.0257820051338376,
    0.704634546149571,
    -0.00970998434358148,
    -0.443383381015722,
    -0.00149863033383342,
    0.536535914156124,
    0.4821955340154,
    13.0765873630803,
    -0.215229620098868,
    0.929626424021534,
    -0.267093046003184,
    0.23800117633943,
    -0.088382445082284,
    0.98786650349538,
    -0.0955376425853886,
    0.0440484074561528,
    -0.114245647276455,
    0.929782363371085,
    0.268018645340931,
    0.236621699237694,
    0.0876409377149622,
    0.986549212639218,
    0.0984883023546038,
    0.0472949859283485,
    0.121589019431383,
    -1.55405645721554,
    -2.2797361253861,
    2.84720207745967,
    -1.28997860325731,
    -0.856479428253042,
    0.612590557922601,
    1.59085966167525,
    -2.24470217510269,
    -2.81375427128532,
    1.32995933759119,
    -0.886359482457992,
    -0.672028588484289
  ]
}