{
  "T_WB": [
    [
      0.426802945476053,
      -0.000668732297031719,
      0.904344402608918,
      -0.0100958475861694
    ],
    [
      0.000523495631636142,
      0.999999741745363,
      0.000492403829246589,
      1.32060271301652e-05
    ],
    [
      -0.904344498344126,
      0.000263260939574233,
      0.426803185330649,
      0.251635525441545
    ],
    [
      0.0,
      0.0,
      0.0,
      1.0
    ]
  ],
  "T_WH": {
    "0": [
      [
        0.526159916264034,
        0.842270438184203,
        0.117201755439139,
        0.00699766966637771
      ],
      [
        -0.628154125856036,
        0.477850703713238,
        -0.614069295056187,
        -0.031965845883456
      ],
      [
        -0.573217355535459,
        0.249477882630412,
        0.780501537084445,
        0.215453321157713
      ],
      [
        0.0,
        0.0,
        0.0,
        1.0
      ]
    ],
    "1": [
      [
        -0.249782784775938,
        -0.217326427484069,
        0.943598317265662,
        -0.0271893648387165
      ],
      [
        0.662509534621281,
        -0.749048033176869,
        0.00285666409604051,
        0.0319922579377163
      ],
      [
        0.706179635054333,
        0.625856427554176,
        0.331080133991234,
        0.287817729725376
      ],
      [
        0.0,
        0.0,
        0.0,
        1.0
      ]
    ],
    "2": [
      [
        0.526000451695149,
        -0.842593159376766,
        0.115586731885539,
        0.00695487079936768
      ],
      [
        0.62907462731047,
        0.476916761905263,
        0.613853008046708,
        0.0320341375882472
      ],
      [
        -0.57235359533307,
        -0.250174279224064,
        0.780912409892447,
        0.215470169857846
      ],
      [
        0.0,
        0.0,
        0.0,
        1.0
      ]
    ],
    "3": [
      [
        -0.249203221698657,
        0.218390314376272,
        0.943505922017262,
        -0.0271465659717065
      ],
      [
        -0.662973000549041,
        -0.748641089540267,
        -0.00182197556606473,
        -0.0320077255339869
      ],
      [
        0.705949399630038,
        -0.625972994336493,
        0.331350653422312,
        0.287800881025243
      ],
      [
        0.0,
        0.0,
        0.0,
        1.0
      ]
    ]
  },
  "T_WP": {
    "0": [
      [
        -0.117201755439139,
        0.842270438184203,
        0.526159916264034,
        0.0438288638048601
      ],
      [
        0.614069295056187,
        0.477850703713238,
        -0.628154125856036,
        -0.0759366346933785
      ],
      [
        -0.780501537084445,
        0.249477882630412,
        -0.573217355535459,
        0.175328106270231
      ],
      [
        0.0,
        0.0,
        0.0,
        1.0
      ]
    ],
    "1": [
      [
        -0.943598317265662,
        -0.217326427484069,
        -0.249782784775938,
        -0.0446741597730322
      ],
      [
        -0.00285666409604047,
        -0.749048033176869,
        0.662509534621281,
        0.078367925361206
      ],
      [
        -0.331080133991234,
        0.625856427554176,
        0.706179635054333,
        0.33725030417918
      ],
      [
        0.0,
        0.0,
        0.0,
        1.0
      ]
    ],
    "2": [
      [
        -0.115586731885539,
        -0.842593159376766,
        0.526000451695149,
        0.0437749024180281
      ],
      [
        -0.613853008046708,
        0.476916761905263,
        0.62907462731047,
        0.0760693614999802
      ],
      [
        -0.780912409892447,
        -0.250174279224064,
        -0.57235359533307,
        0.175405418184531
      ],
      [
        0.0,
        0.0,
        0.0,
        1.0
      ]
    ],
    "3": [
      [
        -0.943505922017262,
        0.218390314376272,
        -0.249203221698657,
        -0.0445907914906125
      ],
      [
        0.00182197556606469,
        -0.748641089540267,
        -0.662973000549041,
        -0.0784158355724198
      ],
      [
        -0.331350653422312,
        -0.625972994336493,
        0.705949399630038,
        0.337217338999346
      ],
      [
        0.0,
        0.0,
        0.0,
        1.0
      ]
    ]
  },
  "simTime": 0.355499999999977,
  "state": [
    -0.0100958475861694,
    1.32060271301652e-05,
    0.251635525441545,
    0.844630965651873,
    -6.78233746425301e-05,
    0.535348860776471,
    0.000352884270513252,
    -0.172425084324536,
    0.000302897079029732,
    1.43247589123136,
    -0.00972738183262223,
    -5.40430713417698,
    0.00521578459651402,
    0.842737671968141,
    0.524036326535788,
    -0.0773399422149632,
    0.0959045257262719,
    0.998197785332742,
    0.0362917826232986,
    -0.0368815270708432,
    0.0303947500689851,
    0.842510173399804,
    -0.524309044723958,
    -0.0776906354288263,
    -0.096129072112179,
    0.998200232322714,
    -0.0362065130399001,
    -0.0367645224912338,
    -0.0305573966555098,
    2.50877843461112,
    0.660943987664192,
    -4.14881702010312,
    0.353119457538907,
    0.318230630678192,
    -0.363171421583621,
    -2.51207741210346,
    0.663905378274213,
    4.15104235386128,
    -0.35564768762693,
    0.318068212970433,
    0.361333572695456
  ]
}