{
  "arms": {
    "0": [
      [
        -0.996075749397278,
        -0.0196855887770653,
        0.0862880200147629,
        0.00251822592690587
      ],
      [
        -0.0735214427113533,
        0.726812481880188,
        -0.682889580726624,
        -0.031986977905035
      ],
      [
        -0.0492721311748028,
        -0.686553776264191,
        -0.725407600402832,
        0.0933651328086853
      ],
      [
        0.0,
        0.0,
        0.0,
        1.0
      ]
    ],
    "1": [
      [
        -0.994212865829468,
        0.0999361127614975,
        -0.0394149385392666,
        -0.00403928756713867
      ],
      [
        -0.0415684878826141,
        -0.696191728115082,
        -0.716651320457458,
        -0.0320215597748756
      ],
      [
        -0.0990597009658813,
        -0.710865557193756,
        0.696316957473755,
        0.173095911741257
      ],
      [
        0.0,
        0.0,
        0.0,
        1.0
      ]
    ],
    "2": [
      [
        -0.999447464942932,
        0.0156761854887009,
        -0.0293082073330879,
        -0.00404025008901954
      ],
      [
        -0.0321096517145634,
        -0.683126091957092,
        0.729594230651855,
        0.0319784358143806
      ],
      [
        -0.00858394708484411,
        0.730132162570953,
        0.683252036571503,
        0.173123598098755
      ],
      [
        0.0,
        0.0,
        0.0,
        1.0
      ]
    ],
    "3": [
      [
        -0.992239534854889,
        -0.0980559587478638,
        0.0764574334025383,
        0.00251726363785565
      ],
      [
        -0.0169939715415239,
        0.716074526309967,
        0.697816908359528,
        0.032013013958931
      ],
      [
        -0.123174332082272,
        0.691102206707001,
        -0.712183833122253,
        0.0933928117156029
      ],
      [
        0.0,
        0.0,
        0.0,
        1.0
      ]
    ]
  },
  "arms_in_parent_frame": {
    "0": [
      [
        -1.28273214272667e-09,
        3.90019181395473e-08,
        1.0,
        0.0
      ],
      [
        3.50617468392045e-09,
        1.0,
        3.90019181395473e-08,
        0.0
      ],
      [
        -1.0,
        -3.50617468392045e-09,
        1.28273214272667e-09,
        4.65661287307739e-10
      ],
      [
        0.0,
        0.0,
        0.0,
        1.0
      ]
    ],
    "1": [
      [
        4.04085653826769e-09,
        1.40558285011139e-08,
        1.0,
        0.0
      ],
      [
        -4.80914508216301e-09,
        1.0,
        1.40558285011139e-08,
        0.0
      ],
      [
        -1.0,
        4.80914508216301e-09,
        -4.04085653826769e-09,
        0.0
      ],
      [
        0.0,
        0.0,
        0.0,
        1.0
      ]
    ],
    "2": [
      [
        -2.39882003150171e-09,
        -6.05549033139141e-09,
        1.0,
        1.49011611938477e-08
      ],
      [
        9.08148278799814e-10,
        0.999999940395355,
        -6.05549033139141e-09,
        0.0
      ],
      [
        -0.999999940395355,
        -9.08148278799814e-10,
        2.39882003150171e-09,
        0.0
      ],
      [
        0.0,
        0.0,
        0.0,
        1.0
      ]
    ],
    "3": [
      [
        -2.90510637768193e-09,
        -2.71174158683607e-08,
        1.0,
        -3.72529029846191e-09
      ],
      [
        -2.89511037365742e-09,
        0.999999940395355,
        -2.71174158683607e-08,
        0.0
      ],
      [
        -1.0,
        2.89511037365742e-09,
        2.90510637768193e-09,
        9.31322574615479e-10
      ],
      [
        0.0,
        0.0,
        0.0,
        1.0
      ]
    ]
  },
  "arms_link_world": {
    "0": [
      [
        -0.996075749397278,
        -0.0196855887770653,
        0.0862880200147629,
        0.00251822592690587
      ],
      [
        -0.0735214427113533,
        0.726812481880188,
        -0.682889580726624,
        -0.031986977905035
      ],
      [
        -0.0492721311748028,
        -0.686553776264191,
        -0.725407600402832,
        0.0933651328086853
      ],
      [
        0.0,
        0.0,
        0.0,
        1.0
      ]
    ],
    "1": [
      [
        -0.994212865829468,
        0.0999361127614975,
        -0.0394149385392666,
        -0.00403928756713867
      ],
      [
        -0.0415684878826141,
        -0.696191728115082,
        -0.716651320457458,
        -0.0320215597748756
      ],
      [
        -0.0990597009658813,
        -0.710865557193756,
        0.696316957473755,
        0.173095911741257
      ],
      [
        0.0,
        0.0,
        0.0,
        1.0
      ]
    ],
    "2": [
      [
        -0.999447464942932,
        0.0156761854887009,
        -0.0293082073330879,
        -0.00404025008901954
      ],
      [
        -0.0321096517145634,
        -0.683126091957092,
        0.729594230651855,
        0.0319784358143806
      ],
      [
        -0.00858394708484411,
        0.730132162570953,
        0.683252036571503,
        0.173123598098755
      ],
      [
        0.0,
        0.0,
        0.0,
        1.0
      ]
    ],
    "3": [
      [
        -0.992239534854889,
        -0.0980559587478638,
        0.0764574334025383,
        0.00251726363785565
      ],
      [
        -0.0169939715415239,
        0.716074526309967,
        0.697816908359528,
        0.032013013958931
      ],
      [
        -0.123174332082272,
        0.691102206707001,
        -0.712183833122253,
        0.0933928117156029
      ],
      [
        0.0,
        0.0,
        0.0,
        1.0
      ]
    ]
  },
  "arms_relative_to_base": {
    "0": [
      [
        -0.0325727127492428,
        0.682943940162659,
        0.72974419593811,
        0.0399999991059303
      ],
      [
        -0.0735277682542801,
        0.726515829563141,
        -0.683204472064972,
        -0.0319999977946281
      ],
      [
        -0.996761202812195,
        -0.0759102925658226,
        0.0265507493168116,
        9.31322574615479e-10
      ],
      [
        0.0,
        0.0,
        0.0,
        1.0
      ]
    ],
    "1": [
      [
        0.0172138176858425,
        0.716364085674286,
        -0.697514295578003,
        -0.0399999916553497
      ],
      [
        -0.0415963754057884,
        -0.696500599384308,
        -0.716349542140961,
        -0.0320000015199184
      ],
      [
        -0.99898624420166,
        0.0413451790809631,
        0.017808711156249,
        0.0
      ],
      [
        0.0,
        0.0,
        0.0,
        1.0
      ]
    ],
    "2": [
      [
        -0.0733824446797371,
        -0.726685404777527,
        -0.683039724826813,
        -0.0400000065565109
      ],
      [
        -0.0320983380079269,
        -0.682810485363007,
        0.729890048503876,
        0.0319999977946281
      ],
      [
        -0.996787190437317,
        0.0754855573177338,
        0.026780916377902,
        9.31322574615479e-10
      ],
      [
        0.0,
        0.0,
        0.0,
        1.0
      ]
    ],
    "3": [
      [
        0.0414196737110615,
        -0.696504533290863,
        0.716355919837952,
        0.0399999991059303
      ],
      [
        -0.0170323215425014,
        0.716374754905701,
        0.697507679462433,
        0.0319999977946281
      ],
      [
        -0.998996675014496,
        -0.0410917438566685,
        0.0178089290857315,
        0.0
      ],
      [
        0.0,
        0.0,
        0.0,
        1.0
      ]
    ]
  },
  "arms_view_frame": {
    "0": [
      [
        -0.996075689792633,
        -0.0196855869144201,
        0.0862880125641823,
        0.00251822569407523
      ],
      [
        -0.0492721274495125,
        -0.686553835868835,
        -0.725407540798187,
        0.0933651328086853
      ],
      [
        0.0735214427113533,
        -0.726812422275543,
        0.682889640331268,
        0.0319869741797447
      ],
      [
        0.0,
        0.0,
        0.0,
        1.0
      ]
    ],
    "1": [
      [
        -0.994212806224823,
        0.0999361053109169,
        -0.0394149348139763,
        -0.00403928710147738
      ],
      [
        -0.0990597009658813,
        -0.710865497589111,
        0.6963170170784,
        0.173095911741257
      ],
      [
        0.0415684916079044,
        0.696191787719727,
        0.716651260852814,
        0.032021552324295
      ],
      [
        0.0,
        0.0,
        0.0,
        1.0
      ]
    ],
    "2": [
      [
        -0.999447405338287,
        0.0156761836260557,
        -0.0293082054704428,
        -0.00404024962335825
      ],
      [
        -0.00858394522219896,
        0.730132222175598,
        0.683251976966858,
        0.173123598098755
      ],
      [
        0.0321096517145634,
        0.683126032352448,
        -0.7295942902565,
        -0.0319784432649612
      ],
      [
        0.0,
        0.0,
        0.0,
        1.0
      ]
    ],
    "3": [
      [
        -0.992239475250244,
        -0.0980559512972832,
        0.0764574259519577,
        0.00251726340502501
      ],
      [
        -0.123174332082272,
        0.691102147102356,
        -0.712183892726898,
        0.0933928117156029
      ],
      [
        0.0169939771294594,
        -0.716074585914612,
        -0.697816848754883,
        -0.0320130176842213
      ],
      [
        0.0,
        0.0,
        0.0,
        1.0
      ]
    ]
  },
  "arms_visual_world": {
    "0": [
      [
        -0.996075749397278,
        -0.0196855887770653,
        0.0862880200147629,
        0.00251822592690587
      ],
      [
        -0.0735214427113533,
        0.726812481880188,
        -0.682889580726624,
        -0.031986977905035
      ],
      [
        -0.0492721311748028,
        -0.686553776264191,
        -0.725407600402832,
        0.0933651328086853
      ],
      [
        0.0,
        0.0,
        0.0,
        1.0
      ]
    ],
    "1": [
      [
        -0.994212865829468,
        0.0999361127614975,
        -0.0394149385392666,
        -0.00403928756713867
      ],
      [
        -0.0415684878826141,
        -0.696191728115082,
        -0.716651320457458,
        -0.0320215597748756
      ],
      [
        -0.0990597009658813,
        -0.710865557193756,
        0.696316957473755,
        0.173095911741257
      ],
      [
        0.0,
        0.0,
        0.0,
        1.0
      ]
    ],
    "2": [
      [
        -0.999447464942932,
        0.0156761854887009,
        -0.0293082073330879,
        -0.00404025008901954
      ],
      [
        -0.0321096517145634,
        -0.683126091957092,
        0.729594230651855,
        0.0319784358143806
      ],
      [
        -0.00858394708484411,
        0.730132162570953,
        0.683252036571503,
        0.173123598098755
      ],
      [
        0.0,
        0.0,
        0.0,
        1.0
      ]
    ],
    "3": [
      [
        -0.992239534854889,
        -0.0980559587478638,
        0.0764574334025383,
        0.00251726363785565
      ],
      [
        -0.0169939715415239,
        0.716074526309967,
        0.697816908359528,
        0.032013013958931
      ],
      [
        -0.123174332082272,
        0.691102206707001,
        -0.712183833122253,
        0.0933928117156029
      ],
      [
        0.0,
        0.0,
        0.0,
        1.0
      ]
    ]
  },
  "base": [
    [
      0.0819689184427261,
      -1.50335727084894e-05,
      0.996634900569916,
      -0.000761012022849172
    ],
    [
      0.000432251516031101,
      0.99999988079071,
      -2.04664920602227e-05,
      -4.27157101512421e-06
    ],
    [
      -0.996634781360626,
      0.000432474567787722,
      0.0819689184427261,
      0.13324436545372
    ],
    [
      0.0,
      0.0,
      0.0,
      1.0
    ]
  ],
  "base_link_world": [
    [
      0.0819689184427261,
      -1.50335727084894e-05,
      0.996634900569916,
      -0.000761012022849172
    ],
    [
      0.000432251516031101,
      0.99999988079071,
      -2.04664920602227e-05,
      -4.27157101512421e-06
    ],
    [
      -0.996634781360626,
      0.000432474567787722,
      0.0819689184427261,
      0.13324436545372
    ],
    [
      0.0,
      0.0,
      0.0,
      1.0
    ]
  ],
  "base_view_frame": [
    [
      0.0819689109921455,
      -1.50335717989947e-05,
      0.996634840965271,
      -0.000761011964641511
    ],
    [
      -0.996634781360626,
      0.000432430853834376,
      0.0819689184427261,
      0.13324436545372
    ],
    [
      -0.000432207947596908,
      -0.99999988079071,
      2.04629086510977e-05,
      4.26574661105406e-06
    ],
    [
      0.0,
      0.0,
      0.0,
      1.0
    ]
  ],
  "base_visual_world": [
    [
      -1.45205704029649e-05,
      -0.0819689109921455,
      0.996634900569916,
      -0.000761012022849172
    ],
    [
      0.999999821186066,
      -0.000425992999225855,
      -2.04664920602227e-05,
      -4.27157101512421e-06
    ],
    [
      0.000426237122155726,
      0.996634721755981,
      0.0819689184427261,
      0.13324436545372
    ],
    [
      0.0,
      0.0,
      0.0,
      1.0
    ]
  ],
  "view_adjust": [
    [
      0.999999940395355,
      0.0,
      0.0,
      0.0
    ],
    [
      0.0,
      -4.37113882867379e-08,
      1.0,
      0.0
    ],
    [
      0.0,
      -1.0,
      -4.37113882867379e-08,
      0.0
    ],
    [
      0.0,
      0.0,
      0.0,
      1.0
    ]
  ]
}