{
  "T_WB": [
    [
      0.975953817269146,
      -0.00226719224196837,
      -0.21796560828975,
      -0.102336130959997
    ],
    [
      0.0027983292028732,
      0.999993820162863,
      0.00212814232515818,
      9.69767790946506e-06
    ],
    [
      0.217959436390019,
      -0.00268690815282939,
      0.975954130383761,
      0.168216147189111
    ],
    [
      0.0,
      0.0,
      0.0,
      1.0
    ]
  ],
  "T_WH": {
    "0": [
      [
        -0.171795590086721,
        0.974803016550546,
        -0.142286169920732,
        -0.0632254281174884
      ],
      [
        -0.869364081832105,
        -0.21795036529644,
        -0.44351294399078,
        -0.0318781713991872
      ],
      [
        -0.463349078392281,
        0.0475049175465494,
        0.88490164106635,
        0.177020505705603
      ],
      [
        0.0,
        0.0,
        0.0,
        1.0
      ]
    ],
    "1": [
      [
        -0.602984034244678,
        -0.771873243835093,
        -0.201548877192365,
        -0.141446833802506
      ],
      [
        0.782018836653348,
        -0.621845954455832,
        0.041882550617882,
        0.0318975667550062
      ],
      [
        -0.1576603741127,
        -0.132360509134734,
        0.978582598484276,
        0.15941178867262
      ],
      [
        0.0,
        0.0,
        0.0,
        1.0
      ]
    ],
    "2": [
      [
        -0.175672193145639,
        -0.973779351512946,
        -0.144544301590989,
        -0.0633705284209744
      ],
      [
        0.86574100257831,
        -0.222712404632454,
        0.448209439076792,
        0.032121433091236
      ],
      [
        -0.468648905909428,
        -0.0463999934251678,
        0.882165088631397,
        0.176848543583822
      ],
      [
        0.0,
        0.0,
        0.0,
        1.0
      ]
    ],
    "3": [
      [
        -0.599358921609709,
        0.774841697980248,
        -0.200970709701523,
        -0.14130173349902
      ],
      [
        -0.785614386537437,
        -0.617548313951875,
        -0.0380015210301147,
        -0.0321020377354171
      ],
      [
        -0.153554286010694,
        0.135108930150017,
        0.978859876714468,
        0.159583750794401
      ],
      [
        0.0,
        0.0,
        0.0,
        1.0
      ]
    ]
  },
  "T_WP": {
    "0": [
      [
        0.142286169920732,
        0.974803016550546,
        -0.171795590086721,
        -0.0752511194235589
      ],
      [
        0.44351294399078,
        -0.21795036529644,
        -0.869364081832105,
        -0.0927336571274346
      ],
      [
        -0.88490164106635,
        0.0475049175465494,
        -0.463349078392281,
        0.144586070218143
      ],
      [
        0.0,
        0.0,
        0.0,
        1.0
      ]
    ],
    "1": [
      [
        0.201548877192365,
        -0.771873243835093,
        -0.602984034244678,
        -0.183655716199634
      ],
      [
        -0.041882550617882,
        -0.621845954455832,
        0.782018836653348,
        0.0866388853207405
      ],
      [
        -0.978582598484276,
        -0.132360509134734,
        -0.157660374112699,
        0.148375562484731
      ],
      [
        0.0,
        0.0,
        0.0,
        1.0
      ]
    ],
    "2": [
      [
        0.144544301590989,
        -0.973779351512946,
        -0.175672193145639,
        -0.0756675819411691
      ],
      [
        -0.448209439076792,
        -0.222712404632454,
        0.86574100257831,
        0.0927233032717177
      ],
      [
        -0.882165088631397,
        -0.0463999934251678,
        -0.468648905909428,
        0.144043120170162
      ],
      [
        0.0,
        0.0,
        0.0,
        1.0
      ]
    ],
    "3": [
      [
        0.200970709701523,
        0.774841697980248,
        -0.599358921609709,
        -0.1832568580117
      ],
      [
        0.0380015210301147,
        -0.617548313951875,
        -0.785614386537437,
        -0.0870950447930377
      ],
      [
        -0.978859876714468,
        0.135108930150017,
        -0.153554286010694,
        0.148834950773653
      ],
      [
        0.0,
        0.0,
        0.0,
        1.0
      ]
    ]
  },
  "simTime": 0.69399999999994,
  "state": [
    -0.102336130959997,
    9.69767790946506e-06,
    0.168216147189111,
    0.993969537739433,
    -0.00121106590674256,
    -0.109642455862175,
    0.00127406355338665,
    -0.341276800080125,
    -0.000342676340149432,
    -1.95409628765104,
    -0.0118586864341241,
    -2.36389865646714,
    0.000342901489468113,
    0.842528507599277,
    0.0329887026845758,
    0.228178051637505,
    -0.486818483758204,
    0.998085697275305,
    0.0194454226559912,
    0.00927810640841259,
    -0.0579718308635499,
    0.842433031239852,
    -0.0332065914683154,
    0.228453980636159,
    0.486839489863533,
    0.998077454830157,
    -0.0197500133549608,
    0.00931943816286064,
    0.0580041309267128,
    -5.12672569165288,
    -2.58307232286166,
    -0.683639106258195,
    -0.543920139777736,
    0.0610576241824589,
    -0.368153916020553,
    5.12820210231725,
    -2.58553303622318,
    0.683939207278896,
    0.543809898700008,
    0.0607982613556317,
    0.371345026534831
  ]
}