{
  "arms": {
    "0": [
      [
        0.582880675792694,
        0.632182955741882,
        0.510484635829926,
        0.0231886710971594
      ],
      [
        -0.73920750617981,
        0.151705369353294,
        0.65616899728775,
        0.686921894550323
      ],
      [
        0.337375640869141,
        -0.759822428226471,
        0.555740594863892,
        0.0320106483995914
      ],
      [
        0.0,
        0.0,
        0.0,
        1.0
      ]
    ],
    "1": [
      [
        0.646775901317596,
        0.528908252716064,
        -0.549487709999084,
        -0.0368994250893593
      ],
      [
        -0.755091845989227,
        0.545446276664734,
        -0.363764584064484,
        0.634107053279877
      ],
      [
        0.107317976653576,
        0.650187969207764,
        0.752155900001526,
        0.0321180522441864
      ],
      [
        0.0,
        0.0,
        0.0,
        1.0
      ]
    ],
    "2": [
      [
        0.364241689443588,
        -0.769499123096466,
        -0.524594068527222,
        -0.0371153056621552
      ],
      [
        -0.930171728134155,
        -0.272818714380264,
        -0.245663374662399,
        0.634222507476807
      ],
      [
        0.0459186770021915,
        0.577443420886993,
        -0.815138339996338,
        -0.0318814776837826
      ],
      [
        0.0,
        0.0,
        0.0,
        1.0
      ]
    ],
    "3": [
      [
        0.739019513130188,
        -0.450410604476929,
        0.50097930431366,
        0.0229727923870087
      ],
      [
        -0.673471212387085,
        -0.4752496778965,
        0.566192805767059,
        0.687037348747253
      ],
      [
        -0.0169289652258158,
        -0.755822777748108,
        -0.654557406902313,
        -0.0319888852536678
      ],
      [
        0.0,
        0.0,
        0.0,
        1.0
      ]
    ]
  },
  "base": [
    [
      0.75110125541687,
      -0.00337310577742755,
      -0.660178303718567,
      -0.00696331728249788
    ],
    [
      0.660185635089874,
      0.00180403515696526,
      0.751100301742554,
      0.660572230815887
    ],
    [
      -0.00134255609009415,
      -0.999992668628693,
      0.00358188920654356,
      6.4584230131004e-05
    ],
    [
      0.0,
      0.0,
      0.0,
      1.0
    ]
  ]
}