{
  "T_WB": [
    [
      0.0589243503399093,
      0.10899472881861,
      -0.992294346465189,
      -0.281471891927042
    ],
    [
      -0.163468505625487,
      0.981657099541017,
      0.098119246783126,
      -0.00365459450714121
    ],
    [
      0.98478727073698,
      0.156427261084747,
      0.0756607122880475,
      0.154710763890337
    ],
    [
      0.0,
      0.0,
      0.0,
      1.0
    ]
  ],
  "T_WH": {
    "0": [
      [
        0.311598131783397,
        0.266576817603166,
        -0.912054496499889,
        -0.282602749235641
      ],
      [
        -0.481072041213128,
        0.871996037735815,
        0.0905129898747863,
        -0.0416063619174732
      ],
      [
        0.819436571939605,
        0.4105602397817,
        0.399954990065459,
        0.189096582365105
      ],
      [
        0.0,
        0.0,
        0.0,
        1.0
      ]
    ],
    "1": [
      [
        0.334284923921929,
        0.198753755456666,
        -0.921276578629014,
        -0.280341034618443
      ],
      [
        0.730068377592735,
        -0.672798905183596,
        0.119757242882703,
        0.0342971729031908
      ],
      [
        -0.596031671706817,
        -0.712627937900014,
        -0.370010362620766,
        0.12032494541557
      ],
      [
        0.0,
        0.0,
        0.0,
        1.0
      ]
    ],
    "2": [
      [
        0.359523431709041,
        0.0112747250473484,
        -0.933067941056417,
        -0.27562708659125
      ],
      [
        0.202242493962048,
        0.975217900846138,
        0.0897107546800409,
        0.0212196924531518
      ],
      [
        0.910956022916675,
        -0.22095910581906,
        0.348333457863979,
        0.199107927074528
      ],
      [
        0.0,
        0.0,
        0.0,
        1.0
      ]
    ],
    "3": [
      [
        -0.0420636787068324,
        -0.389406289473865,
        -0.920105096525307,
        -0.287316697262834
      ],
      [
        -0.358983075832383,
        -0.853532170447026,
        0.37764266877289,
        -0.0285288814674343
      ],
      [
        -0.932395730470475,
        0.34618719752496,
        -0.103887564560174,
        0.110313600706146
      ],
      [
        0.0,
        0.0,
        0.0,
        1.0
      ]
    ]
  },
  "T_WP": {
    "0": [
      [
        0.912054496499889,
        0.266576817603166,
        0.311598131783397,
        -0.260790880010803
      ],
      [
        -0.0905129898747863,
        0.871996037735815,
        -0.481072041213128,
        -0.0752814048023922
      ],
      [
        -0.399954990065459,
        0.4105602397817,
        0.819436571939605,
        0.246457142400877
      ],
      [
        0.0,
        0.0,
        0.0,
        1.0
      ]
    ],
    "1": [
      [
        0.921276578629014,
        0.198753755456666,
        0.334284923921929,
        -0.256941089943908
      ],
      [
        -0.119757242882703,
        -0.672798905183596,
        0.730068377592735,
        0.0854019593346822
      ],
      [
        0.370010362620766,
        -0.712627937900014,
        -0.596031671706817,
        0.0786027283960928
      ],
      [
        0.0,
        0.0,
        0.0,
        1.0
      ]
    ],
    "2": [
      [
        0.933067941056417,
        0.0112747250473484,
        0.359523431709041,
        -0.250460446371617
      ],
      [
        -0.0897107546800408,
        0.975217900846138,
        0.202242493962048,
        0.0353766670304952
      ],
      [
        -0.348333457863978,
        -0.22095910581906,
        0.910956022916675,
        0.262874848678696
      ],
      [
        0.0,
        0.0,
        0.0,
        1.0
      ]
    ],
    "3": [
      [
        0.920105096525307,
        -0.389406289473865,
        -0.0420636787068325,
        -0.290261154772312
      ],
      [
        -0.37764266877289,
        -0.853532170447026,
        -0.358983075832383,
        -0.0536576967757011
      ],
      [
        0.103887564560174,
        0.34618719752496,
        -0.932395730470475,
        0.0450458995732129
      ],
      [
        0.0,
        0.0,
        0.0,
        1.0
      ]
    ]
  },
  "simTime": 1.15149999999989,
  "state": [
    -0.281471891927042,
    -0.00365459450714121,
    0.154710763890337,
    -0.72736547934463,
    -0.0200408240277493,
    0.679535142011261,
    0.0936472936169557,
    -0.303414678570829,
    -0.0197083127078433,
    0.263485044113382,
    -1.85277363445469,
    8.79667999492989,
    -2.81041459025921,
    0.957874942853598,
    -0.108239421643759,
    0.127279198688042,
    0.233580450887421,
    0.973492604847934,
    -0.168425174400733,
    0.150554205974415,
    0.0357566776683952,
    0.971509056381192,
    0.0597546128753678,
    0.126141231341568,
    -0.191540933915115,
    0.976599712540835,
    0.16969905499203,
    0.00988860336654583,
    -0.131747666861426,
    2.18158836030906,
    -1.35436343500755,
    0.886936717919335,
    -0.0118624293271727,
    -1.18089565316011,
    1.71300382493942,
    -2.06719580865429,
    -1.28930948013176,
    -0.437263741758294,
    -0.708502414790742,
    -0.217637487186596,
    -2.02803603878353
  ]
}