{
  "T_WB": [
    [
      -2.22044604925031e-16,
      1.20685563546485e-20,
      1.0,
      7.50908606997306e-37
    ],
    [
      -1.01122916291672e-19,
      1.0,
      -1.20685563546485e-20,
      3.56098712209206e-21
    ],
    [
      -1.0,
      -1.01122916291672e-19,
      -2.22044604925031e-16,
      0.469009918175
    ],
    [
      0.0,
      0.0,
      0.0,
      1.0
    ]
  ],
  "T_WH": {
    "0": [
      [
        -1.57044684289564e-16,
        -1.55487694837704e-16,
        1.0,
        -8.8821703908046e-18
      ],
      [
        -0.707106779455507,
        0.707106782917588,
        -1.10095725863991e-18,
        -0.032
      ],
      [
        -0.707106782917588,
        -0.707106779455507,
        -2.20993764623952e-16,
        0.429009918175
      ],
      [
        0.0,
        0.0,
        0.0,
        1.0
      ]
    ],
    "1": [
      [
        1.57044684289564e-16,
        1.5549545346797e-16,
        1.0,
        8.8821703908046e-18
      ],
      [
        0.707106779455507,
        -0.707106782917588,
        -1.09547107855327e-18,
        0.032
      ],
      [
        0.707106782917588,
        0.707106779455507,
        -2.20999250804012e-16,
        0.509009918175
      ],
      [
        0.0,
        0.0,
        0.0,
        1.0
      ]
    ],
    "2": [
      [
        -1.57035979543221e-16,
        1.56241026269036e-16,
        1.0,
        -8.8813980031979e-18
      ],
      [
        0.707106779455507,
        0.707106782917588,
        5.62116308607409e-19,
        0.032
      ],
      [
        -0.707106782917588,
        0.707106779455507,
        -2.21520295201041e-16,
        0.429009918175
      ],
      [
        0.0,
        0.0,
        0.0,
        1.0
      ]
    ],
    "3": [
      [
        1.57035979543221e-16,
        -1.55502669845836e-16,
        1.0,
        8.8813980031979e-18
      ],
      [
        -0.707106779455507,
        -0.707106782917588,
        1.08421314366312e-18,
        -0.032
      ],
      [
        0.707106782917588,
        -0.707106779455507,
        -2.20998198368541e-16,
        0.509009918175
      ],
      [
        0.0,
        0.0,
        0.0,
        1.0
      ]
    ]
  },
  "T_WP": {
    "0": [
      [
        -1.0,
        -1.55487694837704e-16,
        -9.58123443321966e-17,
        -1.98752982910741e-17
      ],
      [
        -4.21968454471391e-17,
        0.707106782917588,
        -0.707106779455507,
        -0.0814974745618855
      ],
      [
        1.77695961706182e-16,
        -0.707106779455507,
        -0.707106782917588,
        0.379512443370769
      ],
      [
        0.0,
        0.0,
        0.0,
        1.0
      ]
    ],
    "1": [
      [
        -1.0,
        1.5549545346797e-16,
        2.18277024246932e-16,
        1.98752982910741e-17
      ],
      [
        4.43932737843323e-17,
        -0.707106782917588,
        0.707106779455507,
        0.0814974745618855
      ],
      [
        2.64297053721782e-16,
        0.707106779455507,
        0.707106782917588,
        0.558507392979231
      ],
      [
        0.0,
        0.0,
        0.0,
        1.0
      ]
    ],
    "2": [
      [
        -1.0,
        1.56241026269036e-16,
        -9.58036395858533e-17,
        -1.98739165712234e-17
      ],
      [
        4.27356863971716e-17,
        0.707106782917588,
        0.707106779455507,
        0.0814974745618855
      ],
      [
        1.7822249228327e-16,
        0.707106779455507,
        -0.707106782917588,
        0.379512443370769
      ],
      [
        0.0,
        0.0,
        0.0,
        1.0
      ]
    ],
    "3": [
      [
        -1.0,
        -1.55502669845836e-16,
        2.18268319500589e-16,
        1.98739165712234e-17
      ],
      [
        -4.43820158494422e-17,
        -0.707106782917588,
        -0.707106779455507,
        -0.0814974745618855
      ],
      [
        2.64296001286312e-16,
        -0.707106779455507,
        0.707106782917588,
        0.558507392979231
      ],
      [
        0.0,
        0.0,
        0.0,
        1.0
      ]
    ]
  },
  "simTime": 0.0795000000000013,
  "state": [
    7.50908606997306e-37,
    3.56098712209206e-21,
    0.469009918175,
    0.707106781186548,
    -3.14854709028486e-20,
    0.707106781186548,
    -4.00192289403525e-20,
    -7.12003387589466e-36,
    5.42698959853989e-20,
    -0.779624699999995,
    4.43765308694483e-19,
    -3.18275517001982e-18,
    -4.71503319316978e-18,
    1.0,
    7.56508444123243e-19,
    1.34521394010346e-20,
    -8.57294903445392e-20,
    1.0,
    -7.52629128990667e-19,
    -1.34521394010344e-20,
    8.4484227101378e-20,
    1.0,
    -3.88376486515758e-19,
    1.76335242459939e-20,
    5.2063013871404e-20,
    1.0,
    7.57554698115918e-19,
    -1.76335242459936e-20,
    -8.17943407886729e-20,
    2.52543702386462e-17,
    6.00541615014009e-19,
    -6.04464278081165e-18,
    -2.50703286907253e-17,
    -6.00541615014003e-19,
    5.99764048983348e-18,
    -1.39820173048755e-17,
    8.15608715500012e-19,
    3.33055925199386e-18,
    2.52720586491566e-17,
    -8.15608715500003e-19,
    -5.83397684216633e-18
  ]
}