{
  "T_WB": [
    [
      -0.919932992480044,
      0.0726279238491232,
      0.385290116696598,
      -0.210113571845825
    ],
    [
      0.0608686454881233,
      0.997234239569486,
      -0.0426483226717034,
      -0.000591878742784218
    ],
    [
      -0.387321955668863,
      -0.0157815115763518,
      -0.921809441560029,
      0.191517474527578
    ],
    [
      0.0,
      0.0,
      0.0,
      1.0
    ]
  ],
  "T_WH": {
    "0": [
      [
        -0.813260299285941,
        -0.535596501144413,
        -0.22747323703505,
        -0.249234985108199
      ],
      [
        -0.572568121980577,
        0.806270768922261,
        0.148637790864711,
        -0.0300686285894828
      ],
      [
        0.103795141008511,
        0.251125138413837,
        -0.962373489638848,
        0.176529604671267
      ],
      [
        0.0,
        0.0,
        0.0,
        1.0
      ]
    ],
    "1": [
      [
        0.603892168546389,
        0.539538832014927,
        0.586695915714697,
        -0.170992158583451
      ],
      [
        0.759803791921264,
        -0.612093948491111,
        -0.219178456976569,
        0.0288848711039144
      ],
      [
        0.240857730933445,
        0.578133935146977,
        -0.779582392362131,
        0.206505344383889
      ],
      [
        0.0,
        0.0,
        0.0,
        1.0
      ]
    ],
    "2": [
      [
        -0.721974916618013,
        0.644040522954811,
        -0.252911100125134,
        -0.244586797981855
      ],
      [
        0.686786010184442,
        0.711472281051064,
        -0.148768845901723,
        0.0337543627429643
      ],
      [
        0.0841260719952342,
        -0.281103180501553,
        -0.955983161945107,
        0.17551958793038
      ],
      [
        0.0,
        0.0,
        0.0,
        1.0
      ]
    ],
    "3": [
      [
        0.479008221933145,
        -0.622103323404046,
        0.619304915473862,
        -0.175640345709795
      ],
      [
        -0.836029205658415,
        -0.538384139010177,
        0.105819119956792,
        -0.0349381202285327
      ],
      [
        0.267593517497354,
        -0.568445225040998,
        -0.777986976447217,
        0.207515361124776
      ],
      [
        0.0,
        0.0,
        0.0,
        1.0
      ]
    ]
  },
  "T_WP": {
    "0": [
      [
        0.22747323703505,
        -0.535596501144413,
        -0.813260299285941,
        -0.306163206058215
      ],
      [
        -0.148637790864711,
        0.806270768922261,
        -0.572568121980577,
        -0.0701483971281232
      ],
      [
        0.962373489638848,
        0.251125138413837,
        0.103795141008511,
        0.183795264541862
      ],
      [
        0.0,
        0.0,
        0.0,
        1.0
      ]
    ],
    "1": [
      [
        -0.586695915714697,
        0.539538832014927,
        0.603892168546389,
        -0.128719706785204
      ],
      [
        0.219178456976569,
        -0.612093948491111,
        0.759803791921264,
        0.0820711365384029
      ],
      [
        0.779582392362131,
        0.578133935146977,
        0.240857730933445,
        0.22336538554923
      ],
      [
        0.0,
        0.0,
        0.0,
        1.0
      ]
    ],
    "2": [
      [
        0.252911100125134,
        0.644040522954811,
        -0.721974916618013,
        -0.295125042145116
      ],
      [
        0.148768845901723,
        0.711472281051064,
        0.686786010184442,
        0.0818293834558753
      ],
      [
        0.955983161945107,
        -0.281103180501553,
        0.0841260719952341,
        0.181408412970046
      ],
      [
        0.0,
        0.0,
        0.0,
        1.0
      ]
    ],
    "3": [
      [
        -0.619304915473862,
        -0.622103323404046,
        0.479008221933145,
        -0.142109770174475
      ],
      [
        -0.105819119956792,
        -0.538384139010177,
        -0.836029205658415,
        -0.0934601646246218
      ],
      [
        0.777986976447217,
        -0.568445225040998,
        0.267593517497354,
        0.22624690734959
      ],
      [
        0.0,
        0.0,
        0.0,
        1.0
      ]
    ]
  },
  "simTime": 0.970999999999909,
  "state": [
    -0.210113571845825,
    -0.000591878742784218,
    0.191517474527578,
    0.197162246341315,
    0.0340668809494612,
    0.979665334898806,
    -0.0149106618777347,
    -0.462542016653858,
    -0.00340021630059496,
    -0.264786715427583,
    0.46762632727825,
    12.9163220440355,
    -0.253170090073876,
    0.94449997166102,
    -0.263114003870812,
    0.184931629780538,
    0.0670157951987181,
    0.986182494608474,
    -0.150132770485571,
    0.0211915232148511,
    -0.0667469692043682,
    0.943637084386931,
    0.266014297768675,
    0.184848434736992,
    -0.0679448491620598,
    0.985198174921834,
    0.154181741581261,
    0.0245069953809755,
    0.070795154290769,
    0.421263577783126,
    -1.96793862310093,
    2.77306393687871,
    -1.0261390236566,
    -0.645696140867362,
    1.23963283446064,
    -0.376581227740972,
    -1.95757815810706,
    -2.8045177073426,
    1.03602787663284,
    -0.658021636555084,
    -1.30612242406943
  ]
}