{
  "T_WB": [
    [
      0.980015356016485,
      -0.00211462828769284,
      -0.198910608865104,
      -0.00251174503386629
    ],
    [
      0.00174175647930188,
      0.999996382856425,
      -0.00204952639252203,
      -4.90948618710692e-06
    ],
    [
      0.198914223363359,
      0.00166211349543999,
      0.980015494327758,
      0.093241112573291
    ],
    [
      0.0,
      0.0,
      0.0,
      1.0
    ]
  ],
  "T_WH": {
    "0": [
      [
        0.723651203827017,
        0.588913689875565,
        -0.359874424038241,
        0.0392682823458656
      ],
      [
        -0.680763949469141,
        0.694849513545533,
        -0.231828813197828,
        -0.0319302139922335
      ],
      [
        0.113531406680645,
        0.412752733973602,
        0.903739896371976,
        0.00790338130268028
      ],
      [
        0.0,
        0.0,
        0.0,
        1.0
      ]
    ],
    "1": [
      [
        -0.645115055598632,
        -0.726144048295163,
        -0.237784326997147,
        -0.0392682823458656
      ],
      [
        0.753074579405316,
        -0.656887631760588,
        -0.0371122229659269,
        0.0319302139922335
      ],
      [
        -0.12924876360523,
        -0.203010985824605,
        0.970608724842839,
        -0.00790338130268028
      ],
      [
        0.0,
        0.0,
        0.0,
        1.0
      ]
    ],
    "2": [
      [
        0.720170891197826,
        -0.592515154437105,
        -0.360942764484485,
        0.0391329461354532
      ],
      [
        0.684099027381893,
        0.693121806247548,
        0.227135823769137,
        0.0320695545105777
      ],
      [
        0.1155958831727,
        -0.41049720275114,
        0.904505189773399,
        0.00800975656638844
      ],
      [
        0.0,
        0.0,
        0.0,
        1.0
      ]
    ],
    "3": [
      [
        -0.64202567800966,
        0.728876893826264,
        -0.237784571455787,
        -0.0391329461354532
      ],
      [
        -0.75527742800746,
        -0.654584700887654,
        0.0327853032051936,
        -0.0320695545105777
      ],
      [
        -0.131753692618731,
        0.20064232606805,
        0.970764452105314,
        -0.00800975656638844
      ],
      [
        0.0,
        0.0,
        0.0,
        1.0
      ]
    ]
  },
  "T_WP": {
    "0": [
      [
        0.359874424038242,
        0.588913689875565,
        0.723651203827017,
        0.0899238666137568
      ],
      [
        0.231828813197828,
        0.694849513545533,
        -0.680763949469141,
        -0.0795836904550734
      ],
      [
        -0.903739896371976,
        0.412752733973602,
        0.113531406680645,
        0.0158505797703255
      ],
      [
        0.0,
        0.0,
        0.0,
        1.0
      ]
    ],
    "1": [
      [
        0.237784326997147,
        -0.726144048295163,
        -0.645115055598632,
        -0.0844263362377698
      ],
      [
        0.0371122229659269,
        -0.656887631760588,
        0.753074579405316,
        0.0846454345506057
      ],
      [
        -0.970608724842839,
        -0.203010985824605,
        -0.12924876360523,
        -0.0169507947550464
      ],
      [
        0.0,
        0.0,
        0.0,
        1.0
      ]
    ],
    "2": [
      [
        0.360942764484486,
        -0.592515154437105,
        0.720170891197826,
        0.0895449085193011
      ],
      [
        -0.227135823769137,
        0.693121806247548,
        0.684099027381893,
        0.0799564864273102
      ],
      [
        -0.904505189773399,
        -0.41049720275114,
        0.1155958831727,
        0.0161014683884775
      ],
      [
        0.0,
        0.0,
        0.0,
        1.0
      ]
    ],
    "3": [
      [
        0.237784571455787,
        0.728876893826264,
        -0.64202567800966,
        -0.0840747435961295
      ],
      [
        -0.0327853032051937,
        -0.654584700887654,
        -0.75527742800746,
        -0.0849389744710999
      ],
      [
        -0.970764452105314,
        0.20064232606805,
        -0.131753692618731,
        -0.0172325150496996
      ],
      [
        0.0,
        0.0,
        0.0,
        1.0
      ]
    ]
  }
}