{
  "arms": {
    "0": [
      [
        -1.0,
        -3.45444156476966e-17,
        -5.7429469098552e-17,
        -8.88179144310342e-18
      ],
      [
        1.6182178991128e-17,
        0.70710676908493,
        -0.70710676908493,
        -0.0320000015199184
      ],
      [
        6.50353617437526e-17,
        -0.70710676908493,
        -0.70710676908493,
        0.283922493457794
      ],
      [
        0.0,
        0.0,
        0.0,
        1.0
      ]
    ],
    "1": [
      [
        -1.0,
        -1.58734411066819e-16,
        3.79068128552405e-16,
        8.881777381033e-18
      ],
      [
        -1.55799455139473e-16,
        -0.70710676908493,
        -0.70710676908493,
        -0.0320000015199184
      ],
      [
        3.80283806120172e-16,
        -0.70710676908493,
        0.70710676908493,
        0.363922506570816
      ],
      [
        0.0,
        0.0,
        0.0,
        1.0
      ]
    ],
    "2": [
      [
        -1.0,
        1.5529655579682e-16,
        3.79039541190435e-16,
        8.88179144310342e-18
      ],
      [
        1.58210177081808e-16,
        -0.70710676908493,
        0.70710676908493,
        0.0320000015199184
      ],
      [
        3.77832678059276e-16,
        0.70710676908493,
        0.70710676908493,
        0.363922506570816
      ],
      [
        0.0,
        0.0,
        0.0,
        1.0
      ]
    ],
    "3": [
      [
        -1.0,
        2.79474074023583e-16,
        1.87500192586057e-16,
        -8.881777381033e-18
      ],
      [
        3.30200680242936e-16,
        0.70710676908493,
        0.70710676908493,
        0.0320000015199184
      ],
      [
        6.50353617437526e-17,
        0.70710676908493,
        -0.70710676908493,
        0.283922493457794
      ],
      [
        0.0,
        0.0,
        0.0,
        1.0
      ]
    ]
  },
  "arms_in_parent_frame": {
    "0": [
      [
        2.22044604925031e-16,
        1.26880514983441e-08,
        0.999999940395355,
        1.49011611938477e-08
      ],
      [
        -4.91409067993851e-25,
        0.999999940395355,
        1.26880514983441e-08,
        0.0
      ],
      [
        -1.0,
        0.0,
        2.22044604925031e-16,
        0.0
      ],
      [
        0.0,
        0.0,
        0.0,
        1.0
      ]
    ],
    "1": [
      [
        2.22044591690142e-16,
        -1.26880514983441e-08,
        0.999999940395355,
        0.0
      ],
      [
        -3.52367758055397e-24,
        0.999999940395355,
        -1.26880514983441e-08,
        0.0
      ],
      [
        -1.0,
        3.44739946418453e-24,
        2.22044604925031e-16,
        0.0
      ],
      [
        0.0,
        0.0,
        0.0,
        1.0
      ]
    ],
    "2": [
      [
        2.22044591690142e-16,
        1.26880514983441e-08,
        0.999999940395355,
        0.0
      ],
      [
        8.97846299126183e-24,
        0.999999940395355,
        1.26880514983441e-08,
        0.0
      ],
      [
        -1.0,
        9.81477545765369e-24,
        2.22044604925031e-16,
        0.0
      ],
      [
        0.0,
        0.0,
        0.0,
        1.0
      ]
    ],
    "3": [
      [
        2.22044604925031e-16,
        -1.26880514983441e-08,
        0.999999940395355,
        1.49011611938477e-08
      ],
      [
        7.10885396841807e-24,
        0.999999940395355,
        -1.26880514983441e-08,
        0.0
      ],
      [
        -1.0,
        0.0,
        2.22044604925031e-16,
        0.0
      ],
      [
        0.0,
        0.0,
        0.0,
        1.0
      ]
    ]
  },
  "arms_link_world": {
    "0": [
      [
        -1.0,
        -3.45444156476966e-17,
        -5.7429469098552e-17,
        -8.88179144310342e-18
      ],
      [
        1.6182178991128e-17,
        0.70710676908493,
        -0.70710676908493,
        -0.0320000015199184
      ],
      [
        6.50353617437526e-17,
        -0.70710676908493,
        -0.70710676908493,
        0.283922493457794
      ],
      [
        0.0,
        0.0,
        0.0,
        1.0
      ]
    ],
    "1": [
      [
        -1.0,
        -1.58734411066819e-16,
        3.79068128552405e-16,
        8.881777381033e-18
      ],
      [
        -1.55799455139473e-16,
        -0.70710676908493,
        -0.70710676908493,
        -0.0320000015199184
      ],
      [
        3.80283806120172e-16,
        -0.70710676908493,
        0.70710676908493,
        0.363922506570816
      ],
      [
        0.0,
        0.0,
        0.0,
        1.0
      ]
    ],
    "2": [
      [
        -1.0,
        1.5529655579682e-16,
        3.79039541190435e-16,
        8.88179144310342e-18
      ],
      [
        1.58210177081808e-16,
        -0.70710676908493,
        0.70710676908493,
        0.0320000015199184
      ],
      [
        3.77832678059276e-16,
        0.70710676908493,
        0.70710676908493,
        0.363922506570816
      ],
      [
        0.0,
        0.0,
        0.0,
        1.0
      ]
    ],
    "3": [
      [
        -1.0,
        2.79474074023583e-16,
        1.87500192586057e-16,
        -8.881777381033e-18
      ],
      [
        3.30200680242936e-16,
        0.70710676908493,
        0.70710676908493,
        0.0320000015199184
      ],
      [
        6.50353617437526e-17,
        0.70710676908493,
        -0.70710676908493,
        0.283922493457794
      ],
      [
        0.0,
        0.0,
        0.0,
        1.0
      ]
    ]
  },
  "arms_relative_to_base": {
    "0": [
      [
        1.57009243181279e-16,
        0.70710676908493,
        0.70710676908493,
        0.0399999916553497
      ],
      [
        1.61819655785299e-17,
        0.70710676908493,
        -0.70710676908493,
        -0.0320000015199184
      ],
      [
        -1.0,
        1.22464672023627e-16,
        9.95799262839594e-17,
        0.0
      ],
      [
        0.0,
        0.0,
        0.0,
        1.0
      ]
    ],
    "1": [
      [
        -1.58239201195141e-16,
        0.70710676908493,
        -0.70710676908493,
        -0.0400000214576721
      ],
      [
        -1.5579966689771e-16,
        -0.70710676908493,
        -0.70710676908493,
        -0.0320000015199184
      ],
      [
        -1.0,
        -1.72502230175279e-18,
        2.22059057424694e-16,
        -6.61744490042422e-24
      ],
      [
        0.0,
        0.0,
        0.0,
        1.0
      ]
    ],
    "2": [
      [
        -1.55788073134244e-16,
        -0.70710676908493,
        -0.70710676908493,
        -0.0400000214576721
      ],
      [
        1.58209965323571e-16,
        -0.70710676908493,
        0.70710676908493,
        0.0320000015199184
      ],
      [
        -1.0,
        -1.71254180067059e-18,
        2.22030139190479e-16,
        -6.61744490042422e-24
      ],
      [
        0.0,
        0.0,
        0.0,
        1.0
      ]
    ],
    "3": [
      [
        1.57009243181279e-16,
        -0.70710676908493,
        0.70710676908493,
        0.0399999916553497
      ],
      [
        3.302004684847e-16,
        0.70710676908493,
        0.70710676908493,
        0.0320000015199184
      ],
      [
        -1.0,
        1.22464672023627e-16,
        3.44509290183548e-16,
        0.0
      ],
      [
        0.0,
        0.0,
        0.0,
        1.0
      ]
    ]
  },
  "arms_view_frame": {
    "0": [
      [
        -0.999999940395355,
        -3.45444123389741e-17,
        -5.74294624811071e-17,
        -8.88179061592281e-18
      ],
      [
        6.50353617437526e-17,
        -0.707106828689575,
        -0.707106709480286,
        0.283922493457794
      ],
      [
        -1.61821822998504e-17,
        -0.707106709480286,
        0.707106828689575,
        0.0319999903440475
      ],
      [
        0.0,
        0.0,
        0.0,
        1.0
      ]
    ],
    "1": [
      [
        -0.999999940395355,
        -1.5873439783193e-16,
        3.79068102082626e-16,
        8.88177655385239e-18
      ],
      [
        3.80283806120172e-16,
        -0.707106709480286,
        0.707106828689575,
        0.363922506570816
      ],
      [
        1.55799441904583e-16,
        0.707106828689575,
        0.707106709480286,
        0.0319999866187572
      ],
      [
        0.0,
        0.0,
        0.0,
        1.0
      ]
    ],
    "2": [
      [
        -0.999999940395355,
        1.55296542561931e-16,
        3.79039514720656e-16,
        8.88179061592281e-18
      ],
      [
        3.77832678059276e-16,
        0.707106828689575,
        0.707106709480286,
        0.363922506570816
      ],
      [
        -1.58210190316698e-16,
        0.707106709480286,
        -0.707106828689575,
        -0.0320000164210796
      ],
      [
        0.0,
        0.0,
        0.0,
        1.0
      ]
    ],
    "3": [
      [
        -0.999999940395355,
        2.79474047553804e-16,
        1.87500179351167e-16,
        -8.88177655385239e-18
      ],
      [
        6.50353485088628e-17,
        0.707106709480286,
        -0.707106828689575,
        0.283922493457794
      ],
      [
        -3.30200680242936e-16,
        -0.707106828689575,
        -0.707106709480286,
        -0.0320000126957893
      ],
      [
        0.0,
        0.0,
        0.0,
        1.0
      ]
    ]
  },
  "arms_visual_world": {
    "0": [
      [
        -1.0,
        -3.45444156476966e-17,
        -5.7429469098552e-17,
        -8.88179144310342e-18
      ],
      [
        1.6182178991128e-17,
        0.70710676908493,
        -0.70710676908493,
        -0.0320000015199184
      ],
      [
        6.50353617437526e-17,
        -0.70710676908493,
        -0.70710676908493,
        0.283922493457794
      ],
      [
        0.0,
        0.0,
        0.0,
        1.0
      ]
    ],
    "1": [
      [
        -1.0,
        -1.58734411066819e-16,
        3.79068128552405e-16,
        8.881777381033e-18
      ],
      [
        -1.55799455139473e-16,
        -0.70710676908493,
        -0.70710676908493,
        -0.0320000015199184
      ],
      [
        3.80283806120172e-16,
        -0.70710676908493,
        0.70710676908493,
        0.363922506570816
      ],
      [
        0.0,
        0.0,
        0.0,
        1.0
      ]
    ],
    "2": [
      [
        -1.0,
        1.5529655579682e-16,
        3.79039541190435e-16,
        8.88179144310342e-18
      ],
      [
        1.58210177081808e-16,
        -0.70710676908493,
        0.70710676908493,
        0.0320000015199184
      ],
      [
        3.77832678059276e-16,
        0.70710676908493,
        0.70710676908493,
        0.363922506570816
      ],
      [
        0.0,
        0.0,
        0.0,
        1.0
      ]
    ],
    "3": [
      [
        -1.0,
        2.79474074023583e-16,
        1.87500192586057e-16,
        -8.881777381033e-18
      ],
      [
        3.30200680242936e-16,
        0.70710676908493,
        0.70710676908493,
        0.0320000015199184
      ],
      [
        6.50353617437526e-17,
        0.70710676908493,
        -0.70710676908493,
        0.283922493457794
      ],
      [
        0.0,
        0.0,
        0.0,
        1.0
      ]
    ]
  },
  "base": [
    [
      -2.22044604925031e-16,
      2.13585945489438e-22,
      1.0,
      1.0130862892191e-35
    ],
    [
      8.07423300224622e-19,
      1.0,
      -2.13585945489438e-22,
      6.15111135402463e-23
    ],
    [
      -1.0,
      8.07423300224622e-19,
      -2.22044604925031e-16,
      0.323922485113144
    ],
    [
      0.0,
      0.0,
      0.0,
      1.0
    ]
  ],
  "base_link_world": [
    [
      -2.22044604925031e-16,
      2.13585945489438e-22,
      1.0,
      1.0130862892191e-35
    ],
    [
      8.07423300224622e-19,
      1.0,
      -2.13585945489438e-22,
      6.15111135402463e-23
    ],
    [
      -1.0,
      8.07423300224622e-19,
      -2.22044604925031e-16,
      0.323922485113144
    ],
    [
      0.0,
      0.0,
      0.0,
      1.0
    ]
  ],
  "base_view_frame": [
    [
      -2.22044591690142e-16,
      2.13585920245889e-22,
      0.999999940395355,
      1.01308621747262e-35
    ],
    [
      -1.0,
      -4.37113882867379e-08,
      -2.22044604925031e-16,
      0.323922485113144
    ],
    [
      4.37113882867379e-08,
      -1.0,
      2.23291812388239e-22,
      -1.41591014468645e-08
    ],
    [
      0.0,
      0.0,
      0.0,
      1.0
    ]
  ],
  "base_visual_world": [
    [
      -1.1760774583561e-21,
      2.22044591690142e-16,
      1.0,
      1.0130862892191e-35
    ],
    [
      0.999999940395355,
      6.25848770141602e-06,
      -2.13585945489438e-22,
      6.15111135402463e-23
    ],
    [
      -6.25848770141602e-06,
      0.999999940395355,
      -2.22044604925031e-16,
      0.323922485113144
    ],
    [
      0.0,
      0.0,
      0.0,
      1.0
    ]
  ],
  "view_adjust": [
    [
      0.999999940395355,
      0.0,
      0.0,
      0.0
    ],
    [
      0.0,
      -4.37113882867379e-08,
      1.0,
      0.0
    ],
    [
      0.0,
      -1.0,
      -4.37113882867379e-08,
      0.0
    ],
    [
      0.0,
      0.0,
      0.0,
      1.0
    ]
  ]
}