{
  "T_WB": [
    [
      0.0103004095823149,
      -1.87663993800166e-06,
      0.999946949372273,
      -0.000776773889880672
    ],
    [
      -3.64932033075372e-06,
      0.999999999991509,
      1.91433098855018e-06,
      3.17591742681211e-08
    ],
    [
      -0.999946949367375,
      -3.66884512527758e-06,
      0.010300409575379,
      0.123870246442922
    ],
    [
      0.0,
      0.0,
      0.0,
      1.0
    ]
  ],
  "T_WH": {
    "0": [
      [
        0.0680115631159452,
        0.17682500832302,
        0.981889680012011,
        -0.000364697454110058
      ],
      [
        -0.672370014969009,
        0.735222127115925,
        -0.0858311526761101,
        -0.0320001142133672
      ],
      [
        -0.737084113417934,
        -0.654355667990046,
        0.168895439595628,
        0.0838724858712709
      ],
      [
        0.0,
        0.0,
        0.0,
        1.0
      ]
    ],
    "1": [
      [
        0.000404251796092092,
        0.00166238638815833,
        0.99999853652492,
        -0.00118885032565128
      ],
      [
        0.702376908369836,
        -0.711804657011323,
        0.000899358562290063,
        0.0320001777317158
      ],
      [
        0.711805110384378,
        0.70237551689142,
        -0.00145537012289426,
        0.163868007014573
      ],
      [
        0.0,
        0.0,
        0.0,
        1.0
      ]
    ],
    "2": [
      [
        0.0681021618564573,
        -0.176813652872027,
        0.981885445308427,
        -0.000364817559066091
      ],
      [
        0.672309303744572,
        0.735284040054914,
        0.0857763402052874,
        0.0319998857860893
      ],
      [
        -0.737131125139189,
        0.654289165888122,
        0.168947896561216,
        0.0838722510651829
      ],
      [
        0.0,
        0.0,
        0.0,
        1.0
      ]
    ],
    "3": [
      [
        0.000404448534947198,
        -0.00166697119553591,
        0.999998528813126,
        -0.00118873022069525
      ],
      [
        -0.702370013907181,
        -0.711811456118395,
        -0.000902497998629445,
        -0.0319998222677408
      ],
      [
        0.711811913348891,
        -0.702368615575642,
        -0.00145872168237712,
        0.163868241820661
      ],
      [
        0.0,
        0.0,
        0.0,
        1.0
      ]
    ]
  },
  "T_WP": {
    "0": [
      [
        -0.981889680012011,
        0.17682500832302,
        0.0680115631159453,
        0.00439611196400611
      ],
      [
        0.08583115267611,
        0.735222127115925,
        -0.672370014969009,
        -0.0790660152611979
      ],
      [
        -0.168895439595628,
        -0.654355667990046,
        -0.737084113417934,
        0.0322765979320155
      ],
      [
        0.0,
        0.0,
        0.0,
        1.0
      ]
    ],
    "1": [
      [
        -0.99999853652492,
        0.00166238638815833,
        0.000404251796092153,
        -0.00116055269992484
      ],
      [
        -0.00089935856229002,
        -0.711804657011323,
        0.702376908369836,
        0.0811665613176043
      ],
      [
        0.00145537012289431,
        0.70237551689142,
        0.711805110384378,
        0.213694364741479
      ],
      [
        0.0,
        0.0,
        0.0,
        1.0
      ]
    ],
    "2": [
      [
        -0.981885445308427,
        -0.176813652872027,
        0.0681021618564574,
        0.00440233377088592
      ],
      [
        -0.0857763402052874,
        0.735284040054914,
        0.672309303744572,
        0.0790615370482094
      ],
      [
        -0.168947896561216,
        0.654289165888122,
        -0.737131125139189,
        0.0322730723054397
      ],
      [
        0.0,
        0.0,
        0.0,
        1.0
      ]
    ],
    "3": [
      [
        -0.999998528813126,
        -0.00166697119553591,
        0.000404448534947259,
        -0.00116041882324895
      ],
      [
        0.000902497998629402,
        -0.711811456118395,
        -0.702370013907181,
        -0.0811657232412434
      ],
      [
        0.00145872168237716,
        -0.702368615575642,
        0.711811913348891,
        0.213695075755083
      ],
      [
        0.0,
        0.0,
        0.0,
        1.0
      ]
    ]
  },
  "simTime": 0.282999999999985,
  "state": [
    -0.000776773889880672,
    3.17591742681211e-08,
    0.123870246442922,
    0.7107391960398,
    -1.96386246352281e-06,
    0.703455609977242,
    -6.23534062363993e-07,
    -0.200620163247171,
    -0.000252986812251864,
    2.02104193592866,
    -0.000902939068045745,
    -4.47597445601608,
    -0.00199780266101522,
    0.995555387610253,
    0.0861427222951942,
    -0.0281224532091794,
    0.0256520802522794,
    0.999977053991225,
    0.00446081094599645,
    -0.00385392937510738,
    0.00333764664195561,
    0.995553544805385,
    -0.0861383211869901,
    -0.0281658200767483,
    -0.0256907693135726,
    0.999977038594666,
    -0.00446443096053201,
    -0.00385270083293507,
    -0.00333883751228149,
    43.2709813576895,
    -15.2113410028162,
    12.5596238276271,
    2.44369332711086,
    -3.14848903310168,
    2.80273046737357,
    -43.3199651773195,
    -15.2561037627159,
    -12.588649838771,
    -2.44721201518664,
    -3.14731629744718,
    -2.80387856412117
  ]
}