{
  "T_WB": [
    [
      0.275885170183214,
      -0.00034654592131427,
      0.96119053926831,
      -0.00551484595456603
    ],
    [
      0.000295839814709924,
      0.999999918254848,
      0.000275624930265413,
      4.49614713027758e-06
    ],
    [
      -0.961190556212338,
      0.000208317600245059,
      0.27588525015302,
      0.2051955696284
    ],
    [
      0.0,
      0.0,
      0.0,
      1.0
    ]
  ],
  "T_WH": {
    "0": [
      [
        0.499833566181015,
        0.799014407514832,
        0.334278899577121,
        0.00553165032224457
      ],
      [
        -0.591675144632508,
        0.596853320907803,
        -0.541928626800087,
        -0.0319836676444364
      ],
      [
        -0.632524251980008,
        0.0730896018941794,
        0.771084289006125,
        0.166741281216699
      ],
      [
        0.0,
        0.0,
        0.0,
        1.0
      ]
    ],
    "1": [
      [
        -0.127757041479817,
        -0.125821536100223,
        0.983792193202256,
        -0.0165613422313766
      ],
      [
        0.656783102807003,
        -0.75399723745093,
        -0.0111409956275086,
        0.031992659938697
      ],
      [
        0.743178373083831,
        0.644714748528174,
        0.178965915220534,
        0.243649858040102
      ],
      [
        0.0,
        0.0,
        0.0,
        1.0
      ]
    ],
    "2": [
      [
        0.500191153494393,
        -0.799245366440949,
        0.333190117183302,
        0.00550947138328046
      ],
      [
        0.59218154305178,
        0.596469714036641,
        0.541797840809522,
        0.0320163271238738
      ],
      [
        -0.631767227730881,
        -0.0736934492320756,
        0.771647228664445,
        0.166754613543114
      ],
      [
        0.0,
        0.0,
        0.0,
        1.0
      ]
    ],
    "3": [
      [
        -0.127550983320301,
        0.126510102693037,
        0.983730623987391,
        -0.0165391632924125
      ],
      [
        -0.656998418003578,
        -0.753800323154978,
        0.0117537888464584,
        -0.0320073348296132
      ],
      [
        0.743023435293141,
        -0.644810256376284,
        0.179264909776373,
        0.243636525713686
      ],
      [
        0.0,
        0.0,
        0.0,
        1.0
      ]
    ]
  },
  "T_WP": {
    "0": [
      [
        -0.334278899577121,
        0.799014407514832,
        0.499833566181015,
        0.0405199999549157
      ],
      [
        0.541928626800087,
        0.596853320907803,
        -0.591675144632508,
        -0.073400927768712
      ],
      [
        -0.771084289006125,
        0.0730896018941794,
        -0.632524251980008,
        0.122464583578098
      ],
      [
        0.0,
        0.0,
        0.0,
        1.0
      ]
    ],
    "1": [
      [
        -0.983792193202256,
        -0.125821536100223,
        -0.127757041479817,
        -0.0255043351349638
      ],
      [
        0.0111409956275087,
        -0.75399723745093,
        0.656783102807003,
        0.0779674771351872
      ],
      [
        -0.178965915220534,
        0.644714748528174,
        0.743178373083831,
        0.29567234415597
      ],
      [
        0.0,
        0.0,
        0.0,
        1.0
      ]
    ],
    "2": [
      [
        -0.333190117183302,
        -0.799245366440949,
        0.500191153494393,
        0.040522852127888
      ],
      [
        -0.541797840809522,
        0.596469714036641,
        0.59218154305178,
        0.0734690351374984
      ],
      [
        -0.771647228664445,
        -0.0736934492320756,
        -0.631767227730881,
        0.122530907601953
      ],
      [
        0.0,
        0.0,
        0.0,
        1.0
      ]
    ],
    "3": [
      [
        -0.983730623987391,
        0.126510102693037,
        -0.1275509833203,
        -0.0254677321248336
      ],
      [
        -0.0117537888464585,
        -0.753800323154978,
        -0.656998418003578,
        -0.0779972240898637
      ],
      [
        -0.179264909776373,
        -0.644810256376284,
        0.743023435293141,
        0.295648166184206
      ],
      [
        0.0,
        0.0,
        0.0,
        1.0
      ]
    ]
  },
  "simTime": 0.32599999999998,
  "state": [
    -0.00551484595456603,
    4.49614713027758e-06,
    0.2051955696284,
    0.798713080303416,
    -2.10674307458397e-05,
    0.601712036176487,
    0.000201068992065387,
    -0.133135306403701,
    0.00027308581757467,
    1.71376360418958,
    -0.00941217823038025,
    -5.55482174903646,
    0.00600409379997423,
    0.867171079000876,
    0.470058429680446,
    -0.110006855924095,
    0.122302428759632,
    0.998168320245182,
    0.0297814954713331,
    -0.0402702792988493,
    0.0339318669040744,
    0.86697226974879,
    -0.470281331950182,
    -0.110400017033446,
    -0.122500565487713,
    0.998171586097954,
    -0.0296726260414715,
    -0.0401666369507746,
    -0.0340537992970253,
    6.38128649295082,
    -0.253671429868759,
    -0.924776735722304,
    0.561609684972671,
    0.018463723606346,
    -0.109086458133711,
    -6.38580681643673,
    -0.257309892696118,
    0.924869581528295,
    -0.562264956820954,
    0.0209527188965778,
    0.105051329709206
  ]
}