{
  "T_WB": [
    [
      0.172594739882694,
      -0.278706644057847,
      0.944739997207082,
      -0.0569807601818174
    ],
    [
      -0.260217280634792,
      0.912156894901531,
      0.316633488346749,
      0.0039211281836633
    ],
    [
      -0.949998959275145,
      -0.300486947539505,
      0.0849091969961537,
      0.78462347036364
    ],
    [
      0.0,
      0.0,
      0.0,
      1.0
    ]
  ],
  "T_WH": {
    "0": [
      [
        -0.0237054388368801,
        -0.357222661984496,
        0.933718384704008,
        0.0158224022051589
      ],
      [
        -0.516097170111879,
        0.80427382568518,
        0.29459688443742,
        -0.0395977118622407
      ],
      [
        -0.856201940649553,
        -0.474905867601606,
        -0.203427268932914,
        -0.0283843760497417
      ],
      [
        0.0,
        0.0,
        0.0,
        1.0
      ]
    ],
    "1": [
      [
        -0.375434444176324,
        0.231627412059528,
        0.897439535628234,
        -0.0158224022051589
      ],
      [
        0.837223262830832,
        -0.330643912813646,
        0.43558215194631,
        0.0395977118622407
      ],
      [
        0.397625686168425,
        0.914889799321147,
        -0.0697887440580633,
        0.0283843760497417
      ],
      [
        0.0,
        0.0,
        0.0,
        1.0
      ]
    ],
    "2": [
      [
        -0.166824809260944,
        -0.247348033131872,
        0.954457140745903,
        -0.00201482301454336
      ],
      [
        -0.232800794152575,
        0.950534287920725,
        0.205641332734865,
        0.0187803294114573
      ],
      [
        -0.958109217812343,
        -0.187892304240582,
        -0.21615551982354,
        -0.04761554069227
      ],
      [
        0.0,
        0.0,
        0.0,
        1.0
      ]
    ],
    "3": [
      [
        0.0208553207805554,
        0.07632770407206,
        0.996864653393944,
        0.00201482301454336
      ],
      [
        -0.528359106429011,
        -0.845630382272176,
        0.0758017891065264,
        -0.0187803294114573
      ],
      [
        0.848764814450197,
        -0.528283388125447,
        0.0226925446352218,
        0.04761554069227
      ],
      [
        0.0,
        0.0,
        0.0,
        1.0
      ]
    ]
  },
  "T_WP": {
    "0": [
      [
        -0.933718384704008,
        -0.357222661984496,
        -0.0237054388368801,
        0.0141630214865773
      ],
      [
        -0.29459688443742,
        0.80427382568518,
        -0.516097170111879,
        -0.0757245137700722
      ],
      [
        0.203427268932914,
        -0.474905867601606,
        -0.856201940649553,
        -0.0883185118952104
      ],
      [
        0.0,
        0.0,
        0.0,
        1.0
      ]
    ],
    "1": [
      [
        -0.897439535628234,
        0.231627412059528,
        -0.375434444176324,
        -0.0421028132975016
      ],
      [
        -0.43558215194631,
        -0.330643912813646,
        0.837223262830832,
        0.0982033402603989
      ],
      [
        0.0697887440580633,
        0.914889799321147,
        0.397625686168425,
        0.0562181740815314
      ],
      [
        0.0,
        0.0,
        0.0,
        1.0
      ]
    ],
    "2": [
      [
        -0.954457140745903,
        -0.247348033131872,
        -0.166824809260944,
        -0.0136925596628095
      ],
      [
        -0.205641332734865,
        0.950534287920725,
        -0.232800794152575,
        0.0024842738207771
      ],
      [
        0.21615551982354,
        -0.187892304240582,
        -0.958109217812343,
        -0.114683185939134
      ],
      [
        0.0,
        0.0,
        0.0,
        1.0
      ]
    ],
    "3": [
      [
        -0.996864653393944,
        0.07632770407206,
        0.0208553207805555,
        0.00347469546918224
      ],
      [
        -0.0758017891065264,
        -0.845630382272176,
        -0.528359106429011,
        -0.0557654668614881
      ],
      [
        -0.0226925446352217,
        -0.528283388125447,
        0.848764814450197,
        0.107029077703784
      ],
      [
        0.0,
        0.0,
        0.0,
        1.0
      ]
    ]
  }
}