{
  "T_WB": [
    [
      -2.22044604925031e-16,
      1.0165434522405e-19,
      1.0,
      -7.57617535406864e-36
    ],
    [
      -1.93757578180683e-18,
      1.0,
      -1.0165434522405e-19,
      4.33698130888396e-21
    ],
    [
      -1.0,
      -1.93757578180683e-18,
      -2.22044604925031e-16,
      0.259433069575003
    ],
    [
      0.0,
      0.0,
      0.0,
      1.0
    ]
  ],
  "T_WH": {
    "0": [
      [
        -1.57182991051566e-16,
        -1.52439204223077e-16,
        1.0,
        -8.88503713604842e-18
      ],
      [
        -0.707106779455507,
        0.707106782917588,
        -3.35436329895963e-18,
        -0.032
      ],
      [
        -0.707106782917588,
        -0.707106779455507,
        -2.18935953892778e-16,
        0.219433069575003
      ],
      [
        0.0,
        0.0,
        0.0,
        1.0
      ]
    ],
    "1": [
      [
        1.57182991051566e-16,
        1.52439032161748e-16,
        1.0,
        8.88503713604842e-18
      ],
      [
        0.707106779455507,
        -0.707106782917588,
        -3.35448496469252e-18,
        0.032
      ],
      [
        0.707106782917588,
        0.707106779455507,
        -2.18935832227045e-16,
        0.299433069575003
      ],
      [
        0.0,
        0.0,
        0.0,
        1.0
      ]
    ],
    "2": [
      [
        -1.57049129420776e-16,
        1.53480497325883e-16,
        1.0,
        -8.87853125795408e-18
      ],
      [
        0.707106779455507,
        0.707106782917588,
        2.52340341631968e-18,
        0.032
      ],
      [
        -0.707106782917588,
        0.707106779455507,
        -2.19577604838067e-16,
        0.219433069575003
      ],
      [
        0.0,
        0.0,
        0.0,
        1.0
      ]
    ],
    "3": [
      [
        1.57049129420776e-16,
        -1.52569970326631e-16,
        1.0,
        8.87853125795408e-18
      ],
      [
        -0.707106779455507,
        -0.707106782917588,
        3.16724323352024e-18,
        -0.032
      ],
      [
        0.707106782917588,
        -0.707106779455507,
        -2.18933765024019e-16,
        0.299433069575003
      ],
      [
        0.0,
        0.0,
        0.0,
        1.0
      ]
    ]
  },
  "T_WP": {
    "0": [
      [
        -1.0,
        -1.52439204223077e-16,
        -9.59506510941986e-17,
        -1.98878465096581e-17
      ],
      [
        -3.99434394068194e-17,
        0.707106782917588,
        -0.707106779455507,
        -0.0814974745618855
      ],
      [
        1.75638150975007e-16,
        -0.707106779455507,
        -0.707106782917588,
        0.169935594770772
      ],
      [
        0.0,
        0.0,
        0.0,
        1.0
      ]
    ],
    "1": [
      [
        -1.0,
        1.52439032161748e-16,
        2.18415331008934e-16,
        1.98878465096581e-17
      ],
      [
        4.66522876704715e-17,
        -0.707106782917588,
        0.707106779455507,
        0.0814974745618855
      ],
      [
        2.62233635144816e-16,
        0.707106779455507,
        0.707106782917588,
        0.348930544379234
      ],
      [
        0.0,
        0.0,
        0.0,
        1.0
      ]
    ],
    "2": [
      [
        -1.0,
        1.53480497325883e-16,
        -9.58167894634083e-17,
        -1.98719703174084e-17
      ],
      [
        4.07743992894593e-17,
        0.707106782917588,
        0.707106779455507,
        0.0814974745618855
      ],
      [
        1.76279801920297e-16,
        0.707106779455507,
        -0.707106782917588,
        0.169935594770772
      ],
      [
        0.0,
        0.0,
        0.0,
        1.0
      ]
    ],
    "3": [
      [
        -1.0,
        -1.52569970326631e-16,
        2.18281469378144e-16,
        1.98719703174084e-17
      ],
      [
        -4.64650459392993e-17,
        -0.707106782917588,
        -0.707106779455507,
        -0.0814974745618855
      ],
      [
        2.62231567941789e-16,
        -0.707106779455507,
        0.707106782917588,
        0.348930544379234
      ],
      [
        0.0,
        0.0,
        0.0,
        1.0
      ]
    ]
  },
  "simTime": 0.221499999999992,
  "state": [
    -7.57617535406864e-36,
    4.33698130888396e-21,
    0.259433069575003,
    0.707106781186548,
    -6.49096248766716e-19,
    0.707106781186548,
    -7.2097672561172e-19,
    -8.02017868999593e-35,
    -1.83567237042783e-20,
    -2.17216189999999,
    5.78641882063336e-19,
    -1.07239141813866e-17,
    -1.93653989154882e-17,
    1.0,
    2.24908039195561e-18,
    5.09321610758202e-20,
    -1.09611929965524e-18,
    1.0,
    -2.24916642262016e-18,
    -5.09321610758196e-20,
    1.09266376338064e-18,
    1.0,
    -1.80031431757377e-18,
    5.58818223497098e-20,
    7.26085409585059e-19,
    1.0,
    2.25557781719968e-18,
    -5.58818223497091e-20,
    -1.08963581595654e-18,
    1.50982853017116e-17,
    2.93690775374725e-19,
    -2.14205242276089e-17,
    -1.50246797393094e-17,
    -2.93690775374723e-19,
    2.14118142386042e-17,
    -1.86639393323124e-17,
    1.77279361799785e-19,
    1.66745555282915e-17,
    1.52036499332201e-17,
    -1.77279361799783e-19,
    -2.15292487569814e-17
  ]
}