{
  "T_WB": [
    [
      0.993192027615897,
      -0.00233633084063413,
      -0.116465178651934,
      -0.0886344210790642
    ],
    [
      0.00257805277307843,
      0.99999482420689,
      0.00192489047215973,
      2.2409238621906e-05
    ],
    [
      0.11646007867129,
      -0.00221203924777353,
      0.993192910243646,
      0.239011308305564
    ],
    [
      0.0,
      0.0,
      0.0,
      1.0
    ]
  ],
  "T_WH": {
    "0": [
      [
        -0.151997878515206,
        0.951029285319215,
        -0.269146694930663,
        -0.048831977387528
      ],
      [
        -0.834404837036174,
        -0.269429771006665,
        -0.480807826918336,
        -0.0318743030250754
      ],
      [
        -0.529778456392399,
        0.151495534457351,
        0.834496189435259,
        0.243740496708345
      ],
      [
        0.0,
        0.0,
        0.0,
        1.0
      ]
    ],
    "1": [
      [
        -0.629402594773309,
        -0.772735041289075,
        -0.0820544310601011,
        -0.1284368647706
      ],
      [
        0.771606912525677,
        -0.633985792683491,
        0.0518149323851538,
        0.0319191215023193
      ],
      [
        -0.0920605574348635,
        -0.0307013133181163,
        0.995280002373867,
        0.234282119902784
      ],
      [
        0.0,
        0.0,
        0.0,
        1.0
      ]
    ],
    "2": [
      [
        -0.155821537066542,
        -0.949670829087734,
        -0.271744300705712,
        -0.0489815025613286
      ],
      [
        0.830909305318342,
        -0.27477948681911,
        0.483824306911937,
        0.0321253657241655
      ],
      [
        -0.534143590171791,
        -0.150404620950429,
        0.831906890868893,
        0.243598926196487
      ],
      [
        0.0,
        0.0,
        0.0,
        1.0
      ]
    ],
    "3": [
      [
        -0.625826014108647,
        0.775699046827127,
        -0.0814419352445048,
        -0.1282873395968
      ],
      [
        -0.77489586330896,
        -0.630244326636484,
        -0.0482544274568276,
        -0.0320805472469217
      ],
      [
        -0.088759231021595,
        0.0329101427224417,
        0.995509277412543,
        0.234423690414641
      ],
      [
        0.0,
        0.0,
        0.0,
        1.0
      ]
    ]
  },
  "T_WP": {
    "0": [
      [
        0.269146694930663,
        0.951029285319215,
        -0.151997878515206,
        -0.0594718288835924
      ],
      [
        0.480807826918336,
        -0.269429771006665,
        -0.834404837036174,
        -0.0902826416176076
      ],
      [
        -0.834496189435259,
        0.151495534457351,
        -0.529778456392399,
        0.206656004760877
      ],
      [
        0.0,
        0.0,
        0.0,
        1.0
      ]
    ],
    "1": [
      [
        0.082054431060101,
        -0.772735041289075,
        -0.629402594773309,
        -0.172495046404732
      ],
      [
        -0.0518149323851537,
        -0.633985792683491,
        0.771606912525677,
        0.0859316053791166
      ],
      [
        -0.995280002373867,
        -0.0307013133181163,
        -0.0920605574348634,
        0.227837880882343
      ],
      [
        0.0,
        0.0,
        0.0,
        1.0
      ]
    ],
    "2": [
      [
        0.271744300705712,
        -0.949670829087734,
        -0.155821537066542,
        -0.0598890101559865
      ],
      [
        -0.483824306911937,
        -0.27477948681911,
        0.830909305318342,
        0.0902890170964495
      ],
      [
        -0.831906890868893,
        -0.150404620950429,
        -0.534143590171791,
        0.206208874884462
      ],
      [
        0.0,
        0.0,
        0.0,
        1.0
      ]
    ],
    "3": [
      [
        0.0814419352445048,
        0.775699046827127,
        -0.625826014108647,
        -0.172095160584405
      ],
      [
        0.0482544274568276,
        -0.630244326636484,
        -0.77489586330896,
        -0.0863232576785489
      ],
      [
        -0.995509277412543,
        0.0329101427224417,
        -0.088759231021595,
        0.22821054424313
      ],
      [
        0.0,
        0.0,
        0.0,
        1.0
      ]
    ]
  },
  "simTime": 0.653499999999944,
  "state": [
    -0.0886344210790642,
    2.2409238621906e-05,
    0.239011308305564,
    0.998296018481797,
    -0.00103599775100393,
    -0.0583307087805118,
    0.00123069298152324,
    -0.334367228692278,
    -0.000282783042831847,
    -1.54201015612582,
    -0.01183822785394,
    -2.72886758694236,
    0.00027675868334366,
    0.834241343064189,
    0.15019664005705,
    0.218684160554675,
    -0.483383480024431,
    0.998309715945304,
    0.0295325625686433,
    0.00686991226264704,
    -0.04958168112156,
    0.834100075648766,
    -0.150468248954719,
    0.218968637927071,
    0.483414010413007,
    0.998302107366858,
    -0.0298277051730639,
    0.00691355733126415,
    0.0495521256458946,
    -4.98658221117974,
    -2.50500555415218,
    -1.88148641379866,
    -0.453337196015943,
    0.102686715564459,
    -0.470291326712556,
    4.98845889170625,
    -2.50751178081813,
    1.88278815266616,
    0.45241516198733,
    0.10236102517308,
    0.473268308439096
  ]
}