{
  "T_WB": [
    [
      0.999659947839672,
      -0.00235366432168673,
      -0.0259701549753747,
      -0.0782392408498348
    ],
    [
      0.00240065218018991,
      0.999995537297861,
      0.00177827260906617,
      3.04563557516346e-05
    ],
    [
      0.0259658536215143,
      -0.00184001321278531,
      0.99966113698447,
      0.282541011311731
    ],
    [
      0.0,
      0.0,
      0.0,
      1.0
    ]
  ],
  "T_WH": {
    "0": [
      [
        -0.108748821630514,
        0.930653991625536,
        -0.349366343063312,
        -0.038177525677954
      ],
      [
        -0.816807750038024,
        -0.283964982005469,
        -0.502184217665644,
        -0.0318733747505723
      ],
      [
        -0.566567554023169,
        0.230753194703976,
        0.791046250140985,
        0.2836385258794
      ],
      [
        0.0,
        0.0,
        0.0,
        1.0
      ]
    ],
    "1": [
      [
        -0.647111807201301,
        -0.762107954513184,
        0.0209230649857267,
        -0.118300956021716
      ],
      [
        0.761803966216043,
        -0.645285978126255,
        0.057102745040392,
        0.0319342874620756
      ],
      [
        -0.0300170957651071,
        0.0528911344307658,
        0.99814903789988,
        0.281443496744061
      ],
      [
        0.0,
        0.0,
        0.0,
        1.0
      ]
    ],
    "2": [
      [
        -0.112484411784289,
        -0.929153310843967,
        -0.352166696399925,
        -0.0383281601945419
      ],
      [
        0.813726887605787,
        -0.289536690563679,
        0.504001048813226,
        0.0321263396364908
      ],
      [
        -0.570259422976019,
        -0.229875248265502,
        0.788645396069698,
        0.283520765033782
      ],
      [
        0.0,
        0.0,
        0.0,
        1.0
      ]
    ],
    "3": [
      [
        -0.643632403033128,
        0.765032034283965,
        0.0215247830451204,
        -0.118150321505128
      ],
      [
        -0.764846939239793,
        -0.641963659727868,
        -0.0537756369029878,
        -0.0320654269249875
      ],
      [
        -0.0273219563963148,
        -0.0510749068343679,
        0.998321022813072,
        0.281561257589679
      ],
      [
        0.0,
        0.0,
        0.0,
        1.0
      ]
    ]
  },
  "T_WP": {
    "0": [
      [
        0.349366343063312,
        0.930653991625536,
        -0.108748821630514,
        -0.0457899431920899
      ],
      [
        0.502184217665644,
        -0.283964982005469,
        -0.816807750038024,
        -0.089049917253234
      ],
      [
        -0.791046250140985,
        0.230753194703976,
        -0.566567554023169,
        0.243978797097779
      ],
      [
        0.0,
        0.0,
        0.0,
        1.0
      ]
    ],
    "1": [
      [
        -0.0209230649857267,
        -0.762107954513184,
        -0.647111807201301,
        -0.163598782525807
      ],
      [
        -0.0571027450403919,
        -0.645285978126255,
        0.761803966216043,
        0.0852605650971986
      ],
      [
        -0.99814903789988,
        0.0528911344307658,
        -0.0300170957651071,
        0.279342300040504
      ],
      [
        0.0,
        0.0,
        0.0,
        1.0
      ]
    ],
    "2": [
      [
        0.352166696399925,
        -0.929153310843967,
        -0.112484411784289,
        -0.0462020690194421
      ],
      [
        -0.504001048813226,
        -0.289536690563679,
        0.813726887605787,
        0.0890872217688959
      ],
      [
        -0.788645396069698,
        -0.229875248265502,
        -0.570259422976019,
        0.243602605425461
      ],
      [
        0.0,
        0.0,
        0.0,
        1.0
      ]
    ],
    "3": [
      [
        -0.0215247830451204,
        0.765032034283965,
        -0.643632403033128,
        -0.163204589717447
      ],
      [
        0.0537756369029877,
        -0.641963659727868,
        -0.764846939239793,
        -0.085604712671773
      ],
      [
        -0.998321022813072,
        -0.0510749068343679,
        -0.0273219563963147,
        0.279648720641937
      ],
      [
        0.0,
        0.0,
        0.0,
        1.0
      ]
    ]
  },
  "simTime": 0.621999999999948,
  "state": [
    -0.0782392408498348,
    3.04563557516346e-05,
    0.282541011311731,
    0.99991457411646,
    -0.000904648735880426,
    -0.0129851114138377,
    0.00118868066956561,
    -0.325112618888837,
    -0.00022679638968494,
    -1.22185995447464,
    -0.0118062642211289,
    -3.03636065766204,
    0.000346813784708915,
    0.828539198426792,
    0.239828279032822,
    0.20737227598635,
    -0.461521323882964,
    0.998468337082183,
    0.035998944915653,
    0.00442610527454728,
    -0.0417787673513516,
    0.828364432674213,
    -0.240148575960791,
    0.207650059803374,
    0.461543584949449,
    0.998461185098917,
    -0.0362759525697412,
    0.00447277783564267,
    0.0417050521454697,
    -4.676496714344,
    -2.40070090312345,
    -2.78729654555832,
    -0.373201965681933,
    0.1371685859013,
    -0.532106806362969,
    4.67838743320712,
    -2.40310203762313,
    2.78953729139624,
    0.37171044997818,
    0.136786278613577,
    0.534807440148269
  ]
}