{
  "T_WB": [
    [
      0.958211491175587,
      -0.00218554919018742,
      -0.286052375543004,
      -0.113114517549453
    ],
    [
      0.00296717538570964,
      0.999992955102534,
      0.00229904665694341,
      -1.70646088160544e-06
    ],
    [
      0.286045335653789,
      -0.00305174049316696,
      0.958211225581643,
      0.101612726026378
    ],
    [
      0.0,
      0.0,
      0.0,
      1.0
    ]
  ],
  "T_WH": {
    "0": [
      [
        -0.15531377542153,
        0.987264975040869,
        -0.0344310938232174,
        -0.0747161203283436
      ],
      [
        -0.902648898858092,
        -0.155991122670883,
        -0.401113120002515,
        -0.0318827940087343
      ],
      [
        -0.401375879388118,
        -0.0312192041126927,
        0.91538121279606,
        0.113152195148311
      ],
      [
        0.0,
        0.0,
        0.0,
        1.0
      ]
    ],
    "1": [
      [
        -0.582375439420872,
        -0.761519745793259,
        -0.2844758765279,
        -0.151512914770563
      ],
      [
        0.788123167237067,
        -0.614683880820927,
        0.0320249890419668,
        0.0318793810869711
      ],
      [
        -0.199250397298375,
        -0.205551461745946,
        0.958148149166164,
        0.0900732569044447
      ],
      [
        0.0,
        0.0,
        0.0,
        1.0
      ]
    ],
    "2": [
      [
        -0.159174918642734,
        -0.986580278562896,
        -0.0363689321514482,
        -0.0748559954765156
      ],
      [
        0.899241571333958,
        -0.160091098708813,
        0.407106173496595,
        0.0321167551178279
      ],
      [
        -0.407465264359937,
        0.032096636349669,
        0.912656487554394,
        0.112956883756748
      ],
      [
        0.0,
        0.0,
        0.0,
        1.0
      ]
    ],
    "3": [
      [
        -0.578766666836109,
        0.764458518776678,
        -0.283958304032804,
        -0.151373039622391
      ],
      [
        -0.791957016886502,
        -0.60994016871937,
        -0.0278760468291279,
        -0.0321201680395911
      ],
      [
        -0.194507657339379,
        0.208749044674108,
        0.958431326483016,
        0.0902685682960074
      ],
      [
        0.0,
        0.0,
        0.0,
        1.0
      ]
    ]
  },
  "T_WP": {
    "0": [
      [
        0.0344310938232174,
        0.987264975040869,
        -0.15531377542153,
        -0.0855880846078506
      ],
      [
        0.401113120002515,
        -0.155991122670883,
        -0.902648898858092,
        -0.0950682169288007
      ],
      [
        -0.91538121279606,
        -0.0312192041126927,
        -0.401375879388118,
        0.0850558835911422
      ],
      [
        0.0,
        0.0,
        0.0,
        1.0
      ]
    ],
    "1": [
      [
        0.2844758765279,
        -0.761519745793259,
        -0.582375439420872,
        -0.192279195530024
      ],
      [
        -0.0320249890419667,
        -0.614683880820927,
        0.788123167237067,
        0.0870480027935658
      ],
      [
        -0.958148149166164,
        -0.205551461745946,
        -0.199250397298375,
        0.0761257290935585
      ],
      [
        0.0,
        0.0,
        0.0,
        1.0
      ]
    ],
    "2": [
      [
        0.0363689321514482,
        -0.986580278562896,
        -0.159174918642734,
        -0.085998239781507
      ],
      [
        -0.407106173496595,
        -0.160091098708813,
        0.899241571333958,
        0.0950636651112049
      ],
      [
        -0.912656487554394,
        0.032096636349669,
        -0.407465264359937,
        0.0844343152515522
      ],
      [
        0.0,
        0.0,
        0.0,
        1.0
      ]
    ],
    "3": [
      [
        0.283958304032804,
        0.764458518776678,
        -0.578766666836109,
        -0.191886706300918
      ],
      [
        0.0278760468291278,
        -0.60994016871937,
        -0.791957016886502,
        -0.0875571592216462
      ],
      [
        -0.958431326483016,
        0.208749044674108,
        -0.194507657339379,
        0.0766530322822508
      ],
      [
        0.0,
        0.0,
        0.0,
        1.0
      ]
    ]
  },
  "simTime": 0.725499999999936,
  "state": [
    -0.113114517549453,
    -1.70646088160544e-06,
    0.101612726026378,
    0.989496800381356,
    -0.00135189602130299,
    -0.144542587448566,
    0.00130185478465195,
    -0.342433402986473,
    -0.000380130274972774,
    -2.27468574589708,
    -0.0118648508391167,
    -2.10879984964629,
    0.000515693638000364,
    0.849327564794762,
    -0.0553706808316324,
    0.232177414079926,
    -0.470818886383287,
    0.997907033588534,
    0.0104204030327584,
    0.0106275794633122,
    -0.0629287062469851,
    0.849267647588872,
    0.0551824977691831,
    0.232435708186471,
    0.470821618300044,
    0.997898221946546,
    -0.010720636131288,
    0.0106681967847412,
    0.0630110797735253,
    -5.03956825664277,
    -2.60802091093035,
    0.230495043530207,
    -0.601430999857913,
    0.0316100449313514,
    -0.273484464503785,
    5.04051924930192,
    -2.61033473515684,
    -0.230734185376337,
    0.601994543204041,
    0.0313876255199344,
    0.276725005393602
  ]
}