{
  "T_WB": [
    [
      -2.22044604925031e-16,
      1.02807169297651e-19,
      1.0,
      -7.73696284737094e-36
    ],
    [
      -1.97652726971882e-18,
      1.0,
      -1.02807169297651e-19,
      4.30087199139719e-21
    ],
    [
      -1.0,
      -1.97652726971882e-18,
      -2.22044604925031e-16,
      0.255069132575003
    ],
    [
      0.0,
      0.0,
      0.0,
      1.0
    ]
  ],
  "T_WH": {
    "0": [
      [
        -1.57184383529706e-16,
        -1.52408456503777e-16,
        1.0,
        -8.88507402641878e-18
      ],
      [
        -0.707106779455507,
        0.707106782917588,
        -3.37708985056848e-18,
        -0.032
      ],
      [
        -0.707106782917588,
        -0.707106779455507,
        -2.18915196602745e-16,
        0.215069132575003
      ],
      [
        0.0,
        0.0,
        0.0,
        1.0
      ]
    ],
    "1": [
      [
        1.57184383529706e-16,
        1.5240823273868e-16,
        1.0,
        8.88507402641878e-18
      ],
      [
        0.707106779455507,
        -0.707106782917588,
        -3.37724807638638e-18,
        0.032
      ],
      [
        0.707106782917588,
        0.707106779455507,
        -2.18915038376928e-16,
        0.295069132575003
      ],
      [
        0.0,
        0.0,
        0.0,
        1.0
      ]
    ],
    "2": [
      [
        -1.57048658525518e-16,
        1.53444066867475e-16,
        1.0,
        -8.87849436758373e-18
      ],
      [
        0.707106779455507,
        0.707106782917588,
        2.5488306673347e-18,
        0.032
      ],
      [
        -0.707106782917588,
        0.707106779455507,
        -2.19551511640718e-16,
        0.215069132575003
      ],
      [
        0.0,
        0.0,
        0.0,
        1.0
      ]
    ],
    "3": [
      [
        1.57048658525518e-16,
        -1.52540748310762e-16,
        1.0,
        8.87849436758373e-18
      ],
      [
        -0.707106779455507,
        -0.707106782917588,
        3.18757334592178e-18,
        -0.032
      ],
      [
        0.707106782917588,
        -0.707106779455507,
        -2.18912768965258e-16,
        0.295069132575003
      ],
      [
        0.0,
        0.0,
        0.0,
        1.0
      ]
    ]
  },
  "T_WP": {
    "0": [
      [
        -1.0,
        -1.52408456503777e-16,
        -9.59520435723382e-17,
        -1.98879808734982e-17
      ],
      [
        -3.99207128552105e-17,
        0.707106782917588,
        -0.707106779455507,
        -0.0814974745618855
      ],
      [
        1.75617393684975e-16,
        -0.707106779455507,
        -0.707106782917588,
        0.165571657770772
      ],
      [
        0.0,
        0.0,
        0.0,
        1.0
      ]
    ],
    "1": [
      [
        -1.0,
        1.5240823273868e-16,
        2.18416723487074e-16,
        1.98879808734982e-17
      ],
      [
        4.66750507821654e-17,
        -0.707106782917588,
        0.707106779455507,
        0.0814974745618855
      ],
      [
        2.62212841294699e-16,
        0.707106779455507,
        0.707106782917588,
        0.344566607379234
      ],
      [
        0.0,
        0.0,
        0.0,
        1.0
      ]
    ],
    "2": [
      [
        -1.0,
        1.53444066867475e-16,
        -9.58163185681499e-17,
        -1.987190046437e-17
      ],
      [
        4.07489720384443e-17,
        0.707106782917588,
        0.707106779455507,
        0.0814974745618855
      ],
      [
        1.76253708722947e-16,
        0.707106779455507,
        -0.707106782917588,
        0.165571657770772
      ],
      [
        0.0,
        0.0,
        0.0,
        1.0
      ]
    ],
    "3": [
      [
        -1.0,
        -1.52540748310762e-16,
        2.18280998482885e-16,
        1.987190046437e-17
      ],
      [
        -4.64853760517008e-17,
        -0.707106782917588,
        -0.707106779455507,
        -0.0814974745618855
      ],
      [
        2.62210571883028e-16,
        -0.707106779455507,
        0.707106782917588,
        0.344566607379234
      ],
      [
        0.0,
        0.0,
        0.0,
        1.0
      ]
    ]
  },
  "simTime": 0.223499999999992,
  "state": [
    -7.73696284737094e-36,
    4.30087199139719e-21,
    0.255069132575003,
    0.707106781186548,
    -6.62460094526672e-19,
    0.707106781186548,
    -7.35155741091635e-19,
    -8.06109823002744e-35,
    -1.8092742894225e-20,
    -2.19177509999999,
    5.74175360116654e-19,
    -1.08073675505374e-17,
    -1.95781987802943e-17,
    1.0,
    2.26404666674453e-18,
    5.1220815286615e-20,
    -1.11762111587266e-18,
    1.0,
    -2.26415854929305e-18,
    -5.12208152866144e-20,
    1.11415733417244e-18,
    1.0,
    -1.81893713163846e-18,
    5.60539595794516e-20,
    7.42857394704411e-19,
    1.0,
    2.27059640999496e-18,
    -5.60539595794509e-20,
    -1.11124729664792e-18,
    1.4834581751977e-17,
    2.83612003464169e-19,
    -2.15827786827275e-17,
    -1.49632861038052e-17,
    -2.83612003464166e-19,
    2.15749824102344e-17,
    -1.85488255874876e-17,
    1.67000732885708e-19,
    1.68691600445407e-17,
    1.49398165274084e-17,
    -1.67000732885706e-19,
    -2.1693369341308e-17
  ]
}