{
  "T_WB": [
    [
      0.716088456551535,
      -0.0167090208742068,
      0.697809523448244,
      -0.0229244612667948
    ],
    [
      -0.0224502300833982,
      0.998644885700109,
      0.0469508193136037,
      0.000623602714929681
    ],
    [
      -0.697648414004392,
      -0.049286924091908,
      0.714742953480981,
      0.176203473575534
    ],
    [
      0.0,
      0.0,
      0.0,
      1.0
    ]
  ],
  "T_WH": {
    "0": [
      [
        0.326010943679002,
        0.0321024399020113,
        0.944820775572735,
        0.029178226930036
      ],
      [
        -0.768226022341763,
        0.591450003776018,
        0.244980961771116,
        -0.0328546455457394
      ],
      [
        -0.55094976467776,
        -0.805702380774493,
        0.217481103583357,
        -0.0263287549892346
      ],
      [
        0.0,
        0.0,
        0.0,
        1.0
      ]
    ],
    "1": [
      [
        -0.633732055019851,
        -0.337625703313769,
        0.695983165674429,
        -0.029178226930036
      ],
      [
        0.60883371581626,
        -0.772716792993451,
        0.179527892850336,
        0.0328546455457394
      ],
      [
        0.47718464866934,
        0.537510597372553,
        0.695253312675689,
        0.0263287549892346
      ],
      [
        0.0,
        0.0,
        0.0,
        1.0
      ]
    ],
    "2": [
      [
        0.295531367201468,
        0.0329868860018794,
        0.954763361441949,
        0.0281088495940868
      ],
      [
        0.682771659560726,
        0.691726174999762,
        -0.235239791958948,
        0.0310586271390676
      ],
      [
        -0.668194636240611,
        0.721406102117315,
        0.181904271327478,
        -0.0294831181311167
      ],
      [
        0.0,
        0.0,
        0.0,
        1.0
      ]
    ],
    "3": [
      [
        -0.638584327066145,
        0.328132485602402,
        0.696088449205896,
        -0.0281088495940868
      ],
      [
        -0.554597420747674,
        -0.823322524975216,
        -0.120671955186206,
        -0.0310586271390676
      ],
      [
        0.533508911008529,
        -0.463108077840177,
        0.707742290748313,
        0.0294831181311167
      ],
      [
        0.0,
        0.0,
        0.0,
        1.0
      ]
    ]
  },
  "T_WP": {
    "0": [
      [
        -0.944820775572735,
        0.0321024399020113,
        0.326010943679002,
        0.0519989929875662
      ],
      [
        -0.244980961771116,
        0.591450003776018,
        -0.768226022341763,
        -0.0866304671096629
      ],
      [
        -0.217481103583357,
        -0.805702380774493,
        -0.55094976467776,
        -0.0648952385166778
      ],
      [
        0.0,
        0.0,
        0.0,
        1.0
      ]
    ],
    "1": [
      [
        -0.695983165674429,
        -0.337625703313769,
        -0.633732055019851,
        -0.0735394707814256
      ],
      [
        -0.179527892850336,
        -0.772716792993451,
        0.60883371581626,
        0.0754730056528776
      ],
      [
        -0.695253312675689,
        0.537510597372553,
        0.47718464866934,
        0.0597316803960884
      ],
      [
        0.0,
        0.0,
        0.0,
        1.0
      ]
    ],
    "2": [
      [
        -0.954763361441949,
        0.0329868860018794,
        0.295531367201468,
        0.0487960452981896
      ],
      [
        0.235239791958948,
        0.691726174999762,
        0.682771659560726,
        0.0788526433083184
      ],
      [
        -0.181904271327478,
        0.721406102117315,
        -0.668194636240611,
        -0.0762567426679595
      ],
      [
        0.0,
        0.0,
        0.0,
        1.0
      ]
    ],
    "3": [
      [
        -0.696088449205896,
        0.328132485602402,
        -0.638584327066145,
        -0.0728097524887169
      ],
      [
        0.120671955186206,
        -0.823322524975216,
        -0.554597420747674,
        -0.0698804465914047
      ],
      [
        -0.707742290748313,
        -0.463108077840177,
        0.533508911008529,
        0.0668287419017138
      ],
      [
        0.0,
        0.0,
        0.0,
        1.0
      ]
    ]
  }
}