{
  "T_WB": [
    [
      0.643446705842864,
      -0.00119674306581117,
      0.765489976776967,
      -0.0194214521920234
    ],
    [
      0.000912069420173949,
      0.999999266690376,
      0.000796710790237707,
      2.70642290655047e-05
    ],
    [
      -0.765490368893914,
      0.000185539065780021,
      0.643447325509956,
      0.310139978988074
    ],
    [
      0.0,
      0.0,
      0.0,
      1.0
    ]
  ],
  "T_WH": {
    "0": [
      [
        0.45405345053368,
        0.881381720164695,
        -0.130390672281349,
        0.0063547118197971
      ],
      [
        -0.706938432022081,
        0.267314643716613,
        -0.65481366401811,
        -0.0319364295282196
      ],
      [
        -0.54228545747477,
        0.389498581016906,
        0.744457747623864,
        0.279514426982212
      ],
      [
        0.0,
        0.0,
        0.0,
        1.0
      ]
    ],
    "1": [
      [
        -0.428929086518566,
        -0.367508922052765,
        0.825201206343013,
        -0.0451976162038439
      ],
      [
        0.678140045010431,
        -0.734494460387942,
        0.0253765051312573,
        0.0319905579863506
      ],
      [
        0.596779622718135,
        0.570486704377096,
        0.564268554889744,
        0.340765530993935
      ],
      [
        0.0,
        0.0,
        0.0,
        1.0
      ]
    ],
    "2": [
      [
        0.452902304204243,
        -0.881625377210665,
        -0.132726022710846,
        0.00627812026358519
      ],
      [
        0.708075133563942,
        0.265224034190992,
        0.654435494847171,
        0.0320635235399645
      ],
      [
        -0.54176480881919,
        -0.390375339827721,
        0.744377582937247,
        0.279526301482422
      ],
      [
        0.0,
        0.0,
        0.0,
        1.0
      ]
    ],
    "3": [
      [
        -0.427623739295375,
        0.369117455975125,
        0.825160736635895,
        -0.045121024647632
      ],
      [
        -0.679106351241085,
        -0.733655599804565,
        -0.0237492016586743,
        -0.0320093950818335
      ],
      [
        0.596617550274094,
        -0.570527619462771,
        0.564398559650078,
        0.340753656493725
      ],
      [
        0.0,
        0.0,
        0.0,
        1.0
      ]
    ]
  },
  "T_WP": {
    "0": [
      [
        0.130390672281349,
        0.881381720164695,
        0.45405345053368,
        0.0381384533571547
      ],
      [
        0.65481366401811,
        0.267314643716613,
        -0.706938432022081,
        -0.0814221197697652
      ],
      [
        -0.744457747623864,
        0.389498581016906,
        -0.54228545747477,
        0.241554444958978
      ],
      [
        0.0,
        0.0,
        0.0,
        1.0
      ]
    ],
    "1": [
      [
        -0.825201206343013,
        -0.367508922052765,
        -0.428929086518566,
        -0.0752226522601435
      ],
      [
        -0.0253765051312572,
        -0.734494460387942,
        0.678140045010431,
        0.0794603611370807
      ],
      [
        -0.564268554889744,
        0.570486704377096,
        0.596779622718135,
        0.382540104584205
      ],
      [
        0.0,
        0.0,
        0.0,
        1.0
      ]
    ],
    "2": [
      [
        0.132726022710846,
        -0.881625377210665,
        0.452902304204243,
        0.0379812815578822
      ],
      [
        -0.654435494847171,
        0.265224034190992,
        0.708075133563942,
        0.0816287828894404
      ],
      [
        -0.744377582937247,
        -0.390375339827721,
        -0.54176480881919,
        0.241602764865079
      ],
      [
        0.0,
        0.0,
        0.0,
        1.0
      ]
    ],
    "3": [
      [
        -0.825160736635895,
        0.369117455975125,
        -0.427623739295375,
        -0.0750546863983083
      ],
      [
        0.0237492016586742,
        -0.733655599804565,
        -0.679106351241085,
        -0.0795468396687095
      ],
      [
        -0.564398559650078,
        -0.570527619462771,
        0.596617550274094,
        0.382516885012912
      ],
      [
        0.0,
        0.0,
        0.0,
        1.0
      ]
    ]
  },
  "simTime": 0.404499999999972,
  "state": [
    -0.0194214521920234,
    2.70642290655047e-05,
    0.310139978988074,
    0.906489561170342,
    -0.000168554540128576,
    0.422227792588774,
    0.000581587636613954,
    -0.20609660655407,
    0.000251663047350909,
    0.954682711591903,
    -0.0102537428571054,
    -5.10832999474151,
    0.0038073924034695,
    0.830266091983345,
    0.557366288376238,
    0.000610044241552204,
    -0.000815432660349957,
    0.998491953981617,
    0.0431976269711304,
    -0.0272705658142446,
    0.0201022162510893,
    0.830026530201863,
    -0.557723458868607,
    0.000427882637239284,
    0.000565247858863306,
    0.998491469931916,
    -0.0431831411874453,
    -0.0271692567656985,
    -0.0202936511546233,
    0.63207199374027,
    0.000556803577651394,
    -5.58157679505317,
    0.214022597456073,
    0.379750961838994,
    -0.505753387671098,
    -0.635003823595099,
    0.0039149630958111,
    5.58579371270445,
    -0.217346391761261,
    0.378849876498081,
    0.505095455121095
  ]
}