{
  "T_WB": [
    [
      0.999833752195633,
      -0.00271899145729971,
      0.0180298379320847,
      -0.00626549953625966
    ],
    [
      0.00263822920840787,
      0.999986387400191,
      0.00450163980776132,
      3.86020198671176e-06
    ],
    [
      -0.0180418324192974,
      -0.00445332457497194,
      0.999827315181569,
      0.403245261534926
    ],
    [
      0.0,
      0.0,
      0.0,
      1.0
    ]
  ],
  "T_WH": {
    "0": [
      [
        0.522749325886878,
        0.842516722782676,
        -0.12999505419959,
        0.0400803578144589
      ],
      [
        -0.847444733274203,
        0.4970205279092,
        -0.186569072685357,
        -0.0318940352284698
      ],
      [
        -0.0925773532276048,
        0.207692481010747,
        0.973803505334095,
        -0.000579166910372795
      ],
      [
        0.0,
        0.0,
        0.0,
        1.0
      ]
    ],
    "1": [
      [
        -0.724195761651609,
        -0.674983266390632,
        -0.141202297780449,
        -0.0400803578144589
      ],
      [
        0.68618569458582,
        -0.725681674239798,
        -0.0503517647982566,
        0.0318940352284698
      ],
      [
        -0.0684813211877629,
        -0.133355531438168,
        0.988699454274767,
        0.000579166910372795
      ],
      [
        0.0,
        0.0,
        0.0,
        1.0
      ]
    ],
    "2": [
      [
        0.517754638784898,
        -0.845617327880742,
        -0.129851718527534,
        0.0399063423611917
      ],
      [
        0.849715235027212,
        0.490613710000413,
        0.193086009131373,
        0.0321050935651424
      ],
      [
        -0.0995698417161049,
        -0.210308160439543,
        0.97255145070745,
        -0.000864179683170999
      ],
      [
        0.0,
        0.0,
        0.0,
        1.0
      ]
    ],
    "3": [
      [
        -0.722616169992578,
        0.677179248730982,
        -0.138759273396049,
        -0.0399063423611917
      ],
      [
        -0.688445208966573,
        -0.723098815502166,
        0.0563142723502305,
        -0.0321050935651424
      ],
      [
        -0.0622018095896636,
        0.136221760770836,
        0.988723705984773,
        0.000864179683170999
      ],
      [
        0.0,
        0.0,
        0.0,
        1.0
      ]
    ]
  },
  "T_WP": {
    "0": [
      [
        0.12999505419959,
        0.842516722782676,
        0.522749325886878,
        0.0766728106265404
      ],
      [
        0.186569072685357,
        0.4970205279092,
        -0.847444733274203,
        -0.091215166557664
      ],
      [
        -0.973803505334095,
        0.207692481010747,
        -0.0925773532276048,
        -0.00705958163630513
      ],
      [
        0.0,
        0.0,
        0.0,
        1.0
      ]
    ],
    "1": [
      [
        0.141202297780449,
        -0.674983266390632,
        -0.724195761651609,
        -0.0907740611300716
      ],
      [
        0.0503517647982566,
        -0.725681674239798,
        0.68618569458582,
        0.0799270338494772
      ],
      [
        -0.988699454274767,
        -0.133355531438168,
        -0.0684813211877629,
        -0.00421452557277061
      ],
      [
        0.0,
        0.0,
        0.0,
        1.0
      ]
    ],
    "2": [
      [
        0.129851718527534,
        -0.845617327880742,
        0.517754638784898,
        0.0761491670761346
      ],
      [
        -0.193086009131373,
        0.490613710000413,
        0.849715235027212,
        0.0915851600170473
      ],
      [
        -0.97255145070745,
        -0.210308160439543,
        -0.0995698417161049,
        -0.00783406860329834
      ],
      [
        0.0,
        0.0,
        0.0,
        1.0
      ]
    ],
    "3": [
      [
        0.138759273396049,
        0.677179248730982,
        -0.722616169992578,
        -0.0904894742606722
      ],
      [
        -0.0563142723502305,
        -0.723098815502166,
        -0.688445208966573,
        -0.0802962581928025
      ],
      [
        -0.988723705984773,
        0.136221760770836,
        -0.0622018095896635,
        -0.00348994698810545
      ],
      [
        0.0,
        0.0,
        0.0,
        1.0
      ]
    ]
  }
}