{
  "T_WB": [
    [
      0.67123724252595,
      -0.0314270927232791,
      0.740576060974916,
      -0.0257176600220745
    ],
    [
      -0.0460672820437678,
      0.995400752917702,
      0.0839949201795727,
      0.00121728307312914
    ],
    [
      -0.739809684832024,
      -0.0904968448833177,
      0.666702295852433,
      0.269519888248575
    ],
    [
      0.0,
      0.0,
      0.0,
      1.0
    ]
  ],
  "T_WH": {
    "0": [
      [
        0.284895301045673,
        -0.118628967668913,
        0.951189694788534,
        0.0278551566681829
      ],
      [
        -0.731723738922602,
        0.614094837566922,
        0.29574972590145,
        -0.0336955153751172
      ],
      [
        -0.619205165788548,
        -0.780265787090183,
        0.0881491018519965,
        -0.0266964883570148
      ],
      [
        0.0,
        0.0,
        0.0,
        1.0
      ]
    ],
    "1": [
      [
        -0.610874817801282,
        -0.28903967684055,
        0.737080743330173,
        -0.0278551566681829
      ],
      [
        0.637293242201231,
        -0.731914937817478,
        0.241159381414616,
        0.0336955153751172
      ],
      [
        0.469775776749816,
        0.617054769863703,
        0.631311437063799,
        0.0266964883570148
      ],
      [
        0.0,
        0.0,
        0.0,
        1.0
      ]
    ],
    "2": [
      [
        0.223068274114546,
        0.171287296665599,
        0.959635976339231,
        0.0258438227338931
      ],
      [
        0.56958340081373,
        0.776003973932375,
        -0.270910653091803,
        0.0300101328116157
      ],
      [
        -0.791084884573725,
        0.607024294770936,
        0.0755394662201419,
        -0.0324882864295471
      ],
      [
        0.0,
        0.0,
        0.0,
        1.0
      ]
    ],
    "3": [
      [
        -0.607043171142343,
        0.287755724513468,
        0.740739651550514,
        -0.0258438227338931
      ],
      [
        -0.543987265708053,
        -0.829972645218888,
        -0.123382587652548,
        -0.0300101328116157
      ],
      [
        0.579289602113592,
        -0.477851494920851,
        0.660364676284993,
        0.0324882864295471
      ],
      [
        0.0,
        0.0,
        0.0,
        1.0
      ]
    ]
  },
  "T_WP": {
    "0": [
      [
        -0.951189694788534,
        -0.118628967668913,
        0.284895301045673,
        0.04779782774138
      ],
      [
        -0.29574972590145,
        0.614094837566922,
        -0.731723738922602,
        -0.0849161770996993
      ],
      [
        -0.0881491018519965,
        -0.780265787090183,
        -0.619205165788548,
        -0.0700408499622132
      ],
      [
        0.0,
        0.0,
        0.0,
        1.0
      ]
    ],
    "1": [
      [
        -0.737080743330173,
        -0.28903967684055,
        -0.610874817801282,
        -0.0706163939142727
      ],
      [
        -0.241159381414616,
        -0.731914937817478,
        0.637293242201231,
        0.0783060423292033
      ],
      [
        -0.631311437063799,
        0.617054769863703,
        0.469775776749817,
        0.059580792729502
      ],
      [
        0.0,
        0.0,
        0.0,
        1.0
      ]
    ],
    "2": [
      [
        -0.959635976339231,
        0.171287296665599,
        0.223068274114546,
        0.0414586019219113
      ],
      [
        0.270910653091803,
        0.776003973932375,
        0.56958340081373,
        0.0698809708685768
      ],
      [
        -0.075539466220142,
        0.607024294770936,
        -0.791084884573725,
        -0.0878642283497079
      ],
      [
        0.0,
        0.0,
        0.0,
        1.0
      ]
    ],
    "3": [
      [
        -0.740739651550514,
        0.287755724513468,
        -0.607043171142343,
        -0.0683368447138571
      ],
      [
        0.123382587652548,
        -0.829972645218888,
        -0.543987265708053,
        -0.0680892414111795
      ],
      [
        -0.660364676284993,
        -0.477851494920851,
        0.579289602113592,
        0.0730385585774986
      ],
      [
        0.0,
        0.0,
        0.0,
        1.0
      ]
    ]
  }
}