{
  "T_WB": [
    [
      0.969249986037658,
      -0.00223726829905633,
      -0.246067997099497,
      -0.106608409820964
    ],
    [
      0.00286538198723268,
      0.99999348666491,
      0.0021945873925298,
      5.31433689411819e-06
    ],
    [
      0.246061484495374,
      -0.00283218260609125,
      0.969250083615998,
      0.142994806374293
    ],
    [
      0.0,
      0.0,
      0.0,
      1.0
    ]
  ],
  "T_WH": {
    "0": [
      [
        -0.168733446355595,
        0.980585976162222,
        -0.0999007879595788,
        -0.0677668177938884
      ],
      [
        -0.882226001811352,
        -0.195447246301994,
        -0.428342918280347,
        -0.0318798619568937
      ],
      [
        -0.439552392564208,
        0.015859295915927,
        0.898076932631126,
        0.152927895597502
      ],
      [
        0.0,
        0.0,
        0.0,
        1.0
      ]
    ],
    "1": [
      [
        -0.594692645642453,
        -0.768691214451446,
        -0.235487736504347,
        -0.145450001848041
      ],
      [
        0.784663874870361,
        -0.618744873382594,
        0.0381757139577975,
        0.0318904906306819
      ],
      [
        -0.175052165631306,
        -0.162075903477099,
        0.971127252639875,
        0.133061717151083
      ],
      [
        0.0,
        0.0,
        0.0,
        1.0
      ]
    ],
    "2": [
      [
        -0.172610580483187,
        -0.979690781515839,
        -0.102037052672749,
        -0.067910002965028
      ],
      [
        0.878657271791199,
        -0.199965965582878,
        0.433560850789084,
        0.0321197211896605
      ],
      [
        -0.445159506507167,
        -0.0148184081935641,
        0.895328670681836,
        0.152746635910713
      ],
      [
        0.0,
        0.0,
        0.0,
        1.0
      ]
    ],
    "3": [
      [
        -0.591068663930427,
        0.771651195114142,
        -0.234930346269731,
        -0.145306816676901
      ],
      [
        -0.788353571996867,
        -0.614271651861599,
        -0.0341903968827897,
        -0.0321090925158723
      ],
      [
        -0.170694112491557,
        0.164999305447442,
        0.971410700560057,
        0.133242976837873
      ],
      [
        0.0,
        0.0,
        0.0,
        1.0
      ]
    ]
  },
  "T_WP": {
    "0": [
      [
        0.0999007879595787,
        0.980585976162222,
        -0.168733446355595,
        -0.07957815903878
      ],
      [
        0.428342918280347,
        -0.195447246301994,
        -0.882226001811352,
        -0.0936356820836884
      ],
      [
        -0.898076932631126,
        0.015859295915927,
        -0.439552392564208,
        0.122159228118008
      ],
      [
        0.0,
        0.0,
        0.0,
        1.0
      ]
    ],
    "1": [
      [
        0.235487736504346,
        -0.768691214451446,
        -0.594692645642453,
        -0.187078487043012
      ],
      [
        -0.0381757139577975,
        -0.618744873382594,
        0.784663874870361,
        0.0868169618716072
      ],
      [
        -0.971127252639875,
        -0.162075903477099,
        -0.175052165631306,
        0.120808065556891
      ],
      [
        0.0,
        0.0,
        0.0,
        1.0
      ]
    ],
    "2": [
      [
        0.102037052672749,
        -0.979690781515839,
        -0.172610580483187,
        -0.079992743598851
      ],
      [
        -0.433560850789084,
        -0.199965965582878,
        0.878657271791199,
        0.0936257302150445
      ],
      [
        -0.895328670681836,
        -0.0148184081935641,
        -0.445159506507167,
        0.121585470455211
      ],
      [
        0.0,
        0.0,
        0.0,
        1.0
      ]
    ],
    "3": [
      [
        0.234930346269731,
        0.771651195114142,
        -0.591068663930427,
        -0.186681623152031
      ],
      [
        0.0341903968827896,
        -0.614271651861599,
        -0.788353571996867,
        -0.087293842555653
      ],
      [
        -0.971410700560057,
        0.164999305447442,
        -0.170694112491557,
        0.121294388963464
      ],
      [
        0.0,
        0.0,
        0.0,
        1.0
      ]
    ]
  },
  "simTime": 0.706499999999939,
  "state": [
    -0.106608409820964,
    5.31433689411819e-06,
    0.142994806374293,
    0.992281910083844,
    -0.00126646720743813,
    -0.123989331205607,
    0.00128558483089192,
    -0.342189165386027,
    -0.000358451928936468,
    -2.08131846038142,
    -0.0118621116467577,
    -2.25945727060562,
    0.000398906705693915,
    0.845208150331674,
    -0.00258728800879428,
    0.230090329003051,
    -0.48236389692113,
    0.998014723363143,
    0.0159749663859673,
    0.00986545668709987,
    -0.0601172617782303,
    0.845126893080293,
    0.00238264734670057,
    0.230360279456895,
    0.482378481311733,
    0.99800626512186,
    -0.0162790911019234,
    0.00990640429067357,
    0.0601693370782857,
    -5.11209926850136,
    -2.59633385655447,
    -0.316861276726805,
    -0.568265876385868,
    0.0490277484285233,
    -0.332030158260356,
    5.1133844426058,
    -2.59874657672385,
    0.316919311769705,
    0.568419864862351,
    0.0487851181515246,
    0.335253447554002
  ]
}