{
  "T_WB": [
    [
      0.986479477981359,
      -0.00227532374570756,
      -0.163869040466704,
      -0.0033591396066858
    ],
    [
      0.00228772908810784,
      0.999997376757953,
      -0.000113016957507652,
      -3.51629807751417e-06
    ],
    [
      0.163868867748713,
      -0.000263399061270808,
      0.986482095531231,
      0.141170476178717
    ],
    [
      0.0,
      0.0,
      0.0,
      1.0
    ]
  ],
  "T_WH": {
    "0": [
      [
        0.710640628768488,
        0.615591944752286,
        -0.3406412398692,
        0.039531989479117
      ],
      [
        -0.700394459727221,
        0.664840793781567,
        -0.259681188589603,
        -0.0319084068927302
      ],
      [
        0.0666145444099171,
        0.423123240297663,
        0.903620067281081,
        0.0065631834799092
      ],
      [
        0.0,
        0.0,
        0.0,
        1.0
      ]
    ],
    "1": [
      [
        -0.601795450830335,
        -0.723775720148088,
        -0.337625446736512,
        -0.039531989479117
      ],
      [
        0.762142120669478,
        -0.64680000280916,
        0.0280917117225196,
        0.0319084068927302
      ],
      [
        -0.238708238779779,
        -0.240413109647095,
        0.940861261530344,
        -0.0065631834799092
      ],
      [
        0.0,
        0.0,
        0.0,
        1.0
      ]
    ],
    "2": [
      [
        0.706142471492003,
        -0.620068549325666,
        -0.341873959365626,
        0.0393863687593917
      ],
      [
        0.704949816882317,
        0.660931437819899,
        0.257323512681817,
        0.0320914252197788
      ],
      [
        0.0663970303007058,
        -0.422711046269772,
        0.903828969290519,
        0.00654632593998787
      ],
      [
        0.0,
        0.0,
        0.0,
        1.0
      ]
    ],
    "3": [
      [
        -0.601367140219053,
        0.724220975376535,
        -0.337433758668895,
        -0.0393863687593917
      ],
      [
        -0.76232600297936,
        -0.646541135149716,
        -0.0290452361124833,
        -0.0320914252197788
      ],
      [
        -0.239199974595047,
        0.239767677938409,
        0.940901074911572,
        -0.00654632593998787
      ],
      [
        0.0,
        0.0,
        0.0,
        1.0
      ]
    ]
  },
  "T_WP": {
    "0": [
      [
        0.3406412398692,
        0.615591944752286,
        0.710640628768488,
        0.0892768334929112
      ],
      [
        0.259681188589603,
        0.664840793781567,
        -0.700394459727221,
        -0.0809360190736357
      ],
      [
        -0.903620067281081,
        0.423123240297663,
        0.0666145444099172,
        0.0112262015886034
      ],
      [
        0.0,
        0.0,
        0.0,
        1.0
      ]
    ],
    "1": [
      [
        0.337625446736512,
        -0.723775720148088,
        -0.601795450830335,
        -0.0816576710372405
      ],
      [
        -0.0280917117225196,
        -0.64680000280916,
        0.762142120669478,
        0.0852583553395936
      ],
      [
        -0.940861261530344,
        -0.240413109647095,
        -0.238708238779779,
        -0.0232727601944937
      ],
      [
        0.0,
        0.0,
        0.0,
        1.0
      ]
    ],
    "2": [
      [
        0.341873959365626,
        -0.620068549325666,
        0.706142471492003,
        0.0888163417638319
      ],
      [
        -0.257323512681817,
        0.660931437819899,
        0.704949816882317,
        0.081437912401541
      ],
      [
        -0.903828969290519,
        -0.422711046269772,
        0.0663970303007059,
        0.0111941180610373
      ],
      [
        0.0,
        0.0,
        0.0,
        1.0
      ]
    ],
    "3": [
      [
        0.337433758668895,
        0.724220975376535,
        -0.601367140219053,
        -0.0814820685747254
      ],
      [
        0.0290452361124832,
        -0.646541135149716,
        -0.76232600297936,
        -0.085454245428334
      ],
      [
        -0.940901074911572,
        0.239767677938409,
        -0.239199974595047,
        -0.0232903241616411
      ],
      [
        0.0,
        0.0,
        0.0,
        1.0
      ]
    ]
  }
}