{
  "T_WB": [
    [
      -0.754440695911404,
      0.0442481488827178,
      -0.654875055009098,
      -0.247707723487817
    ],
    [
      0.0660434567566183,
      0.997779103746864,
      -0.00866729171891118,
      -0.00115003759000799
    ],
    [
      0.653037133838768,
      -0.0497891699725639,
      -0.755687462103937,
      0.133667189776968
    ],
    [
      0.0,
      0.0,
      0.0,
      1.0
    ]
  ],
  "T_WH": {
    "0": [
      [
        -0.428058967376971,
        -0.0120297997641005,
        -0.90367073891202,
        -0.27930129208852
      ],
      [
        -0.379694868723416,
        0.909776349756074,
        0.16774623718469,
        -0.0304372306396429
      ],
      [
        0.820120312584238,
        0.414924423651043,
        -0.394005578062774,
        0.161381928569641
      ],
      [
        0.0,
        0.0,
        0.0,
        1.0
      ]
    ],
    "1": [
      [
        0.576936496238241,
        0.701203050744249,
        -0.418877739842187,
        -0.216114154887114
      ],
      [
        0.658931912338911,
        -0.702610937541596,
        -0.268601201315826,
        0.0281371554596269
      ],
      [
        -0.482652063302051,
        -0.121046074177878,
        -0.867406959688701,
        0.105952450984295
      ],
      [
        0.0,
        0.0,
        0.0,
        1.0
      ]
    ],
    "2": [
      [
        -0.388340015600289,
        0.0806480793637181,
        -0.917980348143962,
        -0.276469410560026
      ],
      [
        0.49025796124461,
        0.861568821935366,
        -0.131705339698828,
        0.0334206320001564
      ],
      [
        0.780281464421554,
        -0.501193627616961,
        -0.374120012718253,
        0.158195421691397
      ],
      [
        0.0,
        0.0,
        0.0,
        1.0
      ]
    ],
    "3": [
      [
        0.51676999837343,
        -0.763459579704572,
        -0.387399327488373,
        -0.218946036415607
      ],
      [
        -0.754327192308396,
        -0.620047003498752,
        0.215713236488519,
        -0.0357207071801724
      ],
      [
        -0.404894129032835,
        0.180751718137165,
        -0.896320010188998,
        0.109138957862539
      ],
      [
        0.0,
        0.0,
        0.0,
        1.0
      ]
    ]
  },
  "T_WP": {
    "0": [
      [
        0.90367073891202,
        -0.0120297997641005,
        -0.428058967376971,
        -0.309265419804908
      ],
      [
        -0.16774623718469,
        0.909776349756074,
        -0.379694868723416,
        -0.057015871450282
      ],
      [
        0.394005578062774,
        0.414924423651043,
        0.820120312584238,
        0.218790350450537
      ],
      [
        0.0,
        0.0,
        0.0,
        1.0
      ]
    ],
    "1": [
      [
        0.418877739842187,
        0.701203050744249,
        0.576936496238241,
        -0.175728600150437
      ],
      [
        0.268601201315826,
        -0.702610937541596,
        0.658931912338911,
        0.0742623893233507
      ],
      [
        0.867406959688701,
        -0.121046074177878,
        -0.482652063302051,
        0.0721668065531516
      ],
      [
        0.0,
        0.0,
        0.0,
        1.0
      ]
    ],
    "2": [
      [
        0.917980348143962,
        0.0806480793637181,
        -0.388340015600289,
        -0.303653211652046
      ],
      [
        0.131705339698828,
        0.861568821935366,
        0.49025796124461,
        0.0677386892872791
      ],
      [
        0.374120012718253,
        -0.501193627616961,
        0.780281464421554,
        0.212815124200905
      ],
      [
        0.0,
        0.0,
        0.0,
        1.0
      ]
    ],
    "3": [
      [
        0.387399327488373,
        -0.763459579704572,
        0.51676999837343,
        -0.182772136529467
      ],
      [
        -0.215713236488519,
        -0.620047003498752,
        -0.754327192308396,
        -0.0885236106417601
      ],
      [
        0.896320010188998,
        0.180751718137165,
        -0.404894129032835,
        0.0807963688302409
      ],
      [
        0.0,
        0.0,
        0.0,
        1.0
      ]
    ]
  },
  "simTime": 1.0579999999999,
  "state": [
    -0.247707723487817,
    -0.00115003759000799,
    0.133667189776968,
    -0.349160044152937,
    0.0294434307005363,
    0.936470402864154,
    -0.0156055283521744,
    -0.394871036480322,
    -0.00983329239624253,
    -1.07939527151859,
    0.465698043956019,
    12.5669891956347,
    -0.29338701697785,
    0.955898196090631,
    -0.189739109837202,
    0.141271981957902,
    0.174068768084773,
    0.982884384979405,
    -0.183983510948887,
    0.00924509411258255,
    0.0016975563105994,
    0.954453491309975,
    0.193237685947523,
    0.141944762034017,
    -0.177565239241674,
    0.982131806941885,
    0.187737736328586,
    0.0130916888249426,
    -0.000513648709227754,
    1.71816885019044,
    -1.61512807649736,
    1.81940130633679,
    -0.517423029186381,
    -0.491304564841936,
    1.7077807574219,
    -1.71200989169558,
    -1.6340750744344,
    -1.88695229174682,
    0.506447443352804,
    -0.494785544131578,
    -1.76247465268152
  ]
}