{
  "T_WB": [
    [
      0.0285111318378616,
      -0.367982024595876,
      0.929395688033705,
      -0.0657145469890058
    ],
    [
      -0.319160790159888,
      0.877755162289194,
      0.357326552468727,
      0.00416919643329476
    ],
    [
      -0.947271611200209,
      -0.306814446610635,
      -0.0924196405812643,
      0.856592932437923
    ],
    [
      0.0,
      0.0,
      0.0,
      1.0
    ]
  ],
  "T_WH": {
    "0": [
      [
        -0.0943275421306009,
        -0.315808024256186,
        0.944122665023462,
        -0.0527986769284233
      ],
      [
        -0.526469044867609,
        0.820717746411344,
        0.22192955080762,
        -0.036685400366355
      ],
      [
        -0.844945358938545,
        -0.476117288638933,
        -0.243679436693629,
        0.828520130281455
      ],
      [
        0.0,
        0.0,
        0.0,
        1.0
      ]
    ],
    "1": [
      [
        -0.3518934800525,
        0.360861704627282,
        0.863683859308505,
        -0.0786304170495883
      ],
      [
        0.867747235315163,
        -0.22021209669497,
        0.445557367879936,
        0.0450237932329445
      ],
      [
        0.350978224822328,
        0.906248013847588,
        -0.23564554546579,
        0.884665734594391
      ],
      [
        0.0,
        0.0,
        0.0,
        1.0
      ]
    ],
    "2": [
      [
        -0.236556965417714,
        -0.486900191892211,
        0.840814489199425,
        -0.0763495265025594
      ],
      [
        -0.303883285742147,
        0.859037754786718,
        0.411957624638205,
        0.0194909300201535
      ],
      [
        -0.922873637481817,
        -0.158058024112423,
        -0.351172194592279,
        0.808884005698374
      ],
      [
        0.0,
        0.0,
        0.0,
        1.0
      ]
    ],
    "3": [
      [
        0.206313169167965,
        0.0358861589854516,
        0.977827725021715,
        -0.0550795674754522
      ],
      [
        -0.520348480925627,
        -0.842283070331898,
        0.140700703021211,
        -0.0111525371535639
      ],
      [
        0.828656946284929,
        -0.537839579266477,
        -0.155100781262362,
        0.904301859177471
      ],
      [
        0.0,
        0.0,
        0.0,
        1.0
      ]
    ]
  },
  "T_WP": {
    "0": [
      [
        -0.944122665023462,
        -0.315808024256186,
        -0.0943275421306008,
        -0.0594016048775653
      ],
      [
        -0.22192955080762,
        0.820717746411344,
        -0.526469044867609,
        -0.0735382335070876
      ],
      [
        0.243679436693629,
        -0.476117288638933,
        -0.844945358938545,
        0.769373955155757
      ],
      [
        0.0,
        0.0,
        0.0,
        1.0
      ]
    ],
    "1": [
      [
        -0.863683859308505,
        0.360861704627282,
        -0.3518934800525,
        -0.103262960653263
      ],
      [
        -0.445557367879936,
        -0.22021209669497,
        0.867747235315163,
        0.105766099705006
      ],
      [
        0.23564554546579,
        0.906248013847588,
        0.350978224822328,
        0.909234210331954
      ],
      [
        0.0,
        0.0,
        0.0,
        1.0
      ]
    ],
    "2": [
      [
        -0.840814489199425,
        -0.486900191892211,
        -0.236556965417714,
        -0.0929085140817993
      ],
      [
        -0.411957624638205,
        0.859037754786718,
        -0.303883285742147,
        -0.00178089998179684
      ],
      [
        0.351172194592279,
        -0.158058024112423,
        -0.922873637481817,
        0.744282851074647
      ],
      [
        0.0,
        0.0,
        0.0,
        1.0
      ]
    ],
    "3": [
      [
        -0.977827725021715,
        0.0358861589854516,
        0.206313169167965,
        -0.0406376456336947
      ],
      [
        -0.140700703021211,
        -0.842283070331898,
        -0.520348480925627,
        -0.0475769308183578
      ],
      [
        0.155100781262362,
        -0.537839579266477,
        0.828656946284929,
        0.962307845417417
      ],
      [
        0.0,
        0.0,
        0.0,
        1.0
      ]
    ]
  }
}