{
  "T_WB": [
    [
      -2.22044604925031e-16,
      9.02773375846854e-20,
      1.0,
      -6.08241952545538e-36
    ],
    [
      -1.58235744762108e-18,
      1.0,
      -9.02773375846855e-20,
      4.65885458858234e-21
    ],
    [
      -1.0,
      -1.58235744762108e-18,
      -2.22044604925031e-16,
      0.298934054375003
    ],
    [
      0.0,
      0.0,
      0.0,
      1.0
    ]
  ],
  "T_WH": {
    "0": [
      [
        -1.57168466035627e-16,
        -1.52752003471589e-16,
        1.0,
        -8.88467307180396e-18
      ],
      [
        -0.707106779455507,
        0.707106782917588,
        -3.12291009140313e-18,
        -0.032
      ],
      [
        -0.707106782917588,
        -0.707106779455507,
        -2.19146865624716e-16,
        0.258934054375003
      ],
      [
        0.0,
        0.0,
        0.0,
        1.0
      ]
    ],
    "1": [
      [
        1.57168466035627e-16,
        1.52753315113319e-16,
        1.0,
        8.88467307180396e-18
      ],
      [
        0.707106779455507,
        -0.707106782917588,
        -3.12198262063898e-18,
        0.032
      ],
      [
        0.707106782917588,
        0.707106779455507,
        -2.19147793095475e-16,
        0.338934054375003
      ],
      [
        0.0,
        0.0,
        0.0,
        1.0
      ]
    ],
    "2": [
      [
        -1.57052871589393e-16,
        1.53842848123368e-16,
        1.0,
        -8.87889532219854e-18
      ],
      [
        0.707106779455507,
        0.707106782917588,
        2.26982882242066e-18,
        0.032
      ],
      [
        -0.707106782917588,
        0.707106779455507,
        -2.19836471656322e-16,
        0.258934054375003
      ],
      [
        0.0,
        0.0,
        0.0,
        1.0
      ]
    ],
    "3": [
      [
        1.57052871589393e-16,
        -1.52868182256442e-16,
        1.0,
        8.87889532219854e-18
      ],
      [
        -0.707106779455507,
        -0.707106782917588,
        2.95902166800254e-18,
        -0.032
      ],
      [
        0.707106782917588,
        -0.707106779455507,
        -2.19147278814115e-16,
        0.338934054375003
      ],
      [
        0.0,
        0.0,
        0.0,
        1.0
      ]
    ]
  },
  "T_WP": {
    "0": [
      [
        -1.0,
        -1.52752003471589e-16,
        -9.59361260782591e-17,
        -1.98864656942978e-17
      ],
      [
        -4.01748926143759e-17,
        0.707106782917588,
        -0.707106779455507,
        -0.0814974745618855
      ],
      [
        1.75849062706945e-16,
        -0.707106779455507,
        -0.707106782917588,
        0.209436579570771
      ],
      [
        0.0,
        0.0,
        0.0,
        1.0
      ]
    ],
    "1": [
      [
        -1.0,
        1.52753315113319e-16,
        2.18400805992994e-16,
        1.98864656942978e-17
      ],
      [
        4.6419785326418e-17,
        -0.707106782917588,
        0.707106779455507,
        0.0814974745618855
      ],
      [
        2.62445596013246e-16,
        0.707106779455507,
        0.707106782917588,
        0.388431529179234
      ],
      [
        0.0,
        0.0,
        0.0,
        1.0
      ]
    ],
    "2": [
      [
        -1.0,
        1.53842848123368e-16,
        -9.58205316320249e-17,
        -1.9872596333456e-17
      ],
      [
        4.10279738833584e-17,
        0.707106782917588,
        0.707106779455507,
        0.0814974745618855
      ],
      [
        1.76538668738552e-16,
        0.707106779455507,
        -0.707106782917588,
        0.209436579570771
      ],
      [
        0.0,
        0.0,
        0.0,
        1.0
      ]
    ],
    "3": [
      [
        -1.0,
        -1.52868182256442e-16,
        2.1828521154676e-16,
        1.9872596333456e-17
      ],
      [
        -4.62568243737816e-17,
        -0.707106782917588,
        -0.707106779455507,
        -0.0814974745618855
      ],
      [
        2.62445081731885e-16,
        -0.707106779455507,
        0.707106782917588,
        0.388431529179234
      ],
      [
        0.0,
        0.0,
        0.0,
        1.0
      ]
    ]
  },
  "simTime": 0.202499999999994,
  "state": [
    -6.08241952545538e-36,
    4.65885458858234e-21,
    0.298934054375003,
    0.707106781186548,
    -5.27529981940151e-19,
    0.707106781186548,
    -5.91365699533749e-19,
    -7.54483663610526e-35,
    -1.61198622304959e-20,
    -1.98583649999995,
    6.1801343008585e-19,
    -9.88308606814854e-18,
    -1.79278149666036e-17,
    1.0,
    2.09670314733547e-18,
    4.76920327218886e-20,
    -9.00277346184587e-19,
    1.0,
    -2.09604732647039e-18,
    -4.76920327218881e-20,
    8.96944305350783e-19,
    1.0,
    -1.61511653919542e-18,
    5.37305270421304e-20,
    5.76689002986617e-19,
    1.0,
    2.10244947265861e-18,
    -5.37305270421298e-20,
    -8.92850222425759e-19,
    1.70598355764322e-17,
    3.87830309625002e-19,
    -1.97801967417619e-17,
    -1.70176424159559e-17,
    -3.87830309624999e-19,
    1.97630452716027e-17,
    -2.0201872116201e-17,
    2.75940890018439e-19,
    1.47576948901843e-17,
    1.71639283228722e-17,
    -2.75940890018436e-19,
    -1.98695519467623e-17
  ]
}