{
  "arms": {
    "0": [
      [
        -1.0,
        -3.45444454261986e-17,
        -5.74294426287724e-17,
        -8.88178978874219e-18
      ],
      [
        1.61821359777361e-17,
        0.70710676908493,
        -0.70710676908493,
        -0.0320000015199184
      ],
      [
        6.50353617437526e-17,
        -0.70710676908493,
        -0.70710676908493,
        0.335260033607483
      ],
      [
        0.0,
        0.0,
        0.0,
        1.0
      ]
    ],
    "1": [
      [
        -1.0,
        -1.5846386344951e-16,
        3.79065349225547e-16,
        8.88177903539423e-18
      ],
      [
        -1.55988806707854e-16,
        -0.70710676908493,
        -0.70710676908493,
        -0.0320000015199184
      ],
      [
        3.800905502593e-16,
        -0.70710676908493,
        0.70710676908493,
        0.415260046720505
      ],
      [
        0.0,
        0.0,
        0.0,
        1.0
      ]
    ],
    "2": [
      [
        -1.0,
        1.55568122500644e-16,
        3.79042294047514e-16,
        8.88178978874219e-18
      ],
      [
        1.58020110829378e-16,
        -0.70710676908493,
        0.70710676908493,
        0.0320000015199184
      ],
      [
        3.78026648604197e-16,
        0.70710676908493,
        0.70710676908493,
        0.415260046720505
      ],
      [
        0.0,
        0.0,
        0.0,
        1.0
      ]
    ],
    "3": [
      [
        -1.0,
        2.79474047553804e-16,
        1.87500152881388e-16,
        -8.88177903539423e-18
      ],
      [
        3.30200627303377e-16,
        0.70710676908493,
        0.70710676908493,
        0.0320000015199184
      ],
      [
        6.50353617437526e-17,
        0.70710676908493,
        -0.70710676908493,
        0.335260033607483
      ],
      [
        0.0,
        0.0,
        0.0,
        1.0
      ]
    ]
  },
  "arms_in_parent_frame": {
    "0": [
      [
        2.22044604925031e-16,
        1.26880514983441e-08,
        0.999999940395355,
        1.49011611938477e-08
      ],
      [
        -4.91409067993851e-25,
        0.999999940395355,
        1.26880514983441e-08,
        2.98023223876953e-08
      ],
      [
        -1.0,
        0.0,
        2.22044604925031e-16,
        0.0
      ],
      [
        0.0,
        0.0,
        0.0,
        1.0
      ]
    ],
    "1": [
      [
        2.22044604925031e-16,
        -1.26880514983441e-08,
        0.999999940395355,
        0.0
      ],
      [
        1.20014063790613e-23,
        0.999999940395355,
        -1.26880514983441e-08,
        0.0
      ],
      [
        -1.0,
        -4.32486522627997e-24,
        2.22044631394811e-16,
        0.0
      ],
      [
        0.0,
        0.0,
        0.0,
        1.0
      ]
    ],
    "2": [
      [
        2.22044591690142e-16,
        1.26880514983441e-08,
        0.999999940395355,
        0.0
      ],
      [
        4.65883895683615e-25,
        0.999999940395355,
        1.26880514983441e-08,
        0.0
      ],
      [
        -1.0,
        8.96887438695887e-24,
        2.22044604925031e-16,
        0.0
      ],
      [
        0.0,
        0.0,
        0.0,
        1.0
      ]
    ],
    "3": [
      [
        2.22044591690142e-16,
        -1.26880514983441e-08,
        0.999999940395355,
        1.49011611938477e-08
      ],
      [
        -2.81731338221826e-24,
        0.999999940395355,
        -1.26880514983441e-08,
        -2.98023223876953e-08
      ],
      [
        -1.0,
        0.0,
        2.22044604925031e-16,
        0.0
      ],
      [
        0.0,
        0.0,
        0.0,
        1.0
      ]
    ]
  },
  "arms_link_world": {
    "0": [
      [
        -1.0,
        -3.45444454261986e-17,
        -5.74294426287724e-17,
        -8.88178978874219e-18
      ],
      [
        1.61821359777361e-17,
        0.70710676908493,
        -0.70710676908493,
        -0.0320000015199184
      ],
      [
        6.50353617437526e-17,
        -0.70710676908493,
        -0.70710676908493,
        0.335260033607483
      ],
      [
        0.0,
        0.0,
        0.0,
        1.0
      ]
    ],
    "1": [
      [
        -1.0,
        -1.5846386344951e-16,
        3.79065349225547e-16,
        8.88177903539423e-18
      ],
      [
        -1.55988806707854e-16,
        -0.70710676908493,
        -0.70710676908493,
        -0.0320000015199184
      ],
      [
        3.800905502593e-16,
        -0.70710676908493,
        0.70710676908493,
        0.415260046720505
      ],
      [
        0.0,
        0.0,
        0.0,
        1.0
      ]
    ],
    "2": [
      [
        -1.0,
        1.55568122500644e-16,
        3.79042294047514e-16,
        8.88178978874219e-18
      ],
      [
        1.58020110829378e-16,
        -0.70710676908493,
        0.70710676908493,
        0.0320000015199184
      ],
      [
        3.78026648604197e-16,
        0.70710676908493,
        0.70710676908493,
        0.415260046720505
      ],
      [
        0.0,
        0.0,
        0.0,
        1.0
      ]
    ],
    "3": [
      [
        -1.0,
        2.79474047553804e-16,
        1.87500152881388e-16,
        -8.88177903539423e-18
      ],
      [
        3.30200627303377e-16,
        0.70710676908493,
        0.70710676908493,
        0.0320000015199184
      ],
      [
        6.50353617437526e-17,
        0.70710676908493,
        -0.70710676908493,
        0.335260033607483
      ],
      [
        0.0,
        0.0,
        0.0,
        1.0
      ]
    ]
  },
  "arms_relative_to_base": {
    "0": [
      [
        1.57009243181279e-16,
        0.70710676908493,
        0.70710676908493,
        0.0400000214576721
      ],
      [
        1.61819655785299e-17,
        0.70710676908493,
        -0.70710676908493,
        -0.0320000015199184
      ],
      [
        -1.0,
        1.22464685258517e-16,
        9.95799196665145e-17,
        6.61744490042422e-24
      ],
      [
        0.0,
        0.0,
        0.0,
        1.0
      ]
    ],
    "1": [
      [
        -1.58045945334269e-16,
        0.70710676908493,
        -0.70710676908493,
        -0.0399999916553497
      ],
      [
        -1.55988978761421e-16,
        -0.70710676908493,
        -0.70710676908493,
        -0.0320000015199184
      ],
      [
        -1.0,
        -1.45450115422344e-18,
        2.22056251628056e-16,
        0.0
      ],
      [
        0.0,
        0.0,
        0.0,
        1.0
      ]
    ],
    "2": [
      [
        -1.55982043679165e-16,
        -0.70710676908493,
        -0.70710676908493,
        -0.0399999916553497
      ],
      [
        1.5801993877581e-16,
        -0.70710676908493,
        0.70710676908493,
        0.0320000015199184
      ],
      [
        -1.0,
        -1.44100156662658e-18,
        2.22032918517337e-16,
        0.0
      ],
      [
        0.0,
        0.0,
        0.0,
        1.0
      ]
    ],
    "3": [
      [
        1.57009243181279e-16,
        -0.70710676908493,
        0.70710676908493,
        0.0400000214576721
      ],
      [
        3.302004684847e-16,
        0.70710676908493,
        0.70710676908493,
        0.0320000015199184
      ],
      [
        -1.0,
        1.22464672023627e-16,
        3.44509263713768e-16,
        6.61744490042422e-24
      ],
      [
        0.0,
        0.0,
        0.0,
        1.0
      ]
    ]
  },
  "arms_view_frame": {
    "0": [
      [
        -0.999999940395355,
        -3.45444421174762e-17,
        -5.74294360113275e-17,
        -8.88178896156158e-18
      ],
      [
        6.50353617437526e-17,
        -0.707106828689575,
        -0.707106709480286,
        0.335260033607483
      ],
      [
        -1.61821392864586e-17,
        -0.707106709480286,
        0.707106828689575,
        0.0319999866187572
      ],
      [
        0.0,
        0.0,
        0.0,
        1.0
      ]
    ],
    "1": [
      [
        -0.999999940395355,
        -1.58463850214621e-16,
        3.79065322755767e-16,
        8.88177820821362e-18
      ],
      [
        3.800905502593e-16,
        -0.707106709480286,
        0.707106828689575,
        0.415260046720505
      ],
      [
        1.55988793472964e-16,
        0.707106828689575,
        0.707106709480286,
        0.0319999828934669
      ],
      [
        0.0,
        0.0,
        0.0,
        1.0
      ]
    ],
    "2": [
      [
        -0.999999940395355,
        1.55568109265754e-16,
        3.79042267577734e-16,
        8.88178896156158e-18
      ],
      [
        3.78026648604197e-16,
        0.707106828689575,
        0.707106709480286,
        0.415260046720505
      ],
      [
        -1.58020124064268e-16,
        0.707106709480286,
        -0.707106828689575,
        -0.0320000201463699
      ],
      [
        0.0,
        0.0,
        0.0,
        1.0
      ]
    ],
    "3": [
      [
        -0.999999940395355,
        2.79474021084024e-16,
        1.87500139646498e-16,
        -8.88177820821362e-18
      ],
      [
        6.50353485088628e-17,
        0.707106709480286,
        -0.707106828689575,
        0.335260033607483
      ],
      [
        -3.30200627303377e-16,
        -0.707106828689575,
        -0.707106709480286,
        -0.0320000164210796
      ],
      [
        0.0,
        0.0,
        0.0,
        1.0
      ]
    ]
  },
  "arms_visual_world": {
    "0": [
      [
        -1.0,
        -3.45444454261986e-17,
        -5.74294426287724e-17,
        -8.88178978874219e-18
      ],
      [
        1.61821359777361e-17,
        0.70710676908493,
        -0.70710676908493,
        -0.0320000015199184
      ],
      [
        6.50353617437526e-17,
        -0.70710676908493,
        -0.70710676908493,
        0.335260033607483
      ],
      [
        0.0,
        0.0,
        0.0,
        1.0
      ]
    ],
    "1": [
      [
        -1.0,
        -1.5846386344951e-16,
        3.79065349225547e-16,
        8.88177903539423e-18
      ],
      [
        -1.55988806707854e-16,
        -0.70710676908493,
        -0.70710676908493,
        -0.0320000015199184
      ],
      [
        3.800905502593e-16,
        -0.70710676908493,
        0.70710676908493,
        0.415260046720505
      ],
      [
        0.0,
        0.0,
        0.0,
        1.0
      ]
    ],
    "2": [
      [
        -1.0,
        1.55568122500644e-16,
        3.79042294047514e-16,
        8.88178978874219e-18
      ],
      [
        1.58020110829378e-16,
        -0.70710676908493,
        0.70710676908493,
        0.0320000015199184
      ],
      [
        3.78026648604197e-16,
        0.70710676908493,
        0.70710676908493,
        0.415260046720505
      ],
      [
        0.0,
        0.0,
        0.0,
        1.0
      ]
    ],
    "3": [
      [
        -1.0,
        2.79474047553804e-16,
        1.87500152881388e-16,
        -8.88177903539423e-18
      ],
      [
        3.30200627303377e-16,
        0.70710676908493,
        0.70710676908493,
        0.0320000015199184
      ],
      [
        6.50353617437526e-17,
        0.70710676908493,
        -0.70710676908493,
        0.335260033607483
      ],
      [
        0.0,
        0.0,
        0.0,
        1.0
      ]
    ]
  },
  "base": [
    [
      -2.22044604925031e-16,
      1.70187501162511e-22,
      1.0,
      8.58775176771306e-36
    ],
    [
      6.10321411395779e-19,
      1.0,
      -1.70187501162511e-22,
      6.64988412302436e-23
    ],
    [
      -1.0,
      6.10321411395779e-19,
      -2.22044604925031e-16,
      0.375260055065155
    ],
    [
      0.0,
      0.0,
      0.0,
      1.0
    ]
  ],
  "base_link_world": [
    [
      -2.22044604925031e-16,
      1.70187501162511e-22,
      1.0,
      8.58775176771306e-36
    ],
    [
      6.10321411395779e-19,
      1.0,
      -1.70187501162511e-22,
      6.64988412302436e-23
    ],
    [
      -1.0,
      6.10321411395779e-19,
      -2.22044604925031e-16,
      0.375260055065155
    ],
    [
      0.0,
      0.0,
      0.0,
      1.0
    ]
  ],
  "base_view_frame": [
    [
      -2.22044591690142e-16,
      1.70187488540737e-22,
      0.999999940395355,
      8.58775105024825e-36
    ],
    [
      -1.0,
      -4.37113882867379e-08,
      -2.22044604925031e-16,
      0.375260055065155
    ],
    [
      4.37113882867379e-08,
      -1.0,
      1.79893380683087e-22,
      -1.64031384031205e-08
    ],
    [
      0.0,
      0.0,
      0.0,
      1.0
    ]
  ],
  "base_visual_world": [
    [
      -1.2194759657919e-21,
      2.22044591690142e-16,
      1.0,
      8.58775176771306e-36
    ],
    [
      0.999999940395355,
      6.25848770141602e-06,
      -1.70187501162511e-22,
      6.64988412302436e-23
    ],
    [
      -6.25848770141602e-06,
      0.999999940395355,
      -2.22044604925031e-16,
      0.375260055065155
    ],
    [
      0.0,
      0.0,
      0.0,
      1.0
    ]
  ],
  "view_adjust": [
    [
      0.999999940395355,
      0.0,
      0.0,
      0.0
    ],
    [
      0.0,
      -4.37113882867379e-08,
      1.0,
      0.0
    ],
    [
      0.0,
      -1.0,
      -4.37113882867379e-08,
      0.0
    ],
    [
      0.0,
      0.0,
      0.0,
      1.0
    ]
  ]
}