{
  "T_WB": [
    [
      -2.22044604925031e-16,
      8.5759419561389e-21,
      1.0,
      7.9527967773667e-37
    ],
    [
      -6.51125171614499e-20,
      1.0,
      -8.5759419561389e-21,
      3.07108151908359e-21
    ],
    [
      -1.0,
      -6.51125171614499e-20,
      -2.22044604925031e-16,
      0.4752824647
    ],
    [
      0.0,
      0.0,
      0.0,
      1.0
    ]
  ],
  "T_WH": {
    "0": [
      [
        -1.57037194318666e-16,
        -1.5570523871694e-16,
        1.0,
        -8.88205862714385e-18
      ],
      [
        -0.707106779455507,
        0.707106782917588,
        -9.41834296850288e-19,
        -0.032
      ],
      [
        -0.707106782917588,
        -0.707106779455507,
        -2.21142295166563e-16,
        0.4352824647
      ],
      [
        0.0,
        0.0,
        0.0,
        1.0
      ]
    ],
    "1": [
      [
        1.57037194318666e-16,
        1.5571284028593e-16,
        1.0,
        8.88205862714385e-18
      ],
      [
        0.707106779455507,
        -0.707106782917588,
        -9.36459175856886e-19,
        0.032
      ],
      [
        0.707106782917588,
        0.707106779455507,
        -2.2114767028753e-16,
        0.5152824647
      ],
      [
        0.0,
        0.0,
        0.0,
        1.0
      ]
    ],
    "2": [
      [
        -1.57031575932201e-16,
        1.56353291195785e-16,
        1.0,
        -8.88150976685866e-18
      ],
      [
        0.707106779455507,
        0.707106782917588,
        4.79619194213551e-19,
        0.032
      ],
      [
        -0.707106782917588,
        0.707106779455507,
        -2.21596564668618e-16,
        0.4352824647
      ],
      [
        0.0,
        0.0,
        0.0,
        1.0
      ]
    ],
    "3": [
      [
        1.57031575932201e-16,
        -1.55715520202053e-16,
        1.0,
        8.88150976685866e-18
      ],
      [
        -0.707106779455507,
        -0.707106782917588,
        9.30591389829423e-19,
        -0.032
      ],
      [
        0.707106782917588,
        -0.707106779455507,
        -2.2114559247521e-16,
        0.5152824647
      ],
      [
        0.0,
        0.0,
        0.0,
        1.0
      ]
    ]
  },
  "T_WP": {
    "0": [
      [
        -1.0,
        -1.5570523871694e-16,
        -9.58048543612987e-17,
        -1.98746622294505e-17
      ],
      [
        -4.23559684089287e-17,
        0.707106782917588,
        -0.707106779455507,
        -0.0814974745618855
      ],
      [
        1.77844492248793e-16,
        -0.707106779455507,
        -0.707106782917588,
        0.385784989895769
      ],
      [
        0.0,
        0.0,
        0.0,
        1.0
      ]
    ],
    "1": [
      [
        -1.0,
        1.5571284028593e-16,
        2.18269534276034e-16,
        1.98746622294505e-17
      ],
      [
        4.42342618816359e-17,
        -0.707106782917588,
        0.707106779455507,
        0.0814974745618855
      ],
      [
        2.644454732053e-16,
        0.707106779455507,
        0.707106782917588,
        0.564779939504231
      ],
      [
        0.0,
        0.0,
        0.0,
        1.0
      ]
    ],
    "2": [
      [
        -1.0,
        1.56353291195785e-16,
        -9.57992359748334e-17,
        -1.98737200821127e-17
      ],
      [
        4.28181835115655e-17,
        0.707106782917588,
        0.707106779455507,
        0.0814974745618855
      ],
      [
        1.78298761750848e-16,
        0.707106779455507,
        -0.707106782917588,
        0.385784989895769
      ],
      [
        0.0,
        0.0,
        0.0,
        1.0
      ]
    ],
    "3": [
      [
        -1.0,
        -1.55715520202053e-16,
        2.18263915889569e-16,
        1.98737200821127e-17
      ],
      [
        -4.42283940956084e-17,
        -0.707106782917588,
        -0.707106779455507,
        -0.0814974745618855
      ],
      [
        2.64443395392981e-16,
        -0.707106779455507,
        0.707106782917588,
        0.564779939504231
      ],
      [
        0.0,
        0.0,
        0.0,
        1.0
      ]
    ]
  },
  "simTime": 0.071000000000001,
  "state": [
    7.9527967773667e-37,
    3.07108151908359e-21,
    0.4752824647,
    0.707106781186548,
    -1.99886978563693e-20,
    0.707106781186548,
    -2.60528045686174e-20,
    -1.46388856836706e-36,
    6.11116171752425e-20,
    -0.696268599999998,
    3.76776833274041e-19,
    -2.70243937851263e-18,
    -3.77542136571653e-18,
    1.0,
    6.48971330171032e-19,
    1.0941979611688e-20,
    -6.22199631724192e-20,
    1.0,
    -6.45170545676204e-19,
    -1.09419796116878e-20,
    6.11834357769138e-20,
    1.0,
    -3.3100919747588e-19,
    1.4196893076422e-20,
    3.90121035453296e-20,
    1.0,
    6.49894694341799e-19,
    -1.41968930764217e-20,
    -5.91825307442806e-20,
    2.53111317166778e-17,
    5.7865470417217e-19,
    -5.02163117892618e-18,
    -2.55082072362445e-17,
    -5.78654704172162e-19,
    4.97001169950389e-18,
    -1.30326057265909e-17,
    7.97369973161602e-19,
    2.81628519971352e-18,
    2.53204540696501e-17,
    -7.97369973161594e-19,
    -4.81174968106481e-18
  ]
}