{
  "T_WB": [
    [
      0.959682907626341,
      -0.00124668080185134,
      0.28108212785026,
      -0.00212984705191533
    ],
    [
      0.0016291638561451,
      0.999998037754748,
      -0.0011270810895383,
      -1.2993526140794e-05
    ],
    [
      -0.281080171187832,
      0.00153956930044078,
      0.959683055540415,
      0.422929774356072
    ],
    [
      0.0,
      0.0,
      0.0,
      1.0
    ]
  ],
  "T_WH": {
    "0": [
      [
        0.797600986232145,
        0.573363035290599,
        0.187316567670507,
        0.0384272100907129
      ],
      [
        -0.553149321517641,
        0.81911330502063,
        -0.151918470380507,
        -0.0319347706539061
      ],
      [
        -0.240537928123782,
        0.0175562894864167,
        0.970480953874618,
        -0.0112924730651274
      ],
      [
        0.0,
        0.0,
        0.0,
        1.0
      ]
    ],
    "1": [
      [
        -0.619103742096966,
        -0.730053148675662,
        0.28936647461357,
        -0.0384272100907129
      ],
      [
        0.763314281574944,
        -0.646019117483823,
        0.00325689870129745,
        0.0319347706539061
      ],
      [
        0.184558565407464,
        0.222893920855136,
        0.957212847793302,
        0.0112924730651274
      ],
      [
        0.0,
        0.0,
        0.0,
        1.0
      ]
    ],
    "2": [
      [
        0.7958771897082,
        -0.57602722816678,
        0.186472870178675,
        0.0383474225193944
      ],
      [
        0.556447567130313,
        0.817285800535766,
        0.149699783825384,
        0.0320651037623978
      ],
      [
        -0.238632780516283,
        -0.0153802683041414,
        0.970988075833045,
        -0.0111939406298992
      ],
      [
        0.0,
        0.0,
        0.0,
        1.0
      ]
    ],
    "3": [
      [
        -0.61735893655117,
        0.731507981636041,
        0.289420137971036,
        -0.0383474225193944
      ],
      [
        -0.76527673532207,
        -0.643677829747845,
        -0.00551088612648542,
        -0.0320651037623978
      ],
      [
        0.182262069107107,
        -0.224888693121439,
        0.957186300503161,
        0.0111939406298992
      ],
      [
        0.0,
        0.0,
        0.0,
        1.0
      ]
    ]
  },
  "T_WP": {
    "0": [
      [
        -0.187316567670507,
        0.573363035290599,
        0.797600986232145,
        0.0942592791269631
      ],
      [
        0.151918470380507,
        0.81911330502063,
        -0.553149321517641,
        -0.0706552231601411
      ],
      [
        -0.970480953874618,
        0.0175562894864167,
        -0.240537928123782,
        -0.0281301280337921
      ],
      [
        0.0,
        0.0,
        0.0,
        1.0
      ]
    ],
    "1": [
      [
        -0.28936647461357,
        -0.730053148675662,
        -0.619103742096966,
        -0.0817644720375005
      ],
      [
        -0.0032568987012974,
        -0.646019117483823,
        0.763314281574944,
        0.0853667703641522
      ],
      [
        -0.957212847793302,
        0.222893920855136,
        0.184558565407464,
        0.0242115726436499
      ],
      [
        0.0,
        0.0,
        0.0,
        1.0
      ]
    ],
    "2": [
      [
        -0.186472870178675,
        -0.57602722816678,
        0.7958771897082,
        0.0940588257989684
      ],
      [
        -0.149699783825384,
        0.817285800535766,
        0.556447567130313,
        0.0710164334615197
      ],
      [
        -0.970988075833045,
        -0.0153802683041414,
        -0.238632780516283,
        -0.027898235266039
      ],
      [
        0.0,
        0.0,
        0.0,
        1.0
      ]
    ],
    "3": [
      [
        -0.289420137971036,
        0.731507981636041,
        -0.61735893655117,
        -0.0815625480779763
      ],
      [
        0.00551088612648537,
        -0.643677829747845,
        -0.76527673532207,
        -0.0856344752349426
      ],
      [
        -0.957186300503161,
        -0.224888693121439,
        0.182262069107107,
        0.0239522854673967
      ],
      [
        0.0,
        0.0,
        0.0,
        1.0
      ]
    ]
  }
}