{
  "T_WB": [
    [
      -2.22044604925031e-16,
      5.72825222657405e-20,
      1.0,
      -2.47114533990436e-36
    ],
    [
      -7.8334374881373e-19,
      1.0,
      -5.72825222657405e-20,
      5.29130448071722e-21
    ],
    [
      -1.0,
      -7.8334374881373e-19,
      -2.22044604925031e-16,
      0.385967629375001
    ],
    [
      0.0,
      0.0,
      0.0,
      1.0
    ]
  ],
  "T_WH": {
    "0": [
      [
        -1.57120536601786e-16,
        -1.53738619229344e-16,
        1.0,
        -8.88361723771376e-18
      ],
      [
        -0.707106779455507,
        0.707106782917588,
        -2.39137616935639e-18,
        -0.032
      ],
      [
        -0.707106782917588,
        -0.707106779455507,
        -2.19810617087972e-16,
        0.345967629375001
      ],
      [
        0.0,
        0.0,
        0.0,
        1.0
      ]
    ],
    "1": [
      [
        1.57120536601786e-16,
        1.53744687054e-16,
        1.0,
        8.88361723771376e-18
      ],
      [
        0.707106779455507,
        -0.707106782917588,
        -2.38708556938497e-18,
        0.032
      ],
      [
        0.707106782917588,
        0.707106779455507,
        -2.19814907687923e-16,
        0.425967629375001
      ],
      [
        0.0,
        0.0,
        0.0,
        1.0
      ]
    ],
    "2": [
      [
        -1.57055787596486e-16,
        1.5491230125176e-16,
        1.0,
        -8.87995115628875e-18
      ],
      [
        0.707106779455507,
        0.707106782917588,
        1.51567318970757e-18,
        0.032
      ],
      [
        -0.707106782917588,
        0.707106779455507,
        -2.20594751142112e-16,
        0.345967629375001
      ],
      [
        0.0,
        0.0,
        0.0,
        1.0
      ]
    ],
    "3": [
      [
        1.57055787596486e-16,
        -1.53812408094829e-16,
        1.0,
        8.87995115628875e-18
      ],
      [
        -0.707106779455507,
        -0.707106782917588,
        2.2934151014579e-18,
        -0.032
      ],
      [
        0.707106782917588,
        -0.707106779455507,
        -2.1981700923417e-16,
        0.425967629375001
      ],
      [
        0.0,
        0.0,
        0.0,
        1.0
      ]
    ]
  },
  "T_WP": {
    "0": [
      [
        -1.0,
        -1.53738619229344e-16,
        -9.58881966444184e-17,
        -1.98820547998388e-17
      ],
      [
        -4.09064265364226e-17,
        0.707106782917588,
        -0.707106779455507,
        -0.0814974745618855
      ],
      [
        1.76512814170202e-16,
        -0.707106779455507,
        -0.707106782917588,
        0.29647015457077
      ],
      [
        0.0,
        0.0,
        0.0,
        1.0
      ]
    ],
    "1": [
      [
        -1.0,
        1.53744687054e-16,
        2.18352876559154e-16,
        1.98820547998388e-17
      ],
      [
        4.5684888275164e-17,
        -0.707106782917588,
        0.707106779455507,
        0.0814974745618855
      ],
      [
        2.63112710605693e-16,
        0.707106779455507,
        0.707106782917588,
        0.475465104179232
      ],
      [
        0.0,
        0.0,
        0.0,
        1.0
      ]
    ],
    "2": [
      [
        -1.0,
        1.5491230125176e-16,
        -9.58234476391185e-17,
        -1.98738562880428e-17
      ],
      [
        4.17821295160715e-17,
        0.707106782917588,
        0.707106779455507,
        0.0814974745618855
      ],
      [
        1.77296948224342e-16,
        0.707106779455507,
        -0.707106782917588,
        0.29647015457077
      ],
      [
        0.0,
        0.0,
        0.0,
        1.0
      ]
    ],
    "3": [
      [
        -1.0,
        -1.53812408094829e-16,
        2.18288127553854e-16,
        1.98738562880428e-17
      ],
      [
        -4.55912178072369e-17,
        -0.707106782917588,
        -0.707106779455507,
        -0.0814974745618855
      ],
      [
        2.6311481215194e-16,
        -0.707106779455507,
        0.707106782917588,
        0.475465104179232
      ],
      [
        0.0,
        0.0,
        0.0,
        1.0
      ]
    ]
  },
  "simTime": 0.1525,
  "state": [
    -2.47114533990436e-36,
    5.29130448071722e-21,
    0.385967629375001,
    0.707106781186548,
    -2.56701408424353e-19,
    0.707106781186548,
    -2.97206268361927e-19,
    -6.9879391408401e-35,
    -9.57598998888742e-21,
    -1.49550649999997,
    6.94824508267509e-19,
    -7.30830724982173e-18,
    -1.38665692234304e-17,
    1.0,
    1.61506069731409e-18,
    3.5392744601029e-20,
    -4.67057086584962e-19,
    1.0,
    -1.61202678498636e-18,
    -3.53927446010285e-20,
    4.64392565872763e-19,
    1.0,
    -1.0687245461432e-18,
    4.35231017894855e-20,
    2.74611857562879e-19,
    1.0,
    1.61867112460855e-18,
    -4.3523101789485e-20,
    -4.5840838930364e-19,
    2.14570492889315e-17,
    5.6636813970196e-19,
    -1.47112461260348e-17,
    -2.13289111168883e-17,
    -5.66368139701955e-19,
    1.46779977934081e-17,
    -2.31874965222605e-17,
    5.41088496662159e-19,
    9.38715595047486e-18,
    2.15518889426524e-17,
    -5.41088496662154e-19,
    -1.46970124458229e-17
  ]
}