{
  "T_WB": [
    [
      -2.22044604925031e-16,
      5.44597110219446e-23,
      1.0,
      -1.82990926885027e-37
    ],
    [
      -7.21184059064906e-21,
      1.0,
      -5.44597110219449e-23,
      1.15131955072453e-22
    ],
    [
      -1.0,
      -7.21184059064906e-21,
      -2.22044604925031e-16,
      0.498969081175
    ],
    [
      0.0,
      0.0,
      0.0,
      1.0
    ]
  ],
  "T_WH": {
    "0": [
      [
        -1.57009711492411e-16,
        -1.56908869131971e-16,
        1.0,
        -8.88178593971201e-18
      ],
      [
        -0.707106779455507,
        0.707106782917588,
        -7.13057734920573e-20,
        -0.032
      ],
      [
        -0.707106782917588,
        -0.707106779455507,
        -2.21973957100131e-16,
        0.458969081175
      ],
      [
        0.0,
        0.0,
        0.0,
        1.0
      ]
    ],
    "1": [
      [
        1.57009711492411e-16,
        1.56900574837478e-16,
        1.0,
        8.88178593971201e-18
      ],
      [
        0.707106779455507,
        -0.707106782917588,
        -7.71707253876949e-20,
        0.032
      ],
      [
        0.707106782917588,
        0.707106779455507,
        -2.21968092148264e-16,
        0.538969081175
      ],
      [
        0.0,
        0.0,
        0.0,
        1.0
      ]
    ],
    "2": [
      [
        -1.57009702549628e-16,
        1.56924565510421e-16,
        1.0,
        -8.8817824542905e-18
      ],
      [
        0.707106779455507,
        0.707106782917588,
        6.02004343202723e-20,
        0.032
      ],
      [
        -0.707106782917588,
        0.707106779455507,
        -2.21985049792243e-16,
        0.458969081175
      ],
      [
        0.0,
        0.0,
        0.0,
        1.0
      ]
    ],
    "3": [
      [
        1.57009702549628e-16,
        -1.56908518488638e-16,
        1.0,
        8.8817824542905e-18
      ],
      [
        -0.707106779455507,
        -0.707106782917588,
        7.15473922684378e-20,
        -0.032
      ],
      [
        0.707106782917588,
        -0.707106779455507,
        -2.21973702834351e-16,
        0.538969081175
      ],
      [
        0.0,
        0.0,
        0.0,
        1.0
      ]
    ]
  },
  "T_WP": {
    "0": [
      [
        -1.0,
        -1.56908869131971e-16,
        -9.57773715350432e-17,
        -1.98724657441808e-17
      ],
      [
        -4.3226496932287e-17,
        0.707106782917588,
        -0.707106779455507,
        -0.0814974745618855
      ],
      [
        1.78676154182361e-16,
        -0.707106779455507,
        -0.707106782917588,
        0.409471606370769
      ],
      [
        0.0,
        0.0,
        0.0,
        1.0
      ]
    ],
    "1": [
      [
        -1.0,
        1.56900574837478e-16,
        2.18242051449779e-16,
        1.98724657441808e-17
      ],
      [
        4.33749734311667e-17,
        -0.707106782917588,
        0.707106779455507,
        0.0814974745618855
      ],
      [
        2.65265895066034e-16,
        0.707106779455507,
        0.707106782917588,
        0.588466555979231
      ],
      [
        0.0,
        0.0,
        0.0,
        1.0
      ]
    ],
    "2": [
      [
        -1.0,
        1.56924565510421e-16,
        -9.577736259226e-17,
        -1.98724616327644e-17
      ],
      [
        4.32376022714588e-17,
        0.707106782917588,
        0.707106779455507,
        0.0814974745618855
      ],
      [
        1.78687246874473e-16,
        0.707106779455507,
        -0.707106782917588,
        0.409471606370769
      ],
      [
        0.0,
        0.0,
        0.0,
        1.0
      ]
    ],
    "3": [
      [
        -1.0,
        -1.56908518488638e-16,
        2.18242042506995e-16,
        1.98724616327644e-17
      ],
      [
        -4.33693500980475e-17,
        -0.707106782917588,
        -0.707106779455507,
        -0.0814974745618855
      ],
      [
        2.65271505752121e-16,
        -0.707106779455507,
        0.707106782917588,
        0.588466555979231
      ],
      [
        0.0,
        0.0,
        0.0,
        1.0
      ]
    ]
  },
  "simTime": 0.0145,
  "state": [
    -1.82990926885027e-37,
    1.15131955072453e-22,
    0.498969081175,
    0.707106781186548,
    -2.53051627775964e-21,
    0.707106781186548,
    -2.56902510872471e-21,
    -3.37080399931464e-36,
    1.20864602175117e-20,
    -0.1421957,
    1.07547592348249e-20,
    -1.65093458954285e-19,
    -2.24415783580043e-19,
    1.0,
    5.01689216035585e-20,
    2.13365417167865e-22,
    -4.51775980609002e-22,
    1.0,
    -5.43160688501443e-20,
    -2.13365417167858e-22,
    4.79490149911941e-22,
    1.0,
    -4.23592412096542e-20,
    2.47402856458401e-22,
    3.81320483870107e-22,
    1.0,
    5.03827521009987e-20,
    -2.4740285645839e-22,
    -4.1937541526355e-22,
    1.16531583507076e-17,
    9.40376500177711e-20,
    -2.11185858146891e-19,
    -1.12305583321444e-17,
    -9.40376500177679e-20,
    2.23962291099446e-19,
    -8.69810685597465e-18,
    1.06570276597196e-19,
    1.82071917829615e-19,
    1.17200690009129e-17,
    -1.06570276597192e-19,
    -1.99494976731403e-19
  ]
}