{
  "T_WB": [
    [
      -2.22044604925031e-16,
      9.54592992089838e-20,
      1.0,
      -6.73962734594509e-36
    ],
    [
      -1.73766690035233e-18,
      1.0,
      -9.54592992089839e-20,
      4.5201316895831e-21
    ],
    [
      -1.0,
      -1.73766690035233e-18,
      -2.22044604925031e-16,
      0.281700180700003
    ],
    [
      0.0,
      0.0,
      0.0,
      1.0
    ]
  ],
  "T_WH": {
    "0": [
      [
        -1.57175250506686e-16,
        -1.5260712757747e-16,
        1.0,
        -8.88483889457594e-18
      ],
      [
        -0.707106779455507,
        0.707106782917588,
        -3.23015016429649e-18,
        -0.032
      ],
      [
        -0.707106782917588,
        -0.707106779455507,
        -2.19049220243309e-16,
        0.241700180700003
      ],
      [
        0.0,
        0.0,
        0.0,
        1.0
      ]
    ],
    "1": [
      [
        1.57175250506686e-16,
        1.52608318923213e-16,
        1.0,
        8.88483889457594e-18
      ],
      [
        0.707106779455507,
        -0.707106782917588,
        -3.22930775564095e-18,
        0.032
      ],
      [
        0.707106782917588,
        0.707106779455507,
        -2.1905006265196e-16,
        0.321700180700003
      ],
      [
        0.0,
        0.0,
        0.0,
        1.0
      ]
    ],
    "2": [
      [
        -1.57051364069545e-16,
        1.53677515350446e-16,
        1.0,
        -8.87872949942656e-18
      ],
      [
        0.707106779455507,
        0.707106782917588,
        2.38567077008883e-18,
        0.032
      ],
      [
        -0.707106782917588,
        0.707106779455507,
        -2.19718497754213e-16,
        0.241700180700003
      ],
      [
        0.0,
        0.0,
        0.0,
        1.0
      ]
    ],
    "3": [
      [
        1.57051364069545e-16,
        -1.52730001388593e-16,
        1.0,
        8.87872949942656e-18
      ],
      [
        -0.707106779455507,
        -0.707106782917588,
        3.05566431942377e-18,
        -0.032
      ],
      [
        0.707106782917588,
        -0.707106779455507,
        -2.19048504208158e-16,
        0.321700180700003
      ],
      [
        0.0,
        0.0,
        0.0,
        1.0
      ]
    ]
  },
  "T_WP": {
    "0": [
      [
        -1.0,
        -1.5260712757747e-16,
        -9.59429105493181e-17,
        -1.98871064300439e-17
      ],
      [
        -4.00676525414825e-17,
        0.707106782917588,
        -0.707106779455507,
        -0.0814974745618855
      ],
      [
        1.75751417325539e-16,
        -0.707106779455507,
        -0.707106782917588,
        0.192202705895772
      ],
      [
        0.0,
        0.0,
        0.0,
        1.0
      ]
    ],
    "1": [
      [
        -1.0,
        1.52608318923213e-16,
        2.18407590464053e-16,
        1.98871064300439e-17
      ],
      [
        4.652711046142e-17,
        -0.707106782917588,
        0.707106779455507,
        0.0814974745618855
      ],
      [
        2.62347865569731e-16,
        0.707106779455507,
        0.707106782917588,
        0.371197655504234
      ],
      [
        0.0,
        0.0,
        0.0,
        1.0
      ]
    ],
    "2": [
      [
        -1.0,
        1.53677515350446e-16,
        -9.58190241121777e-17,
        -1.98723249842947e-17
      ],
      [
        4.09121319356902e-17,
        0.707106782917588,
        0.707106779455507,
        0.0814974745618855
      ],
      [
        1.76420694836443e-16,
        0.707106779455507,
        -0.707106782917588,
        0.192202705895772
      ],
      [
        0.0,
        0.0,
        0.0,
        1.0
      ]
    ],
    "3": [
      [
        -1.0,
        -1.52730001388593e-16,
        2.18283704026913e-16,
        1.98723249842947e-17
      ],
      [
        -4.63534670252028e-17,
        -0.707106782917588,
        -0.707106779455507,
        -0.0814974745618855
      ],
      [
        2.62346307125929e-16,
        -0.707106779455507,
        0.707106782917588,
        0.371197655504234
      ],
      [
        0.0,
        0.0,
        0.0,
        1.0
      ]
    ]
  },
  "simTime": 0.210999999999993,
  "state": [
    -6.73962734594509e-36,
    4.5201316895831e-21,
    0.281700180700003,
    0.707106781186548,
    -5.80608065442278e-19,
    0.707106781186548,
    -6.48107983240266e-19,
    -7.61384828732879e-35,
    -1.69501543206425e-20,
    -2.06919259999997,
    6.01076595781924e-19,
    -1.02697426830525e-17,
    -1.86614548141997e-17,
    1.0,
    2.16730899428808e-18,
    4.92521681536925e-20,
    -9.85960247104347e-19,
    1.0,
    -2.16671332141667e-18,
    -4.92521681536919e-20,
    9.82563085899691e-19,
    1.0,
    -1.69961502576351e-18,
    5.48088672162394e-20,
    6.41270294903228e-19,
    1.0,
    2.17337200668971e-18,
    -5.48088672162387e-20,
    -9.78932572240006e-19,
    1.60742868824353e-17,
    3.46189894434988e-19,
    -2.05355958268909e-17,
    -1.62709445962671e-17,
    -3.46189894434985e-19,
    2.0522329108208e-17,
    -1.96235822724671e-17,
    2.31568180941831e-19,
    1.56297750310355e-17,
    1.61793445717525e-17,
    -2.31568180941828e-19,
    -2.06340770145236e-17
  ]
}