{
  "T_WB": [
    [
      -2.22044604925031e-16,
      2.95768439133464e-22,
      1.0,
      -4.90952786269415e-38
    ],
    [
      -3.70143391642589e-21,
      1.0,
      -2.95768439133464e-22,
      3.51787850531118e-22
    ],
    [
      -1.0,
      -3.70143391642589e-21,
      -2.22044604925031e-16,
      0.4966853692
    ],
    [
      0.0,
      0.0,
      0.0,
      1.0
    ]
  ],
  "T_WH": {
    "0": [
      [
        -1.57011778816825e-16,
        -1.56742338501675e-16,
        1.0,
        -8.8817936615913e-18
      ],
      [
        -0.707106779455507,
        0.707106782917588,
        -1.90522530847079e-19,
        -0.032
      ],
      [
        -0.707106782917588,
        -0.707106779455507,
        -2.21857663981578e-16,
        0.4566853692
      ],
      [
        0.0,
        0.0,
        0.0,
        1.0
      ]
    ],
    "1": [
      [
        1.57011778816825e-16,
        1.56751581693784e-16,
        1.0,
        8.8817936615913e-18
      ],
      [
        0.707106779455507,
        -0.707106782917588,
        -1.83986607010616e-19,
        0.032
      ],
      [
        0.707106782917588,
        0.707106779455507,
        -2.21864199905382e-16,
        0.5366853692
      ],
      [
        0.0,
        0.0,
        0.0,
        1.0
      ]
    ],
    "2": [
      [
        -1.57011685729798e-16,
        1.5682484200169e-16,
        1.0,
        -8.8817747324112e-18
      ],
      [
        0.707106779455507,
        0.707106782917588,
        1.32117923903827e-19,
        0.032
      ],
      [
        -0.707106782917588,
        0.707106779455507,
        -2.21915936943298e-16,
        0.4566853692
      ],
      [
        0.0,
        0.0,
        0.0,
        1.0
      ]
    ],
    "3": [
      [
        1.57011685729798e-16,
        -1.5674167664978e-16,
        1.0,
        8.8817747324112e-18
      ],
      [
        -0.707106779455507,
        -0.707106782917588,
        1.90924708343253e-19,
        -0.032
      ],
      [
        0.707106782917588,
        -0.707106779455507,
        -2.21857130159147e-16,
        0.5366853692
      ],
      [
        0.0,
        0.0,
        0.0,
        1.0
      ]
    ]
  },
  "T_WP": {
    "0": [
      [
        -1.0,
        -1.56742338501675e-16,
        -9.57794388594578e-17,
        -1.98726181787691e-17
      ],
      [
        -4.31072801749319e-17,
        0.707106782917588,
        -0.707106779455507,
        -0.0814974745618855
      ],
      [
        1.78559861063807e-16,
        -0.707106779455507,
        -0.707106782917588,
        0.407187894395768
      ],
      [
        0.0,
        0.0,
        0.0,
        1.0
      ]
    ],
    "1": [
      [
        -1.0,
        1.56751581693784e-16,
        2.18244118774193e-16,
        1.98726181787691e-17
      ],
      [
        4.34817893127896e-17,
        -0.707106782917588,
        0.707106779455507,
        0.0814974745618855
      ],
      [
        2.65162002823152e-16,
        0.707106779455507,
        0.707106782917588,
        0.586182844004231
      ],
      [
        0.0,
        0.0,
        0.0,
        1.0
      ]
    ],
    "2": [
      [
        -1.0,
        1.5682484200169e-16,
        -9.57793457724302e-17,
        -1.98725927334971e-17
      ],
      [
        4.31656847818752e-17,
        0.707106782917588,
        0.707106779455507,
        0.0814974745618855
      ],
      [
        1.78618134025528e-16,
        0.707106779455507,
        -0.707106782917588,
        0.407187894395768
      ],
      [
        0.0,
        0.0,
        0.0,
        1.0
      ]
    ],
    "3": [
      [
        -1.0,
        -1.5674167664978e-16,
        2.18244025687166e-16,
        1.98725927334971e-17
      ],
      [
        -4.34887274141223e-17,
        -0.707106782917588,
        -0.707106779455507,
        -0.0814974745618855
      ],
      [
        2.65154933076917e-16,
        -0.707106779455507,
        0.707106782917588,
        0.586182844004231
      ],
      [
        0.0,
        0.0,
        0.0,
        1.0
      ]
    ]
  },
  "simTime": 0.0259999999999999,
  "state": [
    -4.90952786269415e-38,
    3.51787850531118e-22,
    0.4966853692,
    0.707106781186548,
    -1.2040845767232e-21,
    0.707106781186548,
    -1.41322444569543e-21,
    2.06785247457199e-35,
    3.05217373891646e-20,
    -0.254971599999999,
    3.50218809986124e-20,
    -5.03190541694825e-19,
    6.43099114534149e-19,
    1.0,
    1.33348921232516e-19,
    1.16171210570217e-21,
    -3.00613692141359e-21,
    1.0,
    -1.28727325177748e-19,
    -1.16171210570214e-21,
    3.11733276849634e-21,
    1.0,
    -9.23063110945708e-20,
    1.32430846035621e-21,
    2.50832719667829e-21,
    1.0,
    1.33888987049667e-19,
    -1.32430846035617e-21,
    -2.85687746725994e-21,
    1.7075193371042e-17,
    2.34195261039694e-19,
    -7.24662132840394e-19,
    -1.48554397927264e-17,
    -2.34195261039688e-19,
    7.32665332989157e-19,
    -8.5844063118794e-18,
    2.69797960110058e-19,
    5.78779039975217e-19,
    1.7120037524531e-17,
    -2.69797960110052e-19,
    -6.92566649669709e-19
  ]
}