{
  "T_WB": [
    [
      -0.059224688699117,
      -0.424220762224647,
      0.903620042465876,
      -0.0713082589915411
    ],
    [
      -0.355835996719004,
      0.854717353816927,
      0.377940456319753,
      0.0041521484917407
    ],
    [
      -0.93266992000787,
      -0.299157132593774,
      -0.201573386960644,
      0.886661633737823
    ],
    [
      0.0,
      0.0,
      0.0,
      1.0
    ]
  ],
  "T_WH": {
    "0": [
      [
        -0.127690987741479,
        -0.290219878675958,
        0.948402569413916,
        0.011206076843224
      ],
      [
        -0.55461370782497,
        0.813645694903711,
        0.174310981459273,
        -0.0415843951909018
      ],
      [
        -0.822252179530248,
        -0.50373912413666,
        -0.264855145450843,
        -0.027733768557314
      ],
      [
        0.0,
        0.0,
        0.0,
        1.0
      ]
    ],
    "1": [
      [
        -0.346042511551691,
        0.433034937290245,
        0.832307228903505,
        -0.011206076843224
      ],
      [
        0.880556673187387,
        -0.156303736599956,
        0.447424951505896,
        0.0415843951909018
      ],
      [
        0.323843365694219,
        0.887721738503077,
        -0.327224066176244,
        0.027733768557314
      ],
      [
        0.0,
        0.0,
        0.0,
        1.0
      ]
    ],
    "2": [
      [
        -0.294707994898706,
        -0.609974109914234,
        0.735580575448484,
        -0.0159440519391534
      ],
      [
        -0.314299528551887,
        0.788813578439196,
        0.528194040880822,
        0.0131175154533815
      ],
      [
        -0.902420635898164,
        -0.0755296213699518,
        -0.424184243225589,
        -0.0468798250433156
      ],
      [
        0.0,
        0.0,
        0.0,
        1.0
      ]
    ],
    "3": [
      [
        0.317605129277857,
        0.0140400076873483,
        0.948119117010376,
        0.0159440519391534
      ],
      [
        -0.512406509553734,
        -0.838783716216239,
        0.184069134776678,
        -0.0131175154533815
      ],
      [
        0.797851208448891,
        -0.544283708735265,
        -0.259207819291839,
        0.0468798250433156
      ],
      [
        0.0,
        0.0,
        0.0,
        1.0
      ]
    ]
  },
  "T_WP": {
    "0": [
      [
        -0.948402569413916,
        -0.290219878675958,
        -0.127690987741479,
        0.00226770770132052
      ],
      [
        -0.174310981459273,
        0.813645694903711,
        -0.55461370782497,
        -0.0804073547386498
      ],
      [
        0.264855145450843,
        -0.50373912413666,
        -0.822252179530248,
        -0.0852914211244314
      ],
      [
        0.0,
        0.0,
        0.0,
        1.0
      ]
    ],
    "1": [
      [
        -0.832307228903505,
        0.433034937290245,
        -0.346042511551691,
        -0.0354290526518424
      ],
      [
        -0.447424951505896,
        -0.156303736599956,
        0.880556673187387,
        0.103223362314019
      ],
      [
        0.327224066176244,
        0.887721738503077,
        0.323843365694219,
        0.0504028041559094
      ],
      [
        0.0,
        0.0,
        0.0,
        1.0
      ]
    ],
    "2": [
      [
        -0.735580575448484,
        -0.609974109914234,
        -0.294707994898706,
        -0.0365736115820628
      ],
      [
        -0.528194040880822,
        0.788813578439196,
        -0.314299528551886,
        -0.00888345154525053
      ],
      [
        0.424184243225589,
        -0.0755296213699518,
        -0.902420635898164,
        -0.110049269556187
      ],
      [
        0.0,
        0.0,
        0.0,
        1.0
      ]
    ],
    "3": [
      [
        -0.948119117010376,
        0.0140400076873483,
        0.317605129277858,
        0.0381764109886034
      ],
      [
        -0.184069134776678,
        -0.838783716216239,
        -0.512406509553734,
        -0.0489859711221429
      ],
      [
        0.259207819291839,
        -0.544283708735265,
        0.797851208448891,
        0.102729409634738
      ],
      [
        0.0,
        0.0,
        0.0,
        1.0
      ]
    ]
  }
}