{
  "arms": {
    "0": [
      [
        0.937739193439484,
        0.322515517473221,
        -0.128952607512474,
        -0.00689348485320807
      ],
      [
        -0.0807570219039917,
        0.563527047634125,
        0.82214081287384,
        0.505549013614655
      ],
      [
        0.337821483612061,
        -0.760539889335632,
        0.554486870765686,
        0.0320980101823807
      ],
      [
        0.0,
        0.0,
        0.0,
        1.0
      ]
    ],
    "1": [
      [
        0.993799269199371,
        -0.0340573042631149,
        -0.105844169855118,
        -0.00922823511064053
      ],
      [
        -0.043469313532114,
        0.757164239883423,
        -0.651776492595673,
        0.425583064556122
      ],
      [
        0.102339178323746,
        0.652336061000824,
        0.750988900661469,
        0.032073862850666
      ],
      [
        0.0,
        0.0,
        0.0,
        1.0
      ]
    ],
    "2": [
      [
        0.928219854831696,
        -0.327817678451538,
        -0.175907135009766,
        -0.00950383022427559
      ],
      [
        -0.369018226861954,
        -0.751217901706696,
        -0.547263443470001,
        0.425610452890396
      ],
      [
        0.0472580343484879,
        0.572893798351288,
        -0.818266153335571,
        -0.0319255404174328
      ],
      [
        0.0,
        0.0,
        0.0,
        1.0
      ]
    ],
    "3": [
      [
        0.996833920478821,
        0.0361182317137718,
        -0.0708340704441071,
        -0.00716908043250442
      ],
      [
        0.0771962702274323,
        -0.653026878833771,
        0.75339013338089,
        0.505576372146606
      ],
      [
        -0.0190454311668873,
        -0.756473064422607,
        -0.65374755859375,
        -0.0319013893604279
      ],
      [
        0.0,
        0.0,
        0.0,
        1.0
      ]
    ]
  },
  "base": [
    [
      0.0291843805462122,
      -0.00430618086829782,
      -0.999564707279205,
      -0.00819865800440311
    ],
    [
      0.99957400560379,
      0.000427717779530212,
      0.0291828084737062,
      0.465579718351364
    ],
    [
      0.000301865162327886,
      -0.99999064207077,
      0.00431682961061597,
      8.62353626871482e-05
    ],
    [
      0.0,
      0.0,
      0.0,
      1.0
    ]
  ]
}