{
  "T_WB": [
    [
      -0.99767715834045,
      0.0674382544847506,
      -0.00961090827002104,
      -0.224408002421573
    ],
    [
      0.0677067377417962,
      0.997221421843271,
      -0.0310682069204023,
      -0.000729387618496527
    ],
    [
      0.00748901796555265,
      -0.0316467636407789,
      -0.999471058590981,
      0.178709890988892
    ],
    [
      0.0,
      0.0,
      0.0,
      1.0
    ]
  ],
  "T_WH": {
    "0": [
      [
        -0.774338251564519,
        -0.33827022387465,
        -0.534764927611936,
        -0.266473112898703
      ],
      [
        -0.493248508850731,
        0.852052578457524,
        0.175249285477617,
        -0.0299322036078093
      ],
      [
        0.396366220408015,
        0.399474228434926,
        -0.826628187358613,
        0.180022148144019
      ],
      [
        0.0,
        0.0,
        0.0,
        1.0
      ]
    ],
    "1": [
      [
        0.689288479392241,
        0.684164425178147,
        0.238328411016791,
        -0.182342891944443
      ],
      [
        0.724377407571853,
        -0.645105261431714,
        -0.243138999489185,
        0.0284734283708163
      ],
      [
        -0.0126001419283161,
        0.340232627761913,
        -0.940256877363633,
        0.177397633833765
      ],
      [
        0.0,
        0.0,
        0.0,
        1.0
      ]
    ],
    "2": [
      [
        -0.699886258661725,
        0.442235002458121,
        -0.56088093882513,
        -0.262157064611679
      ],
      [
        0.615180632701046,
        0.772235164531304,
        -0.158762841404567,
        0.03388996739016
      ],
      [
        0.362921498517289,
        -0.456159021901547,
        -0.812531188725571,
        0.177996755271009
      ],
      [
        0.0,
        0.0,
        0.0,
        1.0
      ]
    ],
    "3": [
      [
        0.579799343628869,
        -0.766679171068249,
        0.275745842720496,
        -0.186658940231467
      ],
      [
        -0.813689849524282,
        -0.562203184639467,
        0.147771472085758,
        -0.035348742627153
      ],
      [
        0.0417318812023128,
        -0.310049395792581,
        -0.949804096779948,
        0.179423026706775
      ],
      [
        0.0,
        0.0,
        0.0,
        1.0
      ]
    ]
  },
  "T_WP": {
    "0": [
      [
        0.534764927611936,
        -0.33827022387465,
        -0.774338251564519,
        -0.320676790508219
      ],
      [
        -0.175249285477617,
        0.852052578457524,
        -0.493248508850731,
        -0.0644595992273605
      ],
      [
        0.826628187358613,
        0.399474228434926,
        0.396366220408015,
        0.20776778357258
      ],
      [
        0.0,
        0.0,
        0.0,
        1.0
      ]
    ],
    "1": [
      [
        -0.238328411016791,
        0.684164425178147,
        0.689288479392241,
        -0.134092698386986
      ],
      [
        0.243138999489185,
        -0.645105261431714,
        0.724377407571853,
        0.079179846900846
      ],
      [
        0.940256877363633,
        0.340232627761913,
        -0.0126001419283162,
        0.176515623898783
      ],
      [
        0.0,
        0.0,
        0.0,
        1.0
      ]
    ],
    "2": [
      [
        0.56088093882513,
        0.442235002458121,
        -0.699886258661725,
        -0.311149102717999
      ],
      [
        0.158762841404567,
        0.772235164531304,
        0.615180632701046,
        0.0769526116792332
      ],
      [
        0.812531188725571,
        -0.456159021901547,
        0.362921498517289,
        0.203401260167219
      ],
      [
        0.0,
        0.0,
        0.0,
        1.0
      ]
    ],
    "3": [
      [
        -0.275745842720496,
        -0.766679171068249,
        0.579799343628869,
        -0.146072986177446
      ],
      [
        -0.147771472085758,
        -0.562203184639467,
        -0.813689849524282,
        -0.0923070320938528
      ],
      [
        0.949804096779948,
        -0.310049395792581,
        0.0417318812023127,
        0.182344258390937
      ],
      [
        0.0,
        0.0,
        0.0,
        1.0
      ]
    ]
  },
  "simTime": 1.00249999999991,
  "state": [
    -0.224408002421573,
    -0.000729387618496527,
    0.178709890988892,
    -0.00427799345019941,
    0.0338100517866369,
    0.999295957008571,
    -0.0156897889262258,
    -0.443371172549223,
    -0.00542095160753727,
    -0.549950389671299,
    0.464969527709902,
    12.8031481162309,
    -0.268096199724344,
    0.948885794534352,
    -0.242475630572328,
    0.168114978623584,
    0.112065478501878,
    0.985169316934856,
    -0.165042579520197,
    0.0157958392374597,
    -0.044191123296578,
    0.9477728920201,
    0.245830855396666,
    0.168389313310959,
    -0.113748735595011,
    0.984281156085567,
    0.169110186501184,
    0.0192736381138059,
    0.0471261866720824,
    0.98316518838001,
    -1.84252855144572,
    2.49519208446008,
    -0.868993572578424,
    -0.586566101017171,
    1.4301653226383,
    -0.94908248879722,
    -1.84306457993069,
    -2.54498835907599,
    0.870051235625761,
    -0.594692948198645,
    -1.49416461925959
  ]
}