{
  "T_WB": [
    [
      -0.737775736930295,
      0.0431908453620578,
      -0.673662759007704,
      -0.248495656467733
    ],
    [
      0.0656657552740126,
      0.997810067398716,
      -0.00794216482224372,
      -0.00116986915196561
    ],
    [
      0.671844454156804,
      -0.0500961103747687,
      -0.738996217273177,
      0.131488639277958
    ],
    [
      0.0,
      0.0,
      0.0,
      1.0
    ]
  ],
  "T_WH": {
    "0": [
      [
        -0.41033926161737,
        -0.00308564744112873,
        -0.911927721453395,
        -0.279388792996531
      ],
      [
        -0.376439874306532,
        0.911392622698272,
        0.166302460364383,
        -0.030473161097764
      ],
      [
        0.830611047005393,
        0.411526385631631,
        -0.37514173657642,
        0.159965492976223
      ],
      [
        0.0,
        0.0,
        0.0,
        1.0
      ]
    ],
    "1": [
      [
        0.566716323830313,
        0.696305298012613,
        -0.440444707385412,
        -0.217602519938935
      ],
      [
        0.656534973894885,
        -0.70462503328789,
        -0.269193964488217,
        0.0281334227938328
      ],
      [
        -0.497789550269086,
        -0.136610740513351,
        -0.856471289197306,
        0.103011785579694
      ],
      [
        0.0,
        0.0,
        0.0,
        1.0
      ]
    ],
    "2": [
      [
        -0.371783750491854,
        0.0700104240706368,
        -0.92567563616618,
        -0.276624578893359
      ],
      [
        0.486050071056809,
        0.864230241301792,
        -0.129851524616066,
        0.0333866832157538
      ],
      [
        0.790905918106498,
        -0.498201395562975,
        -0.35533533199391,
        0.156759341912238
      ],
      [
        0.0,
        0.0,
        0.0,
        1.0
      ]
    ],
    "3": [
      [
        0.508547611911292,
        -0.757421102594377,
        -0.409502869054711,
        -0.220366734042107
      ],
      [
        -0.75169291917952,
        -0.622489890369425,
        0.21786255218195,
        -0.035726421519685
      ],
      [
        -0.41992509055151,
        0.197026926415094,
        -0.885913826843631,
        0.106217936643679
      ],
      [
        0.0,
        0.0,
        0.0,
        1.0
      ]
    ]
  },
  "T_WP": {
    "0": [
      [
        0.911927721453395,
        -0.00308564744112873,
        -0.41033926161737,
        -0.308112541309746
      ],
      [
        -0.166302460364383,
        0.911392622698272,
        -0.376439874306532,
        -0.0568239522992212
      ],
      [
        0.37514173657642,
        0.411526385631631,
        0.830611047005393,
        0.218108266266601
      ],
      [
        0.0,
        0.0,
        0.0,
        1.0
      ]
    ],
    "1": [
      [
        0.440444707385412,
        0.696305298012613,
        0.566716323830313,
        -0.177932377270813
      ],
      [
        0.269193964488217,
        -0.70462503328789,
        0.656534973894885,
        0.0740908709664747
      ],
      [
        0.856471289197306,
        -0.136610740513351,
        -0.497789550269086,
        0.0681665170608577
      ],
      [
        0.0,
        0.0,
        0.0,
        1.0
      ]
    ],
    "2": [
      [
        0.92567563616618,
        0.0700104240706368,
        -0.371783750491854,
        -0.302649441427789
      ],
      [
        0.129851524616066,
        0.864230241301792,
        0.486050071056809,
        0.0674101881897304
      ],
      [
        0.35533533199391,
        -0.498201395562975,
        0.790905918106498,
        0.212122756179693
      ],
      [
        0.0,
        0.0,
        0.0,
        1.0
      ]
    ],
    "3": [
      [
        0.409502869054711,
        -0.757421102594377,
        0.508547611911292,
        -0.184768401208316
      ],
      [
        -0.21786255218195,
        -0.622489890369425,
        -0.75169291917952,
        -0.0883449258622514
      ],
      [
        0.885913826843631,
        0.197026926415094,
        -0.41992509055151,
        0.0768231803050732
      ],
      [
        0.0,
        0.0,
        0.0,
        1.0
      ]
    ]
  },
  "simTime": 1.0599999999999,
  "state": [
    -0.248495656467733,
    -0.00116986915196561,
    0.131488639277958,
    -0.36091484909714,
    0.0291993704733796,
    0.932011537160644,
    -0.0155680141508293,
    -0.393063258659583,
    -0.00999823656151034,
    -1.0991628603889,
    0.465872518055546,
    12.5580312195059,
    -0.29424409078241,
    0.956135136220934,
    -0.187550701402727,
    0.140374857499627,
    0.175855722309741,
    0.982790433039817,
    -0.184468102059874,
    0.00907788858296002,
    0.00347505204454519,
    0.954680744329869,
    0.191037212164827,
    0.14105600964286,
    -0.179423137074603,
    0.982041871848104,
    0.188204248668141,
    0.0129387481645236,
    -0.00234766187260401,
    1.73824145335957,
    -1.60694818744111,
    1.79225478224123,
    -0.503156485146727,
    -0.488072726005849,
    1.71617766588368,
    -1.73317798713362,
    -1.62650634170113,
    -1.8600725201724,
    0.491833222262883,
    -0.491436478539387,
    -1.77044206052864
  ]
}