{
  "T_WB": [
    [
      0.0916274433124504,
      0.0469051095927986,
      0.994688052771376,
      -0.165349571703952
    ],
    [
      0.0197386705717191,
      0.998608216445757,
      -0.0489082296866718,
      -0.000407564053244953
    ],
    [
      -0.99559770817137,
      0.0241151558384068,
      0.0905740732373482,
      0.175649964434675
    ],
    [
      0.0,
      0.0,
      0.0,
      1.0
    ]
  ],
  "T_WH": {
    "0": [
      [
        -0.397793126408416,
        -0.450995735521274,
        0.79897651725432,
        -0.163185437478423
      ],
      [
        -0.803635677236997,
        0.591419632776318,
        -0.0662760608255983,
        -0.0315734801566404
      ],
      [
        -0.442640177631958,
        -0.668450195981982,
        -0.597698928088046,
        0.135054371120991
      ],
      [
        0.0,
        0.0,
        0.0,
        1.0
      ]
    ],
    "1": [
      [
        -0.0768287665000387,
        -0.29051230587955,
        0.953781914679991,
        -0.16751370592948
      ],
      [
        0.845757474129731,
        -0.525583140517884,
        -0.0919600856733777,
        0.0307583520501505
      ],
      [
        0.528007230624524,
        0.799603003080845,
        0.286082858403497,
        0.216245557748359
      ],
      [
        0.0,
        0.0,
        0.0,
        1.0
      ]
    ],
    "2": [
      [
        -0.317219431605347,
        0.503925621689481,
        0.803387079816978,
        -0.160183510464484
      ],
      [
        0.857569180756401,
        0.51411555499682,
        0.0161337015934544,
        0.032337445695888
      ],
      [
        -0.404903608811746,
        0.694077923518089,
        -0.595238526689967,
        0.136597741094649
      ],
      [
        0.0,
        0.0,
        0.0,
        1.0
      ]
    ],
    "3": [
      [
        -0.160234359305115,
        0.249773211324479,
        0.954954602587336,
        -0.170515632943419
      ],
      [
        -0.866726110026959,
        -0.498557871620969,
        -0.0150299315469346,
        -0.033152573802378
      ],
      [
        0.472346059892126,
        -0.830092399404685,
        0.296371064975915,
        0.2147021877747
      ],
      [
        0.0,
        0.0,
        0.0,
        1.0
      ]
    ]
  },
  "T_WP": {
    "0": [
      [
        -0.79897651725432,
        -0.450995735521274,
        -0.397793126408416,
        -0.191030956327012
      ],
      [
        0.0662760608255982,
        0.591419632776318,
        -0.803635677236997,
        -0.0878279775632302
      ],
      [
        0.597698928088046,
        -0.668450195981982,
        -0.442640177631958,
        0.104069558686754
      ],
      [
        0.0,
        0.0,
        0.0,
        1.0
      ]
    ],
    "1": [
      [
        -0.953781914679991,
        -0.29051230587955,
        -0.0768287665000386,
        -0.172891719584483
      ],
      [
        0.0919600856733778,
        -0.525583140517884,
        0.845757474129731,
        0.0899613752392317
      ],
      [
        -0.286082858403497,
        0.799603003080845,
        0.528007230624524,
        0.253206063892075
      ],
      [
        0.0,
        0.0,
        0.0,
        1.0
      ]
    ],
    "2": [
      [
        -0.803387079816978,
        0.503925621689481,
        -0.317219431605347,
        -0.182388870676858
      ],
      [
        -0.0161337015934544,
        0.51411555499682,
        0.857569180756401,
        0.0923672883488361
      ],
      [
        0.595238526689967,
        0.694077923518089,
        -0.404903608811746,
        0.108254488477827
      ],
      [
        0.0,
        0.0,
        0.0,
        1.0
      ]
    ],
    "3": [
      [
        -0.954954602587336,
        0.249773211324479,
        -0.160234359305115,
        -0.181732038094777
      ],
      [
        0.0150299315469346,
        -0.498557871620969,
        -0.866726110026959,
        -0.0938234015042651
      ],
      [
        -0.296371064975915,
        -0.830092399404685,
        0.472346059892126,
        0.247766411967149
      ],
      [
        0.0,
        0.0,
        0.0,
        1.0
      ]
    ]
  },
  "simTime": 0.87399999999992,
  "state": [
    -0.165349571703952,
    -0.000407564053244953,
    0.175649964434675,
    0.738378245378945,
    0.0247242473563133,
    0.673870666355191,
    -0.00919800901201298,
    -0.43758094235012,
    -0.00159363924985377,
    0.595734258756635,
    0.483383178828993,
    13.0760840262081,
    -0.213086835404964,
    0.928378745561718,
    -0.263684293335063,
    0.241974556947592,
    -0.100158933838455,
    0.987911469019337,
    -0.0911396163913411,
    0.0461647614819781,
    -0.116590370534653,
    0.928626146213436,
    0.264477466074404,
    0.240505778024387,
    0.0993082133790014,
    0.986567403312392,
    0.0939469836465073,
    0.0494336550639031,
    0.124157306398736,
    -1.69924107493211,
    -2.29760637222672,
    2.80419292333087,
    -1.30103300307067,
    -0.876149068215122,
    0.566090747450893,
    1.73362356491698,
    -2.26187267908312,
    -2.76691497069104,
    1.3428622323028,
    -0.907183235760993,
    -0.624098207206695
  ]
}