{
  "T_WB": [
    [
      -0.753200205836364,
      0.0717238305787271,
      0.653869361612221,
      -0.198682196080199
    ],
    [
      0.0522680389701677,
      0.997420368326429,
      -0.0492002129038456,
      -0.000523372237668715
    ],
    [
      -0.655711447231381,
      -0.00288114121222319,
      -0.755006090700627,
      0.195344184885725
    ],
    [
      0.0,
      0.0,
      0.0,
      1.0
    ]
  ],
  "T_WH": {
    "0": [
      [
        -0.763797497889376,
        -0.644046076622573,
        0.0426384029368031,
        -0.231105366892173
      ],
      [
        -0.636928719932706,
        0.762762904488651,
        0.11186848198184,
        -0.0303501024653077
      ],
      [
        -0.10457144898496,
        0.058287243227899,
        -0.992807841092161,
        0.169207923515261
      ],
      [
        0.0,
        0.0,
        0.0,
        1.0
      ]
    ],
    "1": [
      [
        0.473749444966412,
        0.368402323353494,
        0.799900738555582,
        -0.166259025268225
      ],
      [
        0.785633493508522,
        -0.587206307976056,
        -0.194855756267874,
        0.0293033579899703
      ],
      [
        0.397921446106656,
        0.720741618071884,
        -0.567617866797294,
        0.221480446256189
      ],
      [
        0.0,
        0.0,
        0.0,
        1.0
      ]
    ],
    "2": [
      [
        -0.664767135898526,
        0.746714261000774,
        0.02241578567304,
        -0.226515041735134
      ],
      [
        0.739020220813341,
        0.661712874507033,
        -0.126432531180231,
        0.0334848011075837
      ],
      [
        -0.109241788058744,
        -0.0674824727592885,
        -0.991721910422484,
        0.169023530477679
      ],
      [
        0.0,
        0.0,
        0.0,
        1.0
      ]
    ],
    "3": [
      [
        0.346620717954953,
        -0.445363704820198,
        0.825533311449769,
        -0.170849350425264
      ],
      [
        -0.848455714139571,
        -0.524141023723749,
        0.0734784893266798,
        -0.0345315455829212
      ],
      [
        0.399971222750217,
        -0.725897622036778,
        -0.559549518177837,
        0.221664839293772
      ],
      [
        0.0,
        0.0,
        0.0,
        1.0
      ]
    ]
  },
  "T_WP": {
    "0": [
      [
        -0.0426384029368031,
        -0.644046076622573,
        -0.763797497889376,
        -0.284571191744429
      ],
      [
        -0.11186848198184,
        0.762762904488651,
        -0.636928719932706,
        -0.0749351128605971
      ],
      [
        0.992807841092161,
        0.058287243227899,
        -0.10457144898496,
        0.161887922086314
      ],
      [
        0.0,
        0.0,
        0.0,
        1.0
      ]
    ],
    "1": [
      [
        -0.799900738555582,
        0.368402323353494,
        0.473749444966412,
        -0.133096564120576
      ],
      [
        0.194855756267874,
        -0.587206307976056,
        0.785633493508522,
        0.0842977025355668
      ],
      [
        0.567617866797294,
        0.720741618071884,
        0.397921446106656,
        0.249334947483655
      ],
      [
        0.0,
        0.0,
        0.0,
        1.0
      ]
    ],
    "2": [
      [
        -0.0224157856730401,
        0.746714261000774,
        -0.664767135898526,
        -0.273048741248031
      ],
      [
        0.126432531180231,
        0.661712874507033,
        0.739020220813341,
        0.0852162165645176
      ],
      [
        0.991721910422484,
        -0.0674824727592885,
        -0.109241788058744,
        0.161376605313567
      ],
      [
        0.0,
        0.0,
        0.0,
        1.0
      ]
    ],
    "3": [
      [
        -0.825533311449769,
        -0.445363704820198,
        0.346620717954954,
        -0.146585900168417
      ],
      [
        -0.0734784893266798,
        -0.524141023723749,
        -0.848455714139571,
        -0.0939234455726911
      ],
      [
        0.559549518177837,
        -0.725897622036778,
        0.399971222750217,
        0.249662824886287
      ],
      [
        0.0,
        0.0,
        0.0,
        1.0
      ]
    ]
  },
  "simTime": 0.946499999999912,
  "state": [
    -0.198682196080199,
    -0.000523372237668715,
    0.195344184885725,
    0.349719198711423,
    0.0331116163069471,
    0.936165939465785,
    -0.0139081523692767,
    -0.469257700601221,
    -0.00226418842472825,
    -0.0481039842191537,
    0.470839343569167,
    12.9873210552112,
    -0.241819157923245,
    0.940849374777425,
    -0.273021987003097,
    0.198703334305347,
    0.027900421676876,
    0.986823270012828,
    -0.136836352205994,
    0.0262597490568677,
    -0.0822561368872722,
    0.940216309817563,
    0.275433625403643,
    0.198291515733363,
    -0.0284619665205251,
    0.985756248614738,
    0.140750912986692,
    0.0294896989252259,
    0.0872018145895579,
    -0.0758826273772687,
    -2.06094672820018,
    2.91111050471752,
    -1.12479132960762,
    -0.695023681878983,
    1.07879009830078,
    0.12437542623638,
    -2.04245727927681,
    -2.92535413046466,
    1.14243960986224,
    -0.71150780706094,
    -1.14552608209827
  ]
}