{
  "T_WB": [
    [
      0.730280240398671,
      -0.0120837509395987,
      0.683040813895106,
      -0.0221664425941989
    ],
    [
      -0.0133471723719463,
      0.99940032079484,
      0.0319507712715083,
      0.000346163967484054
    ],
    [
      -0.683017293685111,
      -0.0324496804052125,
      0.729681022617874,
      0.136524009955264
    ],
    [
      0.0,
      0.0,
      0.0,
      1.0
    ]
  ],
  "T_WH": {
    "0": [
      [
        0.351408688330536,
        0.126416102682454,
        0.927648048964903,
        0.029597889646014
      ],
      [
        -0.783580305214263,
        0.581966146088631,
        0.217525424001584,
        -0.0325146971603127
      ],
      [
        -0.512361043646113,
        -0.803327065266275,
        0.303565128373698,
        -0.0262823019744376
      ],
      [
        0.0,
        0.0,
        0.0,
        1.0
      ]
    ],
    "1": [
      [
        -0.638167305957156,
        -0.35441819696307,
        0.683469261392809,
        -0.029597889646014
      ],
      [
        0.597163849399342,
        -0.788184667056632,
        0.148863251299255,
        0.0325146971603127
      ],
      [
        0.485940147114791,
        0.503142795117124,
        0.71463942036791,
        0.0262823019744376
      ],
      [
        0.0,
        0.0,
        0.0,
        1.0
      ]
    ],
    "2": [
      [
        0.331773286870179,
        -0.0705890343327875,
        0.940714448890482,
        0.0288245295858797
      ],
      [
        0.728217325580936,
        0.653076348822002,
        -0.207823986423781,
        0.031446923370557
      ],
      [
        -0.599688263052653,
        0.753995007172652,
        0.268077444623015,
        -0.0283590815203712
      ],
      [
        0.0,
        0.0,
        0.0,
        1.0
      ]
    ],
    "3": [
      [
        -0.639367130652023,
        0.350357732811657,
        0.684440743454738,
        -0.0288245295858797
      ],
      [
        -0.564586725270318,
        -0.818200862416216,
        -0.108577982988723,
        -0.031446923370557
      ],
      [
        0.521968870614271,
        -0.455847351424176,
        0.720938062741333,
        0.0283590815203712
      ],
      [
        0.0,
        0.0,
        0.0,
        1.0
      ]
    ]
  },
  "T_WP": {
    "0": [
      [
        -0.927648048964903,
        0.126416102682454,
        0.351408688330536,
        0.0541964978291515
      ],
      [
        -0.217525424001584,
        0.581966146088631,
        -0.783580305214263,
        -0.0873653185253112
      ],
      [
        -0.303565128373698,
        -0.803327065266275,
        -0.512361043646113,
        -0.0621475750296656
      ],
      [
        0.0,
        0.0,
        0.0,
        1.0
      ]
    ],
    "1": [
      [
        -0.683469261392809,
        -0.35441819696307,
        -0.638167305957156,
        -0.0742696010630149
      ],
      [
        -0.148863251299255,
        -0.788184667056632,
        0.597163849399342,
        0.0743161666182667
      ],
      [
        -0.71463942036791,
        0.503142795117124,
        0.485940147114792,
        0.060298112272473
      ],
      [
        0.0,
        0.0,
        0.0,
        1.0
      ]
    ],
    "2": [
      [
        -0.940714448890482,
        -0.0705890343327875,
        0.331773286870179,
        0.0520486596667922
      ],
      [
        0.207823986423781,
        0.653076348822002,
        0.728217325580936,
        0.0824221361612225
      ],
      [
        -0.268077444623015,
        0.753995007172652,
        -0.599688263052653,
        -0.0703372599340569
      ],
      [
        0.0,
        0.0,
        0.0,
        1.0
      ]
    ],
    "3": [
      [
        -0.684440743454738,
        0.350357732811657,
        -0.639367130652023,
        -0.0735802287315213
      ],
      [
        0.108577982988723,
        -0.818200862416216,
        -0.564586725270318,
        -0.0709679941394793
      ],
      [
        -0.720938062741333,
        -0.455847351424176,
        0.521968870614271,
        0.0648969024633702
      ],
      [
        0.0,
        0.0,
        0.0,
        1.0
      ]
    ]
  }
}