{
  "T_WB": [
    [
      -2.22044604925031e-16,
      8.04763713232634e-20,
      1.0,
      -4.93290337538391e-36
    ],
    [
      -1.31300511720685e-18,
      1.0,
      -8.04763713232633e-20,
      4.88879671412511e-21
    ],
    [
      -1.0,
      -1.31300511720685e-18,
      -2.22044604925031e-16,
      0.328536502300002
    ],
    [
      0.0,
      0.0,
      0.0,
      1.0
    ]
  ],
  "T_WH": {
    "0": [
      [
        -1.57154957356677e-16,
        -1.53033679502223e-16,
        1.0,
        -8.8843594408836e-18
      ],
      [
        -0.707106779455507,
        0.707106782917588,
        -2.91418298108899e-18,
        -0.032
      ],
      [
        -0.707106782917588,
        -0.707106779455507,
        -2.19336488577074e-16,
        0.288536502300002
      ],
      [
        0.0,
        0.0,
        0.0,
        1.0
      ]
    ],
    "1": [
      [
        1.57154957356677e-16,
        1.5303707787017e-16,
        1.0,
        8.8843594408836e-18
      ],
      [
        0.707106779455507,
        -0.707106782917588,
        -2.91177997206285e-18,
        0.032
      ],
      [
        0.707106782917588,
        0.707106779455507,
        -2.19338891586088e-16,
        0.368536502300002
      ],
      [
        0.0,
        0.0,
        0.0,
        1.0
      ]
    ],
    "2": [
      [
        -1.57054892338429e-16,
        1.5415830478408e-16,
        1.0,
        -8.87920895311891e-18
      ],
      [
        0.707106779455507,
        0.707106782917588,
        2.04819616325873e-18,
        0.032
      ],
      [
        -0.707106782917588,
        0.707106779455507,
        -2.20060962085086e-16,
        0.288536502300002
      ],
      [
        0.0,
        0.0,
        0.0,
        1.0
      ]
    ],
    "3": [
      [
        1.57054892338429e-16,
        -1.53137349411419e-16,
        1.0,
        8.87920895311891e-18
      ],
      [
        -0.707106779455507,
        -0.707106782917588,
        2.77012063232315e-18,
        -0.032
      ],
      [
        0.707106782917588,
        -0.707106779455507,
        -2.19339037619556e-16,
        0.368536502300002
      ],
      [
        0.0,
        0.0,
        0.0,
        1.0
      ]
    ]
  },
  "T_WP": {
    "0": [
      [
        -1.0,
        -1.53033679502223e-16,
        -9.59226173993092e-17,
        -1.9885206455851e-17
      ],
      [
        -4.038361972469e-17,
        0.707106782917588,
        -0.707106779455507,
        -0.0814974745618855
      ],
      [
        1.76038685659304e-16,
        -0.707106779455507,
        -0.707106782917588,
        0.239039027495771
      ],
      [
        0.0,
        0.0,
        0.0,
        1.0
      ]
    ],
    "1": [
      [
        -1.0,
        1.5303707787017e-16,
        2.18387297314045e-16,
        1.9885206455851e-17
      ],
      [
        4.62095826778419e-17,
        -0.707106782917588,
        0.707106779455507,
        0.0814974745618855
      ],
      [
        2.62636694503859e-16,
        0.707106779455507,
        0.707106782917588,
        0.418033977104233
      ],
      [
        0.0,
        0.0,
        0.0,
        1.0
      ]
    ],
    "2": [
      [
        -1.0,
        1.5415830478408e-16,
        -9.58225523810616e-17,
        -1.9873051416809e-17
      ],
      [
        4.12496065425203e-17,
        0.707106782917588,
        0.707106779455507,
        0.0814974745618855
      ],
      [
        1.76763159167315e-16,
        0.707106779455507,
        -0.707106782917588,
        0.239039027495771
      ],
      [
        0.0,
        0.0,
        0.0,
        1.0
      ]
    ],
    "3": [
      [
        -1.0,
        -1.53137349411419e-16,
        2.18287232295797e-16,
        1.9873051416809e-17
      ],
      [
        -4.60679233381022e-17,
        -0.707106782917588,
        -0.707106779455507,
        -0.0814974745618855
      ],
      [
        2.62636840537326e-16,
        -0.707106779455507,
        0.707106782917588,
        0.418033977104233
      ],
      [
        0.0,
        0.0,
        0.0,
        1.0
      ]
    ]
  },
  "simTime": 0.186999999999996,
  "state": [
    -4.93290337538391e-36,
    4.88879671412511e-21,
    0.328536502300002,
    0.707106781186548,
    -4.35764717110817e-19,
    0.707106781186548,
    -4.92670104998783e-19,
    -7.3325016594532e-35,
    -1.43454406655791e-20,
    -1.83383419999996,
    6.46009183518674e-19,
    -9.13700318507394e-18,
    -1.67804276602077e-17,
    1.0,
    1.95933029687935e-18,
    4.44028580912742e-20,
    -7.52577609779694e-19,
    1.0,
    -1.95763111290588e-18,
    -4.44028580912737e-20,
    7.49406775644206e-19,
    1.0,
    -1.45392304397857e-18,
    5.12757367161529e-20,
    4.68635407671675e-19,
    1.0,
    1.96440073030883e-18,
    -5.12757367161523e-20,
    -7.44530861047215e-19,
    1.84285600074548e-17,
    4.59842066610513e-19,
    -1.83177941516911e-17,
    -1.8561264469359e-17,
    -4.59842066610509e-19,
    1.82937395805529e-17,
    -2.1384847635699e-17,
    3.57684587472102e-19,
    1.31179126936245e-17,
    1.85313315378162e-17,
    -3.57684587472098e-19,
    -1.83876090325606e-17
  ]
}