{
  "T_WB": [
    [
      0.315006071666336,
      0.0378737712434846,
      0.948333671375819,
      -0.157844029174387
    ],
    [
      0.0127427219791122,
      0.99894462527127,
      -0.0441277540580175,
      -0.000376648030549806
    ],
    [
      -0.949004108447327,
      0.0259848627750471,
      0.314191007281646,
      0.163814038328313
    ],
    [
      0.0,
      0.0,
      0.0,
      1.0
    ]
  ],
  "T_WH": {
    "0": [
      [
        -0.308704439592376,
        -0.27303904728427,
        0.911126362056359,
        -0.146455746987525
      ],
      [
        -0.831733494086761,
        0.542200641597259,
        -0.119322500249314,
        -0.031833167160066
      ],
      [
        -0.461433596295485,
        -0.794649698237921,
        -0.394475466030774,
        0.125022358381619
      ],
      [
        0.0,
        0.0,
        0.0,
        1.0
      ]
    ],
    "1": [
      [
        -0.206285821341148,
        -0.44484115206933,
        0.871528834485262,
        -0.169232311361249
      ],
      [
        0.855052248115801,
        -0.515002842945998,
        -0.060479126561596,
        0.0310798710989664
      ],
      [
        0.475743431805129,
        0.732726702927614,
        0.486600211581445,
        0.202605718275008
      ],
      [
        0.0,
        0.0,
        0.0,
        1.0
      ]
    ],
    "2": [
      [
        -0.240602220240309,
        0.312115247809673,
        0.919072708603699,
        -0.144031825627942
      ],
      [
        0.87520498862074,
        0.479174716891239,
        0.0663914044554841,
        0.0320992888572953
      ],
      [
        -0.419674635293586,
        0.820350938791995,
        -0.388455322674678,
        0.126685389599222
      ],
      [
        0.0,
        0.0,
        0.0,
        1.0
      ]
    ],
    "3": [
      [
        -0.271191635086313,
        0.414694041496204,
        0.868610355111402,
        -0.171656232720832
      ],
      [
        -0.868393546800933,
        -0.494640937878894,
        -0.0349712803423586,
        -0.0328525849183949
      ],
      [
        0.415147859122154,
        -0.763779545760315,
        0.494260114256107,
        0.200942687057405
      ],
      [
        0.0,
        0.0,
        0.0,
        1.0
      ]
    ]
  },
  "T_WP": {
    "0": [
      [
        -0.911126362056359,
        -0.27303904728427,
        -0.308704439592376,
        -0.168065057758991
      ],
      [
        0.119322500249314,
        0.542200641597259,
        -0.831733494086761,
        -0.0900545117461393
      ],
      [
        0.394475466030774,
        -0.794649698237921,
        -0.461433596295485,
        0.0927220066409347
      ],
      [
        0.0,
        0.0,
        0.0,
        1.0
      ]
    ],
    "1": [
      [
        -0.871528834485262,
        -0.44484115206933,
        -0.206285821341148,
        -0.183672318855129
      ],
      [
        0.060479126561596,
        -0.515002842945998,
        0.855052248115801,
        0.0909335284670725
      ],
      [
        -0.486600211581445,
        0.732726702927614,
        0.475743431805129,
        0.235907758501367
      ],
      [
        0.0,
        0.0,
        0.0,
        1.0
      ]
    ],
    "2": [
      [
        -0.919072708603699,
        0.312115247809673,
        -0.240602220240309,
        -0.160873981044764
      ],
      [
        -0.066391404455484,
        0.479174716891239,
        0.87520498862074,
        0.0933636380607471
      ],
      [
        0.388455322674678,
        0.820350938791995,
        -0.419674635293586,
        0.0973081651286707
      ],
      [
        0.0,
        0.0,
        0.0,
        1.0
      ]
    ],
    "3": [
      [
        -0.868610355111402,
        0.414694041496204,
        -0.271191635086313,
        -0.190639647176874
      ],
      [
        0.0349712803423586,
        -0.494640937878894,
        -0.868393546800933,
        -0.0936401331944602
      ],
      [
        -0.494260114256107,
        -0.763779545760315,
        0.415147859122154,
        0.230003037195956
      ],
      [
        0.0,
        0.0,
        0.0,
        1.0
      ]
    ]
  },
  "simTime": 0.856499999999922,
  "state": [
    -0.157844029174387,
    -0.000376648030549806,
    0.163814038328313,
    0.810577217823702,
    0.0216242867710087,
    0.58518107161871,
    -0.00775097322986887,
    -0.419666466277647,
    -0.00196574418018433,
    0.757565867837395,
    0.486538710272748,
    13.066259869156,
    -0.207830704891957,
    0.924852040959591,
    -0.251927149190514,
    0.252674518957488,
    -0.131670047099638,
    0.987975775261435,
    -0.0790263737035113,
    0.0522269401672106,
    -0.122192661304229,
    0.92535622241919,
    0.252390952925541,
    0.250986942323363,
    0.130461577848015,
    0.986557652203053,
    0.0814130195689768,
    0.0555702538061666,
    0.130337508094102,
    -2.07636714944695,
    -2.3392288863608,
    2.66084204276846,
    -1.33441770509349,
    -0.932999474611044,
    0.444598668012794,
    2.10431222730019,
    -2.30362702720357,
    -2.61516769070912,
    1.37987638212497,
    -0.966410257338173,
    -0.497523730127664
  ]
}