{
  "arms": {
    "0": [
      [
        0.473180502653122,
        -0.337349086999893,
        -0.813815474510193,
        -0.0434976555407047
      ],
      [
        0.822859466075897,
        0.499181568622589,
        0.271514385938644,
        0.283692389726639
      ],
      [
        0.314646601676941,
        -0.798131108283997,
        0.5137939453125,
        0.031963013112545
      ],
      [
        0.0,
        0.0,
        0.0,
        1.0
      ]
    ],
    "1": [
      [
        0.816210329532623,
        -0.463821440935135,
        0.344485491514206,
        0.023297842592001
      ],
      [
        0.57081127166748,
        0.555216729640961,
        -0.604903995990753,
        0.239665746688843
      ],
      [
        0.0893033593893051,
        0.690365195274353,
        0.717928111553192,
        0.0320905260741711
      ],
      [
        0.0,
        0.0,
        0.0,
        1.0
      ]
    ],
    "2": [
      [
        0.79042375087738,
        0.534361839294434,
        0.299478858709335,
        0.0231056492775679
      ],
      [
        0.609252393245697,
        -0.635055482387543,
        -0.474885374307632,
        0.239188805222511
      ],
      [
        -0.0635749474167824,
        0.55781888961792,
        -0.827524185180664,
        -0.0319074057042599
      ],
      [
        0.0,
        0.0,
        0.0,
        1.0
      ]
    ],
    "3": [
      [
        0.430986374616623,
        0.46780326962471,
        -0.771628618240356,
        -0.0436898469924927
      ],
      [
        0.824295461177826,
        -0.552020907402039,
        0.125737860798836,
        0.283215433359146
      ],
      [
        -0.367134511470795,
        -0.690241277217865,
        -0.623521625995636,
        -0.0320349223911762
      ],
      [
        0.0,
        0.0,
        0.0,
        1.0
      ]
    ]
  },
  "base": [
    [
      -0.83494371175766,
      -0.00300300377421081,
      -0.550327003002167,
      -0.0101960022002459
    ],
    [
      0.550332963466644,
      -0.00745229236781597,
      -0.834912061691284,
      0.261440604925156
    ],
    [
      -0.00159395392984152,
      -0.999967694282532,
      0.00787489674985409,
      2.78023126156768e-05
    ],
    [
      0.0,
      0.0,
      0.0,
      1.0
    ]
  ]
}