{
  "T_WB": [
    [
      0.999256491968243,
      -0.00254507301099022,
      -0.0384705843819717,
      -0.0051215390179643
    ],
    [
      0.00267085259210345,
      0.999991253992334,
      0.00321846007739479,
      5.15489599364389e-06
    ],
    [
      0.0384620567020659,
      -0.00331881638649368,
      0.999254549978152,
      0.35508128695519
    ],
    [
      0.0,
      0.0,
      0.0,
      1.0
    ]
  ],
  "T_WH": {
    "0": [
      [
        0.578888239711931,
        0.787387524974185,
        -0.211918124374131,
        0.0400517020150814
      ],
      [
        -0.813174905325606,
        0.538249778277314,
        -0.221435655514447,
        -0.0318928860240706
      ],
      [
        -0.0602907892792365,
        0.30051299755493,
        0.951870242747738,
        0.00164468439245043
      ],
      [
        0.0,
        0.0,
        0.0,
        1.0
      ]
    ],
    "1": [
      [
        -0.693448147215921,
        -0.689302182858139,
        -0.209743099599987,
        -0.0400517020150814
      ],
      [
        0.710129525822141,
        -0.70308893655211,
        -0.0371753124216137,
        0.0318928860240706
      ],
      [
        -0.121843028846247,
        -0.174723919384346,
        0.97704955264129,
        -0.00164468439245043
      ],
      [
        0.0,
        0.0,
        0.0,
        1.0
      ]
    ],
    "2": [
      [
        0.573984533874035,
        -0.790903460132499,
        -0.212163784901775,
        0.039888817342378
      ],
      [
        0.816260568126748,
        0.531967573000829,
        0.225231405885162,
        0.0321065542314388
      ],
      [
        -0.0652720445122149,
        -0.302460275120632,
        0.950924467126147,
        0.00143228014371484
      ],
      [
        0.0,
        0.0,
        0.0,
        1.0
      ]
    ],
    "3": [
      [
        -0.692534009106603,
        0.690808383600568,
        -0.207798997538262,
        -0.039888817342378
      ],
      [
        -0.711790626647535,
        -0.701183996437446,
        0.0411716766323921,
        -0.0321065542314388
      ],
      [
        -0.117263592165026,
        0.17642216495436,
        0.977304696430633,
        -0.00143228014371484
      ],
      [
        0.0,
        0.0,
        0.0,
        1.0
      ]
    ]
  },
  "T_WP": {
    "0": [
      [
        0.211918124374131,
        0.787387524974185,
        0.578888239711931,
        0.0805738787949165
      ],
      [
        0.221435655514447,
        0.538249778277314,
        -0.813174905325606,
        -0.088815129396863
      ],
      [
        -0.951870242747738,
        0.30051299755493,
        -0.0602907892792364,
        -0.00257567085709612
      ],
      [
        0.0,
        0.0,
        0.0,
        1.0
      ]
    ],
    "1": [
      [
        0.209743099599987,
        -0.689302182858139,
        -0.693448147215921,
        -0.0885930723201959
      ],
      [
        0.0371753124216138,
        -0.70308893655211,
        0.710129525822141,
        0.0816019528316204
      ],
      [
        -0.97704955264129,
        -0.174723919384346,
        -0.121843028846246,
        -0.0101736964116877
      ],
      [
        0.0,
        0.0,
        0.0,
        1.0
      ]
    ],
    "2": [
      [
        0.212163784901775,
        -0.790903460132499,
        0.573984533874035,
        0.0800677347135605
      ],
      [
        -0.225231405885162,
        0.531967573000829,
        0.816260568126748,
        0.0892447940003112
      ],
      [
        -0.950924467126147,
        -0.302460275120632,
        -0.0652720445122148,
        -0.0031367629721402
      ],
      [
        0.0,
        0.0,
        0.0,
        1.0
      ]
    ],
    "3": [
      [
        0.207798997538262,
        0.690808383600568,
        -0.692534009106603,
        -0.0883661979798402
      ],
      [
        -0.0411716766323922,
        -0.701183996437446,
        -0.711790626647535,
        -0.0819318980967663
      ],
      [
        -0.977304696430633,
        0.17642216495436,
        -0.117263592165026,
        -0.00964073159526663
      ],
      [
        0.0,
        0.0,
        0.0,
        1.0
      ]
    ]
  }
}