{
  "T_WB": [
    [
      -0.0324140312176779,
      0.0515386077601615,
      0.998144830418093,
      -0.169546912896869
    ],
    [
      0.0238998027337418,
      0.998424011347303,
      -0.0507768942970113,
      -0.000422042004999621
    ],
    [
      -0.999188735930058,
      0.0222095807098165,
      -0.0335947096309301,
      0.180898421379801
    ],
    [
      0.0,
      0.0,
      0.0,
      1.0
    ]
  ],
  "T_WH": {
    "0": [
      [
        -0.449821341504348,
        -0.527917745542535,
        0.720391292748959,
        -0.172492709593901
      ],
      [
        -0.785916761341375,
        0.617133298611735,
        -0.0384881278744951,
        -0.0314156182587636
      ],
      [
        -0.424258889087681,
        -0.583480373008284,
        -0.692499133099963,
        0.140220165359885
      ],
      [
        0.0,
        0.0,
        0.0,
        1.0
      ]
    ],
    "1": [
      [
        -0.00219806205225351,
        -0.202253935285794,
        0.979330645994816,
        -0.166601116199837
      ],
      [
        0.839730879566117,
        -0.532150821649665,
        -0.108016447454554,
        0.0305715342487644
      ],
      [
        0.542998359506114,
        0.822136757893111,
        0.171008575500392,
        0.221576677399717
      ],
      [
        0.0,
        0.0,
        0.0,
        1.0
      ]
    ],
    "2": [
      [
        -0.363429971876315,
        0.588603264831234,
        0.722125233025403,
        -0.169194238697251
      ],
      [
        0.845984794610556,
        0.533134540568948,
        -0.00879141285989987,
        0.0324835184674637
      ],
      [
        -0.390164558654059,
        0.607711904015669,
        -0.691706483190619,
        0.141641578525313
      ],
      [
        0.0,
        0.0,
        0.0,
        1.0
      ]
    ],
    "3": [
      [
        -0.0948107489198447,
        0.155826230932078,
        0.983223833947673,
        -0.169899587096487
      ],
      [
        -0.865491137225396,
        -0.500907689462759,
        -0.00407161164297362,
        -0.033327602477463
      ],
      [
        0.4918699149913,
        -0.851357546739666,
        0.182357654996625,
        0.220155264234289
      ],
      [
        0.0,
        0.0,
        0.0,
        1.0
      ]
    ]
  },
  "T_WP": {
    "0": [
      [
        -0.720391292748959,
        -0.527917745542535,
        -0.449821341504348,
        -0.203980203499206
      ],
      [
        0.0384881278744951,
        0.617133298611735,
        -0.785916761341375,
        -0.0864297915526599
      ],
      [
        0.692499133099963,
        -0.583480373008284,
        -0.424258889087681,
        0.110522043123747
      ],
      [
        0.0,
        0.0,
        0.0,
        1.0
      ]
    ],
    "1": [
      [
        -0.979330645994816,
        -0.202253935285794,
        -0.00219806205225345,
        -0.166754980543494
      ],
      [
        0.108016447454555,
        -0.532150821649665,
        0.839730879566117,
        0.0893526958183926
      ],
      [
        -0.171008575500392,
        0.822136757893111,
        0.542998359506114,
        0.259586562565145
      ],
      [
        0.0,
        0.0,
        0.0,
        1.0
      ]
    ],
    "2": [
      [
        -0.722125233025403,
        0.588603264831234,
        -0.363429971876315,
        -0.194634336728593
      ],
      [
        0.00879141285989992,
        0.533134540568948,
        0.845984794610556,
        0.0917024540902026
      ],
      [
        0.691706483190619,
        0.607711904015669,
        -0.390164558654059,
        0.114330059419529
      ],
      [
        0.0,
        0.0,
        0.0,
        1.0
      ]
    ],
    "3": [
      [
        -0.983223833947673,
        0.155826230932078,
        -0.0948107489198447,
        -0.176536339520876
      ],
      [
        0.00407161164297357,
        -0.500907689462759,
        -0.865491137225396,
        -0.0939119820832407
      ],
      [
        -0.182357654996625,
        -0.851357546739666,
        0.4918699149913,
        0.25458615828368
      ],
      [
        0.0,
        0.0,
        0.0,
        1.0
      ]
    ]
  },
  "simTime": 0.883499999999919,
  "state": [
    -0.169546912896869,
    -0.000422042004999621,
    0.180898421379801,
    0.69505670101415,
    0.0262519859532086,
    0.718406701005063,
    -0.00994120515135391,
    -0.445891161249331,
    -0.00146366783079758,
    0.509364668704222,
    0.481646342813782,
    13.076233334315,
    -0.216252383888284,
    0.930191952226451,
    -0.268490281218994,
    0.236169936856254,
    -0.0829437268839717,
    0.987842050620969,
    -0.0975498675310637,
    0.0430956426057356,
    -0.113114419761716,
    0.930306478470623,
    0.269478720417183,
    0.234832696969288,
    0.0822476734749167,
    0.986536979511765,
    0.100563952765566,
    0.0463330577675268,
    0.120353343193609,
    -1.48644876573019,
    -2.27116929547815,
    2.86493930239957,
    -1.28483482660199,
    -0.847687897517382,
    0.634152082264165,
    1.52433761125172,
    -2.23655426185782,
    -2.83335887875976,
    1.32390429008051,
    -0.877001932736575,
    -0.694193624162148
  ]
}