{
  "T_WB": [
    [
      -0.997490245010846,
      0.0671631217587059,
      -0.0224126344687338,
      -0.224850995118725
    ],
    [
      0.0678342766676433,
      0.9972252558992,
      -0.0306643099670005,
      -0.000734844707104339
    ],
    [
      0.020290934359498,
      -0.0321076949094747,
      -0.999278426621139,
      0.17815533347448
    ],
    [
      0.0,
      0.0,
      0.0,
      1.0
    ]
  ],
  "T_WH": {
    "0": [
      [
        -0.771095825199126,
        -0.331633201450854,
        -0.543535323650577,
        -0.266899824815437
      ],
      [
        -0.490860382755633,
        0.853335291727948,
        0.175712732983614,
        -0.029932681829173
      ],
      [
        0.405545697796775,
        0.402291311846323,
        -0.820788881145141,
        0.179994417085963
      ],
      [
        0.0,
        0.0,
        0.0,
        1.0
      ]
    ],
    "1": [
      [
        0.690287300312887,
        0.68719283282016,
        0.226427590075393,
        -0.182802165422012
      ],
      [
        0.72322436948022,
        -0.646158217655003,
        -0.243774627775019,
        0.0284629924149643
      ],
      [
        -0.0212121289993613,
        0.332032480756798,
        -0.943029414867745,
        0.176316249862997
      ],
      [
        0.0,
        0.0,
        0.0,
        1.0
      ]
    ],
    "2": [
      [
        -0.697255301472265,
        0.435240416713062,
        -0.569561958199686,
        -0.26260138502288
      ],
      [
        0.612870009469795,
        0.774072384050531,
        -0.158752309409409,
        0.0338897345483758
      ],
      [
        0.371786761546608,
        -0.459758332072153,
        -0.80647187181508,
        0.177939524611757
      ],
      [
        0.0,
        0.0,
        0.0,
        1.0
      ]
    ],
    "3": [
      [
        0.581484928438622,
        -0.769564787020398,
        0.263903991210784,
        -0.187100605214569
      ],
      [
        -0.812852161336717,
        -0.56306653782427,
        0.149088691029259,
        -0.0353594239625845
      ],
      [
        0.0338620998899817,
        -0.301207756475228,
        -0.952957105871089,
        0.178371142337203
      ],
      [
        0.0,
        0.0,
        0.0,
        1.0
      ]
    ]
  },
  "T_WP": {
    "0": [
      [
        0.543535323650577,
        -0.331633201450854,
        -0.771095825199126,
        -0.320876532579376
      ],
      [
        -0.175712732983614,
        0.853335291727948,
        -0.490860382755633,
        -0.0642929086220674
      ],
      [
        0.820788881145141,
        0.402291311846323,
        0.405545697796775,
        0.208382615931737
      ],
      [
        0.0,
        0.0,
        0.0,
        1.0
      ]
    ],
    "1": [
      [
        -0.226427590075393,
        0.68719283282016,
        0.690287300312887,
        -0.13448205440011
      ],
      [
        0.243774627775019,
        -0.646158217655003,
        0.72322436948022,
        0.0790886982785797
      ],
      [
        0.943029414867745,
        0.332032480756798,
        -0.0212121289993614,
        0.174831400833042
      ],
      [
        0.0,
        0.0,
        0.0,
        1.0
      ]
    ],
    "2": [
      [
        0.569561958199686,
        0.435240416713062,
        -0.697255301472265,
        -0.311409256125939
      ],
      [
        0.158752309409409,
        0.774072384050531,
        0.612870009469795,
        0.0767906352112615
      ],
      [
        0.80647187181508,
        -0.459758332072153,
        0.371786761546608,
        0.203964597920019
      ],
      [
        0.0,
        0.0,
        0.0,
        1.0
      ]
    ],
    "3": [
      [
        -0.263903991210784,
        -0.769564787020398,
        0.581484928438622,
        -0.146396660223866
      ],
      [
        -0.149088691029259,
        -0.56306653782427,
        -0.812852161336717,
        -0.0922590752561547
      ],
      [
        0.952957105871089,
        -0.301207756475228,
        0.0338620998899816,
        0.180741489329502
      ],
      [
        0.0,
        0.0,
        0.0,
        1.0
      ]
    ]
  },
  "simTime": 1.00349999999991,
  "state": [
    -0.224850995118725,
    -0.000734844707104339,
    0.17815533347448,
    -0.0106839162671763,
    0.0337747158059593,
    0.999248958910039,
    -0.0157047961663492,
    -0.442612993589371,
    -0.00549329481878146,
    -0.559166472931094,
    0.464917601026906,
    12.7992317808206,
    -0.268569105519364,
    0.949019906889581,
    -0.241692569919411,
    0.167598974836055,
    0.113386514219926,
    0.985133735305722,
    -0.165470831679669,
    0.0156447409981254,
    -0.0434300530155859,
    0.947899853414563,
    0.245058243477353,
    0.167883229397516,
    -0.115097986461561,
    0.984248415920803,
    0.16953644690598,
    0.0191284405119618,
    0.0463308934887419,
    0.999384957717984,
    -1.83847284249609,
    2.48482475791945,
    -0.863472089916983,
    -0.584753797753917,
    1.43586477049299,
    -0.965723708587353,
    -1.83935572714289,
    -2.53511434627076,
    0.86427243474648,
    -0.592768043064003,
    -1.49974811051109
  ]
}