{
  "arms": {
    "0": [
      [
        0.822206914424896,
        0.525181949138641,
        0.219452813267708,
        0.0103211738169193
      ],
      [
        -0.458371192216873,
        0.382357239723206,
        0.80230838060379,
        0.627905368804932
      ],
      [
        0.337448596954346,
        -0.760254442691803,
        0.555105030536652,
        0.0320493094623089
      ],
      [
        0.0,
        0.0,
        0.0,
        1.0
      ]
    ],
    "1": [
      [
        0.887910664081573,
        0.279183924198151,
        -0.365610182285309,
        -0.0247359797358513
      ],
      [
        -0.447929948568344,
        0.705700397491455,
        -0.548949599266052,
        0.555995762348175
      ],
      [
        0.104753337800503,
        0.651185989379883,
        0.751653790473938,
        0.0320992171764374
      ],
      [
        0.0,
        0.0,
        0.0,
        1.0
      ]
    ],
    "2": [
      [
        0.694443583488464,
        -0.606209754943848,
        -0.387630790472031,
        -0.0249891690909863
      ],
      [
        -0.718046188354492,
        -0.549063563346863,
        -0.427713543176651,
        0.556074798107147
      ],
      [
        0.0464502163231373,
        0.575359761714935,
        -0.816580355167389,
        -0.0319002345204353
      ],
      [
        0.0,
        0.0,
        0.0,
        1.0
      ]
    ],
    "3": [
      [
        0.94093656539917,
        -0.234149545431137,
        0.244565352797508,
        0.0100679835304618
      ],
      [
        -0.338097959756851,
        -0.61114364862442,
        0.715676784515381,
        0.627984404563904
      ],
      [
        -0.0181108247488737,
        -0.756093561649323,
        -0.654212951660156,
        -0.0319501385092735
      ],
      [
        0.0,
        0.0,
        0.0,
        1.0
      ]
    ]
  },
  "base": [
    [
      0.438214421272278,
      -0.00395608553662896,
      -0.898861706256866,
      -0.00733399763703346
    ],
    [
      0.898870229721069,
      0.00123460683971643,
      0.438213139772415,
      0.591990113258362
    ],
    [
      -0.000623868021648377,
      -0.999991416931152,
      0.00409703049808741,
      7.45388097129762e-05
    ],
    [
      0.0,
      0.0,
      0.0,
      1.0
    ]
  ]
}