{
  "T_WB": [
    [
      -2.22044604925031e-16,
      3.7284103369428e-20,
      1.0,
      -6.77118257944213e-37
    ],
    [
      -4.32487034531468e-19,
      1.0,
      -3.7284103369428e-20,
      5.16706542601336e-21
    ],
    [
      -1.0,
      -4.32487034531468e-19,
      -2.22044604925031e-16,
      0.425213642575001
    ],
    [
      0.0,
      0.0,
      0.0,
      1.0
    ]
  ],
  "T_WH": {
    "0": [
      [
        -1.57089418367801e-16,
        -1.54400687001413e-16,
        1.0,
        -8.88297728830907e-18
      ],
      [
        -0.707106779455507,
        0.707106782917588,
        -1.90121964275957e-18,
        -0.032
      ],
      [
        -0.707106782917588,
        -0.707106779455507,
        -2.20256765783738e-16,
        0.385213642575001
      ],
      [
        0.0,
        0.0,
        0.0,
        1.0
      ]
    ],
    "1": [
      [
        1.57089418367801e-16,
        1.54407415306706e-16,
        1.0,
        8.88297728830907e-18
      ],
      [
        0.707106779455507,
        -0.707106782917588,
        -1.89646201244931e-18,
        0.032
      ],
      [
        0.707106782917588,
        0.707106779455507,
        -2.20261523414025e-16,
        0.465213642575001
      ],
      [
        0.0,
        0.0,
        0.0,
        1.0
      ]
    ],
    "2": [
      [
        -1.5705206403606e-16,
        1.55519014912885e-16,
        1.0,
        -8.88059110569343e-18
      ],
      [
        0.707106779455507,
        0.707106782917588,
        1.08402888981574e-18,
        0.032
      ],
      [
        -0.707106782917588,
        0.707106779455507,
        -2.21021129530249e-16,
        0.385213642575001
      ],
      [
        0.0,
        0.0,
        0.0,
        1.0
      ]
    ],
    "3": [
      [
        1.5705206403606e-16,
        -1.54448582618399e-16,
        1.0,
        8.88059110569343e-18
      ],
      [
        -0.707106779455507,
        -0.707106782917588,
        1.84093882590126e-18,
        -0.032
      ],
      [
        0.707106782917588,
        -0.707106779455507,
        -2.20264219597869e-16,
        0.465213642575001
      ],
      [
        0.0,
        0.0,
        0.0,
        1.0
      ]
    ]
  },
  "T_WP": {
    "0": [
      [
        -1.0,
        -1.54400687001413e-16,
        -9.58570784104331e-17,
        -1.98792365740551e-17
      ],
      [
        -4.13965830630195e-17,
        0.707106782917588,
        -0.707106779455507,
        -0.0814974745618855
      ],
      [
        1.76958962865968e-16,
        -0.707106779455507,
        -0.707106782917588,
        0.33571616777077
      ],
      [
        0.0,
        0.0,
        0.0,
        1.0
      ]
    ],
    "1": [
      [
        -1.0,
        1.54407415306706e-16,
        2.18321758325168e-16,
        1.98792365740551e-17
      ],
      [
        4.51942647182283e-17,
        -0.707106782917588,
        0.707106779455507,
        0.0814974745618855
      ],
      [
        2.63559326331795e-16,
        0.707106779455507,
        0.707106782917588,
        0.514711117379232
      ],
      [
        0.0,
        0.0,
        0.0,
        1.0
      ]
    ],
    "2": [
      [
        -1.0,
        1.55519014912885e-16,
        -9.58197240786923e-17,
        -1.98742355882176e-17
      ],
      [
        4.22137738159633e-17,
        0.707106782917588,
        0.707106779455507,
        0.0814974745618855
      ],
      [
        1.77723326612478e-16,
        0.707106779455507,
        -0.707106782917588,
        0.33571616777077
      ],
      [
        0.0,
        0.0,
        0.0,
        1.0
      ]
    ],
    "3": [
      [
        -1.0,
        -1.54448582618399e-16,
        2.18284403993428e-16,
        1.98742355882176e-17
      ],
      [
        -4.51387415316803e-17,
        -0.707106782917588,
        -0.707106779455507,
        -0.0814974745618855
      ],
      [
        2.63562022515639e-16,
        -0.707106779455507,
        0.707106782917588,
        0.514711117379232
      ],
      [
        0.0,
        0.0,
        0.0,
        1.0
      ]
    ]
  },
  "simTime": 0.123500000000003,
  "state": [
    -6.77118257944213e-37,
    5.16706542601336e-21,
    0.425213642575001,
    0.707106781186548,
    -1.39725336284739e-19,
    0.707106781186548,
    -1.66089178607722e-19,
    -5.01803815589611e-35,
    1.74364695774431e-20,
    -1.21111509999998,
    6.67494347099354e-19,
    -5.67811317908461e-18,
    -1.03374656890618e-17,
    1.0,
    1.29109732010421e-18,
    2.69041363983482e-20,
    -2.7763342620815e-19,
    1.0,
    -1.28773316745768e-18,
    -2.69041363983478e-20,
    2.75476229678806e-19,
    1.0,
    -7.58297206755732e-19,
    3.45908127864057e-20,
    1.59310321103692e-19,
    1.0,
    1.29351335399904e-18,
    -3.45908127864053e-20,
    -2.69932483392444e-19,
    2.31346946196171e-17,
    6.02364844203071e-19,
    -1.13783975209572e-17,
    -2.33347517571198e-17,
    -6.02364844203066e-19,
    1.13414195758591e-17,
    -1.96348882353899e-17,
    6.88393205353091e-19,
    6.60237847332223e-18,
    2.32776583681671e-17,
    -6.88393205353085e-19,
    -1.12645770632922e-17
  ]
}