{
  "T_WB": [
    [
      -0.111725938487347,
      0.0731042943852335,
      -0.991046455425556,
      -0.275238816719175
    ],
    [
      -0.0920250273760188,
      0.992243888972136,
      0.0835670936068431,
      -0.00325537872880996
    ],
    [
      0.989468902495457,
      0.100537689151328,
      -0.104131955011641,
      0.147411370566606
    ],
    [
      0.0,
      0.0,
      0.0,
      1.0
    ]
  ],
  "T_WH": {
    "0": [
      [
        0.188300638216457,
        0.228491488128047,
        -0.955162033112867,
        -0.282047191678997
      ],
      [
        -0.437061143866331,
        0.89044222625283,
        0.126847145132074,
        -0.0386881842709591
      ],
      [
        0.879500100153223,
        0.393578812385695,
        0.267535590663255,
        0.183772920613581
      ],
      [
        0.0,
        0.0,
        0.0,
        1.0
      ]
    ],
    "1": [
      [
        0.429777453490979,
        0.336707992617118,
        -0.837806104166448,
        -0.268430441759354
      ],
      [
        0.715074138477575,
        -0.693472691741185,
        0.0881169807119436,
        0.0321774268133391
      ],
      [
        -0.551325962522503,
        -0.636964169727769,
        -0.53881010526126,
        0.11104982051963
      ],
      [
        0.0,
        0.0,
        0.0,
        1.0
      ]
    ],
    "2": [
      [
        0.219373529819973,
        -0.00165618695937192,
        -0.97563953971694,
        -0.277368516838342
      ],
      [
        0.280174611469585,
        0.957985254383147,
        0.0613713245117294,
        0.0248154246232576
      ],
      [
        0.934546650254653,
        -0.286812673062424,
        0.210620628307379,
        0.190207332719266
      ],
      [
        0.0,
        0.0,
        0.0,
        1.0
      ]
    ],
    "3": [
      [
        0.108295707943242,
        -0.453088038918373,
        -0.884863418065283,
        -0.273109116600009
      ],
      [
        -0.462306576156161,
        -0.810947522578712,
        0.358659651015022,
        -0.0313261820808775
      ],
      [
        -0.880082194618116,
        0.370236876354251,
        -0.297287716032143,
        0.104615408413945
      ],
      [
        0.0,
        0.0,
        0.0,
        1.0
      ]
    ]
  },
  "T_WP": {
    "0": [
      [
        0.955162033112867,
        0.228491488128047,
        0.188300638216457,
        -0.268866147003845
      ],
      [
        -0.126847145132074,
        0.89044222625283,
        -0.437061143866331,
        -0.0692824643416023
      ],
      [
        -0.267535590663255,
        0.393578812385695,
        0.879500100153223,
        0.245337927624307
      ],
      [
        0.0,
        0.0,
        0.0,
        1.0
      ]
    ],
    "1": [
      [
        0.837806104166448,
        0.336707992617118,
        0.429777453490979,
        -0.238346020014986
      ],
      [
        -0.0881169807119435,
        -0.693472691741185,
        0.715074138477575,
        0.0822326165067694
      ],
      [
        0.53881010526126,
        -0.636964169727769,
        -0.551325962522503,
        0.0724570031430545
      ],
      [
        0.0,
        0.0,
        0.0,
        1.0
      ]
    ],
    "2": [
      [
        0.97563953971694,
        -0.00165618695937192,
        0.219373529819973,
        -0.262012369750944
      ],
      [
        -0.0613713245117293,
        0.957985254383147,
        0.280174611469585,
        0.0444276474261286
      ],
      [
        -0.210620628307379,
        -0.286812673062424,
        0.934546650254653,
        0.255625598237092
      ],
      [
        0.0,
        0.0,
        0.0,
        1.0
      ]
    ],
    "3": [
      [
        0.884863418065283,
        -0.453088038918373,
        0.108295707943242,
        -0.265528417043982
      ],
      [
        -0.358659651015022,
        -0.810947522578712,
        -0.462306576156161,
        -0.0636876424118088
      ],
      [
        0.297287716032142,
        0.370236876354251,
        -0.880082194618116,
        0.0430096547906766
      ],
      [
        0.0,
        0.0,
        0.0,
        1.0
      ]
    ]
  },
  "simTime": 1.13149999999989,
  "state": [
    -0.275238816719175,
    -0.00325537872880996,
    0.147411370566606,
    -0.666405656389775,
    -0.00636646589872232,
    0.742984148968052,
    0.0619477491592109,
    -0.321364293538747,
    -0.0203637775470715,
    0.465438459747963,
    -1.89906152386449,
    8.8781359785976,
    -2.77839190258036,
    0.95610972109051,
    -0.132320393256002,
    0.133475534506376,
    0.224788337004039,
    0.972921091810846,
    -0.170012189197541,
    0.155589060611722,
    0.0176762227812411,
    0.969188349529171,
    0.0836811883768724,
    0.133967392273932,
    -0.189008305785956,
    0.978151030670211,
    0.176074650927726,
    0.0079178561263805,
    -0.110252374368285,
    1.9202392305264,
    -1.15868773880661,
    1.19375769517523,
    -0.232712262111139,
    -0.28073186443459,
    1.66759192286559,
    -2.28107475186209,
    -1.21123690579034,
    -0.449217736190929,
    -0.502900725940918,
    -0.306554907976721,
    -2.33076880441421
  ]
}