{
  "T_WB": [
    [
      0.145725775642966,
      -0.000112929441820315,
      0.989325015129102,
      -0.00301026158703713
    ],
    [
      0.000122071501175394,
      0.999999987925223,
      9.61670581549143e-05,
      -5.15302522590729e-07
    ],
    [
      -0.989325014043315,
      0.000106754370606252,
      0.145725787668826,
      0.163472397076636
    ],
    [
      0.0,
      0.0,
      0.0,
      1.0
    ]
  ],
  "T_WH": {
    "0": [
      [
        0.364450313857076,
        0.684213087179623,
        0.631686963662864,
        0.00282238318081977
      ],
      [
        -0.597989290443922,
        0.691954895770168,
        -0.404483906644097,
        -0.0319956320560827
      ],
      [
        -0.713852069580143,
        -0.230327752456854,
        0.661335277453366,
        0.123895980375044
      ],
      [
        0.0,
        0.0,
        0.0,
        1.0
      ]
    ],
    "1": [
      [
        -0.0383163905321381,
        -0.0570743811415183,
        0.997634386553462,
        -0.00884290635489402
      ],
      [
        0.66239042894147,
        -0.748956551485732,
        -0.0174069995500616,
        0.0319946014510375
      ],
      [
        0.748178303523515,
        0.660156495843155,
        0.0665028355242299,
        0.203048813778228
      ],
      [
        0.0,
        0.0,
        0.0,
        1.0
      ]
    ],
    "2": [
      [
        0.365008565169569,
        -0.684408351920534,
        0.631152877815092,
        0.00281515569654327
      ],
      [
        0.598051741851887,
        0.691924966997747,
        0.404442769886037,
        0.0320043671711316
      ],
      [
        -0.713514443736619,
        0.229837002822839,
        0.661870146412904,
        0.123902812654763
      ],
      [
        0.0,
        0.0,
        0.0,
        1.0
      ]
    ],
    "3": [
      [
        -0.0382856612567137,
        0.0573997172798688,
        0.99761690071807,
        -0.00883567887061753
      ],
      [
        -0.662474282661184,
        -0.748876360723416,
        0.0176641207593481,
        -0.0320053977761767
      ],
      [
        0.748105629543506,
        -0.660219258130087,
        0.0666970631997531,
        0.20304198149851
      ],
      [
        0.0,
        0.0,
        0.0,
        1.0
      ]
    ]
  },
  "T_WP": {
    "0": [
      [
        -0.631686963662864,
        0.684213087179623,
        0.364450313857076,
        0.0283339051508151
      ],
      [
        0.404483906644097,
        0.691954895770168,
        -0.597989290443922,
        -0.0738548823871573
      ],
      [
        -0.661335277453366,
        -0.230327752456854,
        -0.713852069580143,
        0.0739263355044343
      ],
      [
        0.0,
        0.0,
        0.0,
        1.0
      ]
    ],
    "1": [
      [
        -0.997634386553462,
        -0.0570743811415183,
        -0.038316390532138,
        -0.0115250536921437
      ],
      [
        0.0174069995500616,
        -0.748956551485732,
        0.66239042894147,
        0.0783619314769404
      ],
      [
        -0.0665028355242299,
        0.660156495843155,
        0.748178303523515,
        0.255421295024874
      ],
      [
        0.0,
        0.0,
        0.0,
        1.0
      ]
    ],
    "2": [
      [
        -0.631152877815092,
        -0.684408351920534,
        0.365008565169569,
        0.0283657552584131
      ],
      [
        -0.404442769886037,
        0.691924966997747,
        0.598051741851887,
        0.0738679891007637
      ],
      [
        -0.661870146412904,
        0.229837002822839,
        -0.713514443736619,
        0.0739568015931999
      ],
      [
        0.0,
        0.0,
        0.0,
        1.0
      ]
    ],
    "3": [
      [
        -0.99761690071807,
        0.0573997172798688,
        -0.0382856612567137,
        -0.0115156751585875
      ],
      [
        -0.0176641207593482,
        -0.748876360723416,
        -0.662474282661184,
        -0.0783785975624596
      ],
      [
        -0.0666970631997531,
        -0.660219258130087,
        0.748105629543506,
        0.255409375566555
      ],
      [
        0.0,
        0.0,
        0.0,
        1.0
      ]
    ]
  },
  "simTime": 0.302999999999983,
  "state": [
    -0.00301026158703713,
    -5.15302522590729e-07,
    0.163472397076636,
    0.756877062546656,
    3.49703834851159e-06,
    0.653557270752424,
    7.76219001157879e-05,
    -0.0864099047717654,
    0.000132658546717547,
    1.90689330557046,
    -0.00814934059613906,
    -6.29035548614775,
    0.00717227542274473,
    0.92222460110566,
    0.359730977972362,
    -0.0997718043807361,
    0.100702510659692,
    0.998711880193445,
    0.0209162518663401,
    -0.0350061575752869,
    0.0301937029884095,
    0.92210400319156,
    -0.359902997345843,
    -0.100084694428995,
    -0.10088158276233,
    0.998713783447559,
    -0.0208321381452309,
    -0.034953596868808,
    -0.0302497411244003,
    17.0838612047387,
    -3.68651694583088,
    4.43827255633134,
    1.07170490053769,
    -1.39792545877156,
    1.1033375599159,
    -17.0924033841282,
    -3.70441283549115,
    -4.44387659257416,
    -1.06581203032801,
    -1.39126078536625,
    -1.11070049506773
  ]
}