{
  "T_WB": [
    [
      0.926009648625209,
      -0.00204533042457272,
      0.377494300985421,
      -0.0440570466871641
    ],
    [
      0.00168227272548139,
      0.99999775102083,
      0.00129147658118216,
      4.23114818586493e-05
    ],
    [
      -0.377496093504945,
      -0.00056087140857574,
      0.926011006852386,
      0.356074806321699
    ],
    [
      0.0,
      0.0,
      0.0,
      1.0
    ]
  ],
  "T_WH": {
    "0": [
      [
        0.174414109220513,
        0.889704517030459,
        -0.421907087971288,
        -0.00695121016856942
      ],
      [
        -0.796807519093671,
        -0.124211130465999,
        -0.59132848112039,
        -0.0318903256417887
      ],
      [
        -0.578513177050103,
        0.43931477034577,
        0.687259075265973,
        0.340992910466575
      ],
      [
        0.0,
        0.0,
        0.0,
        1.0
      ]
    ],
    "1": [
      [
        -0.637815100697861,
        -0.624807836640661,
        0.450341053640677,
        -0.0811628832057588
      ],
      [
        0.718530545039694,
        -0.693251248762343,
        0.0558261760683381,
        0.0319749486055059
      ],
      [
        0.27731886550817,
        0.359190580836789,
        0.891109630444757,
        0.371156702176822
      ],
      [
        0.0,
        0.0,
        0.0,
        1.0
      ]
    ],
    "2": [
      [
        0.171483075903743,
        -0.888805205455903,
        -0.424992778095206,
        -0.00708211131574207
      ],
      [
        0.796497275278444,
        -0.128806843903065,
        0.590762970604748,
        0.0321095304235445
      ],
      [
        -0.579815181892131,
        -0.439811441095182,
        0.685842730608974,
        0.340957014696427
      ],
      [
        0.0,
        0.0,
        0.0,
        1.0
      ]
    ],
    "3": [
      [
        -0.635163464828739,
        0.627277872956755,
        0.450654904606174,
        -0.0810319820585861
      ],
      [
        -0.720568026118528,
        -0.691332474235381,
        -0.0533022495138283,
        -0.0320249074598272
      ],
      [
        0.278117048528852,
        -0.358583156557074,
        0.891105508428248,
        0.371192597946971
      ],
      [
        0.0,
        0.0,
        0.0,
        1.0
      ]
    ]
  },
  "T_WP": {
    "0": [
      [
        0.421907087971288,
        0.889704517030459,
        0.174414109220513,
        0.0052577774768665
      ],
      [
        0.59132848112039,
        -0.124211130465999,
        -0.796807519093671,
        -0.0876668519783456
      ],
      [
        -0.687259075265973,
        0.43931477034577,
        -0.578513177050103,
        0.300496988073068
      ],
      [
        0.0,
        0.0,
        0.0,
        1.0
      ]
    ],
    "1": [
      [
        -0.450341053640677,
        -0.624807836640661,
        -0.637815100697861,
        -0.125809940254609
      ],
      [
        -0.0558261760683381,
        -0.693251248762343,
        0.718530545039694,
        0.0822720867582845
      ],
      [
        -0.891109630444757,
        0.359190580836789,
        0.27731886550817,
        0.390569022762394
      ],
      [
        0.0,
        0.0,
        0.0,
        1.0
      ]
    ],
    "2": [
      [
        0.424992778095206,
        -0.888805205455903,
        0.171483075903743,
        0.00492170399751992
      ],
      [
        -0.590762970604748,
        -0.128806843903065,
        0.796497275278444,
        0.0878643396930356
      ],
      [
        -0.685842730608974,
        -0.439811441095182,
        -0.579815181892131,
        0.300369951963977
      ],
      [
        0.0,
        0.0,
        0.0,
        1.0
      ]
    ],
    "3": [
      [
        -0.450654904606174,
        0.627277872956755,
        -0.635163464828739,
        -0.125493424596598
      ],
      [
        0.0533022495138283,
        -0.691332474235381,
        -0.720568026118528,
        -0.0824646692881241
      ],
      [
        -0.891105508428248,
        -0.358583156557074,
        0.278117048528852,
        0.390660791343991
      ],
      [
        0.0,
        0.0,
        0.0,
        1.0
      ]
    ]
  },
  "simTime": 0.50799999999996,
  "state": [
    -0.0440570466871641,
    4.23114818586493e-05,
    0.356074806321699,
    0.981327978621116,
    -0.00047189829244466,
    0.192338955715707,
    0.000949632342922658,
    -0.269799667829269,
    2.9147247506706e-05,
    -0.0708734531143815,
    -0.0113458370631942,
    -4.20905323191956,
    0.00147927055197341,
    0.819049589649386,
    0.494693849288907,
    0.130724387234429,
    -0.259512812310065,
    0.998774689281961,
    0.0479107621819446,
    -0.0089025890096374,
    -0.00862686651062222,
    0.818799934966868,
    -0.495138973436395,
    0.130855400355576,
    0.259385673622094,
    0.998769673121415,
    -0.0480600017437478,
    -0.00883583047725819,
    0.00844419238944509,
    -2.27526814253509,
    -1.57599978303397,
    -5.27766736399532,
    -0.0544195379546088,
    0.26734790130123,
    -0.613015715048112,
    2.27485363632939,
    -1.57652508195166,
    5.28276449358524,
    0.0514357207643035,
    0.266751595663583,
    0.614098857605556
  ]
}