{
  "T_WB": [
    [
      0.947373265090836,
      -0.00213229875664226,
      -0.320123960198454,
      -0.119100056270034
    ],
    [
      0.00306134384439217,
      0.999992436642902,
      0.00239892285365377,
      -8.5165391097067e-06
    ],
    [
      0.320116423766409,
      -0.00325268489156298,
      0.9473726274682,
      0.0602475776246381
    ],
    [
      0.0,
      0.0,
      0.0,
      1.0
    ]
  ],
  "T_WH": {
    "0": [
      [
        -0.133505628305343,
        0.99071884199471,
        0.0255425787158841,
        -0.0811368921061884
      ],
      [
        -0.921460943199838,
        -0.114602930785232,
        -0.371181759267208,
        -0.0318858207579069
      ],
      [
        -0.364809508330115,
        -0.0730913426617458,
        0.928208854870413,
        0.0731563204918245
      ],
      [
        0.0,
        0.0,
        0.0,
        1.0
      ]
    ],
    "1": [
      [
        -0.571559958357692,
        -0.752635490623903,
        -0.326892998174435,
        -0.15706322043388
      ],
      [
        0.790680196027478,
        -0.611683027074667,
        0.0258592729735631,
        0.0318687876796875
      ],
      [
        -0.219417505254487,
        -0.243687694892642,
        0.944707502746648,
        0.0473388347574517
      ],
      [
        0.0,
        0.0,
        0.0,
        1.0
      ]
    ],
    "2": [
      [
        -0.137332335168588,
        -0.990239083844452,
        0.0237988769492028,
        -0.0812733592266135
      ],
      [
        0.918278453492251,
        -0.118271164956457,
        0.377857927522664,
        0.0321136951872388
      ],
      [
        -0.371354967071968,
        0.073746107468417,
        0.925557669766846,
        0.0729481486587645
      ],
      [
        0.0,
        0.0,
        0.0,
        1.0
      ]
    ],
    "3": [
      [
        -0.56797878077878,
        0.75554621484816,
        -0.326420008292491,
        -0.156926753313455
      ],
      [
        -0.794649084788778,
        -0.606686286507578,
        -0.0215541598769877,
        -0.0321307282654583
      ],
      [
        -0.214319706582034,
        0.247147055398731,
        0.944979045470495,
        0.0475470065905118
      ],
      [
        0.0,
        0.0,
        0.0,
        1.0
      ]
    ]
  },
  "T_WP": {
    "0": [
      [
        -0.0255425787158841,
        0.99071884199471,
        -0.133505628305343,
        -0.0904822860875624
      ],
      [
        0.371181759267208,
        -0.114602930785232,
        -0.921460943199838,
        -0.0963880867818956
      ],
      [
        -0.928208854870413,
        -0.0730913426617458,
        -0.364809508330115,
        0.0476196549087165
      ],
      [
        0.0,
        0.0,
        0.0,
        1.0
      ]
    ],
    "1": [
      [
        0.326892998174434,
        -0.752635490623903,
        -0.571559958357692,
        -0.197072417518919
      ],
      [
        -0.0258592729735631,
        -0.611683027074667,
        0.790680196027478,
        0.0872164014016109
      ],
      [
        -0.944707502746648,
        -0.243687694892642,
        -0.219417505254487,
        0.0319796093896376
      ],
      [
        0.0,
        0.0,
        0.0,
        1.0
      ]
    ],
    "2": [
      [
        -0.0237988769492028,
        -0.990239083844452,
        -0.137332335168588,
        -0.0908866226884147
      ],
      [
        -0.377857927522664,
        -0.118271164956457,
        0.918278453492251,
        0.0963931869316964
      ],
      [
        -0.925557669766846,
        0.073746107468417,
        -0.371354967071968,
        0.0469533009637267
      ],
      [
        0.0,
        0.0,
        0.0,
        1.0
      ]
    ],
    "3": [
      [
        0.326420008292491,
        0.75554621484816,
        -0.56797878077878,
        -0.19668526796797
      ],
      [
        0.0215541598769877,
        -0.606686286507578,
        -0.794649084788778,
        -0.0877561642006727
      ],
      [
        -0.944979045470495,
        0.247147055398731,
        -0.214319706582034,
        0.0325446271297693
      ],
      [
        0.0,
        0.0,
        0.0,
        1.0
      ]
    ]
  },
  "simTime": 0.742999999999934,
  "state": [
    -0.119100056270034,
    -8.5165391097067e-06,
    0.0602475776246381,
    0.986754570448237,
    -0.00143186763823386,
    -0.162208618824545,
    0.00131583950978692,
    -0.341432880481385,
    -0.000397818750699256,
    -2.45275227298894,
    -0.0118641559678334,
    -1.97898775095382,
    0.000656187018698658,
    0.853131649688267,
    -0.102108913826075,
    0.233297134159489,
    -0.455315939991568,
    0.997809176257513,
    0.00504214212248906,
    0.0111984151101496,
    -0.0650078462813539,
    0.853090884728097,
    0.101931700704788,
    0.233542280992098,
    0.455306351563725,
    0.997800006585116,
    -0.00533533934931715,
    0.0112389528515075,
    0.0651181000304114,
    -4.92123058511402,
    -2.61062408219892,
    0.718801628593428,
    -0.627488960830734,
    0.0165629292449443,
    -0.216104097134582,
    4.92184101949476,
    -2.61282213895205,
    -0.719234965715092,
    0.628434386101,
    0.0163523776898502,
    0.219326215410393
  ]
}