{
  "T_WB": [
    [
      0.954863573045014,
      -0.00216934137018184,
      -0.297036783630796,
      -0.114997437264775
    ],
    [
      0.0029967001304331,
      0.999992795274289,
      0.00233006176796536,
      -3.81318130221126e-06
    ],
    [
      0.297029588862856,
      -0.00311502127342482,
      0.954863194380446,
      0.0889480393700254
    ],
    [
      0.0,
      0.0,
      0.0,
      1.0
    ]
  ],
  "T_WH": {
    "0": [
      [
        -0.14943485307011,
        0.988650497301438,
        -0.0154731662414299,
        -0.0767334754191282
      ],
      [
        -0.90861234587128,
        -0.143475650736104,
        -0.392222312695416,
        -0.0318837146248621
      ],
      [
        -0.38999080709448,
        -0.0445525737917761,
        0.919740310386755,
        0.100928903605289
      ],
      [
        0.0,
        0.0,
        0.0,
        1.0
      ]
    ],
    "1": [
      [
        -0.578911484075301,
        -0.758952204908877,
        -0.298082277684677,
        -0.153261399110421
      ],
      [
        0.788993286032175,
        -0.613662287469242,
        0.0301362163213692,
        0.0318760882622577
      ],
      [
        -0.205793800202735,
        -0.217738714063371,
        0.954064339652283,
        0.0769671751347616
      ],
      [
        0.0,
        0.0,
        0.0,
        1.0
      ]
    ],
    "2": [
      [
        -0.153287293026008,
        -0.988029325678022,
        -0.0173510056478758,
        -0.0768723132668199
      ],
      [
        0.905268282327002,
        -0.147444360092086,
        0.398433805907273,
        0.0321158242726924
      ],
      [
        -0.396222592502596,
        0.045367524478077,
        0.917032957375716,
        0.10072954224379
      ],
      [
        0.0,
        0.0,
        0.0,
        1.0
      ]
    ],
    "3": [
      [
        -0.575310022780439,
        0.76188302400838,
        -0.297577948471012,
        -0.153122561262729
      ],
      [
        -0.792869281976617,
        -0.608839455672097,
        -0.0259387531463786,
        -0.0321234506352968
      ],
      [
        -0.20093949185328,
        0.221017589672747,
        0.954345087308042,
        0.0771665364962608
      ],
      [
        0.0,
        0.0,
        0.0,
        1.0
      ]
    ]
  },
  "T_WP": {
    "0": [
      [
        0.0154731662414299,
        0.988650497301438,
        -0.14943485307011,
        -0.0871939151340359
      ],
      [
        0.392222312695416,
        -0.143475650736104,
        -0.90861234587128,
        -0.0954865788358517
      ],
      [
        -0.919740310386755,
        -0.0445525737917761,
        -0.38999080709448,
        0.0736295471086756
      ],
      [
        0.0,
        0.0,
        0.0,
        1.0
      ]
    ],
    "1": [
      [
        0.298082277684677,
        -0.758952204908877,
        -0.578911484075301,
        -0.193785202995692
      ],
      [
        -0.0301362163213692,
        -0.613662287469242,
        0.788993286032175,
        0.0871056182845099
      ],
      [
        -0.954064339652283,
        -0.217738714063371,
        -0.205793800202735,
        0.0625616091205701
      ],
      [
        0.0,
        0.0,
        0.0,
        1.0
      ]
    ],
    "2": [
      [
        0.0173510056478758,
        -0.988029325678022,
        -0.153287293026008,
        -0.0876024237786404
      ],
      [
        -0.398433805907273,
        -0.147444360092086,
        0.905268282327002,
        0.0954846040355825
      ],
      [
        -0.917032957375716,
        0.045367524478077,
        -0.396222592502596,
        0.0729939607686083
      ],
      [
        0.0,
        0.0,
        0.0,
        1.0
      ]
    ],
    "3": [
      [
        0.297577948471012,
        0.76188302400838,
        -0.575310022780439,
        -0.19339426285736
      ],
      [
        0.0259387531463785,
        -0.608839455672097,
        -0.792869281976617,
        -0.08762430037366
      ],
      [
        -0.954345087308042,
        0.221017589672747,
        -0.20093949185328,
        0.0631007720665311
      ],
      [
        0.0,
        0.0,
        0.0,
        1.0
      ]
    ]
  },
  "simTime": 0.730999999999936,
  "state": [
    -0.114997437264775,
    -3.81318130221126e-06,
    0.0889480393700254,
    0.988650540218806,
    -0.00137689780662667,
    -0.15022152629436,
    0.00130633658973969,
    -0.342245319636595,
    -0.000385914493663747,
    -2.330654232329,
    -0.0118650077172922,
    -2.06706418239542,
    0.000556503202564992,
    0.850524011598339,
    -0.0702785579745549,
    0.232608555822964,
    -0.46643658705299,
    0.997876087712308,
    0.00875522969474208,
    0.0108200886053491,
    -0.0636363513060178,
    0.850470175634427,
    0.0700942641297835,
    0.232862949985254,
    0.466435548620188,
    0.997867167193836,
    -0.00905361002068782,
    0.010860660354663,
    0.0637275045706625,
    -5.00757678715943,
    -2.60963840793219,
    0.385847764513312,
    -0.610103827808743,
    0.0267750413606339,
    -0.255784922351918,
    5.00842341947779,
    -2.61191825057529,
    -0.386156292543054,
    0.610787116812142,
    0.0265571033498312,
    0.259023240768114
  ]
}