{
  "T_WB": [
    [
      -0.694149207029663,
      0.04051037344378,
      -0.718690328321966,
      -0.250449747471259
    ],
    [
      0.0646349881082811,
      0.997889837168298,
      -0.00617990197901301,
      -0.00122088919931928
    ],
    [
      0.716923424566621,
      -0.0507423148828798,
      -0.695302826679135,
      0.125868897816397
    ],
    [
      0.0,
      0.0,
      0.0,
      1.0
    ]
  ],
  "T_WH": {
    "0": [
      [
        -0.364902036612112,
        0.0181905505457287,
        -0.930868200953914,
        -0.279512047702646
      ],
      [
        -0.368583531975254,
        0.915304086663236,
        0.162371822968844,
        -0.0305679644643736
      ],
      [
        0.854981101330889,
        0.402352498200796,
        -0.327291587974085,
        0.156169588875314
      ],
      [
        0.0,
        0.0,
        0.0,
        1.0
      ]
    ],
    "1": [
      [
        0.539451961530871,
        0.682540247054634,
        -0.493082541113651,
        -0.221387447239871
      ],
      [
        0.650533482548696,
        -0.709637655298793,
        -0.270593027007528,
        0.028126186065735
      ],
      [
        -0.534600569849641,
        -0.174794763458836,
        -0.8268307090232,
        0.0955682067574805
      ],
      [
        0.0,
        0.0,
        0.0,
        1.0
      ]
    ],
    "2": [
      [
        -0.32919943968247,
        0.0444379970233011,
        -0.94321418210993,
        -0.276919383802244
      ],
      [
        0.475674087381346,
        0.870694958736032,
        -0.124997805683072,
        0.0332969851143975
      ],
      [
        0.815697181254582,
        -0.48981175287269,
        -0.307770296229367,
        0.15292208072281
      ],
      [
        0.0,
        0.0,
        0.0,
        1.0
      ]
    ],
    "3": [
      [
        0.486274222451184,
        -0.740707285882386,
        -0.463562398410662,
        -0.223980111140273
      ],
      [
        -0.74495896008963,
        -0.628695721793387,
        0.223109473534559,
        -0.0357387635130361
      ],
      [
        -0.456698509261496,
        0.236842576492151,
        -0.85751505269522,
        0.0988157149099848
      ],
      [
        0.0,
        0.0,
        0.0,
        1.0
      ]
    ]
  },
  "T_WP": {
    "0": [
      [
        0.930868200953914,
        0.0181905505457287,
        -0.364902036612112,
        -0.305055190265494
      ],
      [
        -0.162371822968844,
        0.915304086663236,
        -0.368583531975254,
        -0.0563688117026413
      ],
      [
        0.327291587974085,
        0.402352498200796,
        0.854981101330889,
        0.216018265968477
      ],
      [
        0.0,
        0.0,
        0.0,
        1.0
      ]
    ],
    "1": [
      [
        0.493082541113651,
        0.682540247054634,
        0.539451961530871,
        -0.18362580993271
      ],
      [
        0.270593027007528,
        -0.709637655298793,
        0.650533482548696,
        0.0736635298441437
      ],
      [
        0.8268307090232,
        -0.174794763458836,
        -0.534600569849641,
        0.0581461668680056
      ],
      [
        0.0,
        0.0,
        0.0,
        1.0
      ]
    ],
    "2": [
      [
        0.94321418210993,
        0.0444379970233011,
        -0.32919943968247,
        -0.299963344580017
      ],
      [
        0.124997805683072,
        0.870694958736032,
        0.475674087381346,
        0.0665941712310918
      ],
      [
        0.307770296229367,
        -0.48981175287269,
        0.815697181254582,
        0.210020883410631
      ],
      [
        0.0,
        0.0,
        0.0,
        1.0
      ]
    ],
    "3": [
      [
        0.463562398410662,
        -0.740707285882386,
        0.486274222451184,
        -0.18994091556869
      ],
      [
        -0.223109473534559,
        -0.628695721793387,
        -0.74495896008963,
        -0.0878858907193102
      ],
      [
        0.85751505269522,
        0.236842576492151,
        -0.456698509261496,
        0.06684681926168
      ],
      [
        0.0,
        0.0,
        0.0,
        1.0
      ]
    ]
  },
  "simTime": 1.0649999999999,
  "state": [
    -0.250449747471259,
    -0.00122088919931928,
    0.125868897816397,
    -0.390012116305218,
    0.0285647618630602,
    0.920236636805596,
    -0.0154640161522709,
    -0.388583476163616,
    -0.0104094671524041,
    -1.14878067923545,
    0.466356558759813,
    12.5355853208957,
    -0.296365092686219,
    0.956722810825571,
    -0.182013414306209,
    0.138153785218798,
    0.180183550548695,
    0.982552079943149,
    -0.18561475658445,
    0.00868053458426003,
    0.00795114185634852,
    0.955244823969486,
    0.185464514700009,
    0.138854035290289,
    -0.183928782277811,
    0.981813296354426,
    0.189303950425842,
    0.0125771819777493,
    -0.00696275436346203,
    1.78647141227328,
    -1.58653338286067,
    1.72386324756891,
    -0.467045178643667,
    -0.480056599129093,
    1.73663894600409,
    -1.78414749489493,
    -1.60759733873692,
    -1.79223727434396,
    0.454878727962765,
    -0.483138603295208,
    -1.78980602795407
  ]
}