{
  "T_WB": [
    [
      0.994313985527373,
      -0.0023851759484254,
      -0.106461303394083,
      -0.00401152708017505
    ],
    [
      0.00255817307763783,
      0.999995620131792,
      0.00148844473788973,
      2.28594292896949e-06
    ],
    [
      0.106457286905016,
      -0.00175232785972136,
      0.994315732256055,
      0.259919595752511
    ],
    [
      0.0,
      0.0,
      0.0,
      1.0
    ]
  ],
  "T_WH": {
    "0": [
      [
        0.654022111459942,
        0.698888441200427,
        -0.289499610497005,
        0.0398488850514445
      ],
      [
        -0.756462583885487,
        0.601993815235294,
        -0.255671284268975,
        -0.0318975329211118
      ],
      [
        -0.00440873029023175,
        0.386210296567676,
        0.922400222204188,
        0.00431436596771171
      ],
      [
        0.0,
        0.0,
        0.0,
        1.0
      ]
    ],
    "1": [
      [
        -0.646040659872816,
        -0.706604135096783,
        -0.288690252788735,
        -0.0398488850514445
      ],
      [
        0.739188171628149,
        -0.673474235862741,
        -0.00577066323153684,
        0.0318975329211118
      ],
      [
        -0.19034787289626,
        -0.217124503207779,
        0.957405158431186,
        -0.00431436596771171
      ],
      [
        0.0,
        0.0,
        0.0,
        1.0
      ]
    ],
    "2": [
      [
        0.649300793357981,
        -0.702941395353024,
        -0.290313407275379,
        0.0396962337907453
      ],
      [
        0.760501065304133,
        0.596682475430211,
        0.25614088542393,
        0.0321021867673229
      ],
      [
        -0.00682710890320478,
        -0.387096135622172,
        0.922014084691988,
        0.00420221698468955
      ],
      [
        0.0,
        0.0,
        0.0,
        1.0
      ]
    ],
    "3": [
      [
        -0.645701253642217,
        0.707369126184943,
        -0.287574008500803,
        -0.0396962337907453
      ],
      [
        -0.740015466668965,
        -0.672550685746781,
        0.00725838771687842,
        -0.0321021867673229
      ],
      [
        -0.188273737243366,
        0.217495964150796,
        0.957730914945598,
        -0.00420221698468955
      ],
      [
        0.0,
        0.0,
        0.0,
        1.0
      ]
    ]
  },
  "T_WP": {
    "0": [
      [
        0.289499610497005,
        0.698888441200427,
        0.654022111459942,
        0.0856304328536404
      ],
      [
        0.255671284268975,
        0.601993815235294,
        -0.756462583885487,
        -0.0848499137930959
      ],
      [
        -0.922400222204188,
        0.386210296567676,
        -0.00440873029023169,
        0.00400575484739549
      ],
      [
        0.0,
        0.0,
        0.0,
        1.0
      ]
    ],
    "1": [
      [
        0.288690252788735,
        -0.706604135096783,
        -0.646040659872816,
        -0.0850717312425417
      ],
      [
        0.00577066323153688,
        -0.673474235862741,
        0.739188171628149,
        0.0836407049350822
      ],
      [
        -0.957405158431186,
        -0.217124503207779,
        -0.19034787289626,
        -0.0176387170704499
      ],
      [
        0.0,
        0.0,
        0.0,
        1.0
      ]
    ],
    "2": [
      [
        0.290313407275379,
        -0.702941395353024,
        0.649300793357981,
        0.085147289325804
      ],
      [
        -0.25614088542393,
        0.596682475430211,
        0.760501065304133,
        0.0853372613386121
      ],
      [
        -0.922014084691988,
        -0.387096135622172,
        -0.00682710890320473,
        0.00372431936146521
      ],
      [
        0.0,
        0.0,
        0.0,
        1.0
      ]
    ],
    "3": [
      [
        0.287574008500803,
        0.707369126184943,
        -0.645701253642217,
        -0.0848953215457005
      ],
      [
        -0.00725838771687846,
        -0.672550685746781,
        -0.740015466668965,
        -0.0839032694341504
      ],
      [
        -0.957730914945598,
        0.217495964150796,
        -0.188273737243366,
        -0.0173813785917252
      ],
      [
        0.0,
        0.0,
        0.0,
        1.0
      ]
    ]
  }
}