{
  "arms": {
    "0": [
      [
        -0.99875396490097,
        -0.0375230386853218,
        0.0329021401703358,
        0.000311144744046032
      ],
      [
        -0.0498555600643158,
        0.72080272436142,
        -0.691344976425171,
        -0.0319981463253498
      ],
      [
        0.00222541112452745,
        -0.692123889923096,
        -0.72177529335022,
        0.0879975035786629
      ],
      [
        0.0,
        0.0,
        0.0,
        1.0
      ]
    ],
    "1": [
      [
        -0.999189376831055,
        0.0401692949235439,
        -0.00264279032126069,
        -0.00118055869825184
      ],
      [
        -0.0262640547007322,
        -0.700241088867188,
        -0.713423132896423,
        -0.0320070087909698
      ],
      [
        -0.0305082965642214,
        -0.712775468826294,
        0.700728476047516,
        0.167983591556549
      ],
      [
        0.0,
        0.0,
        0.0,
        1.0
      ]
    ],
    "2": [
      [
        -0.999305903911591,
        0.0366466641426086,
        0.00668510235846043,
        -0.00118070316966623
      ],
      [
        -0.020522715523839,
        -0.691372573375702,
        0.722206830978394,
        0.0319929905235767
      ],
      [
        0.0310883671045303,
        0.721568405628204,
        0.691644847393036,
        0.167990684509277
      ],
      [
        0.0,
        0.0,
        0.0,
        1.0
      ]
    ],
    "3": [
      [
        -0.998927652835846,
        -0.0397616028785706,
        0.0237192399799824,
        0.000311000272631645
      ],
      [
        -0.0117497704923153,
        0.713248729705811,
        0.700812518596649,
        0.0320018529891968
      ],
      [
        -0.0447831451892853,
        0.699782311916351,
        -0.712951064109802,
        0.0880045965313911
      ],
      [
        0.0,
        0.0,
        0.0,
        1.0
      ]
    ]
  },
  "arms_in_parent_frame": {
    "0": [
      [
        8.53426440627914e-10,
        -1.84680857273634e-08,
        1.0,
        3.72529029846191e-09
      ],
      [
        -1.21172272216086e-09,
        1.0,
        -1.84680857273634e-08,
        0.0
      ],
      [
        -1.0,
        1.21172272216086e-09,
        -8.53426440627914e-10,
        0.0
      ],
      [
        0.0,
        0.0,
        0.0,
        1.0
      ]
    ],
    "1": [
      [
        7.04887592739567e-10,
        -2.97561228990162e-08,
        0.999999940395355,
        -1.49011611938477e-08
      ],
      [
        2.8332487467253e-09,
        1.0,
        -2.97561228990162e-08,
        0.0
      ],
      [
        -0.999999940395355,
        -2.8332487467253e-09,
        -7.04887592739567e-10,
        -2.3283064365387e-10
      ],
      [
        0.0,
        0.0,
        0.0,
        1.0
      ]
    ],
    "2": [
      [
        1.53989088147455e-09,
        6.45434283796931e-08,
        1.0,
        0.0
      ],
      [
        -1.52730716962424e-09,
        0.999999940395355,
        6.45434283796931e-08,
        0.0
      ],
      [
        -0.999999940395355,
        1.52730716962424e-09,
        -1.53989088147455e-09,
        4.65661287307739e-10
      ],
      [
        0.0,
        0.0,
        0.0,
        1.0
      ]
    ],
    "3": [
      [
        -1.80724057941006e-09,
        -2.74255071985863e-08,
        1.0,
        0.0
      ],
      [
        4.17403001051753e-10,
        1.0,
        -2.74255071985863e-08,
        0.0
      ],
      [
        -1.0,
        -4.17403001051753e-10,
        1.80724057941006e-09,
        0.0
      ],
      [
        0.0,
        0.0,
        0.0,
        1.0
      ]
    ]
  },
  "arms_link_world": {
    "0": [
      [
        -0.99875396490097,
        -0.0375230386853218,
        0.0329021401703358,
        0.000311144744046032
      ],
      [
        -0.0498555600643158,
        0.72080272436142,
        -0.691344976425171,
        -0.0319981463253498
      ],
      [
        0.00222541112452745,
        -0.692123889923096,
        -0.72177529335022,
        0.0879975035786629
      ],
      [
        0.0,
        0.0,
        0.0,
        1.0
      ]
    ],
    "1": [
      [
        -0.999189376831055,
        0.0401692949235439,
        -0.00264279032126069,
        -0.00118055869825184
      ],
      [
        -0.0262640547007322,
        -0.700241088867188,
        -0.713423132896423,
        -0.0320070087909698
      ],
      [
        -0.0305082965642214,
        -0.712775468826294,
        0.700728476047516,
        0.167983591556549
      ],
      [
        0.0,
        0.0,
        0.0,
        1.0
      ]
    ],
    "2": [
      [
        -0.999305903911591,
        0.0366466641426086,
        0.00668510235846043,
        -0.00118070316966623
      ],
      [
        -0.020522715523839,
        -0.691372573375702,
        0.722206830978394,
        0.0319929905235767
      ],
      [
        0.0310883671045303,
        0.721568405628204,
        0.691644847393036,
        0.167990684509277
      ],
      [
        0.0,
        0.0,
        0.0,
        1.0
      ]
    ],
    "3": [
      [
        -0.998927652835846,
        -0.0397616028785706,
        0.0237192399799824,
        0.000311000272631645
      ],
      [
        -0.0117497704923153,
        0.713248729705811,
        0.700812518596649,
        0.0320018529891968
      ],
      [
        -0.0447831451892853,
        0.699782311916351,
        -0.712951064109802,
        0.0880045965313911
      ],
      [
        0.0,
        0.0,
        0.0,
        1.0
      ]
    ]
  },
  "arms_relative_to_base": {
    "0": [
      [
        -0.0208536051213741,
        0.691383719444275,
        0.722186684608459,
        0.0399999991059303
      ],
      [
        -0.0498530603945255,
        0.720726132392883,
        -0.691424965858459,
        -0.0320000015199184
      ],
      [
        -0.998538851737976,
        -0.0504219233989716,
        0.0194378513842821,
        -1.16415321826935e-10
      ],
      [
        0.0,
        0.0,
        0.0,
        1.0
      ]
    ],
    "1": [
      [
        0.0118689052760601,
        0.713322997093201,
        -0.700734972953796,
        -0.0399999916553497
      ],
      [
        -0.0262651778757572,
        -0.700320184230804,
        -0.713345527648926,
        -0.0319999977946281
      ],
      [
        -0.999584496021271,
        0.0268715564161539,
        0.0104235205799341,
        -3.49245965480804e-10
      ],
      [
        0.0,
        0.0,
        0.0,
        1.0
      ]
    ],
    "2": [
      [
        -0.0497185885906219,
        -0.720836222171783,
        -0.691319942474365,
        -0.0399999916553497
      ],
      [
        -0.0205170158296824,
        -0.691292703151703,
        0.72228342294693,
        0.0320000015199184
      ],
      [
        -0.99855250120163,
        0.0500947348773479,
        0.019580690190196,
        -1.16415321826935e-10
      ],
      [
        0.0,
        0.0,
        0.0,
        1.0
      ]
    ],
    "3": [
      [
        0.02614776045084,
        -0.700323045253754,
        0.713347017765045,
        0.0399999991059303
      ],
      [
        -0.0117524759843946,
        0.713326334953308,
        0.700733482837677,
        0.0320000015199184
      ],
      [
        -0.999589025974274,
        -0.0267062056809664,
        0.0104213561862707,
        -1.16415321826935e-10
      ],
      [
        0.0,
        0.0,
        0.0,
        1.0
      ]
    ]
  },
  "arms_view_frame": {
    "0": [
      [
        -0.998753905296326,
        -0.0375230349600315,
        0.0329021364450455,
        0.000311144714942202
      ],
      [
        0.00222541322000325,
        -0.69212394952774,
        -0.721775233745575,
        0.0879975035786629
      ],
      [
        0.0498555600643158,
        -0.720802664756775,
        0.691345036029816,
        0.0319981426000595
      ],
      [
        0.0,
        0.0,
        0.0,
        1.0
      ]
    ],
    "1": [
      [
        -0.99918931722641,
        0.0401692911982536,
        -0.00264279008843005,
        -0.00118055858183652
      ],
      [
        -0.0305082947015762,
        -0.712775409221649,
        0.700728535652161,
        0.167983591556549
      ],
      [
        0.0262640565633774,
        0.700241148471832,
        0.713423073291779,
        0.0320070013403893
      ],
      [
        0.0,
        0.0,
        0.0,
        1.0
      ]
    ],
    "2": [
      [
        -0.999305844306946,
        0.0366466604173183,
        0.00668510189279914,
        -0.00118070305325091
      ],
      [
        0.0310883671045303,
        0.721568465232849,
        0.691644787788391,
        0.167990684509277
      ],
      [
        0.0205227136611938,
        0.691372513771057,
        -0.722206890583038,
        -0.0319929979741573
      ],
      [
        0.0,
        0.0,
        0.0,
        1.0
      ]
    ],
    "3": [
      [
        -0.998927593231201,
        -0.0397615991532803,
        0.0237192381173372,
        0.000311000243527815
      ],
      [
        -0.0447831451892853,
        0.699782252311707,
        -0.712951123714447,
        0.0880045965313911
      ],
      [
        0.0117497723549604,
        -0.713248789310455,
        -0.700812458992004,
        -0.0320018567144871
      ],
      [
        0.0,
        0.0,
        0.0,
        1.0
      ]
    ]
  },
  "arms_visual_world": {
    "0": [
      [
        -0.99875396490097,
        -0.0375230386853218,
        0.0329021401703358,
        0.000311144744046032
      ],
      [
        -0.0498555600643158,
        0.72080272436142,
        -0.691344976425171,
        -0.0319981463253498
      ],
      [
        0.00222541112452745,
        -0.692123889923096,
        -0.72177529335022,
        0.0879975035786629
      ],
      [
        0.0,
        0.0,
        0.0,
        1.0
      ]
    ],
    "1": [
      [
        -0.999189376831055,
        0.0401692949235439,
        -0.00264279032126069,
        -0.00118055869825184
      ],
      [
        -0.0262640547007322,
        -0.700241088867188,
        -0.713423132896423,
        -0.0320070087909698
      ],
      [
        -0.0305082965642214,
        -0.712775468826294,
        0.700728476047516,
        0.167983591556549
      ],
      [
        0.0,
        0.0,
        0.0,
        1.0
      ]
    ],
    "2": [
      [
        -0.999305903911591,
        0.0366466641426086,
        0.00668510235846043,
        -0.00118070316966623
      ],
      [
        -0.020522715523839,
        -0.691372573375702,
        0.722206830978394,
        0.0319929905235767
      ],
      [
        0.0310883671045303,
        0.721568405628204,
        0.691644847393036,
        0.167990684509277
      ],
      [
        0.0,
        0.0,
        0.0,
        1.0
      ]
    ],
    "3": [
      [
        -0.998927652835846,
        -0.0397616028785706,
        0.0237192399799824,
        0.000311000272631645
      ],
      [
        -0.0117497704923153,
        0.713248729705811,
        0.700812518596649,
        0.0320018529891968
      ],
      [
        -0.0447831451892853,
        0.699782311916351,
        -0.712951064109802,
        0.0880045965313911
      ],
      [
        0.0,
        0.0,
        0.0,
        1.0
      ]
    ]
  },
  "base": [
    [
      0.0186462923884392,
      -2.25749363380601e-06,
      0.99982613325119,
      -0.000434779212810099
    ],
    [
      0.000110788969323039,
      1.0,
      1.91723245279718e-07,
      -2.57742158282781e-06
    ],
    [
      -0.99982613325119,
      0.000110766137368046,
      0.0186462923884392,
      0.12799409031868
    ],
    [
      0.0,
      0.0,
      0.0,
      1.0
    ]
  ],
  "base_link_world": [
    [
      0.0186462923884392,
      -2.25749363380601e-06,
      0.99982613325119,
      -0.000434779212810099
    ],
    [
      0.000110788969323039,
      1.0,
      1.91723245279718e-07,
      -2.57742158282781e-06
    ],
    [
      -0.99982613325119,
      0.000110766137368046,
      0.0186462923884392,
      0.12799409031868
    ],
    [
      0.0,
      0.0,
      0.0,
      1.0
    ]
  ],
  "base_view_frame": [
    [
      0.018646290525794,
      -2.25749340643233e-06,
      0.999826073646545,
      -0.000434779183706269
    ],
    [
      -0.99982613325119,
      0.0001107224234147,
      0.0186462923884392,
      0.12799409031868
    ],
    [
      -0.000110745262645651,
      -1.0,
      -1.92538294641054e-07,
      2.57182682616985e-06
    ],
    [
      0.0,
      0.0,
      0.0,
      1.0
    ]
  ],
  "base_visual_world": [
    [
      -2.14079591387417e-06,
      -0.018646290525794,
      0.99982613325119,
      -0.000434779212810099
    ],
    [
      0.999999940395355,
      -0.000104530474345665,
      1.91723245279718e-07,
      -2.57742158282781e-06
    ],
    [
      0.000104508733784314,
      0.999826073646545,
      0.0186462923884392,
      0.12799409031868
    ],
    [
      0.0,
      0.0,
      0.0,
      1.0
    ]
  ],
  "view_adjust": [
    [
      0.999999940395355,
      0.0,
      0.0,
      0.0
    ],
    [
      0.0,
      -4.37113882867379e-08,
      1.0,
      0.0
    ],
    [
      0.0,
      -1.0,
      -4.37113882867379e-08,
      0.0
    ],
    [
      0.0,
      0.0,
      0.0,
      1.0
    ]
  ]
}