{
  "T_WB": [
    [
      0.0157502108384366,
      -0.376088022095759,
      0.926450069078007,
      -0.0665102930527027
    ],
    [
      -0.32444112879136,
      0.874508208553598,
      0.360518164758677,
      0.00417599086517986
    ],
    [
      -0.94577475373745,
      -0.306256743286537,
      -0.108244733748995,
      0.861637858960811
    ],
    [
      0.0,
      0.0,
      0.0,
      1.0
    ]
  ],
  "T_WH": {
    "0": [
      [
        -0.0996633593492878,
        -0.311872218880138,
        0.9448824974006,
        -0.0538454679121009
      ],
      [
        -0.529477868183667,
        0.820623796709565,
        0.215011095940787,
        -0.0367859169601897
      ],
      [
        -0.842449050036199,
        -0.478865642288898,
        -0.246915561940407,
        0.833607084596482
      ],
      [
        0.0,
        0.0,
        0.0,
        1.0
      ]
    ],
    "1": [
      [
        -0.350678011929885,
        0.371662709845261,
        0.859588135131809,
        -0.0791751181933044
      ],
      [
        0.869875117435004,
        -0.21073528194911,
        0.445990942743536,
        0.0451378986905494
      ],
      [
        0.346903750363616,
        0.904133547133556,
        -0.249399913655461,
        0.88966863332514
      ],
      [
        0.0,
        0.0,
        0.0,
        1.0
      ]
    ],
    "2": [
      [
        -0.243941645482626,
        -0.506368709856381,
        0.827093225264004,
        -0.0779151013262295
      ],
      [
        -0.306845658736084,
        0.849343240259225,
        0.429490165126954,
        0.0191826083872406
      ],
      [
        -0.919966420753522,
        -0.149019427942612,
        -0.362567227947604,
        0.814006653026144
      ],
      [
        0.0,
        0.0,
        0.0,
        1.0
      ]
    ],
    "3": [
      [
        0.222586584840916,
        0.0325826152404283,
        0.974368300712288,
        -0.0551054847791758
      ],
      [
        -0.519377714262836,
        -0.841841410102191,
        0.146798604095086,
        -0.0108306266568809
      ],
      [
        0.825046666665571,
        -0.538740580819051,
        -0.170459920224028,
        0.909269064895478
      ],
      [
        0.0,
        0.0,
        0.0,
        1.0
      ]
    ]
  },
  "T_WP": {
    "0": [
      [
        -0.9448824974006,
        -0.311872218880138,
        -0.0996633593492878,
        -0.0608219030665511
      ],
      [
        -0.215011095940788,
        0.820623796709565,
        -0.529477868183667,
        -0.0738493677330463
      ],
      [
        0.246915561940407,
        -0.478865642288898,
        -0.842449050036199,
        0.774635651093948
      ],
      [
        0.0,
        0.0,
        0.0,
        1.0
      ]
    ],
    "1": [
      [
        -0.859588135131809,
        0.371662709845261,
        -0.350678011929885,
        -0.103722579028396
      ],
      [
        -0.445990942743536,
        -0.21073528194911,
        0.869875117435004,
        0.106029156911
      ],
      [
        0.249399913655461,
        0.904133547133556,
        0.346903750363616,
        0.913951895850593
      ],
      [
        0.0,
        0.0,
        0.0,
        1.0
      ]
    ],
    "2": [
      [
        -0.827093225264004,
        -0.506368709856381,
        -0.243941645482626,
        -0.0949910165100133
      ],
      [
        -0.429490165126954,
        0.849343240259225,
        -0.306845658736084,
        -0.00229658772428525
      ],
      [
        0.362567227947603,
        -0.149019427942612,
        -0.919966420753522,
        0.749609003573397
      ],
      [
        0.0,
        0.0,
        0.0,
        1.0
      ]
    ],
    "3": [
      [
        -0.974368300712288,
        0.0325826152404283,
        0.222586584840916,
        -0.0395244238403118
      ],
      [
        -0.146798604095086,
        -0.841841410102191,
        -0.519377714262836,
        -0.0471870666552795
      ],
      [
        0.170459920224028,
        -0.538740580819051,
        0.825046666665571,
        0.967022331562068
      ],
      [
        0.0,
        0.0,
        0.0,
        1.0
      ]
    ]
  }
}