{
  "T_WB": [
    [
      -2.22044604925031e-16,
      4.51069473530554e-20,
      1.0,
      -1.31508035892411e-36
    ],
    [
      -5.59021088838537e-19,
      1.0,
      -4.51069473530555e-20,
      5.31087476340278e-21
    ],
    [
      -1.0,
      -5.59021088838537e-19,
      -2.22044604925031e-16,
      0.410637357500001
    ],
    [
      0.0,
      0.0,
      0.0,
      1.0
    ]
  ],
  "T_WH": {
    "0": [
      [
        -1.57101806470331e-16,
        -1.5413173156782e-16,
        1.0,
        -8.88322761931655e-18
      ],
      [
        -0.707106779455507,
        0.707106782917588,
        -2.10015956543982e-18,
        -0.032
      ],
      [
        -0.707106782917588,
        -0.707106779455507,
        -2.20075345284599e-16,
        0.370637357500001
      ],
      [
        0.0,
        0.0,
        0.0,
        1.0
      ]
    ],
    "1": [
      [
        1.57101806470331e-16,
        1.54138129591543e-16,
        1.0,
        8.88322761931655e-18
      ],
      [
        0.707106779455507,
        -0.707106782917588,
        -2.09563547946762e-18,
        0.032
      ],
      [
        0.707106782917588,
        0.707106779455507,
        -2.20079869370549e-16,
        0.450637357500001
      ],
      [
        0.0,
        0.0,
        0.0,
        1.0
      ]
    ],
    "2": [
      [
        -1.57054127652881e-16,
        1.55291035546312e-16,
        1.0,
        -8.88034077468596e-18
      ],
      [
        0.707106779455507,
        0.707106782917588,
        1.24669384372991e-18,
        0.032
      ],
      [
        -0.707106782917588,
        0.707106779455507,
        -2.2086138297202e-16,
        0.370637357500001
      ],
      [
        0.0,
        0.0,
        0.0,
        1.0
      ]
    ],
    "3": [
      [
        1.57054127652881e-16,
        -1.54189783130378e-16,
        1.0,
        8.88034077468596e-18
      ],
      [
        -0.707106779455507,
        -0.707106782917588,
        2.02539689674129e-18,
        -0.032
      ],
      [
        0.707106782917588,
        -0.707106779455507,
        -2.20082679922822e-16,
        0.450637357500001
      ],
      [
        0.0,
        0.0,
        0.0,
        1.0
      ]
    ]
  },
  "T_WP": {
    "0": [
      [
        -1.0,
        -1.5413173156782e-16,
        -9.58694665129634e-17,
        -1.98803540722397e-17
      ],
      [
        -4.11976431403392e-17,
        0.707106782917588,
        -0.707106779455507,
        -0.0814974745618855
      ],
      [
        1.76777542366829e-16,
        -0.707106779455507,
        -0.707106782917588,
        0.32113988269577
      ],
      [
        0.0,
        0.0,
        0.0,
        1.0
      ]
    ],
    "1": [
      [
        -1.0,
        1.54138129591543e-16,
        2.18334146427699e-16,
        1.98803540722397e-17
      ],
      [
        4.53934381852467e-17,
        -0.707106782917588,
        0.707106779455507,
        0.0814974745618855
      ],
      [
        2.6337767228832e-16,
        0.707106779455507,
        0.707106782917588,
        0.500134832304232
      ],
      [
        0.0,
        0.0,
        0.0,
        1.0
      ]
    ],
    "2": [
      [
        -1.0,
        1.55291035546312e-16,
        -9.58217876955138e-17,
        -1.98741297103877e-17
      ],
      [
        4.20511088620491e-17,
        0.707106782917588,
        0.707106779455507,
        0.0814974745618855
      ],
      [
        1.7756358005425e-16,
        0.707106779455507,
        -0.707106782917588,
        0.32113988269577
      ],
      [
        0.0,
        0.0,
        0.0,
        1.0
      ]
    ],
    "3": [
      [
        -1.0,
        -1.54189783130378e-16,
        2.18286467610249e-16,
        1.98741297103877e-17
      ],
      [
        -4.53231996025203e-17,
        -0.707106782917588,
        -0.707106779455507,
        -0.0814974745618855
      ],
      [
        2.63380482840592e-16,
        -0.707106779455507,
        0.707106782917588,
        0.500134832304232
      ],
      [
        0.0,
        0.0,
        0.0,
        1.0
      ]
    ]
  },
  "simTime": 0.135000000000001,
  "state": [
    -1.31508035892411e-36,
    5.31087476340278e-21,
    0.410637357500001,
    0.707106781186548,
    -1.81696087196023e-19,
    0.707106781186548,
    -2.13591515547993e-19,
    -6.00750478454485e-35,
    7.15240264238638e-21,
    -1.32389099999998,
    6.90417991553612e-19,
    -6.32776895386094e-18,
    -1.17050019177101e-17,
    1.0,
    1.42280924387969e-18,
    3.03323946557655e-20,
    -3.46950611186559e-19,
    1.0,
    -1.41961023201791e-18,
    -3.03323946557651e-20,
    3.44585817580646e-19,
    1.0,
    -8.75052683063826e-19,
    3.83884142048782e-20,
    2.00233227212545e-19,
    1.0,
    1.42567889103088e-18,
    -3.83884142048777e-20,
    -3.38701731419028e-19,
    2.25703971117754e-17,
    5.89635720079223e-19,
    -1.2726742010451e-17,
    -2.2544266170059e-17,
    -5.89635720079218e-19,
    1.26914780301661e-17,
    -2.10107830406257e-17,
    6.31896464852847e-19,
    7.64508479198493e-18,
    2.26448475382081e-17,
    -6.31896464852842e-19,
    -1.2650462182012e-17
  ]
}