{
  "T_WB": [
    [
      0.281216108641791,
      -0.000357261474907703,
      0.959644399037793,
      -0.00564892957390188
    ],
    [
      0.00030338033159401,
      0.999999913827487,
      0.000283382061214479,
      4.77062701152381e-06
    ],
    [
      -0.959644417584317,
      0.000211445635478794,
      0.281216192794797,
      0.206904725421925
    ],
    [
      0.0,
      0.0,
      0.0,
      1.0
    ]
  ],
  "T_WH": {
    "0": [
      [
        0.502604707252825,
        0.801149220905065,
        0.324882184938647,
        0.00561114713896682
      ],
      [
        -0.592384899656229,
        0.592857707864313,
        -0.545527147706833,
        -0.0319830914022043
      ],
      [
        -0.629657556856567,
        0.0817292118466849,
        0.772561775539237,
        0.168512182458217
      ],
      [
        0.0,
        0.0,
        0.0,
        1.0
      ]
    ],
    "1": [
      [
        -0.131899734491186,
        -0.1288603262408,
        0.982851706190852,
        -0.0169090062867706
      ],
      [
        0.656867080898233,
        -0.753930543847861,
        -0.0106945353103151,
        0.0319926326562274
      ],
      [
        0.742380022679348,
        0.644192324833495,
        0.184087344899717,
        0.245297268385633
      ],
      [
        0.0,
        0.0,
        0.0,
        1.0
      ]
    ],
    "2": [
      [
        0.502947294108939,
        -0.801383194374124,
        0.323773061145027,
        0.00558828240457273
      ],
      [
        0.592908815235315,
        0.592457395350917,
        0.545392859790318,
        0.0320169030827549
      ],
      [
        -0.62889041665838,
        -0.0823359609692671,
        0.773122004192428,
        0.168525714978888
      ],
      [
        0.0,
        0.0,
        0.0,
        1.0
      ]
    ],
    "3": [
      [
        -0.131683058076724,
        0.129562616340503,
        0.982788431282423,
        -0.0168861415523765
      ],
      [
        -0.657089448083972,
        -0.753727579457244,
        0.0113222428089748,
        -0.0320073618287318
      ],
      [
        0.742221684830256,
        -0.644288960337306,
        0.184387380683194,
        0.245283735864962
      ],
      [
        0.0,
        0.0,
        0.0,
        1.0
      ]
    ]
  },
  "T_WP": {
    "0": [
      [
        -0.324882184938647,
        0.801149220905065,
        0.502604707252825,
        0.0407934766466646
      ],
      [
        0.545527147706833,
        0.592857707864313,
        -0.592384899656229,
        -0.0734500343781403
      ],
      [
        -0.772561775539237,
        0.0817292118466849,
        -0.629657556856567,
        0.124436153478257
      ],
      [
        0.0,
        0.0,
        0.0,
        1.0
      ]
    ],
    "1": [
      [
        -0.982851706190852,
        -0.1288603262408,
        -0.131899734491186,
        -0.0261419877011536
      ],
      [
        0.0106945353103151,
        -0.753930543847861,
        0.656867080898233,
        0.0779733283191037
      ],
      [
        -0.184087344899717,
        0.644192324833495,
        0.742380022679348,
        0.297263869973187
      ],
      [
        0.0,
        0.0,
        0.0,
        1.0
      ]
    ],
    "2": [
      [
        -0.323773061145027,
        -0.801383194374124,
        0.502947294108939,
        0.0407945929921985
      ],
      [
        -0.545392859790318,
        0.592457395350917,
        0.592908815235315,
        0.073520520149227
      ],
      [
        -0.773122004192428,
        -0.0823359609692671,
        -0.62889041665838,
        0.124503385812801
      ],
      [
        0.0,
        0.0,
        0.0,
        1.0
      ]
    ],
    "3": [
      [
        -0.982788431282423,
        0.129562616340503,
        -0.131683058076724,
        -0.0261039556177472
      ],
      [
        -0.0113222428089748,
        -0.753727579457244,
        -0.657089448083972,
        -0.0780036231946098
      ],
      [
        -0.184387380683194,
        -0.644288960337306,
        0.742221684830256,
        0.29723925380308
      ],
      [
        0.0,
        0.0,
        0.0,
        1.0
      ]
    ]
  },
  "simTime": 0.32699999999998,
  "state": [
    -0.00564892957390188,
    4.77062701152381e-06,
    0.206904725421925,
    0.800379943411889,
    -2.24694616375044e-05,
    0.599493038406389,
    0.000206352561661373,
    -0.135024453898054,
    0.000275843852638604,
    1.70454128876192,
    -0.00942795856143864,
    -5.54655655164819,
    0.00597421415352381,
    0.865744949982629,
    0.472839824277283,
    -0.109479092576978,
    0.122157727735603,
    0.998162584204981,
    0.0300607011622579,
    -0.0402446389320118,
    0.0338847867943739,
    0.865544261433911,
    -0.473064479271412,
    -0.109872678766227,
    -0.12235654625408,
    0.998165856162451,
    -0.0299520612097002,
    -0.0401398108093904,
    -0.0340087225422689,
    6.14441397408252,
    -0.176960313955516,
    -1.0948674736003,
    0.549832879609964,
    0.0392443327099729,
    -0.12594602539797,
    -6.14885088380018,
    -0.180200975701258,
    1.09506275231337,
    -0.550608497421606,
    0.0415851164566055,
    0.122031049219267
  ]
}