{
  "T_WB": [
    [
      0.762044253918196,
      -0.00759836169491158,
      0.647480362613271,
      -0.0210800985672832
    ],
    [
      -0.00186783948452046,
      0.999901194135777,
      0.0139324492286202,
      -0.000132820464001991
    ],
    [
      -0.64752225154501,
      -0.0118265322644177,
      0.76195476695712,
      0.0868660519795401
    ],
    [
      0.0,
      0.0,
      0.0,
      1.0
    ]
  ],
  "T_WH": {
    "0": [
      [
        0.41257370545386,
        0.393119638958232,
        0.821729813888617,
        0.030724917730965
      ],
      [
        -0.826159804571194,
        0.541481023868438,
        0.155750692137389,
        -0.0320715517917257
      ],
      [
        -0.383722445107084,
        -0.743138782634669,
        0.548180476545182,
        -0.025522441029339
      ],
      [
        0.0,
        0.0,
        0.0,
        1.0
      ]
    ],
    "1": [
      [
        -0.642745750083646,
        -0.400375356049007,
        0.653128988039914,
        -0.030724917730965
      ],
      [
        0.584202159791727,
        -0.807675491012755,
        0.0798006122281412,
        0.0320715517917257
      ],
      [
        0.495566077576031,
        0.432850869799214,
        0.753030137026382,
        0.025522441029339
      ],
      [
        0.0,
        0.0,
        0.0,
        1.0
      ]
    ],
    "2": [
      [
        0.401806597925683,
        -0.40071235630503,
        0.823396056201303,
        0.0302386225824907
      ],
      [
        0.821641565634648,
        0.554752687957229,
        -0.130975542853139,
        0.031922124632964
      ],
      [
        -0.404297657036043,
        0.729163262039922,
        0.552145218041836,
        -0.0262793390942618
      ],
      [
        0.0,
        0.0,
        0.0,
        1.0
      ]
    ],
    "3": [
      [
        -0.631453418683937,
        0.413838291856321,
        0.655747244161812,
        -0.0302386225824907
      ],
      [
        -0.585656250434922,
        -0.808789575742775,
        -0.0535367023296195,
        -0.031922124632964
      ],
      [
        0.508205997956416,
        -0.417848405959943,
        0.753079924893672,
        0.0262793390942618
      ],
      [
        0.0,
        0.0,
        0.0,
        1.0
      ]
    ]
  },
  "T_WP": {
    "0": [
      [
        -0.821729813888617,
        0.393119638958232,
        0.41257370545386,
        0.0596050771127352
      ],
      [
        -0.155750692137389,
        0.541481023868438,
        -0.826159804571194,
        -0.0899027381117092
      ],
      [
        -0.548180476545182,
        -0.743138782634669,
        -0.383722445107084,
        -0.0523830121868349
      ],
      [
        0.0,
        0.0,
        0.0,
        1.0
      ]
    ],
    "1": [
      [
        -0.653128988039914,
        -0.400375356049007,
        -0.642745750083646,
        -0.0757171202368202
      ],
      [
        -0.0798006122281411,
        -0.807675491012755,
        0.584202159791727,
        0.0729657029771466
      ],
      [
        -0.753030137026382,
        0.432850869799214,
        0.495566077576031,
        0.0602120664596612
      ],
      [
        0.0,
        0.0,
        0.0,
        1.0
      ]
    ],
    "2": [
      [
        -0.823396056201303,
        -0.40071235630503,
        0.401806597925683,
        0.0583650844372885
      ],
      [
        0.130975542853139,
        0.554752687957229,
        0.821641565634648,
        0.0894370342273894
      ],
      [
        -0.552145218041836,
        0.729163262039922,
        -0.404297657036043,
        -0.0545801750867848
      ],
      [
        0.0,
        0.0,
        0.0,
        1.0
      ]
    ],
    "3": [
      [
        -0.655747244161812,
        0.413838291856321,
        -0.631453418683937,
        -0.0744403618903663
      ],
      [
        0.0535367023296194,
        -0.808789575742775,
        -0.585656250434922,
        -0.0729180621634086
      ],
      [
        -0.753079924893672,
        -0.417848405959943,
        0.508205997956416,
        0.0618537589512109
      ],
      [
        0.0,
        0.0,
        0.0,
        1.0
      ]
    ]
  }
}