{
  "T_WB": [
    [
      -0.893035098402666,
      0.0727999956543649,
      0.444059088020575,
      -0.207795658885812
    ],
    [
      0.0593185026140284,
      0.997260122374151,
      -0.0441991353979057,
      -0.000575550615390039
    ],
    [
      -0.446060117325647,
      -0.0131304590558499,
      -0.89490667824998,
      0.19273011332482
    ],
    [
      0.0,
      0.0,
      0.0,
      1.0
    ]
  ],
  "T_WH": {
    "0": [
      [
        -0.808422403626104,
        -0.562291657578263,
        -0.174015255461363,
        -0.245846662682858
      ],
      [
        -0.585651539024302,
        0.797981162219115,
        0.142261518274959,
        -0.0301151344268017
      ],
      [
        0.0588684308764879,
        0.216919700721996,
        -0.974412823850764,
        0.175307883321581
      ],
      [
        0.0,
        0.0,
        0.0,
        1.0
      ]
    ],
    "1": [
      [
        0.581385833457417,
        0.508363614625224,
        0.635261322591106,
        -0.169744655088766
      ],
      [
        0.765223836127988,
        -0.606930425554268,
        -0.214634431436528,
        0.0289640331960217
      ],
      [
        0.276447089470284,
        0.61090252402629,
        -0.741872706642937,
        0.210152343328059
      ],
      [
        0.0,
        0.0,
        0.0,
        1.0
      ]
    ],
    "2": [
      [
        -0.715084953151269,
        0.670202003582455,
        -0.198702753304305,
        -0.241187462960979
      ],
      [
        0.697773730762248,
        0.701432959343217,
        -0.145270864956297,
        0.0337095134051439
      ],
      [
        0.0420158355240173,
        -0.242530571147394,
        -0.969233507274763,
        0.174467533942007
      ],
      [
        0.0,
        0.0,
        0.0,
        1.0
      ]
    ],
    "3": [
      [
        0.455305935853032,
        -0.590163134689715,
        0.666636317065163,
        -0.174403854810645
      ],
      [
        -0.83889279180043,
        -0.535187654187022,
        0.0991617802939892,
        -0.034860614635924
      ],
      [
        0.298253899626266,
        -0.604385348315958,
        -0.738757715424159,
        0.210992692707633
      ],
      [
        0.0,
        0.0,
        0.0,
        1.0
      ]
    ]
  },
  "T_WP": {
    "0": [
      [
        0.174015255461363,
        -0.562291657578263,
        -0.808422403626104,
        -0.302436230936686
      ],
      [
        -0.142261518274959,
        0.797981162219115,
        -0.585651539024302,
        -0.0711107421585029
      ],
      [
        0.974412823850764,
        0.216919700721996,
        0.0588684308764879,
        0.179428673482936
      ],
      [
        0.0,
        0.0,
        0.0,
        1.0
      ]
    ],
    "1": [
      [
        -0.635261322591106,
        0.508363614625224,
        0.581385833457417,
        -0.129047646746747
      ],
      [
        0.214634431436528,
        -0.606930425554268,
        0.765223836127988,
        0.0825297017249808
      ],
      [
        0.741872706642937,
        0.61090252402629,
        0.276447089470284,
        0.229503639590979
      ],
      [
        0.0,
        0.0,
        0.0,
        1.0
      ]
    ],
    "2": [
      [
        0.198702753304305,
        0.670202003582455,
        -0.715084953151269,
        -0.291243409681568
      ],
      [
        0.145270864956297,
        0.701432959343217,
        0.697773730762248,
        0.0825536745585013
      ],
      [
        0.969233507274763,
        -0.242530571147394,
        0.0420158355240172,
        0.177408642428688
      ],
      [
        0.0,
        0.0,
        0.0,
        1.0
      ]
    ],
    "3": [
      [
        -0.666636317065163,
        -0.590163134689715,
        0.455305935853032,
        -0.142532439300933
      ],
      [
        -0.0991617802939893,
        -0.535187654187022,
        -0.83889279180043,
        -0.0935831100619541
      ],
      [
        0.738757715424159,
        -0.604385348315958,
        0.298253899626266,
        0.231870465681472
      ],
      [
        0.0,
        0.0,
        0.0,
        1.0
      ]
    ]
  },
  "simTime": 0.96599999999991,
  "state": [
    -0.207795658885812,
    -0.000575550615390039,
    0.19273011332482,
    0.228756609588393,
    0.0339538564568237,
    0.972779766831475,
    -0.0147334464614968,
    -0.464570293087892,
    -0.00313382833986586,
    -0.220297211199944,
    0.468211188435763,
    12.9321724735789,
    -0.250821249911475,
    0.943773193055267,
    -0.265605581817627,
    0.187696161559256,
    0.0592957495399762,
    0.98632388143685,
    -0.147530594224755,
    0.022162897921555,
    -0.0700623338945883,
    0.942954600537749,
    0.268413988969424,
    0.187548979465527,
    -0.0601326213602571,
    0.985323199704796,
    0.151561138648078,
    0.0254576051287101,
    0.0742921511083883,
    0.323639377553156,
    -1.98730337891533,
    2.80735319147195,
    -1.04799018705322,
    -0.65548991116453,
    1.20760839529781,
    -0.277830402037877,
    -1.97524491897469,
    -2.83546062197091,
    1.05940417069984,
    -0.668601457757153,
    -1.27427357891008
  ]
}