{
  "T_WB": [
    [
      0.336263879367729,
      -0.000470970026844871,
      0.941767689836405,
      -0.00716087795584283
    ],
    [
      0.000383307938976816,
      0.999999860569845,
      0.000363229011056937,
      7.78355741179033e-06
    ],
    [
      -0.941767729595567,
      0.00023884623582924,
      0.336264013008955,
      0.224286637915695
    ],
    [
      0.0,
      0.0,
      0.0,
      1.0
    ]
  ],
  "T_WH": {
    "0": [
      [
        0.521923540672758,
        0.819363756698839,
        0.237147321089609,
        0.00630474825972538
      ],
      [
        -0.602715550011178,
        0.550978882868306,
        -0.577196878376796,
        -0.0319768796632642
      ],
      [
        -0.603597368670818,
        0.158320260363479,
        0.781412126660512,
        0.186608285652326
      ],
      [
        0.0,
        0.0,
        0.0,
        1.0
      ]
    ],
    "1": [
      [
        -0.175629587631289,
        -0.161123081161567,
        0.971181548766999,
        -0.020626504171411
      ],
      [
        0.658366040604609,
        -0.752675476750876,
        -0.00581233829471705,
        0.0319924467780878
      ],
      [
        0.731921037084653,
        0.638372132392106,
        0.238270048596296,
        0.261964990179064
      ],
      [
        0.0,
        0.0,
        0.0,
        1.0
      ]
    ],
    "2": [
      [
        0.522094780844405,
        -0.819632533442723,
        0.235837973908563,
        0.00627460617800731
      ],
      [
        0.60340891516009,
        0.550395441708009,
        0.577029062398393,
        0.0320231114132059
      ],
      [
        -0.602755938104599,
        -0.158957125884022,
        0.781932165350893,
        0.186623571811419
      ],
      [
        0.0,
        0.0,
        0.0,
        1.0
      ]
    ],
    "3": [
      [
        -0.175290908834858,
        0.161964154451532,
        0.971102831811673,
        -0.020596362089693
      ],
      [
        -0.658669063786376,
        -0.752403867234136,
        0.00659431436130646,
        -0.0320075442983823
      ],
      [
        0.73172956868684,
        -0.638479469712157,
        0.238570335677876,
        0.261949704019971
      ],
      [
        0.0,
        0.0,
        0.0,
        1.0
      ]
    ]
  },
  "T_WP": {
    "0": [
      [
        -0.237147321089609,
        0.819363756698839,
        0.521923540672758,
        0.0428393961068184
      ],
      [
        0.577196878376796,
        0.550978882868306,
        -0.602715550011178,
        -0.0741669681640466
      ],
      [
        -0.781412126660512,
        0.158320260363479,
        -0.603597368670818,
        0.144356469845369
      ],
      [
        0.0,
        0.0,
        0.0,
        1.0
      ]
    ],
    "1": [
      [
        -0.971181548766999,
        -0.161123081161567,
        -0.175629587631289,
        -0.0329205753056012
      ],
      [
        0.00581233829471709,
        -0.752675476750876,
        0.658366040604609,
        0.0780780696204104
      ],
      [
        -0.238270048596296,
        0.638372132392106,
        0.731921037084653,
        0.31319946277499
      ],
      [
        0.0,
        0.0,
        0.0,
        1.0
      ]
    ],
    "2": [
      [
        -0.235837973908563,
        -0.819632533442723,
        0.522094780844405,
        0.0428212408371157
      ],
      [
        -0.577029062398393,
        0.550395441708009,
        0.60340891516009,
        0.0742617354744122
      ],
      [
        -0.781932165350893,
        -0.158957125884022,
        -0.602755938104599,
        0.144430656144097
      ],
      [
        0.0,
        0.0,
        0.0,
        1.0
      ]
    ],
    "3": [
      [
        -0.971102831811673,
        0.161964154451532,
        -0.175290908834858,
        -0.032866725708133
      ],
      [
        -0.0065943143613065,
        -0.752403867234136,
        -0.658669063786376,
        -0.0781143787634286
      ],
      [
        -0.238570335677876,
        -0.638479469712157,
        0.73172956868684,
        0.31317077382805
      ],
      [
        0.0,
        0.0,
        0.0,
        1.0
      ]
    ]
  },
  "simTime": 0.337499999999979,
  "state": [
    -0.00716087795584283,
    7.78355741179033e-06,
    0.224286637915695,
    0.81739338034794,
    -3.80425075056123e-05,
    0.576079848674027,
    0.000261281161054316,
    -0.152163709118934,
    0.000295475027408888,
    1.60580622577021,
    -0.00955591544051879,
    -5.48487493277043,
    0.00568950071350427,
    0.853981391609921,
    0.496881300393352,
    -0.100819489762553,
    0.116876800894847,
    0.998140897878296,
    0.0326867390772324,
    -0.0394728962201727,
    0.0329881120283811,
    0.85376592315289,
    -0.497123793272179,
    -0.101207813296296,
    -0.117083991874872,
    0.99814405473965,
    -0.032583624379083,
    -0.0393594374296411,
    -0.0331298671207089,
    4.2457757719907,
    0.384912416516583,
    -2.58105063215699,
    0.452245109173,
    0.193246878632468,
    -0.251059157952567,
    -4.24956359418292,
    0.38497475838895,
    2.58213572712413,
    -0.453944701890925,
    0.194316053156811,
    0.248175623565602
  ]
}