{
  "T_WB": [
    [
      0.215945562759061,
      -0.000230746523563955,
      0.976405377228493,
      -0.0041750496729074
    ],
    [
      0.000213335612386132,
      0.999999959356925,
      0.000189140330050863,
      1.71227997470983e-06
    ],
    [
      -0.976405381187849,
      0.000167458024074885,
      0.21594560320882,
      0.185798827906019
    ],
    [
      0.0,
      0.0,
      0.0,
      1.0
    ]
  ],
  "T_WH": {
    "0": [
      [
        0.454898177363448,
        0.765981941970354,
        0.454245872635888,
        0.00447015672620908
      ],
      [
        -0.588316026606089,
        0.641406440403477,
        -0.492424645044665,
        -0.0319897529949515
      ],
      [
        -0.668544614120731,
        -0.0432370533717005,
        0.742414073240733,
        0.146737254001734
      ],
      [
        0.0,
        0.0,
        0.0,
        1.0
      ]
    ],
    "1": [
      [
        -0.0830096401754649,
        -0.0928206410853231,
        0.992216573247217,
        -0.0128202560720239
      ],
      [
        0.657031496701578,
        -0.753702935249489,
        -0.0155401975015796,
        0.0319931775549009
      ],
      [
        0.749278994754307,
        0.650627553969868,
        0.123550694191342,
        0.224860401810303
      ],
      [
        0.0,
        0.0,
        0.0,
        1.0
      ]
    ],
    "2": [
      [
        0.455396393169054,
        -0.766187015413651,
        0.45340002481268,
        0.00445538894870099
      ],
      [
        0.588616011875595,
        0.641199406593216,
        0.492335771144223,
        0.0320102444038918
      ],
      [
        -0.66794110193361,
        0.0426705799823518,
        0.742989842428337,
        0.146747971315275
      ],
      [
        0.0,
        0.0,
        0.0,
        1.0
      ]
    ],
    "3": [
      [
        -0.0829057044857475,
        0.0933494125230252,
        0.992175655489152,
        -0.0128054882945158
      ],
      [
        -0.657177187314334,
        -0.753566573930395,
        0.0159863419338934,
        -0.0320068198439423
      ],
      [
        0.749162725072025,
        -0.650709847655937,
        0.123822072047938,
        0.224849684496762
      ],
      [
        0.0,
        0.0,
        0.0,
        1.0
      ]
    ]
  },
  "T_WP": {
    "0": [
      [
        -0.454245872635888,
        0.765981941970354,
        0.454898177363448,
        0.0363130291416504
      ],
      [
        0.492424645044665,
        0.641406440403477,
        -0.588316026606089,
        -0.0731718748573777
      ],
      [
        -0.742414073240733,
        -0.0432370533717005,
        -0.668544614120731,
        0.0999391310132831
      ],
      [
        0.0,
        0.0,
        0.0,
        1.0
      ]
    ],
    "1": [
      [
        -0.992216573247217,
        -0.0928206410853231,
        -0.0830096401754648,
        -0.0186309308843064
      ],
      [
        0.0155401975015796,
        -0.753702935249489,
        0.657031496701578,
        0.0779853823240113
      ],
      [
        -0.123550694191342,
        0.650627553969868,
        0.749278994754307,
        0.277309931443104
      ],
      [
        0.0,
        0.0,
        0.0,
        1.0
      ]
    ],
    "2": [
      [
        -0.45340002481268,
        -0.766187015413651,
        0.455396393169054,
        0.0363331364705348
      ],
      [
        -0.492335771144223,
        0.641199406593216,
        0.588616011875595,
        0.0732133652351834
      ],
      [
        -0.742989842428337,
        0.0426705799823518,
        -0.66794110193361,
        0.0999920941799223
      ],
      [
        0.0,
        0.0,
        0.0,
        1.0
      ]
    ],
    "3": [
      [
        -0.992175655489152,
        0.0933494125230252,
        -0.0829057044857474,
        -0.0186088876085181
      ],
      [
        -0.0159863419338934,
        -0.753566573930395,
        -0.657177187314334,
        -0.0780092229559457
      ],
      [
        -0.123822072047938,
        -0.650709847655937,
        0.749162725072025,
        0.277291075251804
      ],
      [
        0.0,
        0.0,
        0.0,
        1.0
      ]
    ]
  },
  "simTime": 0.314999999999982,
  "state": [
    -0.0041750496729074,
    1.71227997470983e-06,
    0.185798827906019,
    0.779726093786274,
    -6.95189828478453e-06,
    0.626120753806533,
    0.000142384017762464,
    -0.109799331320232,
    0.000228103856391065,
    1.81167965619598,
    -0.00912962974399265,
    -5.71954631816115,
    0.00641543627641132,
    0.887579142061895,
    0.430994945640986,
    -0.11119955827592,
    0.118664576213098,
    0.998301503435211,
    0.0262432465488672,
    -0.0396213113198367,
    0.0336979515530264,
    0.887408363076542,
    -0.431197070757846,
    -0.111573831666772,
    -0.118856061683284,
    0.998304441616101,
    -0.0261371691829288,
    -0.0395360335545087,
    -0.0337933763842041,
    9.96044912882506,
    -1.45011772941348,
    1.31476573244176,
    0.734372591833415,
    -0.349118515590538,
    0.19506533878384,
    -9.96624123388699,
    -1.45928215064217,
    -1.31624836178587,
    -0.733045500328916,
    -0.344690082973634,
    -0.200678006306878
  ]
}