{
  "T_WB": [
    [
      0.999894253622559,
      -0.0023497023597182,
      0.0143513229845161,
      -0.0740428854513659
    ],
    [
      0.00232525131872064,
      0.999995817055966,
      0.00172019675498367,
      3.32409605235923e-05
    ],
    [
      -0.0143553049041096,
      -0.00168664441771321,
      0.999895534769367,
      0.297567324960299
    ],
    [
      0.0,
      0.0,
      0.0,
      1.0
    ]
  ],
  "T_WH": {
    "0": [
      [
        -0.0849439250320831,
        0.922655086865453,
        -0.376154383573351,
        -0.0339719248309526
      ],
      [
        -0.812091420766883,
        -0.282847069667463,
        -0.510396962664703,
        -0.0318736151325185
      ],
      [
        -0.577314519059558,
        0.26211662645058,
        0.773306420651735,
        0.297047085385501
      ],
      [
        0.0,
        0.0,
        0.0,
        1.0
      ]
    ],
    "1": [
      [
        -0.652958638637536,
        -0.754523538208396,
        0.0658729574112032,
        -0.114113846071779
      ],
      [
        0.757392301515532,
        -0.650324235934611,
        0.0586113449860167,
        0.0319400970535657
      ],
      [
        -0.00138485870080834,
        0.0881624548520902,
        0.996105146920159,
        0.298087564535097
      ],
      [
        0.0,
        0.0,
        0.0,
        1.0
      ]
    ],
    "2": [
      [
        -0.0886312035098426,
        -0.921132921444343,
        -0.379023285294989,
        -0.0341223057819745
      ],
      [
        0.809252602351588,
        -0.288446787395427,
        0.511770140227467,
        0.0321261171590633
      ],
      [
        -0.580736373367107,
        -0.261366776528057,
        0.770994599705959,
        0.296939140142768
      ],
      [
        0.0,
        0.0,
        0.0,
        1.0
      ]
    ],
    "3": [
      [
        -0.649535434062864,
        0.757421101572835,
        0.0664604753892183,
        -0.113963465120757
      ],
      [
        -0.76033057336826,
        -0.647171352883352,
        -0.0553774250812167,
        -0.0320596352380161
      ],
      [
        0.00106728546362881,
        -0.0865015311964232,
        0.996251146048231,
        0.29819550977783
      ],
      [
        0.0,
        0.0,
        0.0,
        1.0
      ]
    ]
  },
  "T_WP": {
    "0": [
      [
        0.376154383573351,
        0.922655086865453,
        -0.0849439250320832,
        -0.0399179995831984
      ],
      [
        0.510396962664703,
        -0.282847069667463,
        -0.812091420766883,
        -0.0887200145862003
      ],
      [
        -0.773306420651735,
        0.26211662645058,
        -0.577314519059558,
        0.256635069051332
      ],
      [
        0.0,
        0.0,
        0.0,
        1.0
      ]
    ],
    "1": [
      [
        -0.0658729574112032,
        -0.754523538208396,
        -0.652958638637536,
        -0.159820950776407
      ],
      [
        -0.0586113449860166,
        -0.650324235934611,
        0.757392301515532,
        0.0849575581596529
      ],
      [
        -0.996105146920159,
        0.0881624548520902,
        -0.00138485870080828,
        0.29799062442604
      ],
      [
        0.0,
        0.0,
        0.0,
        1.0
      ]
    ],
    "2": [
      [
        0.379023285294989,
        -0.921132921444343,
        -0.0886312035098426,
        -0.0403264900276635
      ],
      [
        -0.511770140227467,
        -0.288446787395427,
        0.809252602351588,
        0.0887737993236745
      ],
      [
        -0.770994599705959,
        -0.261366776528057,
        -0.580736373367107,
        0.25628759400707
      ],
      [
        0.0,
        0.0,
        0.0,
        1.0
      ]
    ],
    "3": [
      [
        -0.0664604753892183,
        0.757421101572835,
        -0.649535434062864,
        -0.159430945505158
      ],
      [
        0.0553774250812166,
        -0.647171352883352,
        -0.76033057336826,
        -0.0852827753737943
      ],
      [
        -0.996251146048231,
        -0.0865015311964232,
        0.00106728546362887,
        0.298270219760284
      ],
      [
        0.0,
        0.0,
        0.0,
        1.0
      ]
    ]
  },
  "simTime": 0.608999999999949,
  "state": [
    -0.0740428854513659,
    3.32409605235923e-05,
    0.297567324960299,
    0.999973200321875,
    -0.000851733119347665,
    0.00717684930940786,
    0.0011687697422626,
    -0.320397852578958,
    -0.000201388985328372,
    -1.08990029661508,
    -0.0117860770209693,
    -3.16779449936843,
    0.000406318715406123,
    0.826467268406972,
    0.275475811485134,
    0.201589699395448,
    -0.447690210565496,
    0.998527269662469,
    0.0382845014719989,
    0.00326482730217214,
    -0.0383005168391103,
    0.826279730000196,
    -0.275816485714158,
    0.201860861846352,
    0.447704440958255,
    0.998520306229139,
    -0.0385515176915406,
    0.00331306834944141,
    0.03820997395781,
    -4.4981469906589,
    -2.34468743633046,
    -3.14490179253771,
    -0.33835636557824,
    0.151741671286726,
    -0.552759272636047,
    4.49995593090322,
    -2.34700231019941,
    3.14754727861529,
    0.336648357758588,
    0.151336206016107,
    0.555319984535497
  ]
}