{
  "T_WB": [
    [
      0.975436778813102,
      -0.00226493020502684,
      -0.220267929190532,
      -0.102677455431805
    ],
    [
      0.00280370187064672,
      0.999993793928572,
      0.00213339170379736,
      9.35434698698757e-06
    ],
    [
      0.220261730208721,
      -0.00269855433661366,
      0.975437075371832,
      0.16625696206991
    ],
    [
      0.0,
      0.0,
      0.0,
      1.0
    ]
  ],
  "T_WH": {
    "0": [
      [
        -0.171716372216245,
        0.975300777925436,
        -0.138931206325046,
        -0.06358750651272
      ],
      [
        -0.870366903331691,
        -0.216257113747396,
        -0.442373500945127,
        -0.0318782989839014
      ],
      [
        -0.461492081294679,
        0.0449583510783697,
        0.88600440493861,
        0.17515378501703
      ],
      [
        0.0,
        0.0,
        0.0,
        1.0
      ]
    ],
    "1": [
      [
        -0.602318177532139,
        -0.771665969458203,
        -0.204314572643494,
        -0.14176740435089
      ],
      [
        0.7822408574803,
        -0.621585854967288,
        0.041596463708714,
        0.0318970076778754
      ],
      [
        -0.1590976238127,
        -0.134768900287553,
        0.978021108981006,
        0.157360139122789
      ],
      [
        0.0,
        0.0,
        0.0,
        1.0
      ]
    ],
    "2": [
      [
        -0.175593319078113,
        -0.974287037630864,
        -0.141179866126891,
        -0.0637324620458417
      ],
      [
        0.866746589235492,
        -0.221000690056548,
        0.447111893202552,
        0.0321213038275272
      ],
      [
        -0.466816169753976,
        -0.0438573061074714,
        0.883266211488486,
        0.174981077539487
      ],
      [
        0.0,
        0.0,
        0.0,
        1.0
      ]
    ],
    "3": [
      [
        -0.598692887262052,
        0.774633910160267,
        -0.203737900184631,
        -0.141622448817768
      ],
      [
        -0.785843931508159,
        -0.617274236689666,
        -0.0377071880546807,
        -0.0321025951335532
      ],
      [
        -0.154971423345169,
        0.137531167191318,
        0.978299052436097,
        0.157532846600333
      ],
      [
        0.0,
        0.0,
        0.0,
        1.0
      ]
    ]
  },
  "T_WP": {
    "0": [
      [
        0.138931206325046,
        0.975300777925436,
        -0.171716372216245,
        -0.0756076525678571
      ],
      [
        0.442373500945127,
        -0.216257113747396,
        -0.870366903331691,
        -0.0928039822171198
      ],
      [
        -0.88600440493861,
        0.0449583510783697,
        -0.461492081294679,
        0.142849339326403
      ],
      [
        0.0,
        0.0,
        0.0,
        1.0
      ]
    ],
    "1": [
      [
        0.204314572643494,
        -0.771665969458203,
        -0.602318177532139,
        -0.18392967677814
      ],
      [
        -0.0415964637087139,
        -0.621585854967288,
        0.7822408574803,
        0.0866538677014964
      ],
      [
        -0.978021108981006,
        -0.134768900287553,
        -0.1590976238127,
        0.1462233054559
      ],
      [
        0.0,
        0.0,
        0.0,
        1.0
      ]
    ],
    "2": [
      [
        0.141179866126891,
        -0.974287037630864,
        -0.175593319078113,
        -0.0760239943813096
      ],
      [
        -0.447111893202552,
        -0.221000690056548,
        0.866746589235492,
        0.0927935650740116
      ],
      [
        -0.883266211488486,
        -0.0438573061074714,
        -0.466816169753976,
        0.142303945656709
      ],
      [
        0.0,
        0.0,
        0.0,
        1.0
      ]
    ],
    "3": [
      [
        0.203737900184631,
        0.774633910160267,
        -0.598692887262052,
        -0.183530950926112
      ],
      [
        0.0377071880546807,
        -0.617274236689666,
        -0.785843931508159,
        -0.0871116703391243
      ],
      [
        -0.978299052436097,
        0.137531167191318,
        -0.154971423345169,
        0.146684846966171
      ],
      [
        0.0,
        0.0,
        0.0,
        1.0
      ]
    ]
  },
  "simTime": 0.69499999999994,
  "state": [
    -0.102677455431805,
    9.35434698698757e-06,
    0.16625696206991,
    0.99383948001092,
    -0.00121547446483962,
    -0.110815093448092,
    0.00127501276051588,
    -0.341371523349805,
    -0.000343984176112883,
    -1.96427395748022,
    -0.0118590051564024,
    -2.35539239080822,
    0.000346767201917346,
    0.8427415035729,
    0.0301236872741846,
    0.228347594962014,
    -0.486555955153935,
    0.998080029698417,
    0.0191735326775296,
    0.00932769325088349,
    -0.0581517334263369,
    0.842647167349458,
    -0.0303404497873729,
    0.228623098729677,
    0.486576496752438,
    0.998071770418207,
    -0.0194781464101127,
    0.0093689889642478,
    0.0581856077778703,
    -5.12654216790622,
    -2.58430629000744,
    -0.654160846401684,
    -0.54593701644753,
    0.0600794887533554,
    -0.365338405677092,
    5.128004265441,
    -2.58676369860416,
    0.654440287256883,
    0.545847722165259,
    0.0598215502907061,
    0.368532691636635
  ]
}