{
  "T_WB": [
    [
      0.661225427252572,
      -0.034841378752739,
      0.749377750324402,
      -0.0263795740949973
    ],
    [
      -0.0509735168704456,
      0.994525639289034,
      0.0912165191979811,
      0.00132184484709837
    ],
    [
      -0.748453495504238,
      -0.0985131012776749,
      0.655829653144887,
      0.287307726331607
    ],
    [
      0.0,
      0.0,
      0.0,
      1.0
    ]
  ],
  "T_WH": {
    "0": [
      [
        0.278524915217502,
        -0.140212870706407,
        0.95013905429224,
        0.00118436711519317
      ],
      [
        -0.72444441912012,
        0.618833497092649,
        0.303686329099277,
        -0.0325419162849686
      ],
      [
        -0.630558605689269,
        -0.772907144335172,
        0.0707841156394126,
        0.260522005752323
      ],
      [
        0.0,
        0.0,
        0.0,
        1.0
      ]
    ],
    "1": [
      [
        -0.604948485846613,
        -0.278332936467639,
        0.746034922741014,
        -0.0539435153051879
      ],
      [
        0.642901446640289,
        -0.72352124472585,
        0.251385636698242,
        0.0351856059791653
      ],
      [
        0.469803213462523,
        0.631702291358563,
        0.616633728977445,
        0.314093446910891
      ],
      [
        0.0,
        0.0,
        0.0,
        1.0
      ]
    ],
    "2": [
      [
        0.210246581872193,
        0.186546291667621,
        0.959685811021565,
        -0.00104548112498212
      ],
      [
        0.546366311722742,
        0.79160739473538,
        -0.273571902824013,
        0.0311077246295296
      ],
      [
        -0.810728208603566,
        0.581857554445521,
        0.0645101395838724,
        0.254217167270552
      ],
      [
        0.0,
        0.0,
        0.0,
        1.0
      ]
    ],
    "3": [
      [
        -0.597355977500749,
        0.280865281999964,
        0.75118608181409,
        -0.0517136670650126
      ],
      [
        -0.543052039066889,
        -0.830910483193474,
        -0.121170342016855,
        -0.0284640349353329
      ],
      [
        0.590135847927762,
        -0.480314961547387,
        0.648873807996835,
        0.320398285392663
      ],
      [
        0.0,
        0.0,
        0.0,
        1.0
      ]
    ]
  },
  "T_WP": {
    "0": [
      [
        -0.95013905429224,
        -0.140212870706407,
        0.278524915217502,
        0.0206811111804183
      ],
      [
        -0.303686329099277,
        0.618833497092649,
        -0.72444441912012,
        -0.083253025623377
      ],
      [
        -0.0707841156394126,
        -0.772907144335172,
        -0.630558605689269,
        0.216382903354075
      ],
      [
        0.0,
        0.0,
        0.0,
        1.0
      ]
    ],
    "1": [
      [
        -0.746034922741014,
        -0.278332936467639,
        -0.604948485846613,
        -0.0962899093144508
      ],
      [
        -0.251385636698242,
        -0.72352124472585,
        0.642901446640289,
        0.0801887072439855
      ],
      [
        -0.616633728977445,
        0.631702291358563,
        0.469803213462523,
        0.346979671853268
      ],
      [
        0.0,
        0.0,
        0.0,
        1.0
      ]
    ],
    "2": [
      [
        -0.959685811021565,
        0.186546291667621,
        0.210246581872193,
        0.0136717796060714
      ],
      [
        0.273571902824013,
        0.79160739473538,
        0.546366311722742,
        0.0693533664501216
      ],
      [
        -0.0645101395838725,
        0.581857554445521,
        -0.810728208603566,
        0.197466192668303
      ],
      [
        0.0,
        0.0,
        0.0,
        1.0
      ]
    ],
    "3": [
      [
        -0.75118608181409,
        0.280865281999964,
        -0.597355977500749,
        -0.093528585490065
      ],
      [
        0.121170342016855,
        -0.830910483193474,
        -0.543052039066889,
        -0.0664776776700151
      ],
      [
        -0.648873807996835,
        -0.480314961547387,
        0.590135847927762,
        0.361707794747606
      ],
      [
        0.0,
        0.0,
        0.0,
        1.0
      ]
    ]
  }
}