{
  "T_WB": [
    [
      -0.492217624653618,
      -0.711591778635166,
      0.501357108814856,
      -0.110471904577875
    ],
    [
      -0.583922968256854,
      0.697067075450901,
      0.41609068658699,
      -0.000356029769917976
    ],
    [
      -0.645566245340054,
      -0.0879467617435041,
      -0.758623483670508,
      0.790379045792466
    ],
    [
      0.0,
      0.0,
      0.0,
      1.0
    ]
  ],
  "T_WH": {
    "0": [
      [
        -0.0526159459609355,
        -0.451316298694554,
        0.890811518090828,
        0.00308223193018058
      ],
      [
        -0.928362256407516,
        0.350775821221158,
        0.122881423024668,
        -0.045663065144703
      ],
      [
        -0.36793353082939,
        -0.820530268655137,
        -0.437441419063339,
        -0.02300835343781
      ],
      [
        0.0,
        0.0,
        0.0,
        1.0
      ]
    ],
    "1": [
      [
        -0.347677873769732,
        0.757146371908423,
        0.553036587936884,
        -0.00308223193018058
      ],
      [
        0.89689497734916,
        0.0966304587970107,
        0.431557590639452,
        0.045663065144703
      ],
      [
        0.273312084798327,
        0.646058763533622,
        -0.712677050538742,
        0.02300835343781
      ],
      [
        0.0,
        0.0,
        0.0,
        1.0
      ]
    ],
    "2": [
      [
        -0.917769990608154,
        -0.378627737112624,
        0.119746737024783,
        -0.04245964190247
      ],
      [
        -0.103047404564744,
        0.518282698731531,
        0.848978372285202,
        -0.00105077231584535
      ],
      [
        -0.383509421985404,
        0.766827282303216,
        -0.514680913152884,
        -0.0286369461893943
      ],
      [
        0.0,
        0.0,
        0.0,
        1.0
      ]
    ],
    "3": [
      [
        0.847050952644609,
        -0.0563175041099178,
        0.52851965181504,
        0.04245964190247
      ],
      [
        -0.347227097487408,
        -0.811485355589292,
        0.470026446526778,
        0.00105077231584535
      ],
      [
        0.402415241255015,
        -0.58165269396346,
        -0.70692440699888,
        0.0286369461893943
      ],
      [
        0.0,
        0.0,
        0.0,
        1.0
      ]
    ]
  },
  "T_WP": {
    "0": [
      [
        -0.890811518090828,
        -0.451316298694554,
        -0.0526159459609354,
        -0.000600884287084902
      ],
      [
        -0.122881423024668,
        0.350775821221158,
        -0.928362256407516,
        -0.110648423093229
      ],
      [
        0.437441419063339,
        -0.820530268655137,
        -0.36793353082939,
        -0.0487637005958673
      ],
      [
        0.0,
        0.0,
        0.0,
        1.0
      ]
    ],
    "1": [
      [
        -0.553036587936884,
        0.757146371908423,
        -0.347677873769732,
        -0.0274196830940618
      ],
      [
        -0.431557590639452,
        0.0966304587970107,
        0.89689497734916,
        0.108445713559144
      ],
      [
        0.712677050538742,
        0.646058763533622,
        0.273312084798327,
        0.0421401993736929
      ],
      [
        0.0,
        0.0,
        0.0,
        1.0
      ]
    ],
    "2": [
      [
        -0.119746737024783,
        -0.378627737112624,
        -0.917769990608154,
        -0.106703541245041
      ],
      [
        -0.848978372285202,
        0.518282698731531,
        -0.103047404564743,
        -0.00826409063537739
      ],
      [
        0.514680913152884,
        0.766827282303216,
        -0.383509421985404,
        -0.0554826057283726
      ],
      [
        0.0,
        0.0,
        0.0,
        1.0
      ]
    ],
    "3": [
      [
        -0.52851965181504,
        -0.0563175041099178,
        0.847050952644609,
        0.101753208587593
      ],
      [
        -0.470026446526778,
        -0.811485355589292,
        -0.347227097487408,
        -0.0232551245082732
      ],
      [
        0.70692440699888,
        -0.58165269396346,
        0.402415241255014,
        0.0568060130772453
      ],
      [
        0.0,
        0.0,
        0.0,
        1.0
      ]
    ]
  }
}