{
  "arms": {
    "0": [
      [
        -0.999457240104675,
        -0.0271083228290081,
        0.0187170635908842,
        -3.22990194945305e-06
      ],
      [
        -0.0324893556535244,
        0.717264473438263,
        -0.696043193340302,
        -0.0320001281797886
      ],
      [
        0.00544347753748298,
        -0.696273505687714,
        -0.717755913734436,
        0.0828255861997604
      ],
      [
        0.0,
        0.0,
        0.0,
        1.0
      ]
    ],
    "1": [
      [
        -0.99977171421051,
        0.0213648173958063,
        -6.75652991048992e-05,
        -0.000522809103131294
      ],
      [
        -0.014999189414084,
        -0.704135715961456,
        -0.709906995296478,
        -0.032003466039896
      ],
      [
        -0.0152146089822054,
        -0.709743976593018,
        0.70429539680481,
        0.162823900580406
      ],
      [
        0.0,
        0.0,
        0.0,
        1.0
      ]
    ],
    "2": [
      [
        -0.999597489833832,
        0.0266930591315031,
        0.00960857793688774,
        -0.000522890477441251
      ],
      [
        -0.0116880051791668,
        -0.696093797683716,
        0.71785569190979,
        0.0319965332746506
      ],
      [
        0.025850236415863,
        0.717454433441162,
        0.696125626564026,
        0.16282656788826
      ],
      [
        0.0,
        0.0,
        0.0,
        1.0
      ]
    ],
    "3": [
      [
        -0.999732673168182,
        -0.0212490949779749,
        0.00911372154951096,
        -3.31128876496223e-06
      ],
      [
        -0.00866599846631289,
        0.709810614585876,
        0.704339206218719,
        0.031999871134758
      ],
      [
        -0.0214355867356062,
        0.704071938991547,
        -0.709805011749268,
        0.0828282609581947
      ],
      [
        0.0,
        0.0,
        0.0,
        1.0
      ]
    ]
  },
  "arms_in_parent_frame": {
    "0": [
      [
        1.85915327577391e-09,
        -2.57956145333083e-09,
        1.0,
        0.0
      ],
      [
        4.42170466907754e-11,
        1.0,
        -2.57956145333083e-09,
        7.45058059692383e-09
      ],
      [
        -0.999999940395355,
        -4.42170466907754e-11,
        -1.85915327577391e-09,
        1.16415321826935e-10
      ],
      [
        0.0,
        0.0,
        0.0,
        1.0
      ]
    ],
    "1": [
      [
        5.43690870102864e-10,
        2.04012167159817e-08,
        0.999999940395355,
        0.0
      ],
      [
        1.37625111307216e-09,
        1.00000011920929,
        2.04012167159817e-08,
        0.0
      ],
      [
        -0.999999940395355,
        -1.37625111307216e-09,
        -5.43690870102864e-10,
        0.0
      ],
      [
        0.0,
        0.0,
        0.0,
        1.0
      ]
    ],
    "2": [
      [
        9.60390877935424e-10,
        1.19734409054217e-08,
        1.0,
        0.0
      ],
      [
        -3.42055272994912e-10,
        0.999999940395355,
        1.19734409054217e-08,
        0.0
      ],
      [
        -1.0,
        3.42055272994912e-10,
        -9.60390877935424e-10,
        0.0
      ],
      [
        0.0,
        0.0,
        0.0,
        1.0
      ]
    ],
    "3": [
      [
        -7.87289344827968e-10,
        -1.771579150045e-08,
        0.999999940395355,
        0.0
      ],
      [
        8.2663820233364e-10,
        0.999999940395355,
        -1.771579150045e-08,
        0.0
      ],
      [
        -1.0,
        -8.2663820233364e-10,
        7.87289344827968e-10,
        2.3283064365387e-10
      ],
      [
        0.0,
        0.0,
        0.0,
        1.0
      ]
    ]
  },
  "arms_link_world": {
    "0": [
      [
        -0.999457240104675,
        -0.0271083228290081,
        0.0187170635908842,
        -3.22990194945305e-06
      ],
      [
        -0.0324893556535244,
        0.717264473438263,
        -0.696043193340302,
        -0.0320001281797886
      ],
      [
        0.00544347753748298,
        -0.696273505687714,
        -0.717755913734436,
        0.0828255861997604
      ],
      [
        0.0,
        0.0,
        0.0,
        1.0
      ]
    ],
    "1": [
      [
        -0.99977171421051,
        0.0213648173958063,
        -6.75652991048992e-05,
        -0.000522809103131294
      ],
      [
        -0.014999189414084,
        -0.704135715961456,
        -0.709906995296478,
        -0.032003466039896
      ],
      [
        -0.0152146089822054,
        -0.709743976593018,
        0.70429539680481,
        0.162823900580406
      ],
      [
        0.0,
        0.0,
        0.0,
        1.0
      ]
    ],
    "2": [
      [
        -0.999597489833832,
        0.0266930591315031,
        0.00960857793688774,
        -0.000522890477441251
      ],
      [
        -0.0116880051791668,
        -0.696093797683716,
        0.71785569190979,
        0.0319965332746506
      ],
      [
        0.025850236415863,
        0.717454433441162,
        0.696125626564026,
        0.16282656788826
      ],
      [
        0.0,
        0.0,
        0.0,
        1.0
      ]
    ],
    "3": [
      [
        -0.999732673168182,
        -0.0212490949779749,
        0.00911372154951096,
        -3.31128876496223e-06
      ],
      [
        -0.00866599846631289,
        0.709810614585876,
        0.704339206218719,
        0.031999871134758
      ],
      [
        -0.0214355867356062,
        0.704071938991547,
        -0.709805011749268,
        0.0828282609581947
      ],
      [
        0.0,
        0.0,
        0.0,
        1.0
      ]
    ]
  },
  "arms_relative_to_base": {
    "0": [
      [
        -0.0119359325617552,
        0.69611269235611,
        0.717833280563354,
        0.0400000065565109
      ],
      [
        -0.0324878580868244,
        0.717235505580902,
        -0.696073114871979,
        -0.0320000015199184
      ],
      [
        -0.999400854110718,
        -0.0316291488707066,
        0.0140543347224593,
        -5.82076609134674e-11
      ],
      [
        0.0,
        0.0,
        0.0,
        1.0
      ]
    ],
    "1": [
      [
        0.00872040539979935,
        0.709838390350342,
        -0.704310595989227,
        -0.0399999991059303
      ],
      [
        -0.0149985523894429,
        -0.70416533946991,
        -0.709877610206604,
        -0.0320000015199184
      ],
      [
        -0.999849438667297,
        0.0167540609836578,
        0.00450594071298838,
        0.0
      ],
      [
        0.0,
        0.0,
        0.0,
        1.0
      ]
    ],
    "2": [
      [
        -0.0323423035442829,
        -0.717294991016388,
        -0.696018576622009,
        -0.0399999991059303
      ],
      [
        -0.011685655452311,
        -0.696063935756683,
        0.717884719371796,
        0.0319999977946281
      ],
      [
        -0.999408483505249,
        0.0313514806330204,
        0.0141302477568388,
        -5.82076609134674e-11
      ],
      [
        0.0,
        0.0,
        0.0,
        1.0
      ]
    ],
    "3": [
      [
        0.0149417696520686,
        -0.704165458679199,
        0.709878623485565,
        0.0399999991059303
      ],
      [
        -0.00866562128067017,
        0.709839999675751,
        0.704309582710266,
        0.0319999977946281
      ],
      [
        -0.999850809574127,
        -0.0166751723736525,
        0.00450423592701554,
        0.0
      ],
      [
        0.0,
        0.0,
        0.0,
        1.0
      ]
    ]
  },
  "arms_view_frame": {
    "0": [
      [
        -0.999457180500031,
        -0.027108320966363,
        0.0187170617282391,
        -3.22990172207938e-06
      ],
      [
        0.00544347893446684,
        -0.696273565292358,
        -0.717755854129791,
        0.0828255861997604
      ],
      [
        0.0324893556535244,
        -0.717264413833618,
        0.696043252944946,
        0.0320001244544983
      ],
      [
        0.0,
        0.0,
        0.0,
        1.0
      ]
    ],
    "1": [
      [
        -0.999771654605865,
        0.0213648155331612,
        -6.75652918289416e-05,
        -0.000522809044923633
      ],
      [
        -0.0152146080508828,
        -0.709743916988373,
        0.704295456409454,
        0.162823900580406
      ],
      [
        0.0149991903454065,
        0.704135775566101,
        0.709906935691833,
        0.0320034585893154
      ],
      [
        0.0,
        0.0,
        0.0,
        1.0
      ]
    ],
    "2": [
      [
        -0.999597430229187,
        0.026693057268858,
        0.00960857700556517,
        -0.00052289041923359
      ],
      [
        0.025850236415863,
        0.717454493045807,
        0.696125566959381,
        0.16282656788826
      ],
      [
        0.0116880042478442,
        0.696093738079071,
        -0.717855751514435,
        -0.0319965407252312
      ],
      [
        0.0,
        0.0,
        0.0,
        1.0
      ]
    ],
    "3": [
      [
        -0.999732613563538,
        -0.0212490931153297,
        0.00911372061818838,
        -3.31128853758855e-06
      ],
      [
        -0.0214355867356062,
        0.704071879386902,
        -0.709805071353912,
        0.0828282609581947
      ],
      [
        0.00866599939763546,
        -0.709810674190521,
        -0.704339146614075,
        -0.0319998748600483
      ],
      [
        0.0,
        0.0,
        0.0,
        1.0
      ]
    ]
  },
  "arms_visual_world": {
    "0": [
      [
        -0.999457240104675,
        -0.0271083228290081,
        0.0187170635908842,
        -3.22990194945305e-06
      ],
      [
        -0.0324893556535244,
        0.717264473438263,
        -0.696043193340302,
        -0.0320001281797886
      ],
      [
        0.00544347753748298,
        -0.696273505687714,
        -0.717755913734436,
        0.0828255861997604
      ],
      [
        0.0,
        0.0,
        0.0,
        1.0
      ]
    ],
    "1": [
      [
        -0.99977171421051,
        0.0213648173958063,
        -6.75652991048992e-05,
        -0.000522809103131294
      ],
      [
        -0.014999189414084,
        -0.704135715961456,
        -0.709906995296478,
        -0.032003466039896
      ],
      [
        -0.0152146089822054,
        -0.709743976593018,
        0.70429539680481,
        0.162823900580406
      ],
      [
        0.0,
        0.0,
        0.0,
        1.0
      ]
    ],
    "2": [
      [
        -0.999597489833832,
        0.0266930591315031,
        0.00960857793688774,
        -0.000522890477441251
      ],
      [
        -0.0116880051791668,
        -0.696093797683716,
        0.71785569190979,
        0.0319965332746506
      ],
      [
        0.025850236415863,
        0.717454433441162,
        0.696125626564026,
        0.16282656788826
      ],
      [
        0.0,
        0.0,
        0.0,
        1.0
      ]
    ],
    "3": [
      [
        -0.999732673168182,
        -0.0212490949779749,
        0.00911372154951096,
        -3.31128876496223e-06
      ],
      [
        -0.00866599846631289,
        0.709810614585876,
        0.704339206218719,
        0.031999871134758
      ],
      [
        -0.0214355867356062,
        0.704071938991547,
        -0.709805011749268,
        0.0828282609581947
      ],
      [
        0.0,
        0.0,
        0.0,
        1.0
      ]
    ]
  },
  "base": [
    [
      0.00649473955854774,
      -1.27166651964217e-06,
      0.99997889995575,
      -0.000263060181168839
    ],
    [
      4.17130104324315e-05,
      1.0,
      1.00077249953756e-06,
      -1.79795699750684e-06
    ],
    [
      -0.99997889995575,
      4.17056289734319e-05,
      0.00649473955854774,
      0.12282607704401
    ],
    [
      0.0,
      0.0,
      0.0,
      1.0
    ]
  ],
  "base_link_world": [
    [
      0.00649473955854774,
      -1.27166651964217e-06,
      0.99997889995575,
      -0.000263060181168839
    ],
    [
      4.17130104324315e-05,
      1.0,
      1.00077249953756e-06,
      -1.79795699750684e-06
    ],
    [
      -0.99997889995575,
      4.17056289734319e-05,
      0.00649473955854774,
      0.12282607704401
    ],
    [
      0.0,
      0.0,
      0.0,
      1.0
    ]
  ],
  "base_view_frame": [
    [
      0.00649473909288645,
      -1.27166640595533e-06,
      0.999978840351105,
      -0.000263060152065009
    ],
    [
      -0.99997889995575,
      4.16619186580647e-05,
      0.00649473955854774,
      0.12282607704401
    ],
    [
      -4.16693001170643e-05,
      -1.0,
      -1.00105637557135e-06,
      1.79258813659544e-06
    ],
    [
      0.0,
      0.0,
      0.0,
      1.0
    ]
  ],
  "base_visual_world": [
    [
      -1.23101915505686e-06,
      -0.00649473909288645,
      0.99997889995575,
      -0.000263060181168839
    ],
    [
      0.999999940395355,
      -3.54545190930367e-05,
      1.00077249953756e-06,
      -1.79795699750684e-06
    ],
    [
      3.54472722392529e-05,
      0.999978840351105,
      0.00649473955854774,
      0.12282607704401
    ],
    [
      0.0,
      0.0,
      0.0,
      1.0
    ]
  ],
  "view_adjust": [
    [
      0.999999940395355,
      0.0,
      0.0,
      0.0
    ],
    [
      0.0,
      -4.37113882867379e-08,
      1.0,
      0.0
    ],
    [
      0.0,
      -1.0,
      -4.37113882867379e-08,
      0.0
    ],
    [
      0.0,
      0.0,
      0.0,
      1.0
    ]
  ]
}