{
  "T_WB": [
    [
      0.993506686775605,
      -0.00233741827001367,
      -0.113749724430393,
      -0.0883001755114076
    ],
    [
      0.00257252039889366,
      0.999994847678546,
      0.00192009248706162,
      2.26911963966143e-05
    ],
    [
      0.113744650295988,
      -0.00220024821158904,
      0.993507580965969,
      0.240548233368471
    ],
    [
      0.0,
      0.0,
      0.0,
      1.0
    ]
  ],
  "T_WH": {
    "0": [
      [
        -0.150972011366873,
        0.950384580831042,
        -0.271986397274654,
        -0.0484851106557429
      ],
      [
        -0.8337081698041,
        -0.270251532892954,
        -0.481554562402753,
        -0.0318742431133611
      ],
      [
        -0.531166771725923,
        0.154056020614624,
        0.833143806990514,
        0.245168427323081
      ],
      [
        0.0,
        0.0,
        0.0,
        1.0
      ]
    ],
    "1": [
      [
        -0.630020492649775,
        -0.772558090596432,
        -0.0789187905085373,
        -0.128115240367072
      ],
      [
        0.771316938126734,
        -0.634322007366933,
        0.0520170349864823,
        0.0319196255061543
      ],
      [
        -0.0902461068419904,
        -0.028099601847346,
        0.995523004543785,
        0.235928039413861
      ],
      [
        0.0,
        0.0,
        0.0,
        1.0
      ]
    ],
    "2": [
      [
        -0.154793479280055,
        -0.949019819828384,
        -0.274591260504186,
        -0.0486347054250238
      ],
      [
        0.830221711195629,
        -0.275611578662669,
        0.484530874110693,
        0.0321254271380658
      ],
      [
        -0.53550993364435,
        -0.15296940635295,
        0.830559733967551,
        0.24502761143754
      ],
      [
        0.0,
        0.0,
        0.0,
        1.0
      ]
    ],
    "3": [
      [
        -0.626446171484653,
        0.775521337870078,
        -0.0783061219856092,
        -0.127965645597791
      ],
      [
        -0.7745982167698,
        -0.630594029787434,
        -0.0484641328560689,
        -0.0320800447452726
      ],
      [
        -0.0869643421711834,
        0.0302956119702034,
        0.995750661102509,
        0.236068855299402
      ],
      [
        0.0,
        0.0,
        0.0,
        1.0
      ]
    ]
  },
  "T_WP": {
    "0": [
      [
        0.271986397274654,
        0.950384580831042,
        -0.150972011366873,
        -0.0590531514514241
      ],
      [
        0.481554562402753,
        -0.270251532892954,
        -0.8337081698041,
        -0.0902338149996481
      ],
      [
        -0.833143806990514,
        0.154056020614624,
        -0.531166771725923,
        0.207986753302267
      ],
      [
        0.0,
        0.0,
        0.0,
        1.0
      ]
    ],
    "1": [
      [
        0.0789187905085372,
        -0.772558090596432,
        -0.630020492649775,
        -0.172216674852556
      ],
      [
        -0.0520170349864822,
        -0.634322007366933,
        0.771316938126734,
        0.0859118111750257
      ],
      [
        -0.995523004543785,
        -0.028099601847346,
        -0.0902461068419904,
        0.229610811934921
      ],
      [
        0.0,
        0.0,
        0.0,
        1.0
      ]
    ],
    "2": [
      [
        0.274591260504186,
        -0.949019819828384,
        -0.154793479280055,
        -0.0594702489746277
      ],
      [
        -0.484530874110693,
        -0.275611578662669,
        0.830221711195629,
        0.0902409469217599
      ],
      [
        -0.830559733967551,
        -0.15296940635295,
        -0.53550993364435,
        0.207541916082435
      ],
      [
        0.0,
        0.0,
        0.0,
        1.0
      ]
    ],
    "3": [
      [
        0.0783061219856091,
        0.775521337870078,
        -0.626446171484653,
        -0.171816877601717
      ],
      [
        0.0484641328560688,
        -0.630594029787434,
        -0.7745982167698,
        -0.0863019199191586
      ],
      [
        -0.995750661102509,
        0.0302956119702034,
        -0.0869643421711834,
        0.229981351347419
      ],
      [
        0.0,
        0.0,
        0.0,
        1.0
      ]
    ]
  },
  "simTime": 0.652499999999944,
  "state": [
    -0.0883001755114076,
    2.26911963966143e-05,
    0.240548233368471,
    0.998374818820582,
    -0.00103176197480576,
    -0.0569661740355014,
    0.00122948279953305,
    -0.33412334672271,
    -0.000281131129975515,
    -1.53184002606164,
    -0.0118374891455502,
    -2.7383459796034,
    0.000277357164904551,
    0.834048040036205,
    0.153086953452,
    0.218380782858999,
    -0.4829472903666,
    0.998315026124512,
    0.0297573001258146,
    0.00680021864989949,
    -0.0493494552102822,
    0.833905667912569,
    -0.153360049807385,
    0.218665239349831,
    0.482977789599532,
    0.9983074323061,
    -0.0300520061918231,
    0.00684394297128324,
    0.0493184343917488,
    -4.97943936389589,
    -2.50232583015779,
    -1.91083401290042,
    -0.450905488676508,
    0.103758024241391,
    -0.4725015249219,
    4.98132085953769,
    -2.50483078208185,
    1.91216395450877,
    0.449964459901809,
    0.103430557848409,
    0.475471162139072
  ]
}