{
  "T_WB": [
    [
      0.969429015744095,
      -0.00220823074721433,
      0.245361992065604,
      -0.0537085936883812
    ],
    [
      0.00191421861130723,
      0.999997135745294,
      0.00143675617821916,
      4.18762220475254e-05
    ],
    [
      -0.245364461975533,
      -0.000923156635995849,
      0.969430466088869,
      0.347657684163005
    ],
    [
      0.0,
      0.0,
      0.0,
      1.0
    ]
  ],
  "T_WH": {
    "0": [
      [
        0.0757900802328537,
        0.894018809268331,
        -0.441572454318352,
        -0.0148607696747065
      ],
      [
        -0.802525378175104,
        -0.208133959157509,
        -0.559136184154027,
        -0.0318814633773496
      ],
      [
        -0.591784488748398,
        0.396750077151669,
        0.701698293539995,
        0.337872646696336
      ],
      [
        0.0,
        0.0,
        0.0,
        1.0
      ]
    ],
    "1": [
      [
        -0.658704608995756,
        -0.683632415978402,
        0.314253015755268,
        -0.0925564177020558
      ],
      [
        0.732409203689797,
        -0.678238190243101,
        0.0597470973875783,
        0.0319652158214446
      ],
      [
        0.172293344149523,
        0.269517489449749,
        0.947457295313345,
        0.357442721629675
      ],
      [
        0.0,
        0.0,
        0.0,
        1.0
      ]
    ],
    "2": [
      [
        0.0725032407944693,
        -0.892762063315922,
        -0.444656247429627,
        -0.0150020964425282
      ],
      [
        0.801323410439749,
        -0.213299556408685,
        0.558913312703381,
        0.0321183533103492
      ],
      [
        -0.593821582594897,
        -0.396836487157817,
        0.699926232187889,
        0.337813564671632
      ],
      [
        0.0,
        0.0,
        0.0,
        1.0
      ]
    ],
    "3": [
      [
        -0.655722549739749,
        0.686294440499436,
        0.314686953498821,
        -0.0924150909342341
      ],
      [
        -0.734773023706218,
        -0.675915829388634,
        -0.0569771464316795,
        -0.0320346008662542
      ],
      [
        0.173598794340354,
        -0.268584684078302,
        0.94748389225471,
        0.357501803654379
      ],
      [
        0.0,
        0.0,
        0.0,
        1.0
      ]
    ]
  },
  "T_WP": {
    "0": [
      [
        0.441572454318352,
        0.894018809268331,
        0.0757900802328537,
        -0.00955546405840672
      ],
      [
        0.559136184154027,
        -0.208133959157509,
        -0.802525378175104,
        -0.0880582398496069
      ],
      [
        -0.701698293539995,
        0.396750077151669,
        -0.591784488748398,
        0.296447732483948
      ],
      [
        0.0,
        0.0,
        0.0,
        1.0
      ]
    ],
    "1": [
      [
        -0.314253015755268,
        -0.683632415978402,
        -0.658704608995756,
        -0.138665740331759
      ],
      [
        -0.0597470973875783,
        -0.678238190243101,
        0.732409203689797,
        0.0832338600797305
      ],
      [
        -0.947457295313345,
        0.269517489449749,
        0.172293344149523,
        0.369503255720141
      ],
      [
        0.0,
        0.0,
        0.0,
        1.0
      ]
    ],
    "2": [
      [
        0.444656247429627,
        -0.892762063315922,
        0.0725032407944693,
        -0.00992686958691535
      ],
      [
        -0.558913312703381,
        -0.213299556408685,
        0.801323410439749,
        0.0882109920411317
      ],
      [
        -0.699926232187889,
        -0.396836487157817,
        -0.593821582594897,
        0.296246053889989
      ],
      [
        0.0,
        0.0,
        0.0,
        1.0
      ]
    ],
    "3": [
      [
        -0.314686953498821,
        0.686294440499436,
        -0.655722549739749,
        -0.138315669416017
      ],
      [
        0.0569771464316795,
        -0.675915829388634,
        -0.734773023706218,
        -0.0834687125256894
      ],
      [
        -0.94748389225471,
        -0.268584684078302,
        0.173598794340354,
        0.369653719258203
      ],
      [
        0.0,
        0.0,
        0.0,
        1.0
      ]
    ]
  },
  "simTime": 0.542499999999957,
  "state": [
    -0.0537085936883812,
    4.18762220475254e-05,
    0.347657684163005,
    0.992327644679198,
    -0.000594539723565276,
    0.123630147933594,
    0.00103858069978849,
    -0.289403848327072,
    -5.41091695420292e-05,
    -0.417401551473648,
    -0.0115677704512599,
    -3.85786002285236,
    0.000988470349312161,
    0.819563564534689,
    0.434380990534717,
    0.160510195569959,
    -0.337439173581502,
    0.998739745495718,
    0.0462633603088679,
    -0.00411385593511567,
    -0.0190183713662888,
    0.819326341563045,
    -0.434807400884302,
    0.160707739815758,
    0.337372038735378,
    0.998733903328218,
    -0.0464597215275997,
    -0.00405473492368592,
    0.0188585191109354,
    -3.17362975389228,
    -1.9138761442723,
    -4.71039717662911,
    -0.151827767703329,
    0.22754148220818,
    -0.612169475640889,
    3.17422920987293,
    -1.91526291520824,
    4.7149102342527,
    0.149196665589206,
    0.227019071480669,
    0.613817506636462
  ]
}