{
  "T_WB": [
    [
      -2.22044604925031e-16,
      5.53416243854794e-21,
      1.0,
      7.56473428071557e-37
    ],
    [
      -3.67601693684354e-20,
      1.0,
      -5.53416243854794e-21,
      2.49425001070546e-21
    ],
    [
      -1.0,
      -3.67601693684354e-20,
      -2.22044604925031e-16,
      0.4811517148
    ],
    [
      0.0,
      0.0,
      0.0,
      1.0
    ]
  ],
  "T_WH": {
    "0": [
      [
        -1.57029997938054e-16,
        -1.55936955516972e-16,
        1.0,
        -8.88196129019929e-18
      ],
      [
        -0.707106779455507,
        0.707106782917588,
        -7.72897166313259e-19,
        -0.032
      ],
      [
        -0.707106782917588,
        -0.707106779455507,
        -2.21301055077236e-16,
        0.4411517148
      ],
      [
        0.0,
        0.0,
        0.0,
        1.0
      ]
    ],
    "1": [
      [
        1.57029997938054e-16,
        1.55944556295745e-16,
        1.0,
        8.88196129019929e-18
      ],
      [
        0.707106779455507,
        -0.707106782917588,
        -7.67522604087388e-19,
        0.032
      ],
      [
        0.707106782917588,
        0.707106779455507,
        -2.21306429639435e-16,
        0.5211517148
      ],
      [
        0.0,
        0.0,
        0.0,
        1.0
      ]
    ],
    "2": [
      [
        -1.57026758571618e-16,
        1.56462780575494e-16,
        1.0,
        -8.88160710380322e-18
      ],
      [
        0.707106779455507,
        0.707106782917588,
        3.98792122836087e-19,
        0.032
      ],
      [
        -0.707106782917588,
        0.707106779455507,
        -2.21670578962945e-16,
        0.4411517148
      ],
      [
        0.0,
        0.0,
        0.0,
        1.0
      ]
    ],
    "3": [
      [
        1.57026758571618e-16,
        -1.55943191184919e-16,
        1.0,
        8.88160710380322e-18
      ],
      [
        -0.707106779455507,
        -0.707106782917588,
        7.66197305244141e-19,
        -0.032
      ],
      [
        0.707106782917588,
        -0.707106779455507,
        -2.21303173782336e-16,
        0.5211517148
      ],
      [
        0.0,
        0.0,
        0.0,
        1.0
      ]
    ]
  },
  "T_WP": {
    "0": [
      [
        -1.0,
        -1.55936955516972e-16,
        -9.57976579806864e-17,
        -1.98740611458631e-17
      ],
      [
        -4.25249055394658e-17,
        0.707106782917588,
        -0.707106779455507,
        -0.0814974745618855
      ],
      [
        1.78003252159465e-16,
        -0.707106779455507,
        -0.707106782917588,
        0.391654239995768
      ],
      [
        0.0,
        0.0,
        0.0,
        1.0
      ]
    ],
    "1": [
      [
        -1.0,
        1.55944556295745e-16,
        2.18262337895422e-16,
        1.98740611458631e-17
      ],
      [
        4.40653253098664e-17,
        -0.707106782917588,
        0.707106779455507,
        0.0814974745618855
      ],
      [
        2.64604232557206e-16,
        0.707106779455507,
        0.707106782917588,
        0.570649189604231
      ],
      [
        0.0,
        0.0,
        0.0,
        1.0
      ]
    ],
    "2": [
      [
        -1.0,
        1.56462780575494e-16,
        -9.57944186142502e-17,
        -1.98734802038165e-17
      ],
      [
        4.28990105829429e-17,
        0.707106782917588,
        0.707106779455507,
        0.0814974745618855
      ],
      [
        1.78372776045175e-16,
        0.707106779455507,
        -0.707106782917588,
        0.391654239995768
      ],
      [
        0.0,
        0.0,
        0.0,
        1.0
      ]
    ],
    "3": [
      [
        -1.0,
        -1.55943191184919e-16,
        2.18259098528986e-16,
        1.98734802038165e-17
      ],
      [
        -4.40640000110232e-17,
        -0.707106782917588,
        -0.707106779455507,
        -0.0814974745618855
      ],
      [
        2.64600976700106e-16,
        -0.707106779455507,
        0.707106782917588,
        0.570649189604231
      ],
      [
        0.0,
        0.0,
        0.0,
        1.0
      ]
    ]
  },
  "simTime": 0.0620000000000007,
  "state": [
    7.56473428071557e-37,
    2.49425001070546e-21,
    0.4811517148,
    0.707106781186548,
    -1.10400606247508e-20,
    0.707106781186548,
    -1.49533044132359e-20,
    9.63929894575987e-36,
    6.77632238076828e-20,
    -0.608009200000001,
    2.97832007662132e-19,
    -2.19577359434524e-18,
    -2.65252078669873e-18,
    1.0,
    5.34188361619589e-19,
    8.41922076478314e-21,
    -4.20126660834445e-20,
    1.0,
    -5.30387972233071e-19,
    -8.41922076478296e-21,
    4.12237067688023e-20,
    1.0,
    -2.75189076156614e-19,
    1.07127813255928e-20,
    2.75050615179363e-20,
    1.0,
    5.34983771444437e-19,
    -1.07127813255927e-20,
    -3.98901501608808e-20,
    2.55257807111547e-17,
    5.39390848087311e-19,
    -3.96569301213546e-18,
    -2.57256796050313e-17,
    -5.39390848087303e-19,
    3.90666319188111e-18,
    -1.19015404446127e-17,
    7.44329767540154e-19,
    2.30259310475143e-18,
    2.55267663765753e-17,
    -7.44329767540147e-19,
    -3.77215326403305e-18
  ]
}