{
  "T_WB": [
    [
      -0.996783994837414,
      0.0684743446286804,
      0.0416284970139371,
      -0.222628564362334
    ],
    [
      0.0671391905479569,
      0.997208654880232,
      -0.0326684515170872,
      -0.000708276265679831
    ],
    [
      -0.0437492483196203,
      -0.0297684860151108,
      -0.998598938769633,
      0.180836125578261
    ],
    [
      0.0,
      0.0,
      0.0,
      1.0
    ]
  ],
  "T_WH": {
    "0": [
      [
        -0.786077069778674,
        -0.364782403535819,
        -0.499015669532336,
        -0.264691103183948
      ],
      [
        -0.50289848375083,
        0.846822059410753,
        0.173163260354061,
        -0.029933385599929
      ],
      [
        0.359410566635555,
        0.387073891868159,
        -0.849115920722693,
        0.18003874719796
      ],
      [
        0.0,
        0.0,
        0.0,
        1.0
      ]
    ],
    "1": [
      [
        0.684198455619966,
        0.671055891825464,
        0.285580922635925,
        -0.18056602554072
      ],
      [
        0.728975269864557,
        -0.640892929688006,
        -0.240522989757362,
        0.0285168330685693
      ],
      [
        0.0216224247749877,
        0.372746888279777,
        -0.927681102547958,
        0.181633503958562
      ],
      [
        0.0,
        0.0,
        0.0,
        1.0
      ]
    ],
    "2": [
      [
        -0.709211687471659,
        0.470050391097825,
        -0.525424982449813,
        -0.260308745127713
      ],
      [
        0.624413987922419,
        0.764820277661844,
        -0.158609944719997,
        0.0338879683124059
      ],
      [
        0.327301014420096,
        -0.44057073519021,
        -0.835925518962984,
        0.178133564092993
      ],
      [
        0.0,
        0.0,
        0.0,
        1.0
      ]
    ],
    "3": [
      [
        0.572071373760958,
        -0.754054419898588,
        0.322701526421328,
        -0.184948383596955
      ],
      [
        -0.816958754809066,
        -0.558816636266993,
        0.142486350125417,
        -0.0353045208437655
      ],
      [
        0.0728885194257027,
        -0.345146199258585,
        -0.93571436072836,
        0.183538687063529
      ],
      [
        0.0,
        0.0,
        0.0,
        1.0
      ]
    ]
  },
  "T_WP": {
    "0": [
      [
        0.499015669532336,
        -0.364782403535819,
        -0.786077069778674,
        -0.319716498068455
      ],
      [
        -0.173163260354061,
        0.846822059410753,
        -0.50289848375083,
        -0.0651362794624871
      ],
      [
        0.849115920722693,
        0.387073891868159,
        0.359410566635555,
        0.205197486862449
      ],
      [
        0.0,
        0.0,
        0.0,
        1.0
      ]
    ],
    "1": [
      [
        -0.285580922635924,
        0.671055891825464,
        0.684198455619966,
        -0.132672133647322
      ],
      [
        0.240522989757362,
        -0.640892929688006,
        0.728975269864557,
        0.0795451019590883
      ],
      [
        0.927681102547958,
        0.372746888279777,
        0.0216224247749877,
        0.183147073692811
      ],
      [
        0.0,
        0.0,
        0.0,
        1.0
      ]
    ],
    "2": [
      [
        0.525424982449813,
        0.470050391097825,
        -0.709211687471659,
        -0.309953563250729
      ],
      [
        0.158609944719997,
        0.764820277661844,
        0.624413987922419,
        0.0775969474669752
      ],
      [
        0.835925518962984,
        -0.44057073519021,
        0.327301014420096,
        0.201044635102399
      ],
      [
        0.0,
        0.0,
        0.0,
        1.0
      ]
    ],
    "3": [
      [
        -0.322701526421328,
        -0.754054419898588,
        0.572071373760958,
        -0.144903387433688
      ],
      [
        -0.142486350125417,
        -0.558816636266993,
        -0.816958754809066,
        -0.0924916336804002
      ],
      [
        0.93571436072836,
        -0.345146199258585,
        0.0728885194257026,
        0.188640883423328
      ],
      [
        0.0,
        0.0,
        0.0,
        1.0
      ]
    ]
  },
  "simTime": 0.998499999999906,
  "state": [
    -0.222628564362334,
    -0.000708276265679831,
    0.180836125578261,
    0.0213642298783812,
    0.0339348237507843,
    0.999073519377738,
    -0.0156237094471001,
    -0.446326876894067,
    -0.00513589790925696,
    -0.513195977578182,
    0.465198615087638,
    12.8186383590095,
    -0.26620200950912,
    0.94834632287485,
    -0.245534605268456,
    0.170190343130418,
    0.106711089445124,
    0.985309558625293,
    -0.163300449474003,
    0.0164125511015765,
    -0.0472087391227131,
    0.947262491619544,
    0.248845386166333,
    0.170424062949329,
    -0.10828381468301,
    0.984409895332404,
    0.167374511906668,
    0.0198671437939668,
    0.0502814810155848,
    0.917245872685895,
    -1.85871560294807,
    2.53580217410449,
    -0.890760346589097,
    -0.593852582320216,
    1.40713868569846,
    -0.881522882528748,
    -1.85786272224586,
    -2.58356608001194,
    0.892861824787925,
    -0.602442113949365,
    -1.47158019120538
  ]
}