{
  "T_WB": [
    [
      0.996354478348444,
      -0.00190389686397052,
      -0.0852885024591895,
      -0.00227373353305619
    ],
    [
      0.00175505064281044,
      0.99999680341319,
      -0.00182015401643033,
      -6.96261955284703e-06
    ],
    [
      0.0852916952126113,
      0.00166383296448893,
      0.996354634850275,
      0.189998969749367
    ],
    [
      0.0,
      0.0,
      0.0,
      1.0
    ]
  ],
  "T_WH": {
    "0": [
      [
        0.761994552468603,
        0.601502101229886,
        -0.239915660648081,
        0.0399151038335848
      ],
      [
        -0.646306287631438,
        0.729632048290576,
        -0.223439604088818,
        -0.0319296956835097
      ],
      [
        0.0406507635382477,
        0.325318761099526,
        0.944730236152325,
        0.00335842515364081
      ],
      [
        0.0,
        0.0,
        0.0,
        1.0
      ]
    ],
    "1": [
      [
        -0.649956153877768,
        -0.751261866574076,
        -0.114728400442323,
        -0.0399151038335848
      ],
      [
        0.758081798526234,
        -0.651549339824644,
        -0.0282036259601642,
        0.0319296956835097
      ],
      [
        -0.053562904884343,
        -0.10530463240383,
        0.992996449950676,
        -0.00335842515364081
      ],
      [
        0.0,
        0.0,
        0.0,
        1.0
      ]
    ],
    "2": [
      [
        0.758952746493256,
        -0.604921758140453,
        -0.240957247491349,
        0.0397932544342907
      ],
      [
        0.6497442101671,
        0.727824232412745,
        0.219327034510411,
        0.0320700997349345
      ],
      [
        0.0426988283759093,
        -0.323019431677202,
        0.94542861010986,
        0.0034649104633681
      ],
      [
        0.0,
        0.0,
        0.0,
        1.0
      ]
    ],
    "3": [
      [
        -0.647187790394624,
        0.753652664283383,
        -0.114697975495132,
        -0.0397932544342907
      ],
      [
        -0.76026494867447,
        -0.649155423040792,
        0.0243812336385318,
        -0.0320700997349345
      ],
      [
        -0.0560818311142698,
        0.102980087178489,
        0.993101167990241,
        -0.0034649104633681
      ],
      [
        0.0,
        0.0,
        0.0,
        1.0
      ]
    ]
  },
  "T_WP": {
    "0": [
      [
        0.239915660648081,
        0.601502101229886,
        0.761994552468603,
        0.093254722506387
      ],
      [
        0.223439604088818,
        0.729632048290576,
        -0.646306287631438,
        -0.0771711358177103
      ],
      [
        -0.944730236152325,
        0.325318761099526,
        0.0406507635382477,
        0.00620397860131814
      ],
      [
        0.0,
        0.0,
        0.0,
        1.0
      ]
    ],
    "1": [
      [
        0.114728400442323,
        -0.751261866574076,
        -0.649956153877768,
        -0.0854120346050286
      ],
      [
        0.0282036259601643,
        -0.651549339824644,
        0.758081798526234,
        0.0849954215803461
      ],
      [
        -0.992996449950676,
        -0.10530463240383,
        -0.0535629048843429,
        -0.00710782849554482
      ],
      [
        0.0,
        0.0,
        0.0,
        1.0
      ]
    ],
    "2": [
      [
        0.240957247491349,
        -0.604921758140453,
        0.758952746493256,
        0.0929199466888186
      ],
      [
        -0.219327034510411,
        0.727824232412745,
        0.6497442101671,
        0.0775521944466315
      ],
      [
        -0.94542861010986,
        -0.323019431677202,
        0.0426988283759093,
        0.00645382844968175
      ],
      [
        0.0,
        0.0,
        0.0,
        1.0
      ]
    ],
    "3": [
      [
        0.114697975495132,
        0.753652664283383,
        -0.647187790394624,
        -0.0850963997619144
      ],
      [
        -0.0243812336385319,
        -0.649155423040792,
        -0.76026494867447,
        -0.0852886461421474
      ],
      [
        -0.993101167990241,
        0.102980087178489,
        -0.0560818311142698,
        -0.00739063864136699
      ],
      [
        0.0,
        0.0,
        0.0,
        1.0
      ]
    ]
  }
}