{
  "T_WB": [
    [
      0.820382968874498,
      -0.000739764827247477,
      0.571813988224025,
      -0.00234816432127191
    ],
    [
      0.00133998536060986,
      0.999998904545722,
      -0.00062876592549479,
      -1.5688678401958e-05
    ],
    [
      -0.571812896689029,
      0.00128205122989667,
      0.820383061456504,
      0.521977965717047
    ],
    [
      0.0,
      0.0,
      0.0,
      1.0
    ]
  ],
  "T_WH": {
    "0": [
      [
        0.702437415119941,
        0.45499660287961,
        0.54732053607336,
        0.0304908269081799
      ],
      [
        -0.516189019382674,
        0.855107070162417,
        -0.0483817613052684,
        -0.0319620542094407
      ],
      [
        -0.490031197076644,
        -0.248535691453485,
        0.835523450278548,
        0.49906442421013
      ],
      [
        0.0,
        0.0,
        0.0,
        1.0
      ]
    ],
    "1": [
      [
        -0.536297959099263,
        -0.588312288098066,
        0.605205048507349,
        -0.0351871555507237
      ],
      [
        0.752997393893122,
        -0.657419213256943,
        0.0281940211886972,
        0.0319306768526368
      ],
      [
        0.381286537732624,
        0.470838220319294,
        0.795570202075485,
        0.544891507223965
      ],
      [
        0.0,
        0.0,
        0.0,
        1.0
      ]
    ],
    "2": [
      [
        0.701668015954428,
        -0.456891109620786,
        0.546728917596338,
        0.0304434819592361
      ],
      [
        0.518770428371243,
        0.853590576222714,
        0.047543357383475,
        0.0320378756814855
      ],
      [
        -0.488404789118712,
        0.250267141537323,
        0.835958802712576,
        0.499146475488843
      ],
      [
        0.0,
        0.0,
        0.0,
        1.0
      ]
    ],
    "3": [
      [
        -0.535318202466535,
        0.589191606668745,
        0.605217045975327,
        -0.0351398106017799
      ],
      [
        -0.754617719501551,
        -0.655509675797053,
        -0.0293114713162186,
        -0.0320692530382895
      ],
      [
        0.379455556715509,
        -0.472398471174014,
        0.795520687920922,
        0.544809455945252
      ],
      [
        0.0,
        0.0,
        0.0,
        1.0
      ]
    ]
  },
  "T_WP": {
    "0": [
      [
        -0.54732053607336,
        0.45499660287961,
        0.702437415119941,
        0.0796614459665758
      ],
      [
        0.0483817613052684,
        0.855107070162417,
        -0.516189019382674,
        -0.0680952855662279
      ],
      [
        -0.835523450278548,
        -0.248535691453485,
        -0.490031197076644,
        0.464762240414764
      ],
      [
        0.0,
        0.0,
        0.0,
        1.0
      ]
    ],
    "1": [
      [
        -0.605205048507349,
        -0.588312288098066,
        -0.536297959099263,
        -0.0727280126876722
      ],
      [
        -0.0281940211886972,
        -0.657419213256943,
        0.752997393893122,
        0.0846404944251553
      ],
      [
        -0.795570202075485,
        0.470838220319294,
        0.381286537732624,
        0.571581564865249
      ],
      [
        0.0,
        0.0,
        0.0,
        1.0
      ]
    ],
    "2": [
      [
        -0.546728917596338,
        -0.456891109620786,
        0.701668015954428,
        0.079560243076046
      ],
      [
        -0.0475433573834749,
        0.853590576222714,
        0.518770428371243,
        0.0683518056674726
      ],
      [
        -0.835958802712576,
        0.250267141537323,
        -0.488404789118712,
        0.464958140250533
      ],
      [
        0.0,
        0.0,
        0.0,
        1.0
      ]
    ],
    "3": [
      [
        -0.605217045975327,
        0.589191606668745,
        -0.535318202466535,
        -0.0726120847744373
      ],
      [
        0.0293114713162186,
        -0.655509675797053,
        -0.754617719501551,
        -0.084892493403398
      ],
      [
        -0.795520687920922,
        -0.472398471174014,
        0.379455556715509,
        0.571371344915337
      ],
      [
        0.0,
        0.0,
        0.0,
        1.0
      ]
    ]
  }
}