{
  "T_WB": [
    [
      0.999273849413751,
      -0.00235350864855449,
      -0.0380293948790324,
      -0.0795424062790644
    ],
    [
      0.00242357401847144,
      0.99999544959846,
      0.00179640511896929,
      2.95340197499991e-05
    ],
    [
      0.0380249939750316,
      -0.00188726771170602,
      0.9992750062189,
      0.277572323703991
    ],
    [
      0.0,
      0.0,
      0.0,
      1.0
    ]
  ],
  "T_WH": {
    "0": [
      [
        -0.115421204036497,
        0.933196081232955,
        -0.340327812013977,
        -0.0394961400257606
      ],
      [
        -0.818546957456654,
        -0.283453160969529,
        -0.499635050786909,
        -0.0318733774066619
      ],
      [
        -0.562724465522177,
        0.220905815921259,
        0.796581318130762,
        0.279153716029767
      ],
      [
        0.0,
        0.0,
        0.0,
        1.0
      ]
    ],
    "1": [
      [
        -0.64510960922852,
        -0.764054467592982,
        0.0073731019408402,
        -0.119588672532368
      ],
      [
        0.763121169171038,
        -0.643775823036358,
        0.0565576770817752,
        0.0319324454461618
      ],
      [
        -0.0384665210807162,
        0.0421124711346081,
        0.998372108249666,
        0.275990931378215
      ],
      [
        0.0,
        0.0,
        0.0,
        1.0
      ]
    ],
    "2": [
      [
        -0.119170190316124,
        -0.93170660463845,
        -0.343105331659405,
        -0.0396467645792681
      ],
      [
        0.815399375879301,
        -0.289008700501399,
        0.501595283919356,
        0.0321263313676396
      ],
      [
        -0.566500064921149,
        -0.219992667849599,
        0.794154205766582,
        0.279032930896218
      ],
      [
        0.0,
        0.0,
        0.0,
        1.0
      ]
    ],
    "3": [
      [
        -0.641614835011859,
        0.766985498048472,
        0.00797804963896536,
        -0.119438047978861
      ],
      [
        -0.766195942162946,
        -0.640400945654826,
        -0.0532015696896165,
        -0.0320672633281396
      ],
      [
        -0.0356956818920765,
        -0.040247665618525,
        0.998551923390326,
        0.276111716511764
      ],
      [
        0.0,
        0.0,
        0.0,
        1.0
      ]
    ]
  },
  "T_WP": {
    "0": [
      [
        0.340327812013977,
        0.933196081232955,
        -0.115421204036497,
        -0.0475756243083154
      ],
      [
        0.499635050786909,
        -0.283453160969529,
        -0.818546957456654,
        -0.0891716644286276
      ],
      [
        -0.796581318130762,
        0.220905815921259,
        -0.562724465522177,
        0.239763003443214
      ],
      [
        0.0,
        0.0,
        0.0,
        1.0
      ]
    ],
    "1": [
      [
        -0.00737310194084024,
        -0.764054467592982,
        -0.64510960922852,
        -0.164746345178365
      ],
      [
        -0.0565576770817751,
        -0.643775823036358,
        0.763121169171038,
        0.0853509272881345
      ],
      [
        -0.998372108249666,
        0.0421124711346081,
        -0.0384665210807161,
        0.273298274902565
      ],
      [
        0.0,
        0.0,
        0.0,
        1.0
      ]
    ],
    "2": [
      [
        0.343105331659405,
        -0.93170660463845,
        -0.119170190316124,
        -0.0479886779013968
      ],
      [
        -0.501595283919356,
        -0.289008700501399,
        0.815399375879301,
        0.0892042876791906
      ],
      [
        -0.794154205766582,
        -0.219992667849599,
        -0.566500064921149,
        0.239377926351737
      ],
      [
        0.0,
        0.0,
        0.0,
        1.0
      ]
    ],
    "3": [
      [
        -0.0079780496389654,
        0.766985498048472,
        -0.641614835011859,
        -0.164351086429691
      ],
      [
        0.0532015696896165,
        -0.640400945654826,
        -0.766195942162946,
        -0.0857009792795458
      ],
      [
        -0.998551923390326,
        -0.040247665618525,
        -0.0356956818920764,
        0.273613018779319
      ],
      [
        0.0,
        0.0,
        0.0,
        1.0
      ]
    ]
  },
  "simTime": 0.625999999999947,
  "state": [
    -0.0795424062790644,
    2.95340197499991e-05,
    0.277572323703991,
    0.999818021595819,
    -0.000921085825397447,
    -0.0190170579073662,
    0.00119448803778341,
    -0.326461981318169,
    -0.000234350591537111,
    -1.26248548263283,
    -0.0118115109117578,
    -2.99638616360704,
    0.000332083477875832,
    0.829213423277306,
    0.22866528863181,
    0.209016334448218,
    -0.465219793608885,
    0.998449338206363,
    0.0352497088416485,
    0.00476526377868574,
    -0.0428213652628498,
    0.829042731402074,
    -0.228979285552429,
    0.209295685802611,
    0.465243970623696,
    0.998442128624902,
    -0.035529506217115,
    0.00481149105713074,
    0.0427530060785134,
    -4.72553534054684,
    -2.41633600725542,
    -2.6749842299676,
    -0.383741447350135,
    0.132717450776766,
    -0.525170670232417,
    4.72744065504029,
    -2.41875835268492,
    2.6771014260128,
    0.382318798110966,
    0.132342329588132,
    0.527911413380582
  ]
}