{
  "T_WB": [
    [
      0.156467099944275,
      0.0443759196885694,
      0.986685777938864,
      -0.163173528646015
    ],
    [
      0.017639507006077,
      0.998705285291368,
      -0.047713739359527,
      -0.000399376774830863
    ],
    [
      -0.987525642415229,
      0.0248702811178313,
      0.155481750342313,
      0.172556764019213
    ],
    [
      0.0,
      0.0,
      0.0,
      1.0
    ]
  ],
  "T_WH": {
    "0": [
      [
        -0.371313078043444,
        -0.404671206098067,
        0.835684038993829,
        -0.158334874078279
      ],
      [
        -0.812281633199365,
        0.577581794850038,
        -0.0812269575004554,
        -0.0316523656239116
      ],
      [
        -0.449805676310199,
        -0.708971427642147,
        -0.54317066226572,
        0.132259889326833
      ],
      [
        0.0,
        0.0,
        0.0,
        1.0
      ]
    ],
    "1": [
      [
        -0.11508627850868,
        -0.33590352540748,
        0.934839007593205,
        -0.168012183213752
      ],
      [
        0.848658164545174,
        -0.522354957950651,
        -0.0832142875664421,
        0.0308536120742498
      ],
      [
        0.516269763059817,
        0.783781933654509,
        0.345183157507663,
        0.212853638711593
      ],
      [
        0.0,
        0.0,
        0.0,
        1.0
      ]
    ],
    "2": [
      [
        -0.294099982179977,
        0.453557996918278,
        0.841302765901323,
        -0.15549481521821
      ],
      [
        0.863107859572101,
        0.504131453503992,
        0.0299382753815128,
        0.032264772634736
      ],
      [
        -0.410548441997536,
        0.734939875785381,
        -0.539734523403834,
        0.133851587318374
      ],
      [
        0.0,
        0.0,
        0.0,
        1.0
      ]
    ],
    "3": [
      [
        -0.193378114113214,
        0.298188784333933,
        0.934712979411043,
        -0.170852242073821
      ],
      [
        -0.867276899025924,
        -0.497393426548913,
        -0.0207499311301966,
        -0.0330635261843977
      ],
      [
        0.458732694930276,
        -0.814667556812828,
        0.354797246999782,
        0.211261940720052
      ],
      [
        0.0,
        0.0,
        0.0,
        1.0
      ]
    ]
  },
  "T_WP": {
    "0": [
      [
        -0.835684038993829,
        -0.404671206098067,
        -0.371313078043444,
        -0.18432678954132
      ],
      [
        0.0812269575004553,
        0.577581794850038,
        -0.812281633199365,
        -0.0885120799478671
      ],
      [
        0.54317066226572,
        -0.708971427642147,
        -0.449805676310199,
        0.100773491985119
      ],
      [
        0.0,
        0.0,
        0.0,
        1.0
      ]
    ],
    "1": [
      [
        -0.934839007593205,
        -0.33590352540748,
        -0.11508627850868,
        -0.17606822270936
      ],
      [
        0.0832142875664422,
        -0.522354957950651,
        0.848658164545174,
        0.090259683592412
      ],
      [
        -0.345183157507663,
        0.783781933654509,
        0.516269763059817,
        0.24899252212578
      ],
      [
        0.0,
        0.0,
        0.0,
        1.0
      ]
    ],
    "2": [
      [
        -0.841302765901323,
        0.453557996918278,
        -0.294099982179977,
        -0.176081813970808
      ],
      [
        -0.0299382753815127,
        0.504131453503992,
        0.863107859572101,
        0.0926823228047831
      ],
      [
        0.539734523403834,
        0.734939875785381,
        -0.410548441997536,
        0.105113196378547
      ],
      [
        0.0,
        0.0,
        0.0,
        1.0
      ]
    ],
    "3": [
      [
        -0.934712979411043,
        0.298188784333933,
        -0.193378114113214,
        -0.184388710061746
      ],
      [
        0.0207499311301966,
        -0.497393426548913,
        -0.867276899025924,
        -0.0937729091162124
      ],
      [
        -0.354797246999782,
        -0.814667556812828,
        0.458732694930276,
        0.243373229365171
      ],
      [
        0.0,
        0.0,
        0.0,
        1.0
      ]
    ]
  },
  "simTime": 0.868999999999921,
  "state": [
    -0.163173528646015,
    -0.000399376774830863,
    0.172556764019213,
    0.760041797465435,
    0.0238750094795475,
    0.649375937921321,
    -0.00879438893086281,
    -0.432790336256972,
    -0.0016836233634948,
    0.64159414800098,
    0.484292581428504,
    13.07452117272,
    -0.21150804885653,
    0.927397099695335,
    -0.260707409628201,
    0.245033896051864,
    -0.109200072469196,
    0.987938450287179,
    -0.0877205032458618,
    0.0478420673674123,
    -0.118295681850491,
    0.927716399874621,
    0.261402381181685,
    0.243498923670161,
    0.1082559498951,
    0.986573509836023,
    0.0904124862419626,
    0.0511302632377413,
    0.126031695230273,
    -1.80936812176967,
    -2.31060202426368,
    2.76705793066511,
    -1.3097219069235,
    -0.891852797445465,
    0.530657340917656,
    1.84186170544857,
    -2.27456146374052,
    -2.72706446829493,
    1.35282369275276,
    -0.923690900630277,
    -0.587427801672219
  ]
}