{
  "T_WB": [
    [
      -0.671563077899842,
      0.0703073972188244,
      0.737604163693512,
      -0.194456581208979
    ],
    [
      0.0485632505379059,
      0.997523992228199,
      -0.0508674318823781,
      -0.000504412245921121
    ],
    [
      -0.73935420679055,
      0.00165976667946018,
      -0.673314638245514,
      0.19542132052908
    ],
    [
      0.0,
      0.0,
      0.0,
      1.0
    ]
  ],
  "T_WH": {
    "0": [
      [
        -0.731082589972296,
        -0.666632057186199,
        0.145327034549998,
        -0.223568941035975
      ],
      [
        -0.660365969394972,
        0.744914383294443,
        0.0949702481101219,
        -0.0304826499757073
      ],
      [
        -0.171566410186957,
        -0.0265379330912469,
        -0.984815061320046,
        0.165794039723715
      ],
      [
        0.0,
        0.0,
        0.0,
        1.0
      ]
    ],
    "1": [
      [
        0.414876377346663,
        0.295270273848992,
        0.860635263570376,
        -0.165344221381983
      ],
      [
        0.794591421403508,
        -0.578400891608839,
        -0.184599245984519,
        0.029473825483865
      ],
      [
        0.443285533884948,
        0.760439263825351,
        -0.474584093160629,
        0.225048601334444
      ],
      [
        0.0,
        0.0,
        0.0,
        1.0
      ]
    ],
    "2": [
      [
        -0.630844269446593,
        0.765301479606649,
        0.127863806521896,
        -0.219069267613971
      ],
      [
        0.75701442726487,
        0.643213156444962,
        -0.114917328062176,
        0.0333588855268975
      ],
      [
        -0.170190083786443,
        0.0242998083939412,
        -0.985111595045344,
        0.1659002647912
      ],
      [
        0.0,
        0.0,
        0.0,
        1.0
      ]
    ],
    "3": [
      [
        0.28924273205696,
        -0.369086052430888,
        0.883240696443053,
        -0.169843894803988
      ],
      [
        -0.852073446639864,
        -0.519756111763686,
        0.0618419422039614,
        -0.0343677100187397
      ],
      [
        0.436244751811972,
        -0.770473276749608,
        -0.46482410257132,
        0.224942376266959
      ],
      [
        0.0,
        0.0,
        0.0,
        1.0
      ]
    ]
  },
  "T_WP": {
    "0": [
      [
        -0.145327034549999,
        -0.666632057186199,
        -0.731082589972296,
        -0.274744722334036
      ],
      [
        -0.0949702481101219,
        0.744914383294443,
        -0.660365969394972,
        -0.0767082678333553
      ],
      [
        0.984815061320046,
        -0.0265379330912469,
        -0.171566410186957,
        0.153784391010628
      ],
      [
        0.0,
        0.0,
        0.0,
        1.0
      ]
    ],
    "1": [
      [
        -0.860635263570376,
        0.295270273848992,
        0.414876377346663,
        -0.136302874967717
      ],
      [
        0.184599245984519,
        -0.578400891608839,
        0.794591421403508,
        0.0850952249821105
      ],
      [
        0.474584093160629,
        0.760439263825351,
        0.443285533884948,
        0.256078588706391
      ],
      [
        0.0,
        0.0,
        0.0,
        1.0
      ]
    ],
    "2": [
      [
        -0.127863806521896,
        0.765301479606649,
        -0.630844269446593,
        -0.263228366475232
      ],
      [
        0.114917328062176,
        0.643213156444962,
        0.75701442726487,
        0.0863498954354384
      ],
      [
        0.985111595045344,
        0.0242998083939412,
        -0.170190083786443,
        0.153986958926149
      ],
      [
        0.0,
        0.0,
        0.0,
        1.0
      ]
    ],
    "3": [
      [
        -0.883240696443053,
        -0.369086052430888,
        0.28924273205696,
        -0.149596903560001
      ],
      [
        -0.0618419422039614,
        -0.519756111763686,
        -0.852073446639864,
        -0.0940128512835302
      ],
      [
        0.46482410257132,
        -0.770473276749608,
        0.436244751811972,
        0.255479508893797
      ],
      [
        0.0,
        0.0,
        0.0,
        1.0
      ]
    ]
  },
  "simTime": 0.937499999999913,
  "state": [
    -0.194456581208979,
    -0.000504412245921121,
    0.19542132052908,
    0.403932629309284,
    0.032509875874387,
    0.914111824173273,
    -0.013457780520294,
    -0.469565331890978,
    -0.00195968358158625,
    0.0309394593464081,
    0.472211466592346,
    13.0088475629334,
    -0.237784059532569,
    0.939448194542949,
    -0.275136220579108,
    0.203895549662976,
    0.0127966684364199,
    0.987025376154318,
    -0.131630815351476,
    0.0283195735725253,
    -0.0874770657372772,
    0.938907822452646,
    0.277349058842137,
    0.203355005391785,
    -0.0132793930101779,
    0.985926480847127,
    0.135467081827342,
    0.0315292923671468,
    0.0927553115913705,
    -0.269028350944257,
    -2.09379184714839,
    2.94164937946018,
    -1.155660231575,
    -0.714123794726897,
    1.01747841601317,
    0.317787861319088,
    -2.07247471634306,
    -2.94918705880873,
    1.17632068093314,
    -0.732317640052954,
    -1.08390977708613
  ]
}