{
  "T_WB": [
    [
      0.0564228413386271,
      -1.86931316053621e-05,
      0.99840696242857,
      -0.0018303589027499
    ],
    [
      2.17517266086218e-05,
      0.999999999610416,
      1.74937055089394e-05,
      -1.06968594674079e-06
    ],
    [
      -0.998406962366619,
      2.07300307205352e-05,
      0.0564228417232536,
      0.138088049842229
    ],
    [
      0.0,
      0.0,
      0.0,
      1.0
    ]
  ],
  "T_WH": {
    "0": [
      [
        0.196316256379574,
        0.438912354112225,
        0.87682146009822,
        0.000427152931006557
      ],
      [
        -0.633342795867658,
        0.739420086279778,
        -0.228330547515094,
        -0.0320001996044157
      ],
      [
        -0.74855649780337,
        -0.510503556710107,
        0.4231421607246,
        0.0981511079865812
      ],
      [
        0.0,
        0.0,
        0.0,
        1.0
      ]
    ],
    "1": [
      [
        -0.00460590252962381,
        -0.0154713465955267,
        0.999869703059558,
        -0.00408787073650635
      ],
      [
        0.684024431734127,
        -0.729413730374918,
        -0.00813552280744843,
        0.0319980602325222
      ],
      [
        0.729444557490624,
        0.683897834018406,
        0.0139423876090432,
        0.178024991697877
      ],
      [
        0.0,
        0.0,
        0.0,
        1.0
      ]
    ],
    "2": [
      [
        0.196685896862898,
        -0.439069744085078,
        0.87665980733937,
        0.000425956570583814
      ],
      [
        0.633229120627548,
        0.739522233025031,
        0.22831501845243,
        0.0319998003706509
      ],
      [
        -0.748555635049593,
        0.51022017471944,
        0.423485341593738,
        0.0981524347085473
      ],
      [
        0.0,
        0.0,
        0.0,
        1.0
      ]
    ],
    "3": [
      [
        -0.00460386617524331,
        0.0155407052414864,
        0.999868636820276,
        -0.00408667437608361
      ],
      [
        -0.68403840776235,
        -0.729400045050763,
        0.00818724531777458,
        -0.0320019397425444
      ],
      [
        0.729431464307778,
        -0.683910857320266,
        0.0139884994645206,
        0.178023664975911
      ],
      [
        0.0,
        0.0,
        0.0,
        1.0
      ]
    ]
  },
  "T_WP": {
    "0": [
      [
        -0.87682146009822,
        0.438912354112225,
        0.196316256379574,
        0.0141692908775768
      ],
      [
        0.228330547515094,
        0.739420086279778,
        -0.633342795867658,
        -0.0763341953151518
      ],
      [
        -0.4231421607246,
        -0.510503556710107,
        -0.74855649780337,
        0.0457521531403453
      ],
      [
        0.0,
        0.0,
        0.0,
        1.0
      ]
    ],
    "1": [
      [
        -0.999869703059558,
        -0.0154713465955267,
        -0.00460590252962375,
        -0.00441028391358002
      ],
      [
        0.00813552280744847,
        -0.729413730374918,
        0.684024431734127,
        0.0798797704539111
      ],
      [
        -0.0139423876090431,
        0.683897834018406,
        0.729444557490624,
        0.22908611072222
      ],
      [
        0.0,
        0.0,
        0.0,
        1.0
      ]
    ],
    "2": [
      [
        -0.87665980733937,
        -0.439069744085078,
        0.196685896862898,
        0.0141939693509867
      ],
      [
        -0.22831501845243,
        0.739522233025031,
        0.633229120627548,
        0.0763258388145793
      ],
      [
        -0.423485341593738,
        0.51022017471944,
        -0.748555635049593,
        0.0457535402550758
      ],
      [
        0.0,
        0.0,
        0.0,
        1.0
      ]
    ],
    "3": [
      [
        -0.999868636820276,
        0.0155407052414864,
        -0.00460386617524325,
        -0.00440894500835064
      ],
      [
        -0.00818724531777463,
        -0.729400045050763,
        -0.68403840776235,
        -0.0798846282859089
      ],
      [
        -0.0139884994645206,
        -0.683910857320266,
        0.729431464307778,
        0.229083867477455
      ],
      [
        0.0,
        0.0,
        0.0,
        1.0
      ]
    ]
  },
  "simTime": 0.289999999999984,
  "state": [
    -0.0018303589027499,
    -1.06968594674079e-06,
    0.138088049842229,
    0.726781549482425,
    1.11323863886627e-06,
    0.686868676776816,
    1.39123159644004e-05,
    -0.113055418668129,
    -7.04143217083566e-05,
    1.99918188210998,
    -0.00407246819123647,
    -7.4170635142995,
    0.00666781510453045,
    0.972651367809071,
    0.214525098625228,
    -0.0658119470050204,
    0.0599757150052204,
    0.999638595360878,
    0.0118570107400106,
    -0.0181027998898564,
    0.0159492506843069,
    0.972609512402695,
    -0.214628719120318,
    -0.06598306620668,
    -0.0600956261846758,
    0.99963887326285,
    -0.0118355274449415,
    -0.0180916824588327,
    -0.0159604002985232,
    31.5869848921873,
    -8.17150268352268,
    8.03968061163402,
    1.80020661309593,
    -3.97631607255945,
    3.4882520747587,
    -31.607054716363,
    -8.20280847078716,
    -8.05850485279304,
    -1.78842942579486,
    -3.97128717851063,
    -3.49336029727836
  ]
}