{
  "T_WB": [
    [
      0.66791802879414,
      0.0214554563005521,
      0.743925513883403,
      -0.145224663322787
    ],
    [
      0.00340070480621382,
      0.999485940833192,
      -0.0318792923950676,
      -0.000300201824888376
    ],
    [
      -0.744227076918444,
      0.0238226252063939,
      0.667501715735402,
      0.135238503848292
    ],
    [
      0.0,
      0.0,
      0.0,
      1.0
    ]
  ],
  "T_WH": {
    "0": [
      [
        -0.176969130417483,
        0.128823757168039,
        0.975749130908345,
        -0.11919451677264
      ],
      [
        -0.866673939491932,
        0.449437213725589,
        -0.216523609622864,
        -0.032147723739302
      ],
      [
        -0.466431355597814,
        -0.883974338149977,
        0.0321116802347027,
        0.104707096764949
      ],
      [
        0.0,
        0.0,
        0.0,
        1.0
      ]
    ],
    "1": [
      [
        -0.39302732731787,
        -0.676540696151247,
        0.622753728557732,
        -0.171254809872935
      ],
      [
        0.865522083897434,
        -0.500866296728381,
        0.00211544024720176,
        0.0315473200895252
      ],
      [
        0.310485172378995,
        0.539838530722644,
        0.782415055121004,
        0.165769910931634
      ],
      [
        0.0,
        0.0,
        0.0,
        1.0
      ]
    ],
    "2": [
      [
        -0.133986339945788,
        -0.110940450095219,
        0.984753714001934,
        -0.117821367569404
      ],
      [
        0.894232100703039,
        0.414720680096671,
        0.168391530583887,
        0.0318193764740223
      ],
      [
        -0.427079162193804,
        0.903160547207873,
        0.043639605715607,
        0.106231744778159
      ],
      [
        0.0,
        0.0,
        0.0,
        1.0
      ]
    ],
    "3": [
      [
        -0.422993244626885,
        0.66455027023461,
        0.615994848461517,
        -0.172627959076171
      ],
      [
        -0.870065353136916,
        -0.487759571771934,
        -0.0712522379690102,
        -0.0324197801237991
      ],
      [
        0.253106689502181,
        -0.566094990682629,
        0.78452116941054,
        0.164245262918425
      ],
      [
        0.0,
        0.0,
        0.0,
        1.0
      ]
    ]
  },
  "T_WP": {
    "0": [
      [
        -0.975749130908345,
        0.128823757168039,
        -0.176969130417483,
        -0.131582355901863
      ],
      [
        0.216523609622864,
        0.449437213725589,
        -0.866673939491932,
        -0.0928148995037372
      ],
      [
        -0.0321116802347028,
        -0.883974338149977,
        -0.466431355597814,
        0.0720569018731024
      ],
      [
        0.0,
        0.0,
        0.0,
        1.0
      ]
    ],
    "1": [
      [
        -0.622753728557732,
        -0.676540696151247,
        -0.39302732731787,
        -0.198766722785186
      ],
      [
        -0.00211544024720171,
        -0.500866296728381,
        0.865522083897434,
        0.0921338659623456
      ],
      [
        -0.782415055121004,
        0.539838530722644,
        0.310485172378995,
        0.187503872998164
      ],
      [
        0.0,
        0.0,
        0.0,
        1.0
      ]
    ],
    "2": [
      [
        -0.984753714001934,
        -0.110940450095219,
        -0.133986339945788,
        -0.127200411365609
      ],
      [
        -0.168391530583887,
        0.414720680096671,
        0.894232100703039,
        0.094415623523235
      ],
      [
        -0.043639605715607,
        0.903160547207873,
        -0.427079162193804,
        0.0763362034245923
      ],
      [
        0.0,
        0.0,
        0.0,
        1.0
      ]
    ],
    "3": [
      [
        -0.615994848461517,
        0.66455027023461,
        -0.422993244626885,
        -0.202237486200053
      ],
      [
        0.0712522379690101,
        -0.487759571771934,
        -0.870065353136916,
        -0.0933243548433832
      ],
      [
        -0.78452116941054,
        -0.566094990682629,
        0.253106689502181,
        0.181962731183578
      ],
      [
        0.0,
        0.0,
        0.0,
        1.0
      ]
    ]
  },
  "simTime": 0.824999999999925,
  "state": [
    -0.145224663322787,
    -0.000300201824888376,
    0.135238503848292,
    0.913086206960046,
    0.0152510018158392,
    0.407451284297783,
    -0.00494333157064335,
    -0.379997801136298,
    -0.00293436991835209,
    1.0590809705416,
    0.491939656976997,
    13.0224179693723,
    -0.200235512959305,
    0.917726371536144,
    -0.221820233538358,
    0.271449510259541,
    -0.186786654662339,
    0.987845106925977,
    -0.0557986884975122,
    0.0643998144853904,
    -0.130004672910665,
    0.918701100415126,
    0.221767576447822,
    0.269530668465198,
    0.184825996248363,
    0.986292811384037,
    0.0573754434662455,
    0.0679011606769164,
    0.139010722888387,
    -2.6575370535702,
    -2.3558991954209,
    2.36742359907039,
    -1.46668208069333,
    -1.02851234170724,
    0.283551016120147,
    2.67954896820223,
    -2.33716542036967,
    -2.32007398129426,
    1.50787402946929,
    -1.06130769123729,
    -0.313494245347493
  ]
}