{
  "T_WB": [
    [
      0.974128812367914,
      -0.00225917200659384,
      -0.225982196326441,
      -0.103531164563038
    ],
    [
      0.00281712578679925,
      0.999993728010009,
      0.00214656538338718,
      8.49033306240179e-06
    ],
    [
      0.225975929507943,
      -0.00272765146021777,
      0.97412906701347,
      0.161314471806616
    ],
    [
      0.0,
      0.0,
      0.0,
      1.0
    ]
  ],
  "T_WH": {
    "0": [
      [
        -0.171393010609375,
        0.976519731744751,
        -0.130513023976205,
        -0.0644937185641103
      ],
      [
        -0.872895777574295,
        -0.211941230190211,
        -0.439469994923916,
        -0.0318786239317859
      ],
      [
        -0.456812212410331,
        0.0386021820447854,
        0.888725196072532,
        0.170440793833661
      ],
      [
        0.0,
        0.0,
        0.0,
        1.0
      ]
    ],
    "1": [
      [
        -0.600654753471852,
        -0.771111255098175,
        -0.21119019719813,
        -0.142568610561965
      ],
      [
        0.782788068293233,
        -0.620944622387827,
        0.0408731704836736,
        0.0318956045979107
      ],
      [
        -0.162655179042711,
        -0.140766502366707,
        0.976590028897504,
        0.152188149779572
      ],
      [
        0.0,
        0.0,
        0.0,
        1.0
      ]
    ],
    "2": [
      [
        -0.175270592561902,
        -0.975531085565365,
        -0.132737788435169,
        -0.0646383055725323
      ],
      [
        0.869283593183694,
        -0.216637872742528,
        0.444313027847753,
        0.0321209746608547
      ],
      [
        -0.462197202506296,
        -0.0375117740083315,
        0.885983415649583,
        0.170266224140207
      ],
      [
        0.0,
        0.0,
        0.0,
        1.0
      ]
    ],
    "3": [
      [
        -0.597029225078159,
        0.774077786055341,
        -0.210617391347996,
        -0.142424023553543
      ],
      [
        -0.786409955736046,
        -0.616598007535857,
        -0.036963206327949,
        -0.0321039939947299
      ],
      [
        -0.158478660777419,
        0.143563498976839,
        0.976869508091906,
        0.152362719473026
      ],
      [
        0.0,
        0.0,
        0.0,
        1.0
      ]
    ]
  },
  "T_WP": {
    "0": [
      [
        0.130513023976205,
        0.976519731744751,
        -0.171393010609375,
        -0.0764912293067666
      ],
      [
        0.439469994923916,
        -0.211941230190211,
        -0.872895777574295,
        -0.0929813283619866
      ],
      [
        -0.888725196072532,
        0.0386021820447854,
        -0.456812212410331,
        0.138463938964938
      ],
      [
        0.0,
        0.0,
        0.0,
        1.0
      ]
    ],
    "1": [
      [
        0.21119019719813,
        -0.771111255098175,
        -0.600654753471852,
        -0.184614443304995
      ],
      [
        -0.0408731704836736,
        -0.620944622387827,
        0.782788068293233,
        0.0866907693784371
      ],
      [
        -0.976590028897504,
        -0.140766502366707,
        -0.162655179042711,
        0.140802287246582
      ],
      [
        0.0,
        0.0,
        0.0,
        1.0
      ]
    ],
    "2": [
      [
        0.132737788435169,
        -0.975531085565365,
        -0.175270592561902,
        -0.0769072470518655
      ],
      [
        -0.444313027847753,
        -0.216637872742528,
        0.869283593183694,
        0.0929708261837132
      ],
      [
        -0.885983415649583,
        -0.0375117740083315,
        -0.462197202506296,
        0.137912419964766
      ],
      [
        0.0,
        0.0,
        0.0,
        1.0
      ]
    ],
    "3": [
      [
        0.210617391347996,
        0.774077786055341,
        -0.597029225078159,
        -0.184216069309015
      ],
      [
        0.036963206327949,
        -0.616598007535857,
        -0.786409955736046,
        -0.0871526908962531
      ],
      [
        -0.976869508091906,
        0.143563498976839,
        -0.158478660777419,
        0.141269213218606
      ],
      [
        0.0,
        0.0,
        0.0,
        1.0
      ]
    ]
  },
  "simTime": 0.69749999999994,
  "state": [
    -0.103531164563038,
    8.49033306240179e-06,
    0.161314471806616,
    0.993510393427189,
    -0.00122651380293843,
    -0.113727578700843,
    0.0012773640384078,
    -0.341591862285486,
    -0.00034721862708877,
    -1.9897182849992,
    -0.0118597680007484,
    -2.33424041492949,
    0.000356900229000436,
    0.843275154189726,
    0.0229741975617837,
    0.228758669433618,
    -0.485827821076199,
    0.99806584957944,
    0.0184893545433979,
    0.00944966386272927,
    -0.0585952858574872,
    0.84318366694894,
    -0.0231881937967698,
    0.229033068932951,
    0.485847161969829,
    0.998057547898547,
    -0.0187939801925785,
    0.00949087359949996,
    0.0586331025068538,
    -5.12532873216291,
    -2.58725717351048,
    -0.580555126645694,
    -0.550927592130609,
    0.0576459032814295,
    -0.358242058425309,
    5.12675426382267,
    -2.58970590492111,
    0.580783885098565,
    0.550890818948347,
    0.0573914638818298,
    0.361443827393583
  ]
}