{
  "T_WB": [
    [
      0.549911675534781,
      -0.0780950870504983,
      0.831563771751214,
      -0.0338140723431302
    ],
    [
      -0.102407704577851,
      0.981802502174796,
      0.159926573046525,
      0.00221327177147508
    ],
    [
      -0.828920871467009,
      -0.173104026821692,
      0.531907120411534,
      0.450879830861802
    ],
    [
      0.0,
      0.0,
      0.0,
      1.0
    ]
  ],
  "T_WH": {
    "0": [
      [
        0.214625917508322,
        -0.286504822167798,
        0.933729458894978,
        0.0244955098070072
      ],
      [
        -0.651509438684665,
        0.670237916125433,
        0.355410448766817,
        -0.0355139882527075
      ],
      [
        -0.727647694175213,
        -0.684613849306626,
        -0.0428101681737051,
        -0.0276175060003862
      ],
      [
        0.0,
        0.0,
        0.0,
        1.0
      ]
    ],
    "1": [
      [
        -0.535447922770658,
        -0.158161475048503,
        0.829626705097581,
        -0.0244955098070072
      ],
      [
        0.699370647073769,
        -0.633725001240515,
        0.330565153660102,
        0.0355139882527075
      ],
      [
        0.473472512414612,
        0.757216990441439,
        0.44994022866888,
        0.0276175060003862
      ],
      [
        0.0,
        0.0,
        0.0,
        1.0
      ]
    ],
    "2": [
      [
        0.0884439097762039,
        0.226401103253568,
        0.970010420185817,
        0.0194974242357753
      ],
      [
        0.305091937436041,
        0.920864911362361,
        -0.242748274418404,
        0.0273213718864794
      ],
      [
        -0.948207036746206,
        0.31741196490863,
        0.0123717419073161,
        -0.0386961637169745
      ],
      [
        0.0,
        0.0,
        0.0,
        1.0
      ]
    ],
    "3": [
      [
        -0.468080270964602,
        0.219009317961183,
        0.856116685142792,
        -0.0194974242357753
      ],
      [
        -0.538839705797995,
        -0.838593143383249,
        -0.0800831525736315,
        -0.0273213718864794
      ],
      [
        0.700394625471409,
        -0.498795006507462,
        0.510539822241112,
        0.0386961637169745
      ],
      [
        0.0,
        0.0,
        0.0,
        1.0
      ]
    ]
  },
  "T_WP": {
    "0": [
      [
        -0.933729458894978,
        -0.286504822167798,
        0.214625917508322,
        0.0395193240325898
      ],
      [
        -0.355410448766817,
        0.670237916125433,
        -0.651509438684665,
        -0.081119648960634
      ],
      [
        0.0428101681737051,
        -0.684613849306626,
        -0.727647694175213,
        -0.0785528445926511
      ],
      [
        0.0,
        0.0,
        0.0,
        1.0
      ]
    ],
    "1": [
      [
        -0.829626705097581,
        -0.158161475048503,
        -0.535447922770658,
        -0.0619768644009533
      ],
      [
        -0.330565153660102,
        -0.633725001240515,
        0.699370647073769,
        0.0844699335478713
      ],
      [
        -0.44994022866888,
        0.757216990441439,
        0.473472512414612,
        0.0607605818694091
      ],
      [
        0.0,
        0.0,
        0.0,
        1.0
      ]
    ],
    "2": [
      [
        -0.970010420185817,
        0.226401103253568,
        0.0884439097762039,
        0.0256884979201096
      ],
      [
        0.242748274418404,
        0.920864911362361,
        0.305091937436041,
        0.0486778075070023
      ],
      [
        -0.0123717419073162,
        0.31741196490863,
        -0.948207036746206,
        -0.105070656289209
      ],
      [
        0.0,
        0.0,
        0.0,
        1.0
      ]
    ],
    "3": [
      [
        -0.856116685142792,
        0.219009317961183,
        -0.468080270964602,
        -0.0522630432032975
      ],
      [
        0.0800831525736315,
        -0.838593143383249,
        -0.538839705797995,
        -0.0650401512923391
      ],
      [
        -0.510539822241112,
        -0.498795006507462,
        0.700394625471409,
        0.0877237874999731
      ],
      [
        0.0,
        0.0,
        0.0,
        1.0
      ]
    ]
  }
}