{
  "T_WB": [
    [
      -0.896457057447205,
      0.054410219014057,
      -0.43977752582407,
      -0.239421024149431
    ],
    [
      0.0686989798698503,
      0.99749889252059,
      -0.0166255702169536,
      -0.000965797377527792
    ],
    [
      0.437772994048217,
      -0.0451163771488724,
      -0.897952848536615,
      0.153737271587288
    ],
    [
      0.0,
      0.0,
      0.0,
      1.0
    ]
  ],
  "T_WH": {
    "0": [
      [
        -0.591784589729429,
        -0.117268155580707,
        -0.797520644902357,
        -0.277020433455769
      ],
      [
        -0.416650251423071,
        0.891452478227654,
        0.178087189463098,
        -0.0301378027433927
      ],
      [
        0.690067799095034,
        0.437676431566143,
        -0.576407645597856,
        0.17269191541798
      ],
      [
        0.0,
        0.0,
        0.0,
        1.0
      ]
    ],
    "1": [
      [
        0.657847880922043,
        0.730205069859237,
        -0.184490437471008,
        -0.201821614843093
      ],
      [
        0.683374935456052,
        -0.681688004561156,
        -0.261342996898456,
        0.0282062079883371
      ],
      [
        -0.316598899487686,
        0.0458477959044567,
        -0.947450851735271,
        0.134782627756595
      ],
      [
        0.0,
        0.0,
        0.0,
        1.0
      ]
    ],
    "2": [
      [
        -0.539536923603633,
        0.202022621264975,
        -0.817365749567203,
        -0.27353817943887
      ],
      [
        0.534977786295013,
        0.831886837401938,
        -0.147523075917937,
        0.0337021263779251
      ],
      [
        0.650152809914112,
        -0.516866665838135,
        -0.556911279744049,
        0.169804467280453
      ],
      [
        0.0,
        0.0,
        0.0,
        1.0
      ]
    ],
    "3": [
      [
        0.577565599796848,
        -0.802686812164687,
        -0.148700569965951,
        -0.205303868859993
      ],
      [
        -0.77934584702092,
        -0.59638090926401,
        0.192223468381663,
        -0.0356337211329807
      ],
      [
        -0.242977424182887,
        0.00486750884172246,
        -0.970019731085469,
        0.137670075894123
      ],
      [
        0.0,
        0.0,
        0.0,
        1.0
      ]
    ]
  },
  "T_WP": {
    "0": [
      [
        0.797520644902357,
        -0.117268155580707,
        -0.591784589729429,
        -0.318445354736829
      ],
      [
        -0.178087189463098,
        0.891452478227654,
        -0.416650251423071,
        -0.0593033203430076
      ],
      [
        0.576407645597856,
        0.437676431566143,
        0.690067799095034,
        0.220996661354633
      ],
      [
        0.0,
        0.0,
        0.0,
        1.0
      ]
    ],
    "1": [
      [
        0.184490437471008,
        0.730205069859237,
        0.657847880922043,
        -0.15577226317855
      ],
      [
        0.261342996898456,
        -0.681688004561156,
        0.683374935456052,
        0.0760424534702607
      ],
      [
        0.947450851735271,
        0.0458477959044567,
        -0.316598899487686,
        0.112620704792457
      ],
      [
        0.0,
        0.0,
        0.0,
        1.0
      ]
    ],
    "2": [
      [
        0.817365749567203,
        0.202022621264975,
        -0.539536923603633,
        -0.311305764091124
      ],
      [
        0.147523075917937,
        0.831886837401938,
        0.534977786295013,
        0.071150571418576
      ],
      [
        0.556911279744049,
        -0.516866665838135,
        0.650152809914112,
        0.21531516397444
      ],
      [
        0.0,
        0.0,
        0.0,
        1.0
      ]
    ],
    "3": [
      [
        0.148700569965951,
        -0.802686812164687,
        0.577565599796848,
        -0.164874276874214
      ],
      [
        -0.192223468381663,
        -0.59638090926401,
        -0.77934584702092,
        -0.0901879304244451
      ],
      [
        0.970019731085469,
        0.00486750884172246,
        -0.242977424182887,
        0.120661656201321
      ],
      [
        0.0,
        0.0,
        0.0,
        1.0
      ]
    ]
  },
  "simTime": 1.0374999999999,
  "state": [
    -0.239421024149431,
    -0.000965797377527792,
    0.153737271587288,
    -0.225326977155849,
    0.0316105147412209,
    0.973641206824209,
    -0.0158533623405314,
    -0.413604688074339,
    -0.00814408800004683,
    -0.879499145653718,
    0.464527611558418,
    12.6576592838949,
    -0.284343108715486,
    0.953407497673873,
    -0.211174718823976,
    0.150752668368979,
    0.153925353624708,
    0.983801262663289,
    -0.178187719925368,
    0.0112329269699523,
    -0.0160634181170718,
    0.952070682453111,
    0.2147271643848,
    0.151315361789361,
    -0.156707759141291,
    0.983003993620328,
    0.182102328336869,
    0.0149358526093279,
    0.0178552750639614,
    1.48656213891809,
    -1.6992701887007,
    2.08891892939018,
    -0.657548578159605,
    -0.525245998460375,
    1.61494492974172,
    -1.46933083189248,
    -1.71169510864856,
    -2.15224456591352,
    0.650481178135811,
    -0.530101400413244,
    -1.6737010503438
  ]
}