{
  "T_WB": [
    [
      0.957607235441724,
      -0.00218264066567149,
      -0.288068774269936,
      -0.113456938492321
    ],
    [
      0.00297253999213882,
      0.999992926249148,
      0.0023046599881551,
      -2.08712550541376e-06
    ],
    [
      0.288061706298588,
      -0.00306325503189416,
      0.957606949553394,
      0.0993329520901526
    ],
    [
      0.0,
      0.0,
      0.0,
      1.0
    ]
  ],
  "T_WH": {
    "0": [
      [
        -0.15431156756711,
        0.987536412385495,
        -0.0309802247856128,
        -0.0750828045733508
      ],
      [
        -0.903734226134063,
        -0.153750496344288,
        -0.399531267096521,
        -0.0318829591657926
      ],
      [
        -0.399314899081975,
        -0.0336544066456528,
        0.916195935531522,
        0.110953444503117
      ],
      [
        0.0,
        0.0,
        0.0,
        1.0
      ]
    ],
    "1": [
      [
        -0.581741639513349,
        -0.761068729605478,
        -0.286968732918806,
        -0.151831072411292
      ],
      [
        0.788285838126247,
        -0.614492876580907,
        0.0316850444361883,
        0.0318787849147818
      ],
      [
        -0.200454738696598,
        -0.207780878446566,
        0.957415794880183,
        0.0877124596771885
      ],
      [
        0.0,
        0.0,
        0.0,
        1.0
      ]
    ],
    "2": [
      [
        -0.158171269359154,
        -0.986863194004015,
        -0.0329072312646999,
        -0.0752224935759538
      ],
      [
        0.90033787359572,
        -0.157826923157815,
        0.405564268267896,
        0.0321165881141529
      ],
      [
        -0.405430096216908,
        0.0345209884958671,
        0.913473994394376,
        0.110757396181076
      ],
      [
        0.0,
        0.0,
        0.0,
        1.0
      ]
    ],
    "3": [
      [
        -0.578134101469722,
        0.764006115988989,
        -0.286453513592025,
        -0.151691383408689
      ],
      [
        -0.792127333444686,
        -0.609734806561531,
        -0.0275273187430768,
        -0.0321207623651637
      ],
      [
        -0.195691717575393,
        0.210993176190113,
        0.957698611920055,
        0.0879085079992297
      ],
      [
        0.0,
        0.0,
        0.0,
        1.0
      ]
    ]
  },
  "T_WP": {
    "0": [
      [
        0.0309802247856128,
        0.987536412385495,
        -0.15431156756711,
        -0.0858846143030485
      ],
      [
        0.399531267096521,
        -0.153750496344288,
        -0.903734226134063,
        -0.095144354995177
      ],
      [
        -0.916195935531522,
        -0.0336544066456528,
        -0.399314899081975,
        0.0830014015673785
      ],
      [
        0.0,
        0.0,
        0.0,
        1.0
      ]
    ],
    "1": [
      [
        0.286968732918806,
        -0.761068729605478,
        -0.581741639513349,
        -0.192552987177226
      ],
      [
        -0.0316850444361882,
        -0.614492876580907,
        0.788285838126247,
        0.087058793583619
      ],
      [
        -0.957415794880183,
        -0.207780878446566,
        -0.200454738696598,
        0.0736806279684266
      ],
      [
        0.0,
        0.0,
        0.0,
        1.0
      ]
    ],
    "2": [
      [
        0.0329072312646999,
        -0.986863194004015,
        -0.158171269359154,
        -0.0862944824310946
      ],
      [
        -0.405564268267896,
        -0.157826923157815,
        0.90033787359572,
        0.0951402392658533
      ],
      [
        -0.913473994394376,
        0.0345209884958671,
        -0.405430096216908,
        0.082377289445892
      ],
      [
        0.0,
        0.0,
        0.0,
        1.0
      ]
    ],
    "3": [
      [
        0.286453513592025,
        0.764006115988989,
        -0.578134101469722,
        -0.192160770511569
      ],
      [
        0.0275273187430768,
        -0.609734806561531,
        -0.792127333444686,
        -0.0875696757062917
      ],
      [
        -0.957698611920055,
        0.210993176190113,
        -0.195691717575393,
        0.0742100877689522
      ],
      [
        0.0,
        0.0,
        0.0,
        1.0
      ]
    ]
  },
  "simTime": 0.726499999999936,
  "state": [
    -0.113456938492321,
    -2.08712550541376e-06,
    0.0993329520901526,
    0.989344114962568,
    -0.00135643274641916,
    -0.145583945933292,
    0.00130267633370553,
    -0.342407848650429,
    -0.000381197799630754,
    -2.28486210763339,
    -0.0118649026993618,
    -2.10114811913747,
    0.000522882541011464,
    0.849545076824946,
    -0.0580950128146116,
    0.232261374639949,
    -0.470056151729692,
    0.997901396379334,
    0.0101194502605959,
    0.0106634952887271,
    -0.0630609998241951,
    0.849486269089459,
    0.0579075667010449,
    0.232518976271221,
    0.470058207056338,
    0.997892565177044,
    -0.0104193708725962,
    0.010704102794547,
    0.0631449701746947,
    -5.03411222078542,
    -2.60837148364424,
    0.258858363175069,
    -0.603039954335595,
    0.0307238586316395,
    -0.270290229694976,
    5.03504445381791,
    -2.6106792997894,
    -0.259110685656099,
    0.603625241148118,
    0.0305023029472662,
    0.273530608847083
  ]
}