{
  "T_WB": [
    [
      -2.22044604925031e-16,
      1.41392000483301e-20,
      1.0,
      7.03874024099499e-37
    ],
    [
      -1.2383613006436e-19,
      1.0,
      -1.41392000483301e-20,
      3.79757411793997e-21
    ],
    [
      -1.0,
      -1.2383613006436e-19,
      -2.22044604925031e-16,
      0.4654023152
    ],
    [
      0.0,
      0.0,
      0.0,
      1.0
    ]
  ],
  "T_WH": {
    "0": [
      [
        -1.57048867967719e-16,
        -1.55373223966725e-16,
        1.0,
        -8.8822366514028e-18
      ],
      [
        -0.707106779455507,
        0.707106782917588,
        -1.18485869514226e-18,
        -0.032
      ],
      [
        -0.707106782917588,
        -0.707106779455507,
        -2.20915779802233e-16,
        0.4254023152
      ],
      [
        0.0,
        0.0,
        0.0,
        1.0
      ]
    ],
    "1": [
      [
        1.57048867967719e-16,
        1.55381104656052e-16,
        1.0,
        8.8822366514028e-18
      ],
      [
        0.707106779455507,
        -0.707106782917588,
        -1.17928620626509e-18,
        0.032
      ],
      [
        0.707106782917588,
        0.707106779455507,
        -2.20921352291082e-16,
        0.5054023152
      ],
      [
        0.0,
        0.0,
        0.0,
        1.0
      ]
    ],
    "2": [
      [
        -1.57038188770241e-16,
        1.56178062424511e-16,
        1.0,
        -8.88133174259971e-18
      ],
      [
        0.707106779455507,
        0.707106782917588,
        6.08200629552608e-19,
        0.032
      ],
      [
        -0.707106782917588,
        0.707106779455507,
        -2.21477335199127e-16,
        0.4254023152
      ],
      [
        0.0,
        0.0,
        0.0,
        1.0
      ]
    ],
    "3": [
      [
        1.57038188770241e-16,
        -1.55390932519546e-16,
        1.0,
        8.88133174259971e-18
      ],
      [
        -0.707106779455507,
        -0.707106782917588,
        1.16478552439093e-18,
        -0.032
      ],
      [
        0.707106782917588,
        -0.707106779455507,
        -2.20920750307014e-16,
        0.5054023152
      ],
      [
        0.0,
        0.0,
        0.0,
        1.0
      ]
    ]
  },
  "T_WP": {
    "0": [
      [
        -1.0,
        -1.55373223966725e-16,
        -9.58165280103511e-17,
        -1.98756574091431e-17
      ],
      [
        -4.21129440106368e-17,
        0.707106782917588,
        -0.707106779455507,
        -0.0814974745618855
      ],
      [
        1.77617976884462e-16,
        -0.707106779455507,
        -0.707106782917588,
        0.375904840395769
      ],
      [
        0.0,
        0.0,
        0.0,
        1.0
      ]
    ],
    "1": [
      [
        -1.0,
        1.55381104656052e-16,
        2.18281207925086e-16,
        1.98756574091431e-17
      ],
      [
        4.44770889120441e-17,
        -0.707106782917588,
        0.707106779455507,
        0.0814974745618855
      ],
      [
        2.64219155208853e-16,
        0.707106779455507,
        0.707106782917588,
        0.554899790004231
      ],
      [
        0.0,
        0.0,
        0.0,
        1.0
      ]
    ],
    "2": [
      [
        -1.0,
        1.56178062424511e-16,
        -9.58058488128729e-17,
        -1.98740049565165e-17
      ],
      [
        4.26896020762264e-17,
        0.707106782917588,
        0.707106779455507,
        0.0814974745618855
      ],
      [
        1.78179532281357e-16,
        0.707106779455507,
        -0.707106782917588,
        0.375904840395769
      ],
      [
        0.0,
        0.0,
        0.0,
        1.0
      ]
    ],
    "3": [
      [
        -1.0,
        -1.55390932519546e-16,
        2.18270528727608e-16,
        1.98740049565165e-17
      ],
      [
        -4.446258823017e-17,
        -0.707106782917588,
        -0.707106779455507,
        -0.0814974745618855
      ],
      [
        2.64218553224784e-16,
        -0.707106779455507,
        0.707106782917588,
        0.554899790004231
      ],
      [
        0.0,
        0.0,
        0.0,
        1.0
      ]
    ]
  },
  "simTime": 0.0840000000000014,
  "state": [
    7.03874024099499e-37,
    3.79757411793997e-21,
    0.4654023152,
    0.707106781186548,
    -3.87837215448406e-20,
    0.707106781186548,
    -4.87816457795679e-20,
    -1.30891889827952e-35,
    5.09566341194822e-20,
    -0.823754399999994,
    4.76161346462678e-19,
    -3.4374796408281e-18,
    -5.32760524669079e-18,
    1.0,
    8.13011796512748e-19,
    1.48118953814213e-20,
    -9.99450758219425e-20,
    1.0,
    -8.09071451849262e-19,
    -1.4811895381421e-20,
    9.85959398180636e-20,
    1.0,
    -4.20590491878739e-19,
    1.94702208525979e-20,
    5.98763528846879e-20,
    1.0,
    8.14155444361449e-19,
    -1.94702208525976e-20,
    -9.5539608263501e-20,
    2.505044436107e-17,
    6.07697015742082e-19,
    -6.59187899116743e-18,
    -2.50174041547353e-17,
    -6.07697015742075e-19,
    6.54646565188427e-18,
    -1.46006323737866e-17,
    8.1611586178181e-19,
    3.61628243281679e-18,
    2.50724719806883e-17,
    -8.16115861781802e-19,
    -6.38489158557118e-18
  ]
}