{
  "T_WB": [
    [
      0.980197638597329,
      -0.00228543359884793,
      -0.198008500023321,
      -0.0994391510050244
    ],
    [
      0.00275257387772759,
      0.999994040157254,
      0.00208398344991052,
      1.2562206249121e-05
    ],
    [
      0.198002557118002,
      -0.00258774868121042,
      0.980198087598367,
      0.184458303847672
    ],
    [
      0.0,
      0.0,
      0.0,
      1.0
    ]
  ],
  "T_WH": {
    "0": [
      [
        -0.171324030460322,
        0.970353326221203,
        -0.170477267922377,
        -0.0601581115859681
      ],
      [
        -0.861063597606978,
        -0.23156304291991,
        -0.452711870873518,
        -0.0318771441236739
      ],
      [
        -0.478766704630721,
        0.0692313472721667,
        0.875208239844622,
        0.192461214090191
      ],
      [
        0.0,
        0.0,
        0.0,
        1.0
      ]
    ],
    "1": [
      [
        -0.608645655287706,
        -0.773291202054074,
        -0.177682816066055,
        -0.138720190424081
      ],
      [
        0.780060377044904,
        -0.624138427149176,
        0.0442383534991512,
        0.0319022685361722
      ],
      [
        -0.145107802905155,
        -0.111677842840547,
        0.983092968622256,
        0.176455393605154
      ],
      [
        0.0,
        0.0,
        0.0,
        1.0
      ]
    ],
    "2": [
      [
        -0.175195698590948,
        -0.969248075923103,
        -0.172813872459919,
        -0.0603043793362944
      ],
      [
        0.857428368611366,
        -0.236474698267026,
        0.457051758316245,
        0.0321224744463904
      ],
      [
        -0.483862645691607,
        -0.0681020146462852,
        0.872490146480426,
        0.192295598174594
      ],
      [
        0.0,
        0.0,
        0.0,
        1.0
      ]
    ],
    "3": [
      [
        -0.605023977194497,
        0.776262843520763,
        -0.177093152856942,
        -0.138573922673754
      ],
      [
        -0.783591966613468,
        -0.619959118116483,
        -0.0404267451456545,
        -0.0320973500338921
      ],
      [
        -0.141172295010712,
        0.114309621787899,
        0.983363459504224,
        0.176621009520751
      ],
      [
        0.0,
        0.0,
        0.0,
        1.0
      ]
    ]
  },
  "T_WP": {
    "0": [
      [
        0.170477267922377,
        0.970353326221203,
        -0.171324030460322,
        -0.0721507937181907
      ],
      [
        0.452711870873518,
        -0.23156304291991,
        -0.861063597606978,
        -0.0921515959561623
      ],
      [
        -0.875208239844622,
        0.0692313472721667,
        -0.478766704630721,
        0.158947544766041
      ],
      [
        0.0,
        0.0,
        0.0,
        1.0
      ]
    ],
    "1": [
      [
        0.177682816066055,
        -0.773291202054074,
        -0.608645655287706,
        -0.18132538629422
      ],
      [
        -0.0442383534991511,
        -0.624138427149176,
        0.780060377044904,
        0.0865064949293154
      ],
      [
        -0.983092968622256,
        -0.111677842840547,
        -0.145107802905155,
        0.166297847401793
      ],
      [
        0.0,
        0.0,
        0.0,
        1.0
      ]
    ],
    "2": [
      [
        0.172813872459919,
        -0.969248075923103,
        -0.175195698590948,
        -0.0725680782376608
      ],
      [
        -0.457051758316245,
        -0.236474698267026,
        0.857428368611366,
        0.092142460249186
      ],
      [
        -0.872490146480426,
        -0.0681020146462852,
        -0.483862645691607,
        0.158425212976181
      ],
      [
        0.0,
        0.0,
        0.0,
        1.0
      ]
    ],
    "3": [
      [
        0.177093152856942,
        0.776262843520763,
        -0.605023977194497,
        -0.180925601077369
      ],
      [
        0.0404267451456545,
        -0.619959118116483,
        -0.783591966613468,
        -0.0869487876968349
      ],
      [
        -0.983363459504224,
        0.114309621787899,
        -0.141172295010712,
        0.166738948870001
      ],
      [
        0.0,
        0.0,
        0.0,
        1.0
      ]
    ]
  },
  "simTime": 0.685499999999941,
  "state": [
    -0.0994391510050244,
    1.2562206249121e-05,
    0.184458303847672,
    0.995036402142272,
    -0.00117375910093914,
    -0.099496625522626,
    0.00126578471544581,
    -0.340320648033716,
    -0.000331232305144454,
    -1.86758846871819,
    -0.0118556591178391,
    -2.43723532004209,
    0.000314378160628992,
    0.840730206045749,
    0.0574447211943008,
    0.226616703935171,
    -0.488382733260239,
    0.998133726313528,
    0.0217144315125615,
    0.00883796547666026,
    -0.0563865074799812,
    0.840625034020747,
    -0.0576726234900743,
    0.22689585717011,
    0.488407299982741,
    0.998125624237487,
    -0.0220184079803424,
    0.00887964261897815,
    0.0564054952774717,
    -5.12127822540667,
    -2.57131690267403,
    -0.934864201592565,
    -0.526313440430284,
    0.0694772802893181,
    -0.391542904058404,
    5.12286867365547,
    -2.57380176706219,
    0.935348610305473,
    0.526026672076365,
    0.0692052821673337,
    0.394702842279469
  ]
}