{
  "T_WB": [
    [
      0.257090527340898,
      -0.000309248297656065,
      0.966387274914705,
      -0.00506089861434409
    ],
    [
      0.000269524943874771,
      0.999999932851189,
      0.000248302076369226,
      3.55919674933301e-06
    ],
    [
      -0.966387286809943,
      0.000196629364279075,
      0.257090593427705,
      0.199141356013649
    ],
    [
      0.0,
      0.0,
      0.0,
      1.0
    ]
  ],
  "T_WH": {
    "0": [
      [
        0.488582360765436,
        0.790676936154643,
        0.368940726109194,
        0.00523261842481682
      ],
      [
        -0.589662017653974,
        0.610887643471749,
        -0.528313346405121,
        -0.0319856576567337
      ],
      [
        -0.643106508818809,
        0.0405742490582319,
        0.764701084495271,
        0.160479572401595
      ],
      [
        0.0,
        0.0,
        0.0,
        1.0
      ]
    ],
    "1": [
      [
        -0.113327667207173,
        -0.115238136725029,
        0.986852071837276,
        -0.015354415653505
      ],
      [
        0.656601634414926,
        -0.754131300172961,
        -0.0126600072309066,
        0.0319927760502324
      ],
      [
        0.745674951657241,
        0.646533954207807,
        0.161129489937099,
        0.237803139625704
      ],
      [
        0.0,
        0.0,
        0.0,
        1.0
      ]
    ],
    "2": [
      [
        0.488990029063646,
        -0.79089807384629,
        0.367925248199363,
        0.00521282653376683
      ],
      [
        0.590105333104843,
        0.610561601017603,
        0.52819525481023,
        0.0320143380457424
      ],
      [
        -0.642389638239563,
        -0.0411675618545669,
        0.765271706345788,
        0.160492156680909
      ],
      [
        0.0,
        0.0,
        0.0,
        1.0
      ]
    ],
    "3": [
      [
        -0.113157156783966,
        0.115877768847188,
        0.986796737203547,
        -0.015334623762455
      ],
      [
        -0.6567932044011,
        -0.753954846253767,
        0.0132203049508676,
        -0.0320072196522437
      ],
      [
        0.745532121723205,
        -0.646625419000411,
        0.161423117865563,
        0.23779055534639
      ],
      [
        0.0,
        0.0,
        0.0,
        1.0
      ]
    ]
  },
  "T_WP": {
    "0": [
      [
        -0.368940726109194,
        0.790676936154643,
        0.488582360765436,
        0.0394333836783974
      ],
      [
        0.528313346405121,
        0.610887643471749,
        -0.589662017653974,
        -0.0732619988925119
      ],
      [
        -0.764701084495271,
        0.0405742490582319,
        -0.643106508818809,
        0.115462116784278
      ],
      [
        0.0,
        0.0,
        0.0,
        1.0
      ]
    ],
    "1": [
      [
        -0.986852071837276,
        -0.115238136725029,
        -0.113327667207173,
        -0.0232873523580071
      ],
      [
        0.0126600072309067,
        -0.754131300172961,
        0.656601634414926,
        0.0779548904592773
      ],
      [
        -0.161129489937099,
        0.646533954207807,
        0.745674951657241,
        0.290000386241711
      ],
      [
        0.0,
        0.0,
        0.0,
        1.0
      ]
    ],
    "2": [
      [
        -0.367925248199363,
        -0.79089807384629,
        0.488990029063646,
        0.039442128568222
      ],
      [
        -0.52819525481023,
        0.610561601017603,
        0.590105333104843,
        0.0733217113630814
      ],
      [
        -0.765271706345788,
        -0.0411675618545669,
        -0.642389638239563,
        0.115524882004139
      ],
      [
        0.0,
        0.0,
        0.0,
        1.0
      ]
    ],
    "3": [
      [
        -0.986796737203547,
        0.115877768847188,
        -0.113157156783966,
        -0.0232556247373326
      ],
      [
        -0.0132203049508677,
        -0.753954846253767,
        -0.6567932044011,
        -0.0779827439603207
      ],
      [
        -0.161423117865563,
        -0.646625419000411,
        0.745532121723205,
        0.289977803867014
      ],
      [
        0.0,
        0.0,
        0.0,
        1.0
      ]
    ]
  },
  "simTime": 0.322499999999981,
  "state": [
    -0.00506089861434409,
    3.55919674933301e-06,
    0.199141356013649,
    0.792808465775277,
    -1.6294197880323e-05,
    0.609470838531793,
    0.000182507272095304,
    -0.126174867482821,
    0.000261899267821441,
    1.74568998942267,
    -0.00934792811251953,
    -5.58993130709982,
    0.00611594986686647,
    0.872674998956303,
    0.459452893439234,
    -0.111355691826018,
    0.122234589232676,
    0.998195303705498,
    0.0287549730559732,
    -0.0402696282686782,
    0.0340241711720037,
    0.872483563956354,
    -0.459669528472514,
    -0.111745832386817,
    -0.122430487069407,
    0.998198519860196,
    -0.0286458370871234,
    -0.0401707261579892,
    -0.0341385958473983,
    7.31053563632423,
    -0.560665617023221,
    -0.286369616817103,
    0.60725699224378,
    -0.0670090889246791,
    -0.0393888777222197,
    -7.31538479876051,
    -0.565826314000729,
    0.286064680976869,
    -0.607427132361405,
    -0.0639624233307419,
    0.0349010096153651
  ]
}