{
  "T_WB": [
    [
      -2.22044604925031e-16,
      1.86937414645629e-20,
      1.0,
      5.373028751985e-37
    ],
    [
      -1.76954222960122e-19,
      1.0,
      -1.86937414645629e-20,
      4.22307912777099e-21
    ],
    [
      -1.0,
      -1.76954222960122e-19,
      -2.22044604925031e-16,
      0.4575913583
    ],
    [
      0.0,
      0.0,
      0.0,
      1.0
    ]
  ],
  "T_WH": {
    "0": [
      [
        -1.57057597847255e-16,
        -1.55146163311841e-16,
        1.0,
        -8.88238239672812e-18
      ],
      [
        -0.707106779455507,
        0.707106782917588,
        -1.35158778134786e-18,
        -0.032
      ],
      [
        -0.707106782917588,
        -0.707106779455507,
        -2.20761396630851e-16,
        0.4175913583
      ],
      [
        0.0,
        0.0,
        0.0,
        1.0
      ]
    ],
    "1": [
      [
        1.57057597847255e-16,
        1.55154027113721e-16,
        1.0,
        8.88238239672812e-18
      ],
      [
        0.707106779455507,
        -0.707106782917588,
        -1.34602723369886e-18,
        0.032
      ],
      [
        0.707106782917588,
        0.707106779455507,
        -2.20766957178472e-16,
        0.4975913583
      ],
      [
        0.0,
        0.0,
        0.0,
        1.0
      ]
    ],
    "2": [
      [
        -1.57042268455968e-16,
        1.56044660156201e-16,
        1.0,
        -8.88118599727439e-18
      ],
      [
        0.707106779455507,
        0.707106782917588,
        7.05415051767001e-19,
        0.032
      ],
      [
        -0.707106782917588,
        0.707106779455507,
        -2.2138589032426e-16,
        0.4175913583
      ],
      [
        0.0,
        0.0,
        0.0,
        1.0
      ]
    ],
    "3": [
      [
        1.57042268455968e-16,
        -1.55169878384212e-16,
        1.0,
        8.88118599727439e-18
      ],
      [
        -0.707106779455507,
        -0.707106782917588,
        1.32397917631332e-18,
        -0.032
      ],
      [
        0.707106782917588,
        -0.707106779455507,
        -2.20767326202742e-16,
        0.4975913583
      ],
      [
        0.0,
        0.0,
        0.0,
        1.0
      ]
    ]
  },
  "T_WP": {
    "0": [
      [
        -1.0,
        -1.55146163311841e-16,
        -9.58252578898869e-17,
        -1.98764142460359e-17
      ],
      [
        -4.19462149244312e-17,
        0.707106782917588,
        -0.707106779455507,
        -0.0814974745618855
      ],
      [
        1.7746359371308e-16,
        -0.707106779455507,
        -0.707106782917588,
        0.368093883495769
      ],
      [
        0.0,
        0.0,
        0.0,
        1.0
      ]
    ],
    "1": [
      [
        -1.0,
        1.55154027113721e-16,
        2.18289937804622e-16,
        1.98764142460359e-17
      ],
      [
        4.46438299394779e-17,
        -0.707106782917588,
        0.707106779455507,
        0.0814974745618855
      ],
      [
        2.64064760096243e-16,
        0.707106779455507,
        0.707106782917588,
        0.547088833104231
      ],
      [
        0.0,
        0.0,
        0.0,
        1.0
      ]
    ],
    "2": [
      [
        -1.0,
        1.56044660156201e-16,
        -9.58099284986002e-17,
        -1.98741447891921e-17
      ],
      [
        4.2592387654012e-17,
        0.707106782917588,
        0.707106779455507,
        0.0814974745618855
      ],
      [
        1.7808808740649e-16,
        0.707106779455507,
        -0.707106782917588,
        0.368093883495769
      ],
      [
        0.0,
        0.0,
        0.0,
        1.0
      ]
    ],
    "3": [
      [
        -1.0,
        -1.55169878384212e-16,
        2.18274608413336e-16,
        1.98741447891921e-17
      ],
      [
        -4.46217818820923e-17,
        -0.707106782917588,
        -0.707106779455507,
        -0.0814974745618855
      ],
      [
        2.64065129120513e-16,
        -0.707106779455507,
        0.707106782917588,
        0.547088833104231
      ],
      [
        0.0,
        0.0,
        0.0,
        1.0
      ]
    ]
  },
  "simTime": 0.0930000000000016,
  "state": [
    5.373028751985e-37,
    4.22307912777099e-21,
    0.4575913583,
    0.707106781186548,
    -5.59535298296791e-20,
    0.707106781186548,
    -6.91720011850197e-20,
    -2.3693614952111e-35,
    4.35174753909314e-20,
    -0.912013799999991,
    5.345333042745e-19,
    -3.94768105652136e-18,
    -6.53468792626038e-18,
    1.0,
    9.24931850390333e-19,
    1.75665615929909e-20,
    -1.32081008785166e-19,
    1.0,
    -9.20999949450244e-19,
    -1.75665615929906e-20,
    1.30532584943218e-19,
    1.0,
    -4.88901899597971e-19,
    2.31203372726144e-20,
    7.74893860207569e-20,
    1.0,
    9.26292785592631e-19,
    -2.31203372726141e-20,
    -1.26771741811498e-19,
    2.45833177216612e-17,
    6.1527069000466e-19,
    -7.69131458903111e-18,
    -2.48053192051918e-17,
    -6.15270690004654e-19,
    7.64801396031773e-18,
    -1.58161713175555e-17,
    8.03530187309706e-19,
    4.21888187866755e-18,
    2.46952500895769e-17,
    -8.03530187309699e-19,
    -7.49778048166847e-18
  ]
}