{
  "T_WB": [
    [
      -2.22044604925031e-16,
      4.95525203006059e-24,
      1.0,
      -8.45266556736628e-38
    ],
    [
      -2.3420077722551e-21,
      1.0,
      -4.95525203006048e-24,
      4.76641665060464e-23
    ],
    [
      -1.0,
      -2.3420077722551e-21,
      -2.22044604925031e-16,
      0.4997597383
    ],
    [
      0.0,
      0.0,
      0.0,
      1.0
    ]
  ],
  "T_WH": {
    "0": [
      [
        -1.57009283717615e-16,
        -1.56981821988523e-16,
        1.0,
        -8.88178435556932e-18
      ],
      [
        -0.707106779455507,
        0.707106782917588,
        -1.94178313329383e-20,
        -0.032
      ],
      [
        -0.707106782917588,
        -0.707106779455507,
        -2.2202524007712e-16,
        0.4597597383
      ],
      [
        0.0,
        0.0,
        0.0,
        1.0
      ]
    ],
    "1": [
      [
        1.57009283717615e-16,
        1.56977090741574e-16,
        1.0,
        8.88178435556932e-18
      ],
      [
        0.707106779455507,
        -0.707106782917588,
        -2.2763328142413e-20,
        0.032
      ],
      [
        0.707106782917588,
        0.707106779455507,
        -2.22021894580327e-16,
        0.5397597383
      ],
      [
        0.0,
        0.0,
        0.0,
        1.0
      ]
    ],
    "2": [
      [
        -1.5700928350813e-16,
        1.56986763710175e-16,
        1.0,
        -8.88178403843319e-18
      ],
      [
        0.707106779455507,
        0.707106782917588,
        1.59233583051265e-20,
        0.032
      ],
      [
        -0.707106782917588,
        0.707106779455507,
        -2.22028734253874e-16,
        0.4597597383
      ],
      [
        0.0,
        0.0,
        0.0,
        1.0
      ]
    ],
    "3": [
      [
        1.5700928350813e-16,
        -1.56981886142699e-16,
        1.0,
        8.88178403843319e-18
      ],
      [
        -0.707106779455507,
        -0.707106782917588,
        1.93723193516617e-20,
        -0.032
      ],
      [
        0.707106782917588,
        -0.707106779455507,
        -2.22025285292844e-16,
        0.5397597383
      ],
      [
        0.0,
        0.0,
        0.0,
        1.0
      ]
    ]
  },
  "T_WP": {
    "0": [
      [
        -1.0,
        -1.56981821988523e-16,
        -9.57769437602475e-17,
        -1.98724342158024e-17
      ],
      [
        -4.32783848744461e-17,
        0.707106782917588,
        -0.707106779455507,
        -0.0814974745618855
      ],
      [
        1.7872743715935e-16,
        -0.707106779455507,
        -0.707106782917588,
        0.410262263495769
      ],
      [
        0.0,
        0.0,
        0.0,
        1.0
      ]
    ],
    "1": [
      [
        -1.0,
        1.56977090741574e-16,
        2.18241623674983e-16,
        1.98724342158024e-17
      ],
      [
        4.33205660339214e-17,
        -0.707106782917588,
        0.707106779455507,
        0.0814974745618855
      ],
      [
        2.65319697498097e-16,
        0.707106779455507,
        0.707106782917588,
        0.589257213104231
      ],
      [
        0.0,
        0.0,
        0.0,
        1.0
      ]
    ],
    "2": [
      [
        -1.0,
        1.56986763710175e-16,
        -9.57769435507624e-17,
        -1.98724338840023e-17
      ],
      [
        4.32818793474739e-17,
        0.707106782917588,
        0.707106779455507,
        0.0814974745618855
      ],
      [
        1.78730931336104e-16,
        0.707106779455507,
        -0.707106782917588,
        0.410262263495769
      ],
      [
        0.0,
        0.0,
        0.0,
        1.0
      ]
    ],
    "3": [
      [
        -1.0,
        -1.56981886142699e-16,
        2.18241623465498e-16,
        1.98724338840023e-17
      ],
      [
        -4.33171750251307e-17,
        -0.707106782917588,
        -0.707106779455507,
        -0.0814974745618855
      ],
      [
        2.65323088210615e-16,
        -0.707106779455507,
        0.707106782917588,
        0.589257213104231
      ],
      [
        0.0,
        0.0,
        0.0,
        1.0
      ]
    ]
  },
  "simTime": 0.00700000000000001,
  "state": [
    -8.45266556736628e-38,
    4.76641665060464e-23,
    0.4997597383,
    0.707106781186548,
    -8.26272842520118e-22,
    0.707106781186548,
    -8.29776734833063e-22,
    -2.25063065112134e-35,
    1.1399771566901e-20,
    -0.0686462,
    2.63318067701274e-21,
    -2.86857365089877e-20,
    -6.19316402388874e-19,
    1.0,
    1.37099957969851e-20,
    1.69804886378996e-23,
    -3.29319943255254e-23,
    1.0,
    -1.60756192716114e-20,
    -1.69804886378994e-23,
    3.43262589603217e-23,
    1.0,
    -1.12426388632839e-20,
    2.03796383744148e-23,
    2.64015844382447e-23,
    1.0,
    1.36814226013668e-20,
    -2.03796383744125e-23,
    -2.96431466280339e-23,
    7.88345866869808e-18,
    1.77140900661938e-20,
    -3.51851696396189e-20,
    -8.68651401315574e-18,
    -1.77140900661935e-20,
    3.72167493672871e-20,
    -6.37472077623093e-18,
    2.12587181169627e-20,
    2.8577958536879e-20,
    7.869790049991e-18,
    -2.12587181169613e-20,
    -3.17564322195286e-20
  ]
}