{
  "T_WB": [
    [
      0.0671875516682634,
      -0.343590867137232,
      0.936712949051474,
      -0.0633311012714752
    ],
    [
      -0.303237985862317,
      0.887391790719075,
      0.347249958523481,
      0.00413185613473601
    ],
    [
      -0.950543295610984,
      -0.307377822531619,
      -0.0445681207224504,
      0.83995950551369
    ],
    [
      0.0,
      0.0,
      0.0,
      1.0
    ]
  ],
  "T_WH": {
    "0": [
      [
        -0.0772046830877172,
        -0.327783326149402,
        0.941593079842752,
        0.013682409815122
      ],
      [
        -0.51951390522754,
        0.819295076058433,
        0.242612614308568,
        -0.0405260567375031
      ],
      [
        -0.850966943649726,
        -0.47043986804356,
        -0.233541412538767,
        -0.0281856415034276
      ],
      [
        0.0,
        0.0,
        0.0,
        1.0
      ]
    ],
    "1": [
      [
        -0.356398593084719,
        0.327481984476736,
        0.875063193541136,
        -0.013682409815122
      ],
      [
        0.860733720944062,
        -0.249270239300712,
        0.443848858766985,
        0.0405260567375031
      ],
      [
        0.363479716733991,
        0.911383507444668,
        -0.193035224456141,
        0.0281856415034276
      ],
      [
        0.0,
        0.0,
        0.0,
        1.0
      ]
    ],
    "2": [
      [
        -0.215852220071095,
        -0.425483100636254,
        0.878846943536438,
        -0.00830740568166088
      ],
      [
        -0.291715732479163,
        0.887058779616473,
        0.357810917845557,
        0.0162670178685177
      ],
      [
        -0.931831395969531,
        -0.179139198888166,
        -0.315593721273382,
        -0.0478578221454511
      ],
      [
        0.0,
        0.0,
        0.0,
        1.0
      ]
    ],
    "3": [
      [
        0.156825780983854,
        0.0461665791583493,
        0.986546664576806,
        0.00830740568166088
      ],
      [
        -0.522982353975751,
        -0.843479073845133,
        0.122607134438988,
        -0.0162670178685177
      ],
      [
        0.837791818919705,
        -0.53517445655989,
        -0.10813495825606,
        0.0478578221454511
      ],
      [
        0.0,
        0.0,
        0.0,
        1.0
      ]
    ]
  },
  "T_WP": {
    "0": [
      [
        -0.941593079842752,
        -0.327783326149402,
        -0.0772046830877172,
        0.00827808199898175
      ],
      [
        -0.242612614308568,
        0.819295076058433,
        -0.51951390522754,
        -0.0768920301034309
      ],
      [
        0.233541412538767,
        -0.47043986804356,
        -0.850966943649726,
        -0.0877533275589084
      ],
      [
        0.0,
        0.0,
        0.0,
        1.0
      ]
    ],
    "1": [
      [
        -0.875063193541136,
        0.327481984476736,
        -0.356398593084719,
        -0.0386303113310523
      ],
      [
        -0.443848858766985,
        -0.249270239300712,
        0.860733720944062,
        0.100777417203587
      ],
      [
        0.193035224456141,
        0.911383507444668,
        0.363479716733991,
        0.0536292216748069
      ],
      [
        0.0,
        0.0,
        0.0,
        1.0
      ]
    ],
    "2": [
      [
        -0.878846943536438,
        -0.425483100636254,
        -0.215852220071095,
        -0.0234170610866375
      ],
      [
        -0.357810917845557,
        0.887058779616473,
        -0.291715732479163,
        -0.00415308340502367
      ],
      [
        0.315593721273382,
        -0.179139198888166,
        -0.931831395969531,
        -0.113086019863318
      ],
      [
        0.0,
        0.0,
        0.0,
        1.0
      ]
    ],
    "3": [
      [
        -0.986546664576806,
        0.0461665791583493,
        0.156825780983854,
        0.0192852103505307
      ],
      [
        -0.122607134438988,
        -0.843479073845133,
        -0.522982353975751,
        -0.0528757826468203
      ],
      [
        0.10813495825606,
        -0.53517445655989,
        0.837791818919705,
        0.10650324946983
      ],
      [
        0.0,
        0.0,
        0.0,
        1.0
      ]
    ]
  }
}