{
  "T_WB": [
    [
      0.999484446327214,
      -0.0023536651992792,
      -0.0320203343222969,
      -0.0788901488747656
    ],
    [
      0.00241212884166057,
      0.999995493546034,
      0.00178732259962195,
      2.99989648684659e-05
    ],
    [
      0.0320159832651317,
      -0.00186363831082968,
      0.999485619540278,
      0.280076980278585
    ],
    [
      0.0,
      0.0,
      0.0,
      1.0
    ]
  ],
  "T_WH": {
    "0": [
      [
        -0.112124950443424,
        0.931921291803222,
        -0.344892304019492,
        -0.0388354537353001
      ],
      [
        -0.817659842443753,
        -0.283758858212511,
        -0.500912459857797,
        -0.0318733716749382
      ],
      [
        -0.564677233065861,
        0.225839802226592,
        0.793811064540762,
        0.281417256035137
      ],
      [
        0.0,
        0.0,
        0.0,
        1.0
      ]
    ],
    "1": [
      [
        -0.646121611021683,
        -0.763103643491434,
        0.0141312795189651,
        -0.118944844014231
      ],
      [
        0.762465026040288,
        -0.644528413733425,
        0.0568349184538828,
        0.0319333696046751
      ],
      [
        -0.0342629221773143,
        0.0474968754801191,
        0.998283576436825,
        0.278736704522034
      ],
      [
        0.0,
        0.0,
        0.0,
        1.0
      ]
    ],
    "2": [
      [
        -0.115867322106974,
        -0.930425949023872,
        -0.347681344122438,
        -0.038986088308054
      ],
      [
        0.814545142753302,
        -0.289322924986448,
        0.502800612066343,
        0.032126339912008
      ],
      [
        -0.568410920096335,
        -0.224943989606997,
        0.791397010011363,
        0.281297983183244
      ],
      [
        0.0,
        0.0,
        0.0,
        1.0
      ]
    ],
    "3": [
      [
        -0.642634409644129,
        0.766031268781386,
        0.0147346798581618,
        -0.118794209441477
      ],
      [
        -0.765523922291712,
        -0.641179840530713,
        -0.0534933313238516,
        -0.032066341982271
      ],
      [
        -0.0315299847836257,
        -0.0456564053139339,
        0.998459489770794,
        0.278855977373927
      ],
      [
        0.0,
        0.0,
        0.0,
        1.0
      ]
    ]
  },
  "T_WP": {
    "0": [
      [
        0.344892304019492,
        0.931921291803222,
        -0.112124950443424,
        -0.0466842002663398
      ],
      [
        0.500912459857797,
        -0.283758858212511,
        -0.817659842443753,
        -0.0891095606460009
      ],
      [
        -0.793811064540762,
        0.225839802226592,
        -0.564677233065861,
        0.241889849720527
      ],
      [
        0.0,
        0.0,
        0.0,
        1.0
      ]
    ],
    "1": [
      [
        -0.0141312795189652,
        -0.763103643491434,
        -0.646121611021683,
        -0.164173356785749
      ],
      [
        -0.0568349184538828,
        -0.644528413733425,
        0.762465026040288,
        0.0853059214274953
      ],
      [
        -0.998283576436825,
        0.0474968754801191,
        -0.0342629221773142,
        0.276338299969622
      ],
      [
        0.0,
        0.0,
        0.0,
        1.0
      ]
    ],
    "2": [
      [
        0.347681344122438,
        -0.930425949023872,
        -0.115867322106974,
        -0.0470968008555422
      ],
      [
        -0.502800612066343,
        -0.289322924986448,
        0.814545142753302,
        0.0891444999047391
      ],
      [
        -0.791397010011363,
        -0.224943989606997,
        -0.568410920096335,
        0.241509218776501
      ],
      [
        0.0,
        0.0,
        0.0,
        1.0
      ]
    ],
    "3": [
      [
        -0.0147346798581619,
        0.766031268781386,
        -0.642634409644129,
        -0.163778618116566
      ],
      [
        0.0534933313238515,
        -0.641179840530713,
        -0.765523922291712,
        -0.0856530165426909
      ],
      [
        -0.998459489770794,
        -0.0456564053139339,
        -0.0315299847836257,
        0.276648878439073
      ],
      [
        0.0,
        0.0,
        0.0,
        1.0
      ]
    ]
  },
  "simTime": 0.623999999999948,
  "state": [
    -0.0788901488747656,
    2.99989648684659e-05,
    0.280076980278585,
    0.999870686565709,
    -0.000912858272451139,
    -0.0160111498536317,
    0.00119160260045952,
    -0.325793389720505,
    -0.00023058926525593,
    -1.24217149286423,
    -0.0118089393667643,
    -3.01634371805097,
    0.000339237603999121,
    0.828874269407737,
    0.234257052999818,
    0.208202122802909,
    -0.463403662797343,
    0.998458885437582,
    0.0356270046721164,
    0.00459674693347277,
    -0.0423017794716007,
    0.828701532782345,
    -0.234574199578051,
    0.208480717522781,
    0.463426914278504,
    0.998451704644508,
    -0.0359054242606547,
    0.00464319464849176,
    0.0422307322289666,
    -4.70136286543929,
    -2.40861005950032,
    -2.73126248834169,
    -0.378483262811608,
    0.134940853674346,
    -0.52867266165244,
    4.70326149784219,
    -2.41102210349296,
    2.73344136626292,
    0.377026049814566,
    0.134562136666871,
    0.531393526677683
  ]
}