{
  "T_WB": [
    [
      0.870042633085523,
      -0.00185534748857871,
      0.492972995507164,
      -0.0363603766134939
    ],
    [
      0.00147350511931843,
      0.999998238095012,
      0.00116300882803138,
      4.04031602550805e-05
    ],
    [
      -0.492974284721093,
      -0.000285469030476579,
      0.870043834017091,
      0.353815828251082
    ],
    [
      0.0,
      0.0,
      0.0,
      1.0
    ]
  ],
  "T_WH": {
    "0": [
      [
        0.260575894136696,
        0.890172497846589,
        -0.373755438050641,
        -0.0014993001704385
      ],
      [
        -0.784461462656328,
        -0.0304474424785012,
        -0.619429710987141,
        -0.0319006002540126
      ],
      [
        -0.562779190270888,
        0.454605188404272,
        0.690372150129161,
        0.334105991871214
      ],
      [
        0.0,
        0.0,
        0.0,
        1.0
      ]
    ],
    "1": [
      [
        -0.602316901948308,
        -0.56287083972813,
        0.566030712427464,
        -0.0712214530565494
      ],
      [
        0.706593067915733,
        -0.705853011193253,
        0.0499776246219234,
        0.0319814065745227
      ],
      [
        0.371403535256228,
        0.430055745657662,
        0.822867832416609,
        0.373525664630951
      ],
      [
        0.0,
        0.0,
        0.0,
        1.0
      ]
    ],
    "2": [
      [
        0.258052074911872,
        -0.889642898385172,
        -0.376755411356636,
        -0.00161804240970754
      ],
      [
        0.784800042233571,
        -0.034411911685465,
        0.618792949252281,
        0.0320992869840682
      ],
      [
        -0.563469626815734,
        -0.455358467239803,
        0.689311719013361,
        0.334087721853263
      ],
      [
        0.0,
        0.0,
        0.0,
        1.0
      ]
    ],
    "3": [
      [
        -0.599999849286169,
        0.565138024013459,
        0.566232456391134,
        -0.0711027108172804
      ],
      [
        -0.708336847700613,
        -0.704262582236991,
        -0.047677305402518,
        -0.0320184806635581
      ],
      [
        0.371832073718949,
        -0.429689689281752,
        0.822865529645529,
        0.373543934648901
      ],
      [
        0.0,
        0.0,
        0.0,
        1.0
      ]
    ]
  },
  "T_WP": {
    "0": [
      [
        0.373755438050641,
        0.890172497846589,
        0.260575894136696,
        0.0167410124191302
      ],
      [
        0.619429710987141,
        -0.0304474424785012,
        -0.784461462656328,
        -0.0868129026399555
      ],
      [
        -0.690372150129161,
        0.454605188404272,
        -0.562779190270888,
        0.294711448552252
      ],
      [
        0.0,
        0.0,
        0.0,
        1.0
      ]
    ],
    "1": [
      [
        -0.566030712427464,
        -0.56287083972813,
        -0.602316901948308,
        -0.113383636192931
      ],
      [
        -0.0499776246219233,
        -0.705853011193253,
        0.706593067915733,
        0.0814429213286241
      ],
      [
        -0.822867832416609,
        0.430055745657662,
        0.371403535256228,
        0.399523912098887
      ],
      [
        0.0,
        0.0,
        0.0,
        1.0
      ]
    ],
    "2": [
      [
        0.376755411356636,
        -0.889642898385172,
        0.258052074911872,
        0.0164456028341235
      ],
      [
        -0.618792949252281,
        -0.034411911685465,
        0.784800042233571,
        0.0870352899404182
      ],
      [
        -0.689311719013361,
        -0.455358467239803,
        -0.563469626815734,
        0.294644847976162
      ],
      [
        0.0,
        0.0,
        0.0,
        1.0
      ]
    ],
    "3": [
      [
        -0.566232456391134,
        0.565138024013459,
        -0.599999849286169,
        -0.113102700267312
      ],
      [
        0.047677305402518,
        -0.704262582236991,
        -0.708336847700613,
        -0.081602060002601
      ],
      [
        -0.822865529645529,
        -0.429689689281752,
        0.371832073718949,
        0.399572179809228
      ],
      [
        0.0,
        0.0,
        0.0,
        1.0
      ]
    ]
  },
  "simTime": 0.478499999999964,
  "state": [
    -0.0363603766134939,
    4.04031602550805e-05,
    0.353815828251082,
    0.966964930232429,
    -0.000374490794138673,
    0.254907714179268,
    0.000860644606598345,
    -0.251882981359368,
    9.98570715994463e-05,
    0.223743176280983,
    -0.011087873657858,
    -4.49401758557328,
    0.00200941733896591,
    0.820462165338104,
    0.531167558502363,
    0.100099343897497,
    -0.186233674169414,
    0.998755985587474,
    0.047994421692047,
    -0.0135278766765578,
    0.00011529208184729,
    0.820209598839016,
    -0.531608926204487,
    0.100157551795754,
    0.186055444344778,
    0.998751908549145,
    -0.0480992690700593,
    -0.0134532390730696,
    -0.0003095848980492,
    -1.44675449047657,
    -1.21342794439308,
    -5.59534854927617,
    0.0266609831994989,
    0.30207779126975,
    -0.598776158896687,
    1.44542563940051,
    -1.21299280699942,
    5.60061436531041,
    -0.0298720219493871,
    0.30139797916351,
    0.599356747358852
  ]
}