{
  "T_WB": [
    [
      0.666506497155854,
      -0.00125801517473564,
      0.745498160055982,
      -0.0206690222219242
    ],
    [
      0.000959230448376199,
      0.999999195580147,
      0.000829889153052155,
      2.85445893094459e-05
    ],
    [
      -0.745498604375609,
      0.000161978021905701,
      0.666507167731255,
      0.315691648991324
    ],
    [
      0.0,
      0.0,
      0.0,
      1.0
    ]
  ],
  "T_WH": {
    "0": [
      [
        0.440868841365997,
        0.883903550850815,
        -0.156042229880006,
        0.00603149414990147
      ],
      [
        -0.715680207862638,
        0.241253883863386,
        -0.655437566511505,
        -0.0319330604513202
      ],
      [
        -0.541697798395282,
        0.400638336051549,
        0.738953597257332,
        0.285866521519598
      ],
      [
        0.0,
        0.0,
        0.0,
        1.0
      ]
    ],
    "1": [
      [
        -0.44762892759042,
        -0.385075960028365,
        0.807059383312333,
        -0.0473695385937499
      ],
      [
        0.680297339499234,
        -0.732406357978574,
        0.0278649719688315,
        0.0319901496299391
      ],
      [
        0.580365292772159,
        0.561513518805018,
        0.589812423694765,
        0.345516776463049
      ],
      [
        0.0,
        0.0,
        0.0,
        1.0
      ]
    ],
    "2": [
      [
        0.439594912714112,
        -0.884108902014135,
        -0.158454290239276,
        0.00595098117871838
      ],
      [
        0.716802598282596,
        0.239008928907633,
        0.655033409069908,
        0.0320668880658092
      ],
      [
        -0.541248877884463,
        -0.401529801237451,
        0.73879866736955,
        0.285876888113
      ],
      [
        0.0,
        0.0,
        0.0,
        1.0
      ]
    ],
    "3": [
      [
        -0.446234823925755,
        0.386745434027678,
        0.807033116529113,
        -0.0472890256225668
      ],
      [
        -0.681327562649518,
        -0.73151052296111,
        -0.0261745519776346,
        -0.0320097988871903
      ],
      [
        0.580230328654076,
        -0.561533902855301,
        0.589925793345296,
        0.345506409869647
      ],
      [
        0.0,
        0.0,
        0.0,
        1.0
      ]
    ]
  },
  "T_WP": {
    "0": [
      [
        0.156042229880006,
        0.883903550850815,
        0.440868841365997,
        0.0368923130455213
      ],
      [
        0.655437566511505,
        0.241253883863386,
        -0.715680207862638,
        -0.0820306750017048
      ],
      [
        -0.738953597257332,
        0.400638336051549,
        -0.541697798395282,
        0.247947675631929
      ],
      [
        0.0,
        0.0,
        0.0,
        1.0
      ]
    ],
    "1": [
      [
        -0.807059383312333,
        -0.385075960028365,
        -0.44762892759042,
        -0.0787035635250793
      ],
      [
        -0.0278649719688315,
        -0.732406357978574,
        0.680297339499234,
        0.0796109633948855
      ],
      [
        -0.589812423694765,
        0.561513518805018,
        0.580365292772159,
        0.3861423469571
      ],
      [
        0.0,
        0.0,
        0.0,
        1.0
      ]
    ],
    "2": [
      [
        0.158454290239276,
        -0.884108902014135,
        0.439594912714112,
        0.0367226250687063
      ],
      [
        -0.655033409069908,
        0.239008928907633,
        0.716802598282596,
        0.0822430699455909
      ],
      [
        -0.73879866736955,
        -0.401529801237451,
        -0.541248877884463,
        0.247989466661088
      ],
      [
        0.0,
        0.0,
        0.0,
        1.0
      ]
    ],
    "3": [
      [
        -0.807033116529113,
        0.386745434027678,
        -0.446234823925755,
        -0.0785254632973697
      ],
      [
        0.0261745519776346,
        -0.73151052296111,
        -0.681327562649518,
        -0.0797027282726566
      ],
      [
        -0.589925793345296,
        -0.561533902855301,
        0.580230328654076,
        0.386122532875433
      ],
      [
        0.0,
        0.0,
        0.0,
        1.0
      ]
    ]
  },
  "simTime": 0.410499999999971,
  "state": [
    -0.0206690222219242,
    2.85445893094459e-05,
    0.315691648991324,
    0.912827045566034,
    -0.000182923789996902,
    0.408345910562674,
    0.000607246913279435,
    -0.209759891182728,
    0.000241696327640228,
    0.895861662401426,
    -0.0103244854163878,
    -5.06494422428527,
    0.00363894612325898,
    0.829217033502165,
    0.558641655897904,
    0.00985563777783991,
    -0.0148821386066721,
    0.998524910915308,
    0.0438360859770135,
    -0.0260593262545324,
    0.0186362915557647,
    0.82897604983555,
    -0.559008574820001,
    0.00969525524682004,
    0.0146329799582358,
    0.998524071281691,
    -0.0438312352339491,
    -0.0259604934623664,
    -0.0188296220910922,
    0.465342324274748,
    -0.109708369930427,
    -5.63814314081548,
    0.199610864839868,
    0.376150839315282,
    -0.516851190911111,
    -0.468205732320546,
    -0.106563041681688,
    5.6425233885366,
    -0.202963883896885,
    0.375252671673462,
    0.51629424689486
  ]
}