{
  "T_WB": [
    [
      0.801451496259582,
      -0.00697432233001166,
      0.598019111710749,
      -0.0198636721534222
    ],
    [
      -0.0012700224026452,
      0.999909899529975,
      0.0133633777561279,
      -0.000115112462950937
    ],
    [
      -0.598058430411589,
      -0.0114695967668134,
      0.801370427557464,
      0.149719045373673
    ],
    [
      0.0,
      0.0,
      0.0,
      1.0
    ]
  ],
  "T_WH": {
    "0": [
      [
        0.413956165959878,
        0.47592572771585,
        0.775973578391646,
        0.0322812381649437
      ],
      [
        -0.845777825317932,
        0.516294121283024,
        0.134537171551433,
        -0.032047917681065
      ],
      [
        -0.336600895519111,
        -0.711993737350778,
        0.616250561954311,
        -0.0235553101199255
      ],
      [
        0.0,
        0.0,
        0.0,
        1.0
      ]
    ],
    "1": [
      [
        -0.675998200832143,
        -0.436686783178469,
        0.593574835946527,
        -0.0322812381649437
      ],
      [
        0.580449209428817,
        -0.811791396169821,
        0.0638235409399587,
        0.032047917681065
      ],
      [
        0.453988048020174,
        0.38768464310815,
        0.802244021325768,
        0.0235553101199255
      ],
      [
        0.0,
        0.0,
        0.0,
        1.0
      ]
    ],
    "2": [
      [
        0.404037140689632,
        -0.482232398821387,
        0.77730682646579,
        0.0318348815358229
      ],
      [
        0.84223027953053,
        0.527690943633774,
        -0.110410254273878,
        0.0319463158888534
      ],
      [
        -0.356934370977735,
        0.699281189174904,
        0.619357468091619,
        -0.0242893643130016
      ],
      [
        0.0,
        0.0,
        0.0,
        1.0
      ]
    ],
    "3": [
      [
        -0.665563960628343,
        0.448927808960565,
        0.596228510434195,
        -0.0318348815358229
      ],
      [
        -0.582582792455258,
        -0.81183197200727,
        -0.0390658311292767,
        -0.0319463158888534
      ],
      [
        0.46649962941866,
        -0.373353279841832,
        0.801863719208944,
        0.0242893643130016
      ],
      [
        0.0,
        0.0,
        0.0,
        1.0
      ]
    ]
  },
  "T_WP": {
    "0": [
      [
        -0.775973578391646,
        0.47592572771585,
        0.413956165959878,
        0.0612581697821352
      ],
      [
        -0.134537171551433,
        0.516294121283024,
        -0.845777825317932,
        -0.0912523654533202
      ],
      [
        -0.616250561954311,
        -0.711993737350778,
        -0.336600895519111,
        -0.0471173728062633
      ],
      [
        0.0,
        0.0,
        0.0,
        1.0
      ]
    ],
    "1": [
      [
        -0.593574835946527,
        -0.436686783178469,
        -0.675998200832143,
        -0.0796011122231937
      ],
      [
        -0.0638235409399586,
        -0.811791396169821,
        0.580449209428817,
        0.0726793623410822
      ],
      [
        -0.802244021325768,
        0.38768464310815,
        0.453988048020174,
        0.0553344734813377
      ],
      [
        0.0,
        0.0,
        0.0,
        1.0
      ]
    ],
    "2": [
      [
        -0.77730682646579,
        -0.482232398821387,
        0.404037140689632,
        0.0601174813840972
      ],
      [
        0.110410254273878,
        0.527690943633774,
        0.84223027953053,
        0.0909024354559905
      ],
      [
        -0.619357468091619,
        0.699281189174904,
        -0.356934370977735,
        -0.049274770281443
      ],
      [
        0.0,
        0.0,
        0.0,
        1.0
      ]
    ],
    "3": [
      [
        -0.596228510434195,
        0.448927808960565,
        -0.665563960628343,
        -0.078424358779807
      ],
      [
        0.0390658311292767,
        -0.81183197200727,
        -0.582582792455258,
        -0.0727271113607214
      ],
      [
        -0.801863719208944,
        -0.373353279841832,
        0.46649962941866,
        0.0569443383723078
      ],
      [
        0.0,
        0.0,
        0.0,
        1.0
      ]
    ]
  }
}