{
  "arms": {
    "0": [
      [
        -1.0,
        -3.45444520436435e-17,
        -5.74294360113275e-17,
        -8.88178896156158e-18
      ],
      [
        1.61821260515688e-17,
        0.70710676908493,
        -0.70710676908493,
        -0.0320000015199184
      ],
      [
        6.50353617437526e-17,
        -0.70710676908493,
        -0.70710676908493,
        0.342958241701126
      ],
      [
        0.0,
        0.0,
        0.0,
        1.0
      ]
    ],
    "1": [
      [
        -1.0,
        -1.58419592743127e-16,
        3.79064872769514e-16,
        8.88177903539423e-18
      ],
      [
        -1.56019776349988e-16,
        -0.70710676908493,
        -0.70710676908493,
        -0.0320000015199184
      ],
      [
        3.80058918872676e-16,
        -0.70710676908493,
        0.70710676908493,
        0.422958225011826
      ],
      [
        0.0,
        0.0,
        0.0,
        1.0
      ]
    ],
    "2": [
      [
        -1.0,
        1.55613637286669e-16,
        3.79042770503547e-16,
        8.88178896156158e-18
      ],
      [
        1.57988254449627e-16,
        -0.70710676908493,
        0.70710676908493,
        0.0320000015199184
      ],
      [
        3.78059179963327e-16,
        0.70710676908493,
        0.70710676908493,
        0.422958225011826
      ],
      [
        0.0,
        0.0,
        0.0,
        1.0
      ]
    ],
    "3": [
      [
        -1.0,
        2.79474047553804e-16,
        1.87500152881388e-16,
        -8.88177903539423e-18
      ],
      [
        3.30200627303377e-16,
        0.70710676908493,
        0.70710676908493,
        0.0320000015199184
      ],
      [
        6.50353617437526e-17,
        0.70710676908493,
        -0.70710676908493,
        0.342958241701126
      ],
      [
        0.0,
        0.0,
        0.0,
        1.0
      ]
    ]
  },
  "arms_in_parent_frame": {
    "0": [
      [
        2.22044604925031e-16,
        1.26880514983441e-08,
        0.999999940395355,
        0.0
      ],
      [
        -4.91409067993851e-25,
        0.999999940395355,
        1.26880514983441e-08,
        0.0
      ],
      [
        -1.0,
        0.0,
        2.22044604925031e-16,
        0.0
      ],
      [
        0.0,
        0.0,
        0.0,
        1.0
      ]
    ],
    "1": [
      [
        2.22044604925031e-16,
        -1.26880514983441e-08,
        0.999999940395355,
        -2.98023223876953e-08
      ],
      [
        -1.46645392639369e-23,
        0.999999940395355,
        -1.26880514983441e-08,
        0.0
      ],
      [
        -1.0,
        -4.12869918497866e-24,
        2.22044591690142e-16,
        0.0
      ],
      [
        0.0,
        0.0,
        0.0,
        1.0
      ]
    ],
    "2": [
      [
        2.22044604925031e-16,
        1.26880514983441e-08,
        0.999999940395355,
        -2.98023223876953e-08
      ],
      [
        1.37165872022381e-24,
        0.999999940395355,
        1.26880514983441e-08,
        0.0
      ],
      [
        -1.0,
        4.18668992784327e-24,
        2.22044604925031e-16,
        6.61744490042422e-24
      ],
      [
        0.0,
        0.0,
        0.0,
        1.0
      ]
    ],
    "3": [
      [
        2.22044604925031e-16,
        -1.26880514983441e-08,
        0.999999940395355,
        0.0
      ],
      [
        -2.81731338221826e-24,
        0.999999940395355,
        -1.26880514983441e-08,
        0.0
      ],
      [
        -1.0,
        1.32348898008484e-23,
        2.22044604925031e-16,
        -6.61744490042422e-24
      ],
      [
        0.0,
        0.0,
        0.0,
        1.0
      ]
    ]
  },
  "arms_link_world": {
    "0": [
      [
        -1.0,
        -3.45444520436435e-17,
        -5.74294360113275e-17,
        -8.88178896156158e-18
      ],
      [
        1.61821260515688e-17,
        0.70710676908493,
        -0.70710676908493,
        -0.0320000015199184
      ],
      [
        6.50353617437526e-17,
        -0.70710676908493,
        -0.70710676908493,
        0.342958241701126
      ],
      [
        0.0,
        0.0,
        0.0,
        1.0
      ]
    ],
    "1": [
      [
        -1.0,
        -1.58419592743127e-16,
        3.79064872769514e-16,
        8.88177903539423e-18
      ],
      [
        -1.56019776349988e-16,
        -0.70710676908493,
        -0.70710676908493,
        -0.0320000015199184
      ],
      [
        3.80058918872676e-16,
        -0.70710676908493,
        0.70710676908493,
        0.422958225011826
      ],
      [
        0.0,
        0.0,
        0.0,
        1.0
      ]
    ],
    "2": [
      [
        -1.0,
        1.55613637286669e-16,
        3.79042770503547e-16,
        8.88178896156158e-18
      ],
      [
        1.57988254449627e-16,
        -0.70710676908493,
        0.70710676908493,
        0.0320000015199184
      ],
      [
        3.78059179963327e-16,
        0.70710676908493,
        0.70710676908493,
        0.422958225011826
      ],
      [
        0.0,
        0.0,
        0.0,
        1.0
      ]
    ],
    "3": [
      [
        -1.0,
        2.79474047553804e-16,
        1.87500152881388e-16,
        -8.88177903539423e-18
      ],
      [
        3.30200627303377e-16,
        0.70710676908493,
        0.70710676908493,
        0.0320000015199184
      ],
      [
        6.50353617437526e-17,
        0.70710676908493,
        -0.70710676908493,
        0.342958241701126
      ],
      [
        0.0,
        0.0,
        0.0,
        1.0
      ]
    ]
  },
  "arms_relative_to_base": {
    "0": [
      [
        1.57009243181279e-16,
        0.70710676908493,
        0.70710676908493,
        0.0399999916553497
      ],
      [
        1.61819655785299e-17,
        0.70710676908493,
        -0.70710676908493,
        -0.0320000015199184
      ],
      [
        -1.0,
        1.22464685258517e-16,
        9.95799196665145e-17,
        0.0
      ],
      [
        0.0,
        0.0,
        0.0,
        1.0
      ]
    ],
    "1": [
      [
        -1.58014313947645e-16,
        0.70710676908493,
        -0.70710676908493,
        -0.0399999916553497
      ],
      [
        -1.56019935168665e-16,
        -0.70710676908493,
        -0.70710676908493,
        -0.0320000015199184
      ],
      [
        -1.0,
        -1.4102304478396e-18,
        2.22055722232464e-16,
        0.0
      ],
      [
        0.0,
        0.0,
        0.0,
        1.0
      ]
    ],
    "2": [
      [
        -1.56014575038296e-16,
        -0.70710676908493,
        -0.70710676908493,
        -0.0399999916553497
      ],
      [
        1.57988095630949e-16,
        -0.70710676908493,
        0.70710676908493,
        0.0320000015199184
      ],
      [
        -1.0,
        -1.39548678060146e-18,
        2.2203342144315e-16,
        0.0
      ],
      [
        0.0,
        0.0,
        0.0,
        1.0
      ]
    ],
    "3": [
      [
        1.57009243181279e-16,
        -0.70710676908493,
        0.70710676908493,
        0.0399999916553497
      ],
      [
        3.302004684847e-16,
        0.70710676908493,
        0.70710676908493,
        0.0320000015199184
      ],
      [
        -1.0,
        1.22464698493407e-16,
        3.44509263713768e-16,
        0.0
      ],
      [
        0.0,
        0.0,
        0.0,
        1.0
      ]
    ]
  },
  "arms_view_frame": {
    "0": [
      [
        -0.999999940395355,
        -3.45444487349211e-17,
        -5.74294293938826e-17,
        -8.88178813438097e-18
      ],
      [
        6.50353617437526e-17,
        -0.707106828689575,
        -0.707106709480286,
        0.342958241701126
      ],
      [
        -1.61821293602912e-17,
        -0.707106709480286,
        0.707106828689575,
        0.0319999866187572
      ],
      [
        0.0,
        0.0,
        0.0,
        1.0
      ]
    ],
    "1": [
      [
        -0.999999940395355,
        -1.58419579508237e-16,
        3.79064846299735e-16,
        8.88177820821362e-18
      ],
      [
        3.80058918872676e-16,
        -0.707106709480286,
        0.707106828689575,
        0.422958225011826
      ],
      [
        1.56019763115098e-16,
        0.707106828689575,
        0.707106709480286,
        0.0319999828934669
      ],
      [
        0.0,
        0.0,
        0.0,
        1.0
      ]
    ],
    "2": [
      [
        -0.999999940395355,
        1.55613624051779e-16,
        3.79042744033767e-16,
        8.88178813438097e-18
      ],
      [
        3.78059179963327e-16,
        0.707106828689575,
        0.707106709480286,
        0.422958225011826
      ],
      [
        -1.57988267684517e-16,
        0.707106709480286,
        -0.707106828689575,
        -0.0320000201463699
      ],
      [
        0.0,
        0.0,
        0.0,
        1.0
      ]
    ],
    "3": [
      [
        -0.999999940395355,
        2.79474021084024e-16,
        1.87500139646498e-16,
        -8.88177820821362e-18
      ],
      [
        6.50353485088628e-17,
        0.707106709480286,
        -0.707106828689575,
        0.342958241701126
      ],
      [
        -3.30200627303377e-16,
        -0.707106828689575,
        -0.707106709480286,
        -0.0320000164210796
      ],
      [
        0.0,
        0.0,
        0.0,
        1.0
      ]
    ]
  },
  "arms_visual_world": {
    "0": [
      [
        -1.0,
        -3.45444520436435e-17,
        -5.74294360113275e-17,
        -8.88178896156158e-18
      ],
      [
        1.61821260515688e-17,
        0.70710676908493,
        -0.70710676908493,
        -0.0320000015199184
      ],
      [
        6.50353617437526e-17,
        -0.70710676908493,
        -0.70710676908493,
        0.342958241701126
      ],
      [
        0.0,
        0.0,
        0.0,
        1.0
      ]
    ],
    "1": [
      [
        -1.0,
        -1.58419592743127e-16,
        3.79064872769514e-16,
        8.88177903539423e-18
      ],
      [
        -1.56019776349988e-16,
        -0.70710676908493,
        -0.70710676908493,
        -0.0320000015199184
      ],
      [
        3.80058918872676e-16,
        -0.70710676908493,
        0.70710676908493,
        0.422958225011826
      ],
      [
        0.0,
        0.0,
        0.0,
        1.0
      ]
    ],
    "2": [
      [
        -1.0,
        1.55613637286669e-16,
        3.79042770503547e-16,
        8.88178896156158e-18
      ],
      [
        1.57988254449627e-16,
        -0.70710676908493,
        0.70710676908493,
        0.0320000015199184
      ],
      [
        3.78059179963327e-16,
        0.70710676908493,
        0.70710676908493,
        0.422958225011826
      ],
      [
        0.0,
        0.0,
        0.0,
        1.0
      ]
    ],
    "3": [
      [
        -1.0,
        2.79474047553804e-16,
        1.87500152881388e-16,
        -8.88177903539423e-18
      ],
      [
        3.30200627303377e-16,
        0.70710676908493,
        0.70710676908493,
        0.0320000015199184
      ],
      [
        6.50353617437526e-17,
        0.70710676908493,
        -0.70710676908493,
        0.342958241701126
      ],
      [
        0.0,
        0.0,
        0.0,
        1.0
      ]
    ]
  },
  "base": [
    [
      -2.22044604925031e-16,
      1.60148785448805e-22,
      1.0,
      8.37733727446514e-36
    ],
    [
      5.77725583876303e-19,
      1.0,
      -1.60148785448805e-22,
      7.26722079281263e-23
    ],
    [
      -1.0,
      5.77725583876303e-19,
      -2.22044604925031e-16,
      0.382958233356476
    ],
    [
      0.0,
      0.0,
      0.0,
      1.0
    ]
  ],
  "base_link_world": [
    [
      -2.22044604925031e-16,
      1.60148785448805e-22,
      1.0,
      8.37733727446514e-36
    ],
    [
      5.77725583876303e-19,
      1.0,
      -1.60148785448805e-22,
      7.26722079281263e-23
    ],
    [
      -1.0,
      5.77725583876303e-19,
      -2.22044604925031e-16,
      0.382958233356476
    ],
    [
      0.0,
      0.0,
      0.0,
      1.0
    ]
  ],
  "base_view_frame": [
    [
      -2.22044591690142e-16,
      1.60148772827031e-22,
      0.999999940395355,
      8.37733655700032e-36
    ],
    [
      -1.0,
      -4.37113882867379e-08,
      -2.22044604925031e-16,
      0.382958233356476
    ],
    [
      4.37113882867379e-08,
      -1.0,
      1.6985466496938e-22,
      -1.67396354555649e-08
    ],
    [
      0.0,
      0.0,
      0.0,
      1.0
    ]
  ],
  "base_visual_world": [
    [
      -1.22951461839673e-21,
      2.22044591690142e-16,
      1.0,
      8.37733727446514e-36
    ],
    [
      0.999999940395355,
      6.25848770141602e-06,
      -1.60148785448805e-22,
      7.26722079281263e-23
    ],
    [
      -6.25848770141602e-06,
      0.999999940395355,
      -2.22044604925031e-16,
      0.382958233356476
    ],
    [
      0.0,
      0.0,
      0.0,
      1.0
    ]
  ],
  "view_adjust": [
    [
      0.999999940395355,
      0.0,
      0.0,
      0.0
    ],
    [
      0.0,
      -4.37113882867379e-08,
      1.0,
      0.0
    ],
    [
      0.0,
      -1.0,
      -4.37113882867379e-08,
      0.0
    ],
    [
      0.0,
      0.0,
      0.0,
      1.0
    ]
  ]
}