{
  "arms": {
    "0": [
      [
        -0.595898926258087,
        0.288112103939056,
        0.749597012996674,
        0.0258535370230675
      ],
      [
        -0.728570640087128,
        -0.586563467979431,
        -0.35373467206955,
        0.511023223400116
      ],
      [
        0.337770968675613,
        -0.756924569606781,
        0.559442579746246,
        0.0319667868316174
      ],
      [
        0.0,
        0.0,
        0.0,
        1.0
      ]
    ],
    "1": [
      [
        -0.598814129829407,
        0.650452852249146,
        -0.467260718345642,
        -0.0384579487144947
      ],
      [
        -0.792290866374969,
        -0.395859360694885,
        0.464295715093613,
        0.558604896068573
      ],
      [
        0.117032960057259,
        0.648233294487,
        0.752394139766693,
        0.0320971831679344
      ],
      [
        0.0,
        0.0,
        0.0,
        1.0
      ]
    ],
    "2": [
      [
        -0.831090271472931,
        -0.429398536682129,
        -0.353420048952103,
        -0.0385086610913277
      ],
      [
        -0.554381966590881,
        0.690120041370392,
        0.465182691812515,
        0.558711767196655
      ],
      [
        0.0441535152494907,
        0.582538485527039,
        -0.811602890491486,
        -0.0319027081131935
      ],
      [
        0.0,
        0.0,
        0.0,
        1.0
      ]
    ],
    "3": [
      [
        -0.496149271726608,
        -0.563552618026733,
        0.660487830638885,
        0.0258028246462345
      ],
      [
        -0.868157386779785,
        0.332323223352432,
        -0.368597328662872,
        0.511130094528198
      ],
      [
        -0.0117714554071426,
        -0.75628674030304,
        -0.654134392738342,
        -0.0320331044495106
      ],
      [
        0.0,
        0.0,
        0.0,
        1.0
      ]
    ]
  },
  "base": [
    [
      0.803893566131592,
      -0.000792375940363854,
      0.594772458076477,
      -0.00632756343111396
    ],
    [
      -0.594770848751068,
      0.00166955648455769,
      0.803893566131592,
      0.534867465496063
    ],
    [
      -0.00162999238818884,
      -0.999998271465302,
      0.000870863674208522,
      3.20399740303401e-05
    ],
    [
      0.0,
      0.0,
      0.0,
      1.0
    ]
  ]
}