{
  "T_WB": [
    [
      0.162918593694629,
      0.044120217267178,
      0.985652544387149,
      -0.162957256888605
    ],
    [
      0.0174335864382462,
      0.998714970824692,
      -0.0475865224043073,
      -0.000398532527690718
    ],
    [
      -0.986485479818362,
      0.0249361881395784,
      0.16194006492713,
      0.172234816547453
    ],
    [
      0.0,
      0.0,
      0.0,
      1.0
    ]
  ],
  "T_WH": {
    "0": [
      [
        -0.368706175333443,
        -0.399828548414328,
        0.839162015431988,
        -0.15785236009337
      ],
      [
        -0.813119566179324,
        0.576187374262037,
        -0.0827325863089431,
        -0.031660068136551
      ],
      [
        -0.450435708361728,
        -0.712843069415639,
        -0.537552258872343,
        0.131977439334252
      ],
      [
        0.0,
        0.0,
        0.0,
        1.0
      ]
    ],
    "1": [
      [
        -0.118863683220246,
        -0.340392954910475,
        0.932740082262274,
        -0.168062153683841
      ],
      [
        0.848937654397479,
        -0.522041043791572,
        -0.0823286556620045,
        0.0308630030811696
      ],
      [
        0.51495270050503,
        0.782052290351689,
        0.351024117972333,
        0.212492193760654
      ],
      [
        0.0,
        0.0,
        0.0,
        1.0
      ]
    ],
    "2": [
      [
        -0.291839168712862,
        0.448313802248946,
        0.844893268003763,
        -0.15502866618827
      ],
      [
        0.863640066477617,
        0.503133574501182,
        0.031343927389539,
        0.0322576899962293
      ],
      [
        -0.411042254737299,
        0.738831063858821,
        -0.534015846111069,
        0.133573355375185
      ],
      [
        0.0,
        0.0,
        0.0,
        1.0
      ]
    ],
    "3": [
      [
        -0.19663539348645,
        0.302981201987347,
        0.932489631722912,
        -0.17088584758894
      ],
      [
        -0.867328488935324,
        -0.497279324377588,
        -0.0213205494239057,
        -0.0330547550516107
      ],
      [
        0.45724808836079,
        -0.812967197855407,
        0.360566943717157,
        0.210896277719721
      ],
      [
        0.0,
        0.0,
        0.0,
        1.0
      ]
    ]
  },
  "T_WP": {
    "0": [
      [
        -0.839162015431988,
        -0.399828548414328,
        -0.368706175333443,
        -0.183661792366711
      ],
      [
        0.0827325863089431,
        0.576187374262037,
        -0.813119566179324,
        -0.0885784377691037
      ],
      [
        0.537552258872343,
        -0.712843069415639,
        -0.450435708361728,
        0.100446939748931
      ],
      [
        0.0,
        0.0,
        0.0,
        1.0
      ]
    ],
    "1": [
      [
        -0.932740082262274,
        -0.340392954910475,
        -0.118863683220246,
        -0.176382611509258
      ],
      [
        0.0823286556620046,
        -0.522041043791572,
        0.848937654397479,
        0.0902886388889931
      ],
      [
        -0.351024117972333,
        0.782052290351689,
        0.51495270050503,
        0.248538882796006
      ],
      [
        0.0,
        0.0,
        0.0,
        1.0
      ]
    ],
    "2": [
      [
        -0.844893268003763,
        0.448313802248946,
        -0.291839168712862,
        -0.175457407998171
      ],
      [
        -0.031343927389539,
        0.503133574501182,
        0.863640066477617,
        0.0927124946496625
      ],
      [
        0.534015846111069,
        0.738831063858821,
        -0.411042254737299,
        0.104800397543574
      ],
      [
        0.0,
        0.0,
        0.0,
        1.0
      ]
    ],
    "3": [
      [
        -0.932489631722912,
        0.302981201987347,
        -0.19663539348645,
        -0.184650325132991
      ],
      [
        0.0213205494239057,
        -0.497279324377588,
        -0.867328488935324,
        -0.0937677492770834
      ],
      [
        -0.360566943717157,
        -0.812967197855407,
        0.45724808836079,
        0.242903643904976
      ],
      [
        0.0,
        0.0,
        0.0,
        1.0
      ]
    ]
  },
  "simTime": 0.868499999999921,
  "state": [
    -0.162957256888605,
    -0.000398532527690718,
    0.172234816547453,
    0.762163635554474,
    0.023788431762139,
    0.646887994981151,
    -0.00875357652347099,
    -0.432296264604876,
    -0.00169338688323615,
    0.646196214289842,
    0.484383245424249,
    13.0743091787994,
    -0.211353536896272,
    0.927297842815867,
    -0.260392799529849,
    0.245339862103557,
    -0.110102918785359,
    0.987940778071901,
    -0.0873768312570883,
    0.0480121886225119,
    -0.118461547034613,
    0.927624403179227,
    0.261078131282919,
    0.243798409226207,
    0.109149034127528,
    0.986573736976986,
    0.090057043863501,
    0.0513024097867016,
    0.126214314195774,
    -1.8202921092834,
    -2.31186044886991,
    2.76316126004515,
    -1.31061216958576,
    -0.893449631153937,
    0.527136550552513,
    1.85259713250067,
    -2.27580203741565,
    -2.72290858629696,
    1.35383261896886,
    -0.925363413269172,
    -0.583775628287168
  ]
}