{
  "T_WB": [
    [
      0.997333881212702,
      -0.00292594310392549,
      0.0729148012557185,
      -0.00749072947070792
    ],
    [
      0.00252187440855405,
      0.999980953968746,
      0.0056331029836727,
      -2.66565317020266e-08
    ],
    [
      -0.0729298946569637,
      -0.00543420249068554,
      0.997322264821464,
      0.429393623583115
    ],
    [
      0.0,
      0.0,
      0.0,
      1.0
    ]
  ],
  "T_WH": {
    "0": [
      [
        0.477520809092785,
        0.877735449940556,
        -0.0394253319709768,
        0.0399869854278337
      ],
      [
        -0.87113392936213,
        0.467129864806272,
        -0.151378223401418,
        -0.0318985155506577
      ],
      [
        -0.114453283034901,
        0.106630996073957,
        0.987689362440848,
        -0.00274330130657661
      ],
      [
        0.0,
        0.0,
        0.0,
        1.0
      ]
    ],
    "1": [
      [
        -0.747021971731617,
        -0.660761198792213,
        -0.0731629135620245,
        -0.0399869854278337
      ],
      [
        0.664546002112237,
        -0.745239419276719,
        -0.0547432099236192,
        0.0318985155506577
      ],
      [
        -0.0183516982006915,
        -0.0895145023265865,
        0.995816433408474,
        0.00274330130657661
      ],
      [
        0.0,
        0.0,
        0.0,
        1.0
      ]
    ],
    "2": [
      [
        0.472443673245227,
        -0.880497416070008,
        -0.0390035370780065,
        0.0397997250691825
      ],
      [
        0.872695382329006,
        0.461150003792958,
        0.160447635268906,
        0.032100265503342
      ],
      [
        -0.123287246997354,
        -0.109840676872427,
        0.986273430865914,
        -0.00309109026598048
      ],
      [
        0.0,
        0.0,
        0.0,
        1.0
      ]
    ],
    "3": [
      [
        -0.744707320620266,
        0.663669832777823,
        -0.0703801085196769,
        -0.0397997250691825
      ],
      [
        -0.667305189688753,
        -0.742152353135322,
        0.0625593202501535,
        -0.032100265503342
      ],
      [
        -0.0107140295426839,
        0.093553395429355,
        0.995556614047939,
        0.00309109026598048
      ],
      [
        0.0,
        0.0,
        0.0,
        1.0
      ]
    ]
  },
  "T_WP": {
    "0": [
      [
        0.0394253319709768,
        0.877735449940556,
        0.477520809092785,
        0.0734134420643287
      ],
      [
        0.151378223401418,
        0.467129864806272,
        -0.87113392936213,
        -0.0928778906060068
      ],
      [
        -0.987689362440848,
        0.106630996073957,
        -0.114453283034901,
        -0.0107550311190197
      ],
      [
        0.0,
        0.0,
        0.0,
        1.0
      ]
    ],
    "1": [
      [
        0.0731629135620245,
        -0.660761198792213,
        -0.747021971731617,
        -0.0922785234490469
      ],
      [
        0.0547432099236193,
        -0.745239419276719,
        0.664546002112237,
        0.0784167356985143
      ],
      [
        -0.995816433408474,
        -0.0895145023265865,
        -0.0183516982006915,
        0.0014586824325282
      ],
      [
        0.0,
        0.0,
        0.0,
        1.0
      ]
    ],
    "2": [
      [
        0.0390035370780065,
        -0.880497416070008,
        0.472443673245227,
        0.0728707821963484
      ],
      [
        -0.160447635268906,
        0.461150003792958,
        0.872695382329006,
        0.0931889422663725
      ],
      [
        -0.986273430865914,
        -0.109840676872427,
        -0.123287246997354,
        -0.0117211975557952
      ],
      [
        0.0,
        0.0,
        0.0,
        1.0
      ]
    ],
    "3": [
      [
        0.0703801085196769,
        0.663669832777823,
        -0.744707320620266,
        -0.0919292375126011
      ],
      [
        -0.0625593202501536,
        -0.742152353135322,
        -0.667305189688753,
        -0.0788116287815548
      ],
      [
        -0.995556614047939,
        0.093553395429355,
        -0.0107140295426838,
        0.00234110819799261
      ],
      [
        0.0,
        0.0,
        0.0,
        1.0
      ]
    ]
  }
}