{
  "T_WB": [
    [
      0.908972989763881,
      0.00732396788142808,
      0.416790670929885,
      -0.134028653622244
    ],
    [
      -0.000393158665778821,
      0.999860260735829,
      -0.0167124034041366,
      -0.0001905268374133
    ],
    [
      -0.416854830013969,
      0.0150272584243062,
      0.908848850028581,
      0.0969164692659265
    ],
    [
      0.0,
      0.0,
      0.0,
      1.0
    ]
  ],
  "T_WH": {
    "0": [
      [
        -0.0726145226097864,
        0.544413655235578,
        0.835667938297977,
        -0.0979041010038946
      ],
      [
        -0.884929094889326,
        0.351301396790549,
        -0.305757789158948,
        -0.032201781527591
      ],
      [
        -0.46003002958993,
        -0.761709328160058,
        0.456257899952912,
        0.0797614037957899
      ],
      [
        0.0,
        0.0,
        0.0,
        1.0
      ]
    ],
    "1": [
      [
        -0.486563635127483,
        -0.825066246002303,
        0.287265589096913,
        -0.170153206240594
      ],
      [
        0.86981683642877,
        -0.488243207744619,
        0.070973524333315,
        0.0318207278527644
      ],
      [
        0.0816976134080829,
        0.28440158192055,
        0.955217901928409,
        0.114071534736063
      ],
      [
        0.0,
        0.0,
        0.0,
        1.0
      ]
    ],
    "2": [
      [
        -0.0536813412012547,
        -0.540488020597884,
        0.83963742960698,
        -0.0974353670594832
      ],
      [
        0.89894400879157,
        0.339939964034283,
        0.276297828276141,
        0.0317892751595021
      ],
      [
        -0.4347619839229,
        0.769619074895205,
        0.467620034742816,
        0.0807231483349455
      ],
      [
        0.0,
        0.0,
        0.0,
        1.0
      ]
    ],
    "3": [
      [
        -0.486513774290341,
        0.827287722912972,
        0.280890318350843,
        -0.170621940185005
      ],
      [
        -0.872616788530057,
        -0.47593032369757,
        -0.109682575464906,
        -0.0321703288343287
      ],
      [
        0.0429451720366376,
        -0.298471691291815,
        0.95345181403999,
        0.113109790196907
      ],
      [
        0.0,
        0.0,
        0.0,
        1.0
      ]
    ]
  },
  "T_WP": {
    "0": [
      [
        -0.835667938297977,
        0.544413655235578,
        -0.0726145226097863,
        -0.10298711758658
      ],
      [
        0.305757789158948,
        0.351301396790549,
        -0.884929094889326,
        -0.0941468181698438
      ],
      [
        -0.456257899952912,
        -0.761709328160058,
        -0.46003002958993,
        0.0475593017244949
      ],
      [
        0.0,
        0.0,
        0.0,
        1.0
      ]
    ],
    "1": [
      [
        -0.287265589096913,
        -0.825066246002303,
        -0.486563635127483,
        -0.204212660699517
      ],
      [
        -0.070973524333315,
        -0.488243207744619,
        0.86981683642877,
        0.0927079064027783
      ],
      [
        -0.955217901928409,
        0.28440158192055,
        0.081697613408083,
        0.119790367674629
      ],
      [
        0.0,
        0.0,
        0.0,
        1.0
      ]
    ],
    "2": [
      [
        -0.83963742960698,
        -0.540488020597884,
        -0.0536813412012547,
        -0.101193060943571
      ],
      [
        -0.276297828276141,
        0.339939964034283,
        0.89894400879157,
        0.094715355774912
      ],
      [
        -0.467620034742816,
        0.769619074895205,
        -0.4347619839229,
        0.0502898094603425
      ],
      [
        0.0,
        0.0,
        0.0,
        1.0
      ]
    ],
    "3": [
      [
        -0.280890318350843,
        0.827287722912972,
        -0.486513774290341,
        -0.204677904385329
      ],
      [
        0.109682575464906,
        -0.47593032369757,
        -0.872616788530057,
        -0.0932535040314327
      ],
      [
        -0.95345181403999,
        -0.298471691291815,
        0.0429451720366377,
        0.116115952239472
      ],
      [
        0.0,
        0.0,
        0.0,
        1.0
      ]
    ]
  },
  "simTime": 0.793499999999929,
  "state": [
    -0.134028653622244,
    -0.0001905268374133,
    0.0969164692659265,
    0.976944484160729,
    0.00812217642431074,
    0.213329803908975,
    -0.0019748119448764,
    -0.328076728961519,
    -0.0040208708885246,
    1.37790786784583,
    0.497474480250876,
    12.974949114617,
    -0.194674006227375,
    0.909066368043701,
    -0.183419493193946,
    0.286911626768683,
    -0.240077792461647,
    0.987105191926964,
    -0.0284591775729733,
    0.0764459916682761,
    -0.137729538010391,
    0.910281944591113,
    0.18280334083272,
    0.285337080903061,
    0.237807632748696,
    0.985493929858457,
    0.0294277981149882,
    0.0800590437039033,
    0.146718330250365,
    -3.00146909175551,
    -2.06538290137912,
    2.41578493934003,
    -1.9001879829231,
    -0.916938139306706,
    0.519820464516398,
    3.02948892946359,
    -2.12691204923495,
    -2.42626627949276,
    1.91236045749472,
    -0.939007999332688,
    -0.437545103280402
  ]
}