{
  "T_WB": [
    [
      0.989654303871861,
      -0.00229414626356856,
      0.143454158952689,
      -0.0620162243618887
    ],
    [
      0.00209282627391617,
      0.999996602183402,
      0.00155425217972654,
      3.94425672299081e-05
    ],
    [
      -0.143457237203597,
      -0.00123794772600986,
      0.989655742457618,
      0.332017245399628
    ],
    [
      0.0,
      0.0,
      0.0,
      1.0
    ]
  ],
  "T_WH": {
    "0": [
      [
        0.00164329782068936,
        0.902975698577972,
        -0.42968847709695,
        -0.02235663952658
      ],
      [
        -0.804846159560057,
        -0.253818449803721,
        -0.536468875127591,
        -0.0318767356516823
      ],
      [
        -0.593481220438945,
        0.346714698732055,
        0.726339423871127,
        0.326318570238717
      ],
      [
        0.0,
        0.0,
        0.0,
        1.0
      ]
    ],
    "1": [
      [
        -0.662308989014369,
        -0.720224826134881,
        0.206453391567554,
        -0.101675809197197
      ],
      [
        0.743328627970611,
        -0.666172043888123,
        0.0606412300439978,
        0.0319556207861421
      ],
      [
        0.0938581584631488,
        0.193625948056817,
        0.976575464738391,
        0.33771592056054
      ],
      [
        0.0,
        0.0,
        0.0,
        1.0
      ]
    ],
    "2": [
      [
        -0.00184957393376699,
        -0.901530987336987,
        -0.432710593754603,
        -0.0225034648874484
      ],
      [
        0.802902720761735,
        -0.259281588386439,
        0.536768366166644,
        0.0321230468880554
      ],
      [
        -0.596107205181808,
        -0.346431720249464,
        0.724321243051266,
        0.326239341584252
      ],
      [
        0.0,
        0.0,
        0.0,
        1.0
      ]
    ],
    "3": [
      [
        -0.65910953245472,
        0.723007072833529,
        0.206967139565708,
        -0.101528983836329
      ],
      [
        -0.745942860608897,
        -0.663507828298912,
        -0.0576767760253488,
        -0.0320441617535956
      ],
      [
        0.0956236002979178,
        -0.192400973019248,
        0.97664629864005,
        0.337795149215004
      ],
      [
        0.0,
        0.0,
        0.0,
        1.0
      ]
    ]
  },
  "T_WP": {
    "0": [
      [
        0.42968847709695,
        0.902975698577972,
        0.00164329782068933,
        -0.0222416086791318
      ],
      [
        0.536468875127591,
        -0.253818449803721,
        -0.804846159560057,
        -0.0882159668208863
      ],
      [
        -0.726339423871127,
        0.346714698732055,
        -0.593481220438945,
        0.28477488480799
      ],
      [
        0.0,
        0.0,
        0.0,
        1.0
      ]
    ],
    "1": [
      [
        -0.206453391567554,
        -0.720224826134881,
        -0.662308989014369,
        -0.148037438428203
      ],
      [
        -0.0606412300439978,
        -0.666172043888123,
        0.743328627970611,
        0.0839886247440849
      ],
      [
        -0.976575464738391,
        0.193625948056817,
        0.0938581584631488,
        0.34428599165296
      ],
      [
        0.0,
        0.0,
        0.0,
        1.0
      ]
    ],
    "2": [
      [
        0.432710593754603,
        -0.901530987336987,
        -0.00184957393376702,
        -0.0226329350628121
      ],
      [
        -0.536768366166644,
        -0.259281588386439,
        0.802902720761735,
        0.0883262373413769
      ],
      [
        -0.724321243051266,
        -0.346431720249464,
        -0.596107205181808,
        0.284511837221525
      ],
      [
        0.0,
        0.0,
        0.0,
        1.0
      ]
    ],
    "3": [
      [
        -0.206967139565708,
        0.723007072833529,
        -0.65910953245472,
        -0.147666651108159
      ],
      [
        0.0576767760253487,
        -0.663507828298912,
        -0.745942860608897,
        -0.0842601619962184
      ],
      [
        -0.97664629864005,
        -0.192400973019248,
        0.0956236002979178,
        0.344488801235859
      ],
      [
        0.0,
        0.0,
        0.0,
        1.0
      ]
    ]
  },
  "simTime": 0.570499999999953,
  "state": [
    -0.0620162243618887,
    3.94425672299081e-05,
    0.332017245399628,
    0.997409976954422,
    -0.000699862636792133,
    0.0719141082367067,
    0.00109959110066261,
    -0.30372473951183,
    -0.000119148014683067,
    -0.699945601746067,
    -0.0116882774324546,
    -3.56617854052421,
    0.000686423553572907,
    0.821615819964395,
    0.373262432971484,
    0.180275812949388,
    -0.391309636709705,
    0.998670995051465,
    0.0436727686186984,
    -0.000711521805257302,
    -0.0273573876825867,
    0.821395805830741,
    -0.373658551957642,
    0.180512820073774,
    0.391284217036158,
    0.998664631140137,
    -0.0439025325981079,
    -0.000657564238475487,
    0.0272229636608414,
    -3.80864509268901,
    -2.12731114055015,
    -4.11562975865147,
    -0.23134118425481,
    0.195489977680612,
    -0.596617733590507,
    3.80990450230886,
    -2.12919704836748,
    4.11943408357198,
    0.229060411238237,
    0.195017701429536,
    0.598685563424459
  ]
}