{
  "T_WB": [
    [
      0.995978994471126,
      -0.00212981532300178,
      -0.0895617466275389,
      -0.123599644542292
    ],
    [
      0.00209908807260021,
      0.999997701308807,
      -0.000437271500769436,
      -2.70040376101635e-05
    ],
    [
      0.0895624720602834,
      0.000247515235540113,
      0.995981175692924,
      0.0428811868994611
    ],
    [
      0.0,
      0.0,
      0.0,
      1.0
    ]
  ],
  "T_WH": {
    "0": [
      [
        -0.011571645468762,
        0.923287211021474,
        0.383935962089166,
        -0.083692330673111
      ],
      [
        -0.918781159039817,
        0.141702975863558,
        -0.368458204447754,
        -0.031942966956588
      ],
      [
        -0.39459761633162,
        -0.357016795957277,
        0.846659157270388,
        0.0464557652943352
      ],
      [
        0.0,
        0.0,
        0.0,
        1.0
      ]
    ],
    "1": [
      [
        -0.466087845531454,
        -0.871692028598603,
        -0.151377434003552,
        -0.163506958411473
      ],
      [
        0.86874085712574,
        -0.483301336692046,
        0.108208784819513,
        0.0318889588813677
      ],
      [
        -0.16748565135044,
        -0.0810729623816376,
        0.982535358835693,
        0.0393066085045871
      ],
      [
        0.0,
        0.0,
        0.0,
        1.0
      ]
    ],
    "2": [
      [
        -0.0186772839799908,
        -0.923880647792307,
        0.38222468221976,
        -0.0838286388537832
      ],
      [
        0.916785327121315,
        0.136714035662647,
        0.375251830678939,
        0.0320568859271757
      ],
      [
        -0.398943383249044,
        0.357426665328286,
        0.844446775039202,
        0.0464716062694098
      ],
      [
        0.0,
        0.0,
        0.0,
        1.0
      ]
    ],
    "3": [
      [
        -0.455351259499239,
        0.877172305904007,
        -0.15239414761566,
        -0.163370650230801
      ],
      [
        -0.873716309214444,
        -0.47316366621962,
        -0.112853692816397,
        -0.032110894002396
      ],
      [
        -0.171099507553781,
        0.0817611810375489,
        0.981855421021954,
        0.0392907675295125
      ],
      [
        0.0,
        0.0,
        0.0,
        1.0
      ]
    ]
  },
  "T_WP": {
    "0": [
      [
        -0.383935962089166,
        0.923287211021474,
        -0.011571645468762,
        -0.0845023458559244
      ],
      [
        0.368458204447754,
        0.141702975863558,
        -0.918781159039817,
        -0.0962576480893752
      ],
      [
        -0.846659157270388,
        -0.357016795957277,
        -0.39459761633162,
        0.0188339321511218
      ],
      [
        0.0,
        0.0,
        0.0,
        1.0
      ]
    ],
    "1": [
      [
        0.151377434003552,
        -0.871692028598603,
        -0.466087845531454,
        -0.196133107598675
      ],
      [
        -0.108208784819513,
        -0.483301336692046,
        0.86874085712574,
        0.0927008188801695
      ],
      [
        -0.982535358835693,
        -0.0810729623816376,
        -0.16748565135044,
        0.0275826129100563
      ],
      [
        0.0,
        0.0,
        0.0,
        1.0
      ]
    ],
    "2": [
      [
        -0.38222468221976,
        -0.923880647792307,
        -0.0186772839799908,
        -0.0851360487323825
      ],
      [
        -0.375251830678939,
        0.136714035662647,
        0.916785327121315,
        0.0962318588256678
      ],
      [
        -0.844446775039202,
        0.357426665328286,
        -0.398943383249044,
        0.0185455694419767
      ],
      [
        0.0,
        0.0,
        0.0,
        1.0
      ]
    ],
    "3": [
      [
        0.15239414761566,
        0.877172305904007,
        -0.455351259499239,
        -0.195245238395748
      ],
      [
        0.112853692816397,
        -0.47316366621962,
        -0.873716309214444,
        -0.0932710356474071
      ],
      [
        -0.981855421021954,
        0.0817611810375489,
        -0.171099507553781,
        0.0273138020007479
      ],
      [
        0.0,
        0.0,
        0.0,
        1.0
      ]
    ]
  },
  "simTime": 0.757499999999933,
  "state": [
    -0.123599644542292,
    -2.70040376101635e-05,
    0.0428811868994611,
    0.998994228145596,
    0.000171369042236785,
    -0.044826139541448,
    0.00105829024744517,
    -0.251533301477725,
    -0.00179809044834463,
    0.665151127733609,
    0.188800339292316,
    24.4576041346506,
    -0.0739585380290606,
    0.887530122591029,
    -0.141074302120526,
    0.274922133320393,
    -0.341769137555344,
    0.988031601580262,
    0.00764767556919729,
    0.0623938838834194,
    -0.140861884805912,
    0.886532824955047,
    0.140147948634004,
    0.277543519334035,
    0.34261888104216,
    0.987382929044856,
    -0.00785096920950848,
    0.0643007551865733,
    0.144494728608722,
    -10.0203499692275,
    3.29945973871215,
    15.7117485836517,
    -0.822525194749621,
    6.65932109185486,
    -9.24345532772578,
    10.078022487999,
    3.43150201325667,
    -15.6205517132186,
    1.11248147412218,
    7.34573015759267,
    9.749747519306
  ]
}