{
  "T_WB": [
    [
      -0.956255031311208,
      0.0600032147983258,
      -0.286314388925649,
      -0.23396793166217
    ],
    [
      0.0691652899702762,
      0.99736293011462,
      -0.0219851835677554,
      -0.000866773900637916
    ],
    [
      0.284240176180866,
      -0.0408264601336715,
      -0.957883459716069,
      0.16436172277399
    ],
    [
      0.0,
      0.0,
      0.0,
      1.0
    ]
  ],
  "T_WH": {
    "0": [
      [
        -0.675478208923293,
        -0.195082367928122,
        -0.71110622201844,
        -0.274138235788164
      ],
      [
        -0.443283573429741,
        0.87808522373199,
        0.180183277223223,
        -0.0300157760654947
      ],
      [
        0.589261285676516,
        0.436931584561129,
        -0.679604243376807,
        0.177037776545502
      ],
      [
        0.0,
        0.0,
        0.0,
        1.0
      ]
    ],
    "1": [
      [
        0.685533768344661,
        0.727509012421601,
        -0.0278224604324706,
        -0.193797627536175
      ],
      [
        0.69873673106051,
        -0.668193121511932,
        -0.255509164279898,
        0.0282822282642189
      ],
      [
        -0.204475996454452,
        0.155719585182748,
        -0.966406217728587,
        0.151685669002478
      ],
      [
        0.0,
        0.0,
        0.0,
        1.0
      ]
    ],
    "2": [
      [
        -0.614926448152541,
        0.288452042139082,
        -0.733935203371725,
        -0.270298030041072
      ],
      [
        0.564448976122451,
        0.810936095210358,
        -0.154207661415681,
        0.033815451461841
      ],
      [
        0.550693033110842,
        -0.509095343595647,
        -0.661482512552231,
        0.174424883096947
      ],
      [
        0.0,
        0.0,
        0.0,
        1.0
      ]
    ],
    "3": [
      [
        0.593340954892758,
        -0.80489569925871,
        0.00945645609011533,
        -0.197637833283268
      ],
      [
        -0.793325527272806,
        -0.582741703539289,
        0.176200779605118,
        -0.0355489992631168
      ],
      [
        -0.136312578378793,
        -0.112049186837572,
        -0.984308823847864,
        0.154298562451033
      ],
      [
        0.0,
        0.0,
        0.0,
        1.0
      ]
    ]
  },
  "T_WP": {
    "0": [
      [
        0.71110622201844,
        -0.195082367928122,
        -0.675478208923293,
        -0.321421710412795
      ],
      [
        -0.180183277223223,
        0.87808522373199,
        -0.443283573429741,
        -0.0610456262055765
      ],
      [
        0.679604243376807,
        0.436931584561129,
        0.589261285676516,
        0.218286066542858
      ],
      [
        0.0,
        0.0,
        0.0,
        1.0
      ]
    ],
    "1": [
      [
        0.0278224604324707,
        0.727509012421601,
        0.685533768344661,
        -0.145810263752049
      ],
      [
        0.255509164279898,
        -0.668193121511932,
        0.69873673106051,
        0.0771937994384546
      ],
      [
        0.966406217728587,
        0.155719585182748,
        -0.204475996454452,
        0.137372349250666
      ],
      [
        0.0,
        0.0,
        0.0,
        1.0
      ]
    ],
    "2": [
      [
        0.733935203371725,
        0.288452042139082,
        -0.614926448152541,
        -0.313342881411749
      ],
      [
        0.154207661415681,
        0.810936095210358,
        0.564448976122451,
        0.0733268797904125
      ],
      [
        0.661482512552231,
        -0.509095343595647,
        0.550693033110842,
        0.212973395414706
      ],
      [
        0.0,
        0.0,
        0.0,
        1.0
      ]
    ],
    "3": [
      [
        -0.00945645609011529,
        -0.80489569925871,
        0.593340954892758,
        -0.156103966440775
      ],
      [
        -0.176200779605118,
        -0.582741703539289,
        -0.793325527272806,
        -0.0910817861722132
      ],
      [
        0.984308823847864,
        -0.112049186837572,
        -0.136312578378793,
        0.144756681964517
      ],
      [
        0.0,
        0.0,
        0.0,
        1.0
      ]
    ]
  },
  "simTime": 1.0244999999999,
  "state": [
    -0.23396793166217,
    -0.000866773900637916,
    0.16436172277399,
    -0.144243231286033,
    0.0326553911714478,
    0.988875803771876,
    -0.0158795582473158,
    -0.425261179942896,
    -0.00709532984673963,
    -0.755376248485849,
    0.464348761949698,
    12.7134645748893,
    -0.278400570509291,
    0.951768565784722,
    -0.223676228750206,
    0.157031277947788,
    0.13945149558991,
    0.984338716296396,
    -0.173762394785399,
    0.0127542610691545,
    -0.0268561088578783,
    0.950508768723904,
    0.227197052531506,
    0.157501345976168,
    -0.141802348061168,
    0.983509792300949,
    0.177752987519394,
    0.0163697154932287,
    0.0290584977372287,
    1.31528541670982,
    -1.75269140186518,
    2.24926856151918,
    -0.74035220962555,
    -0.547523944797284,
    1.54998126976576,
    -1.29136925021544,
    -1.76078121896688,
    -2.30848813894631,
    0.736089501038398,
    -0.553442265983201,
    -1.61095611996149
  ]
}