{
  "T_WB": [
    [
      -2.22044604925031e-16,
      1.08709416577774e-19,
      1.0,
      -8.56358240531755e-36
    ],
    [
      -2.18621604338739e-18,
      1.0,
      -1.08709416577774e-19,
      4.10325434531056e-21
    ],
    [
      -1.0,
      -2.18621604338739e-18,
      -2.22044604925031e-16,
      0.231514905200003
    ],
    [
      0.0,
      0.0,
      0.0,
      1.0
    ]
  ],
  "T_WH": {
    "0": [
      [
        -1.57191256756638e-16,
        -1.52254687979751e-16,
        1.0,
        -8.88526289833174e-18
      ],
      [
        -0.707106779455507,
        0.707106782917588,
        -3.49068072226792e-18,
        -0.032
      ],
      [
        -0.707106782917588,
        -0.707106779455507,
        -2.18811325942324e-16,
        0.191514905200003
      ],
      [
        0.0,
        0.0,
        0.0,
        1.0
      ]
    ],
    "1": [
      [
        1.57191256756638e-16,
        1.52253402424316e-16,
        1.0,
        8.88526289833174e-18
      ],
      [
        0.707106779455507,
        -0.707106782917588,
        -3.49158974723543e-18,
        0.032
      ],
      [
        0.707106782917588,
        0.707106779455507,
        -2.18810416917361e-16,
        0.271514905200003
      ],
      [
        0.0,
        0.0,
        0.0,
        1.0
      ]
    ],
    "2": [
      [
        -1.57045957286349e-16,
        1.53257968611714e-16,
        1.0,
        -8.87830549567076e-18
      ],
      [
        0.707106779455507,
        0.707106782917588,
        2.67851194174355e-18,
        0.032
      ],
      [
        -0.707106782917588,
        0.707106779455507,
        -2.19418010237885e-16,
        0.191514905200003
      ],
      [
        0.0,
        0.0,
        0.0,
        1.0
      ]
    ],
    "3": [
      [
        1.57045957286349e-16,
        -1.52394629391618e-16,
        1.0,
        8.87830549567076e-18
      ],
      [
        -0.707106779455507,
        -0.707106782917588,
        3.28898496023223e-18,
        -0.032
      ],
      [
        0.707106782917588,
        -0.707106779455507,
        -2.18807537222385e-16,
        0.271514905200003
      ],
      [
        0.0,
        0.0,
        0.0,
        1.0
      ]
    ]
  },
  "T_WP": {
    "0": [
      [
        -1.0,
        -1.52254687979751e-16,
        -9.59589167992708e-17,
        -1.98886508712964e-17
      ],
      [
        -3.98071219835111e-17,
        0.707106782917588,
        -0.707106779455507,
        -0.0814974745618855
      ],
      [
        1.75513523024553e-16,
        -0.707106779455507,
        -0.707106782917588,
        0.142017430395772
      ],
      [
        0.0,
        0.0,
        0.0,
        1.0
      ]
    ],
    "1": [
      [
        -1.0,
        1.52253402424316e-16,
        2.18423596714006e-16,
        1.98886508712964e-17
      ],
      [
        4.67893924530145e-17,
        -0.707106782917588,
        0.707106779455507,
        0.0814974745618855
      ],
      [
        2.62108219835131e-16,
        0.707106779455507,
        0.707106782917588,
        0.321012380004234
      ],
      [
        0.0,
        0.0,
        0.0,
        1.0
      ]
    ],
    "2": [
      [
        -1.0,
        1.53257968611714e-16,
        -9.58136173289808e-17,
        -1.98715225057152e-17
      ],
      [
        4.06192907640355e-17,
        0.707106782917588,
        0.707106779455507,
        0.0814974745618855
      ],
      [
        1.76120207320115e-16,
        0.707106779455507,
        -0.707106782917588,
        0.142017430395772
      ],
      [
        0.0,
        0.0,
        0.0,
        1.0
      ]
    ],
    "3": [
      [
        -1.0,
        -1.52394629391618e-16,
        2.18278297243716e-16,
        1.98715225057152e-17
      ],
      [
        -4.65867876660113e-17,
        -0.707106782917588,
        -0.707106779455507,
        -0.0814974745618855
      ],
      [
        2.62105340140155e-16,
        -0.707106779455507,
        0.707106782917588,
        0.321012380004234
      ],
      [
        0.0,
        0.0,
        0.0,
        1.0
      ]
    ]
  },
  "simTime": 0.233999999999991,
  "state": [
    -8.56358240531755e-36,
    4.10325434531056e-21,
    0.231514905200003,
    0.707106781186548,
    -7.34509511888535e-19,
    0.707106781186548,
    -8.11378677529512e-19,
    -7.61701512366274e-35,
    -1.94737128386809e-20,
    -2.29474440000001,
    5.49787911112183e-19,
    -1.12290398583872e-17,
    -2.04615933012465e-17,
    1.0,
    2.33884416921485e-18,
    5.25706692200359e-20,
    -1.23310303032807e-18,
    1.0,
    -2.33948694693208e-18,
    -5.25706692200353e-20,
    1.2296110870671e-18,
    1.0,
    -1.91407301906241e-18,
    5.67900995278424e-20,
    8.34055715854739e-19,
    1.0,
    2.34574262911042e-18,
    -5.67900995278417e-20,
    -1.22733455070522e-18,
    1.35037580933696e-17,
    2.30610957647376e-19,
    -2.24007435132997e-17,
    -1.3906528640434e-17,
    -2.30610957647374e-19,
    2.23977905586319e-17,
    -1.77723439522278e-17,
    1.13563104017216e-19,
    1.78659526277238e-17,
    1.36104238196777e-17,
    -1.13563104017214e-19,
    -2.25206283220809e-17
  ]
}