{
  "T_WB": [
    [
      0.906384222410316,
      -0.00197676512460755,
      0.422449681932995,
      -0.0409938454926176
    ],
    [
      0.00160201748640906,
      0.99999794538243,
      0.00124208328670921,
      4.18161684399987e-05
    ],
    [
      -0.42245126926738,
      -0.00044903291640817,
      0.906385526949664,
      0.356228075443721
    ],
    [
      0.0,
      0.0,
      0.0,
      1.0
    ]
  ],
  "T_WH": {
    "0": [
      [
        0.208055629027069,
        0.889599321013925,
        -0.406602881546251,
        -0.00467522011221749
      ],
      [
        -0.793049578702754,
        -0.0898994369639373,
        -0.602486893594336,
        -0.0318940373843414
      ],
      [
        -0.572525301580232,
        0.447807033536915,
        0.686792282837637,
        0.339344393726351
      ],
      [
        0.0,
        0.0,
        0.0,
        1.0
      ]
    ],
    "1": [
      [
        -0.62606918794368,
        -0.601897575394489,
        0.495738520433682,
        -0.0773124708730177
      ],
      [
        0.71386837614056,
        -0.698208630326089,
        0.0538205359004033,
        0.0319776697212214
      ],
      [
        0.313734463286998,
        0.387587431778176,
        0.866802554953328,
        0.373111757161091
      ],
      [
        0.0,
        0.0,
        0.0,
        1.0
      ]
    ],
    "2": [
      [
        0.205271804960541,
        -0.888840364164901,
        -0.409666075138579,
        -0.00480173308019238
      ],
      [
        0.793009288981533,
        -0.0942626032725203,
        0.601872768293509,
        0.0321058311201341
      ],
      [
        -0.573585001265937,
        -0.448416512469706,
        0.685509210490465,
        0.339315655619701
      ],
      [
        0.0,
        0.0,
        0.0,
        1.0
      ]
    ],
    "3": [
      [
        -0.623542499825129,
        0.604292752412064,
        0.49600909295504,
        -0.0771859579050428
      ],
      [
        -0.715792874207198,
        -0.696419747901749,
        -0.0513818641804954,
        -0.0320221987832541
      ],
      [
        0.314380839343029,
        -0.387078550315974,
        0.866795756645853,
        0.373140495267741
      ],
      [
        0.0,
        0.0,
        0.0,
        1.0
      ]
    ]
  },
  "T_WP": {
    "0": [
      [
        0.406602881546251,
        0.889599321013925,
        0.208055629027069,
        0.00988867391967738
      ],
      [
        0.602486893594336,
        -0.0898994369639373,
        -0.793049578702754,
        -0.0874075078935342
      ],
      [
        -0.686792282837637,
        0.447807033536915,
        -0.572525301580232,
        0.299267622615735
      ],
      [
        0.0,
        0.0,
        0.0,
        1.0
      ]
    ],
    "1": [
      [
        -0.495738520433682,
        -0.601897575394489,
        -0.62606918794368,
        -0.121137314029075
      ],
      [
        -0.0538205359004033,
        -0.698208630326089,
        0.71386837614056,
        0.0819484560510606
      ],
      [
        -0.866802554953328,
        0.387587431778176,
        0.313734463286998,
        0.395073169591181
      ],
      [
        0.0,
        0.0,
        0.0,
        1.0
      ]
    ],
    "2": [
      [
        0.409666075138579,
        -0.888840364164901,
        0.205271804960541,
        0.00956729326704552
      ],
      [
        -0.601872768293509,
        -0.0942626032725203,
        0.793009288981533,
        0.0876164813488414
      ],
      [
        -0.685509210490465,
        -0.448416512469706,
        -0.573585001265937,
        0.299164705531085
      ],
      [
        0.0,
        0.0,
        0.0,
        1.0
      ]
    ],
    "3": [
      [
        -0.49600909295504,
        0.604292752412064,
        -0.623542499825129,
        -0.120833932892802
      ],
      [
        0.0513818641804954,
        -0.696419747901749,
        -0.715792874207198,
        -0.082127699977758
      ],
      [
        -0.866795756645853,
        -0.387078550315974,
        0.31438083934303,
        0.395147154021753
      ],
      [
        0.0,
        0.0,
        0.0,
        1.0
      ]
    ]
  },
  "simTime": 0.496499999999962,
  "state": [
    -0.0409938454926176,
    4.18161684399987e-05,
    0.356228075443721,
    0.976315483686294,
    -0.000433035281979805,
    0.216349367934396,
    0.000916400146985309,
    -0.262907367622679,
    5.69635729384177e-05,
    0.0441769192162925,
    -0.0112525554948579,
    -4.32223902211096,
    0.00167342429553379,
    0.819399092669218,
    0.510646271449042,
    0.119372908586655,
    -0.231464081627399,
    0.998772957542045,
    0.0480862264320104,
    -0.0106468130232784,
    -0.00519032587539126,
    0.819147496546325,
    -0.511092193665442,
    0.119477276509079,
    0.231316512324797,
    0.998768278117396,
    -0.0482185453976167,
    -0.0105771478740917,
    0.0050022443962248,
    -1.95640357143727,
    -1.44312082124064,
    -5.42084166473739,
    -0.0224840711299967,
    0.280789366665518,
    -0.609034902355691,
    1.95562966857776,
    -1.44329583775444,
    5.42604366419423,
    0.0194029844919542,
    0.280163147346098,
    0.609923016692176
  ]
}