{
  "T_WB": [
    [
      0.998074339572616,
      -0.00248402991779897,
      -0.0619793698100768,
      -0.00469826770974541
    ],
    [
      0.00265301400382853,
      0.999992984544295,
      0.00264431066422854,
      4.74543657557165e-06
    ],
    [
      0.0619723664497513,
      -0.00280365075587933,
      0.998073927792454,
      0.327296699305937
    ],
    [
      0.0,
      0.0,
      0.0,
      1.0
    ]
  ],
  "T_WH": {
    "0": [
      [
        0.604382969336486,
        0.759192038500868,
        -0.241554704058747,
        0.0400024625402742
      ],
      [
        -0.795517147501637,
        0.558609462709372,
        -0.234750795956916,
        -0.0318936549452643
      ],
      [
        -0.0432861918730542,
        0.334040292252961,
        0.941564330645912,
        0.00256861148217819
      ],
      [
        0.0,
        0.0,
        0.0,
        1.0
      ]
    ],
    "1": [
      [
        -0.678344561910651,
        -0.695241518697735,
        -0.237671803134309,
        -0.0400024625402742
      ],
      [
        0.720300403960017,
        -0.693079940641939,
        -0.0284169656156792,
        0.0318936549452643
      ],
      [
        -0.144968904877164,
        -0.190471589898947,
        0.97092975547157,
        -0.00256861148217819
      ],
      [
        0.0,
        0.0,
        0.0,
        1.0
      ]
    ],
    "2": [
      [
        0.599530113800895,
        -0.762892581258077,
        -0.24198874376151,
        0.0398434846255351
      ],
      [
        0.798947553778358,
        0.552561525593028,
        0.237399592977503,
        0.0321058960655706
      ],
      [
        -0.0473967188470241,
        -0.335664519864245,
        0.940788435912582,
        0.00238917783380192
      ],
      [
        0.0,
        0.0,
        0.0,
        1.0
      ]
    ],
    "3": [
      [
        -0.677665901422455,
        0.696476952004461,
        -0.235984705809227,
        -0.0398434846255351
      ],
      [
        -0.721687266492138,
        -0.691499031769371,
        0.0315686307135403,
        -0.0321058960655706
      ],
      [
        -0.14119637188114,
        0.191700141858577,
        0.971243862363621,
        -0.00238917783380192
      ],
      [
        0.0,
        0.0,
        0.0,
        1.0
      ]
    ]
  },
  "T_WP": {
    "0": [
      [
        0.241554704058747,
        0.759192038500868,
        0.604382969336486,
        0.0823092703938282
      ],
      [
        0.234750795956916,
        0.558609462709372,
        -0.795517147501637,
        -0.0875798552703789
      ],
      [
        -0.941564330645912,
        0.334040292252961,
        -0.0432861918730541,
        -0.0004614219489356
      ],
      [
        0.0,
        0.0,
        0.0,
        1.0
      ]
    ],
    "1": [
      [
        0.237671803134309,
        -0.695241518697735,
        -0.678344561910651,
        -0.0874865818740198
      ],
      [
        0.0284169656156793,
        -0.693079940641939,
        0.720300403960017,
        0.0823146832224655
      ],
      [
        -0.97092975547157,
        -0.190471589898947,
        -0.144968904877164,
        -0.0127164348235796
      ],
      [
        0.0,
        0.0,
        0.0,
        1.0
      ]
    ],
    "2": [
      [
        0.24198874376151,
        -0.762892581258077,
        0.599530113800895,
        0.0818105925915977
      ],
      [
        -0.237399592977503,
        0.552561525593028,
        0.798947553778358,
        0.0880322248300556
      ],
      [
        -0.940788435912582,
        -0.335664519864245,
        -0.047396718847024,
        -0.000928592485489769
      ],
      [
        0.0,
        0.0,
        0.0,
        1.0
      ]
    ],
    "3": [
      [
        0.235984705809227,
        0.696476952004461,
        -0.677665901422455,
        -0.0872800977251069
      ],
      [
        -0.0315686307135403,
        -0.691499031769371,
        -0.721687266492138,
        -0.0826240047200202
      ],
      [
        -0.971243862363621,
        0.191700141858577,
        -0.14119637188114,
        -0.0122729238654817
      ],
      [
        0.0,
        0.0,
        0.0,
        1.0
      ]
    ]
  }
}