{
  "T_WB": [
    [
      -2.22044604925031e-16,
      7.88561061353737e-20,
      1.0,
      -4.74814812955924e-36
    ],
    [
      -1.27138114658353e-18,
      1.0,
      -7.88561061353737e-20,
      4.92330050695965e-21
    ],
    [
      -1.0,
      -1.27138114658353e-18,
      -2.22044604925031e-16,
      0.333090442175002
    ],
    [
      0.0,
      0.0,
      0.0,
      1.0
    ]
  ],
  "T_WH": {
    "0": [
      [
        -1.57152648458254e-16,
        -1.53081326309886e-16,
        1.0,
        -8.88430759239758e-18
      ],
      [
        -0.707106779455507,
        0.707106782917588,
        -2.87885896247872e-18,
        -0.032
      ],
      [
        -0.707106782917588,
        -0.707106779455507,
        -2.19368547320056e-16,
        0.293090442175002
      ],
      [
        0.0,
        0.0,
        0.0,
        1.0
      ]
    ],
    "1": [
      [
        1.57152648458254e-16,
        1.53084900099369e-16,
        1.0,
        8.88430759239758e-18
      ],
      [
        0.707106779455507,
        -0.707106782917588,
        -2.87633191169449e-18,
        0.032
      ],
      [
        0.707106782917588,
        0.707106779455507,
        -2.19371074370828e-16,
        0.373090442175002
      ],
      [
        0.0,
        0.0,
        0.0,
        1.0
      ]
    ],
    "2": [
      [
        -1.57055127272632e-16,
        1.54210659748442e-16,
        1.0,
        -8.87926080160492e-18
      ],
      [
        0.707106779455507,
        0.707106782917588,
        2.01134173640654e-18,
        0.032
      ],
      [
        -0.707106782917588,
        0.707106779455507,
        -2.20098148758893e-16,
        0.293090442175002
      ],
      [
        0.0,
        0.0,
        0.0,
        1.0
      ]
    ],
    "3": [
      [
        1.57055127272632e-16,
        -1.53182919178561e-16,
        1.0,
        8.87926080160492e-18
      ],
      [
        -0.707106779455507,
        -0.707106782917588,
        2.73806406444903e-18,
        -0.032
      ],
      [
        0.707106782917588,
        -0.707106779455507,
        -2.19371426434409e-16,
        0.373090442175002
      ],
      [
        0.0,
        0.0,
        0.0,
        1.0
      ]
    ]
  },
  "T_WP": {
    "0": [
      [
        -1.0,
        -1.53081326309886e-16,
        -9.59203085008866e-17,
        -1.98849929844754e-17
      ],
      [
        -4.04189437433003e-17,
        0.707106782917588,
        -0.707106779455507,
        -0.0814974745618855
      ],
      [
        1.76070744402286e-16,
        -0.707106779455507,
        -0.707106782917588,
        0.243592967370771
      ],
      [
        0.0,
        0.0,
        0.0,
        1.0
      ]
    ],
    "1": [
      [
        -1.0,
        1.53084900099369e-16,
        2.18384988415622e-16,
        1.98849929844754e-17
      ],
      [
        4.61741346174735e-17,
        -0.707106782917588,
        0.707106779455507,
        0.0814974745618855
      ],
      [
        2.62668877288598e-16,
        0.707106779455507,
        0.707106782917588,
        0.422587916979233
      ],
      [
        0.0,
        0.0,
        0.0,
        1.0
      ]
    ],
    "2": [
      [
        -1.0,
        1.54210659748442e-16,
        -9.58227873152646e-17,
        -1.98731197106892e-17
      ],
      [
        4.12864609693725e-17,
        0.707106782917588,
        0.707106779455507,
        0.0814974745618855
      ],
      [
        1.76800345841123e-16,
        0.707106779455507,
        -0.707106782917588,
        0.243592967370771
      ],
      [
        0.0,
        0.0,
        0.0,
        1.0
      ]
    ],
    "3": [
      [
        -1.0,
        -1.53182919178561e-16,
        2.1828746723e-16,
        1.98731197106892e-17
      ],
      [
        -4.60358667702281e-17,
        -0.707106782917588,
        -0.707106779455507,
        -0.0814974745618855
      ],
      [
        2.62669229352179e-16,
        -0.707106779455507,
        0.707106782917588,
        0.422587916979233
      ],
      [
        0.0,
        0.0,
        0.0,
        1.0
      ]
    ]
  },
  "simTime": 0.184499999999996,
  "state": [
    -4.74814812955924e-36,
    4.92330050695965e-21,
    0.333090442175002,
    0.707106781186548,
    -4.21621271417826e-19,
    0.707106781186548,
    -4.77380958804115e-19,
    -7.45054536801606e-35,
    -1.39793129380668e-20,
    -1.80931769999996,
    6.5018496284272e-19,
    -9.01193083991583e-18,
    -1.64619439569511e-17,
    1.0,
    1.93607974330029e-18,
    4.38212591294319e-20,
    -7.29833699331473e-19,
    1.0,
    -1.93429284855873e-18,
    -4.38212591294313e-20,
    7.26693471294111e-19,
    1.0,
    -1.42717271154526e-18,
    5.08203535682298e-20,
    4.52406138192816e-19,
    1.0,
    1.94104299648579e-18,
    -5.08203535682292e-20,
    -7.21701962997311e-19,
    1.88514680768548e-17,
    4.70672931773529e-19,
    -1.80720305153369e-17,
    -1.8648025160469e-17,
    -4.70672931773526e-19,
    1.80471081204464e-17,
    -2.13973535781635e-17,
    3.70930661531783e-19,
    1.28487464429652e-17,
    1.8953807239587e-17,
    -3.70930661531779e-19,
    -1.81381651532013e-17
  ]
}