{
  "T_WB": [
    [
      0.990158861013851,
      -0.0022964775419535,
      0.139929111147942,
      -0.0623201892722266
    ],
    [
      0.00209905021473834,
      0.999996582560499,
      0.00155847859144676,
      3.93222921231192e-05
    ],
    [
      -0.139932211959755,
      -0.00124942315621817,
      0.990160297627524,
      0.331312245250726
    ],
    [
      0.0,
      0.0,
      0.0,
      1.0
    ]
  ],
  "T_WH": {
    "0": [
      [
        -0.000859436559614748,
        0.903387286631498,
        -0.428824756423156,
        -0.0226403475503301
      ],
      [
        -0.804946108605793,
        -0.255067165101661,
        -0.535726146018088,
        -0.0318766063412233
      ],
      [
        -0.593347304375095,
        0.344720396320817,
        0.727397294984816,
        0.325754938313335
      ],
      [
        0.0,
        0.0,
        0.0,
        1.0
      ]
    ],
    "1": [
      [
        -0.662253624267092,
        -0.721347425529639,
        0.202677154180888,
        -0.102000030994123
      ],
      [
        0.743709691686672,
        -0.665747098507851,
        0.0606357594138425,
        0.0319552509254695
      ],
      [
        0.091192278381545,
        0.190889215279805,
        0.977366500271747,
        0.336869552188117
      ],
      [
        0.0,
        0.0,
        0.0,
        1.0
      ]
    ],
    "2": [
      [
        -0.00435852247968816,
        -0.901937854448913,
        -0.431843849086549,
        -0.0227873221130151
      ],
      [
        0.802976980092098,
        -0.26053793351766,
        0.536048462958828,
        0.0321231749426486
      ],
      [
        -0.595994104605045,
        -0.344424290534856,
        0.725370895036182,
        0.325674975231337
      ],
      [
        0.0,
        0.0,
        0.0,
        1.0
      ]
    ],
    "3": [
      [
        -0.659047257158682,
        0.724133387990948,
        0.203193378898943,
        -0.101853056431438
      ],
      [
        -0.746332629696682,
        -0.663070453241598,
        -0.0576643727791896,
        -0.0320445303584024
      ],
      [
        0.0929748282152463,
        -0.189653395526503,
        0.977439139222291,
        0.336949515270115
      ],
      [
        0.0,
        0.0,
        0.0,
        1.0
      ]
    ]
  },
  "T_WP": {
    "0": [
      [
        0.428824756423156,
        0.903387286631498,
        -0.000859436559614774,
        -0.0227005081095031
      ],
      [
        0.535726146018088,
        -0.255067165101661,
        -0.804946108605793,
        -0.0882228339436288
      ],
      [
        -0.727397294984816,
        0.344720396320817,
        -0.593347304375095,
        0.284220627007078
      ],
      [
        0.0,
        0.0,
        0.0,
        1.0
      ]
    ],
    "1": [
      [
        -0.202677154180889,
        -0.721347425529639,
        -0.662253624267092,
        -0.14835778469282
      ],
      [
        -0.0606357594138425,
        -0.665747098507851,
        0.743709691686672,
        0.0840149293435366
      ],
      [
        -0.977366500271747,
        0.190889215279805,
        0.091192278381545,
        0.343253011674825
      ],
      [
        0.0,
        0.0,
        0.0,
        1.0
      ]
    ],
    "2": [
      [
        0.431843849086549,
        -0.901937854448913,
        -0.00435852247968819,
        -0.0230924186865933
      ],
      [
        -0.536048462958828,
        -0.26053793351766,
        0.802976980092098,
        0.0883315635490954
      ],
      [
        -0.725370895036182,
        -0.344424290534856,
        -0.595994104605045,
        0.283955387908983
      ],
      [
        0.0,
        0.0,
        0.0,
        1.0
      ]
    ],
    "3": [
      [
        -0.203193378898943,
        0.724133387990948,
        -0.659047257158682,
        -0.147986364432546
      ],
      [
        0.0576643727791896,
        -0.663070453241598,
        -0.746332629696682,
        -0.0842878144371701
      ],
      [
        -0.977439139222291,
        -0.189653395526503,
        0.0929748282152464,
        0.343457753245182
      ],
      [
        0.0,
        0.0,
        0.0,
        1.0
      ]
    ]
  },
  "simTime": 0.571499999999953,
  "state": [
    -0.0623201892722266,
    3.93222921231192e-05,
    0.331312245250726,
    0.997536433069223,
    -0.000703709071313208,
    0.0701381207317456,
    0.00110159579414249,
    -0.304204698580336,
    -0.000121401290987373,
    -0.710054889155523,
    -0.0116917143061803,
    -3.55574066482444,
    0.000677180937098119,
    0.821713953098677,
    0.370905061698547,
    0.18091286998324,
    -0.393047259198904,
    0.998667935602049,
    0.0435594217759387,
    -0.000597988878860854,
    -0.0276509237492885,
    0.821494662479673,
    -0.371299903653627,
    0.181151052547498,
    0.393023151004047,
    0.998661554774786,
    -0.0437902870385275,
    -0.000544199881340753,
    0.0275175148292938,
    -3.82940299313234,
    -2.13401869574622,
    -4.09245578344603,
    -0.234168125121267,
    0.194347580568574,
    -0.595808729556525,
    3.83068225531564,
    -2.13591934186647,
    4.09623199419837,
    0.231900905130448,
    0.193877032917659,
    0.597890699553235
  ]
}