{
  "T_WB": [
    [
      0.953322906531513,
      -0.00216180819600642,
      -0.301944965958421,
      -0.115852900712624
    ],
    [
      0.00301013863190689,
      0.999992721696589,
      0.00234427371781151,
      -4.78117606235271e-06
    ],
    [
      0.301937700441209,
      -0.00314374604111076,
      0.953322475300517,
      0.0830896049663887
    ],
    [
      0.0,
      0.0,
      0.0,
      1.0
    ]
  ],
  "T_WH": {
    "0": [
      [
        -0.14646647712708,
        0.989191707960684,
        -0.00688011481055854,
        -0.0776508065890909
      ],
      [
        -0.9113137617038,
        -0.137634168950838,
        -0.388025853863479,
        -0.0318841427250769
      ],
      [
        -0.384778896000355,
        -0.0505628365406472,
        0.921622808286401,
        0.0952677128573526
      ],
      [
        0.0,
        0.0,
        0.0,
        1.0
      ]
    ],
    "1": [
      [
        -0.577355530859954,
        -0.757715809402487,
        -0.304183075083009,
        -0.154054994836156
      ],
      [
        0.789368813946797,
        -0.613221478326914,
        0.0292625030846748,
        0.0318745803729522
      ],
      [
        -0.208704256194377,
        -0.223217765198221,
        0.952164041930939,
        0.0709114970754248
      ],
      [
        0.0,
        0.0,
        0.0,
        1.0
      ]
    ],
    "2": [
      [
        -0.150314327493897,
        -0.988599708613554,
        -0.00873035390191981,
        -0.0777891623136353
      ],
      [
        0.908000756841902,
        -0.141541830253761,
        0.39433556251364,
        0.0321153914635048
      ],
      [
        -0.391075732466988,
        0.0513471169357248,
        0.91892504866164,
        0.0950665131107215
      ],
      [
        0.0,
        0.0,
        0.0,
        1.0
      ]
    ],
    "3": [
      [
        -0.573757810455643,
        0.760642749960442,
        -0.303685004361036,
        -0.153916639111612
      ],
      [
        -0.79326404940556,
        -0.608362560798333,
        -0.0250428141307522,
        -0.0321249538156295
      ],
      [
        -0.203799221936296,
        0.226533886099873,
        0.952443318831441,
        0.0711126968220559
      ],
      [
        0.0,
        0.0,
        0.0,
        1.0
      ]
    ]
  },
  "T_WP": {
    "0": [
      [
        0.00688011481055853,
        0.989191707960684,
        -0.14646647712708,
        -0.0879034599879865
      ],
      [
        0.388025853863479,
        -0.137634168950838,
        -0.9113137617038,
        -0.0956761060443429
      ],
      [
        -0.921622808286401,
        -0.0505628365406472,
        -0.384778896000355,
        0.0683331901373277
      ],
      [
        0.0,
        0.0,
        0.0,
        1.0
      ]
    ],
    "1": [
      [
        0.304183075083009,
        -0.757715809402487,
        -0.577355530859954,
        -0.194469881996353
      ],
      [
        -0.0292625030846748,
        -0.613221478326914,
        0.789368813946797,
        0.087130397349228
      ],
      [
        -0.952164041930939,
        -0.223217765198221,
        -0.208704256194377,
        0.0563021991418184
      ],
      [
        0.0,
        0.0,
        0.0,
        1.0
      ]
    ],
    "2": [
      [
        0.0087303539019198,
        -0.988599708613554,
        -0.150314327493897,
        -0.0883111652382081
      ],
      [
        -0.39433556251364,
        -0.141541830253761,
        0.908000756841902,
        0.0956754444424379
      ],
      [
        -0.91892504866164,
        0.0513471169357248,
        -0.391075732466988,
        0.0676912118380324
      ],
      [
        0.0,
        0.0,
        0.0,
        1.0
      ]
    ],
    "3": [
      [
        0.303685004361036,
        0.760642749960442,
        -0.573757810455643,
        -0.194079685843507
      ],
      [
        0.0250428141307522,
        -0.608362560798333,
        -0.79326404940556,
        -0.0876534372740187
      ],
      [
        -0.952443318831441,
        0.226533886099873,
        -0.203799221936296,
        0.0568467512865151
      ],
      [
        0.0,
        0.0,
        0.0,
        1.0
      ]
    ]
  },
  "simTime": 0.733499999999936,
  "state": [
    -0.115852900712624,
    -4.78117606235271e-06,
    0.0830896049663887,
    0.988260859228046,
    -0.0013883024172406,
    -0.152763984519061,
    0.00130834555968179,
    -0.342121452145109,
    -0.000388474181534014,
    -2.3560931452802,
    -0.0118649712982617,
    -2.04837633497641,
    0.000576074538812116,
    0.851067795820209,
    -0.0769913853077149,
    0.232780088352261,
    -0.464294479800099,
    0.99786207338318,
    0.00799047769468061,
    0.0109035686522306,
    -0.0639417466157995,
    0.851016706371536,
    0.076808726122107,
    0.233032637489169,
    0.464291691647485,
    0.997853102304155,
    -0.00828790735135834,
    0.0109441262500238,
    0.0640368871380626,
    -4.99144365534529,
    -2.61012636719216,
    0.455919730534707,
    -0.613901802910926,
    0.0246090951327902,
    -0.247635617580194,
    4.99224195750943,
    -2.61239001895626,
    -0.456257276645355,
    0.614639630096888,
    0.0243929721298018,
    0.250871846882767
  ]
}