{
  "T_WB": [
    [
      0.883976944150635,
      -0.00190115007363183,
      0.467526627945942,
      -0.0380106544830589
    ],
    [
      0.00152031465510104,
      0.999998134062104,
      0.00119185387512226,
      4.10024042394398e-05
    ],
    [
      -0.467528021463372,
      -0.000342783762288478,
      0.883978185050874,
      0.35505970684832
    ],
    [
      0.0,
      0.0,
      0.0,
      1.0
    ]
  ],
  "T_WH": {
    "0": [
      [
        0.241676593974109,
        0.889902193763205,
        -0.386867560620568,
        -0.00259073991467731
      ],
      [
        -0.787978445456069,
        -0.0526864805274715,
        -0.613444458990596,
        -0.0318981252995438
      ],
      [
        -0.56628826000696,
        0.453098466456314,
        0.688490658087113,
        0.336369555070178
      ],
      [
        0.0,
        0.0,
        0.0,
        1.0
      ]
    ],
    "1": [
      [
        -0.611674613847159,
        -0.577399406286906,
        0.540799493707657,
        -0.0734305690514405
      ],
      [
        0.709214286209735,
        -0.703112020731919,
        0.0514643812582354,
        0.0319801301080227
      ],
      [
        0.350527121648161,
        0.415022182445476,
        0.839575681560185,
        0.373749858626462
      ],
      [
        0.0,
        0.0,
        0.0,
        1.0
      ]
    ],
    "2": [
      [
        0.239054767104312,
        -0.88928908281872,
        -0.389894531257036,
        -0.00271241351938975
      ],
      [
        0.788187056820743,
        -0.0567993532197868,
        0.612809103174936,
        0.0321017552804308
      ],
      [
        -0.567110202504733,
        -0.453804760500872,
        0.687347988694073,
        0.336347616909392
      ],
      [
        0.0,
        0.0,
        0.0,
        1.0
      ]
    ],
    "3": [
      [
        -0.609279931343056,
        0.579714323904528,
        0.541026124990759,
        -0.0733088954467281
      ],
      [
        -0.711023846853314,
        -0.701450619077984,
        -0.0491133199959805,
        -0.0320197504719519
      ],
      [
        0.351031415215954,
        -0.414606236874252,
        0.839570493690945,
        0.373771796787248
      ],
      [
        0.0,
        0.0,
        0.0,
        1.0
      ]
    ]
  },
  "T_WP": {
    "0": [
      [
        0.386867560620568,
        0.889902193763205,
        0.241676593974109,
        0.0143266216635103
      ],
      [
        0.613444458990596,
        -0.0526864805274715,
        -0.787978445456069,
        -0.0870566164814687
      ],
      [
        -0.688490658087113,
        0.453098466456314,
        -0.56628826000696,
        0.296729376869691
      ],
      [
        0.0,
        0.0,
        0.0,
        1.0
      ]
    ],
    "1": [
      [
        -0.540799493707657,
        -0.577399406286906,
        -0.611674613847159,
        -0.116247792020742
      ],
      [
        -0.0514643812582353,
        -0.703112020731919,
        0.709214286209735,
        0.0816251301427042
      ],
      [
        -0.839575681560185,
        0.415022182445476,
        0.350527121648161,
        0.398286757141833
      ],
      [
        0.0,
        0.0,
        0.0,
        1.0
      ]
    ],
    "2": [
      [
        0.389894531257036,
        -0.88928908281872,
        0.239054767104312,
        0.0140214201779121
      ],
      [
        -0.612809103174936,
        -0.0567993532197868,
        0.788187056820743,
        0.0872748492578828
      ],
      [
        -0.687347988694073,
        -0.453804760500872,
        -0.567110202504733,
        0.29664990273406
      ],
      [
        0.0,
        0.0,
        0.0,
        1.0
      ]
    ],
    "3": [
      [
        -0.541026124990759,
        0.579714323904528,
        -0.609279931343056,
        -0.115958490640742
      ],
      [
        0.0491133199959805,
        -0.701450619077984,
        -0.711023846853314,
        -0.0817914197516839
      ],
      [
        -0.839570493690945,
        -0.414606236874252,
        0.351031415215954,
        0.398343995852365
      ],
      [
        0.0,
        0.0,
        0.0,
        1.0
      ]
    ]
  },
  "simTime": 0.484999999999963,
  "state": [
    -0.0380106544830589,
    4.10024042394398e-05,
    0.35505970684832,
    0.970560825407611,
    -0.000395296615430112,
    0.240854211537081,
    0.000881311258183109,
    -0.255890633670887,
    8.44967131303636e-05,
    0.158974377593305,
    -0.01114986816564,
    -4.43281241115418,
    0.0018834997904271,
    0.820007106727449,
    0.524392711039093,
    0.107275041580132,
    -0.202713332022164,
    0.998764159968459,
    0.0480786028393139,
    -0.012466093802178,
    -0.00178807629408691,
    0.819754613401998,
    -0.524836542219045,
    0.107350540072684,
    0.202545894314846,
    0.998759854171265,
    -0.0481934970391141,
    -0.0123933148161138,
    0.00159570887175877,
    -1.63181106022214,
    -1.29948308628519,
    -5.53946137953075,
    0.00904679787851739,
    0.294355275360448,
    -0.603035011817308,
    1.63067998574773,
    -1.29927673859894,
    5.54471855964479,
    -0.0122142022533942,
    0.293695796969462,
    0.603726748883898
  ]
}