{
  "T_WB": [
    [
      -2.22044604925031e-16,
      3.20390540961586e-20,
      1.0,
      -2.83001227021887e-37
    ],
    [
      -3.54249068658973e-19,
      1.0,
      -3.20390540961586e-20,
      4.9967474906268e-21
    ],
    [
      -1.0,
      -3.54249068658973e-19,
      -2.22044604925031e-16,
      0.434588752175001
    ],
    [
      0.0,
      0.0,
      0.0,
      1.0
    ]
  ],
  "T_WH": {
    "0": [
      [
        -1.57080861229715e-16,
        -1.54592144630987e-16,
        1.0,
        -8.88280944673233e-18
      ],
      [
        -0.707106779455507,
        0.707106782917588,
        -1.7597878438941e-18,
        -0.032
      ],
      [
        -0.707106782917588,
        -0.707106779455507,
        -2.20386095961205e-16,
        0.394588752175001
      ],
      [
        0.0,
        0.0,
        0.0,
        1.0
      ]
    ],
    "1": [
      [
        1.57080861229715e-16,
        1.54599044250663e-16,
        1.0,
        8.88280944673233e-18
      ],
      [
        0.707106779455507,
        -0.707106782917588,
        -1.7549090760216e-18,
        0.032
      ],
      [
        0.707106782917588,
        0.707106779455507,
        -2.20390974729054e-16,
        0.474588752175001
      ],
      [
        0.0,
        0.0,
        0.0,
        1.0
      ]
    ],
    "2": [
      [
        -1.57050117420594e-16,
        1.55667901504373e-16,
        1.0,
        -8.88075894727017e-18
      ],
      [
        0.707106779455507,
        0.707106782917588,
        9.77373706096303e-19,
        0.032
      ],
      [
        -0.707106782917588,
        0.707106779455507,
        -2.2112503178346e-16,
        0.394588752175001
      ],
      [
        0.0,
        0.0,
        0.0,
        1.0
      ]
    ],
    "3": [
      [
        1.57050117420594e-16,
        -1.5463320386966e-16,
        1.0,
        8.88075894727017e-18
      ],
      [
        -0.707106779455507,
        -0.707106782917588,
        1.70901542187096e-18,
        -0.032
      ],
      [
        0.707106782917588,
        -0.707106779455507,
        -2.20393390071268e-16,
        0.474588752175001
      ],
      [
        0.0,
        0.0,
        0.0,
        1.0
      ]
    ]
  },
  "T_WP": {
    "0": [
      [
        -1.0,
        -1.54592144630987e-16,
        -9.58485212723477e-17,
        -1.98784697328124e-17
      ],
      [
        -4.15380148618849e-17,
        0.707106782917588,
        -0.707106779455507,
        -0.0814974745618855
      ],
      [
        1.77088293043435e-16,
        -0.707106779455507,
        -0.707106782917588,
        0.34509127737077
      ],
      [
        0.0,
        0.0,
        0.0,
        1.0
      ]
    ],
    "1": [
      [
        -1.0,
        1.54599044250663e-16,
        2.18313201187083e-16,
        1.98784697328124e-17
      ],
      [
        4.50527117818006e-17,
        -0.707106782917588,
        0.707106779455507,
        0.0814974745618855
      ],
      [
        2.63688777646824e-16,
        0.707106779455507,
        0.707106782917588,
        0.524086226979232
      ],
      [
        0.0,
        0.0,
        0.0,
        1.0
      ]
    ],
    "2": [
      [
        -1.0,
        1.55667901504373e-16,
        -9.58177774632265e-17,
        -1.98742671667118e-17
      ],
      [
        4.23204289996827e-17,
        0.707106782917588,
        0.707106779455507,
        0.0814974745618855
      ],
      [
        1.7782722886569e-16,
        0.707106779455507,
        -0.707106782917588,
        0.34509127737077
      ],
      [
        0.0,
        0.0,
        0.0,
        1.0
      ]
    ],
    "3": [
      [
        -1.0,
        -1.5463320386966e-16,
        2.18282457377962e-16,
        1.98742671667118e-17
      ],
      [
        -4.500681812765e-17,
        -0.707106782917588,
        -0.707106779455507,
        -0.0814974745618855
      ],
      [
        2.63691192989038e-16,
        -0.707106779455507,
        0.707106782917588,
        0.524086226979232
      ],
      [
        0.0,
        0.0,
        0.0,
        1.0
      ]
    ]
  },
  "simTime": 0.115500000000002,
  "state": [
    -2.83001227021887e-37,
    4.9967474906268e-21,
    0.434588752175001,
    0.707106781186548,
    -1.13918443131791e-19,
    0.707106781186548,
    -1.36573475545987e-19,
    -4.62464879542715e-35,
    2.48233670193398e-20,
    -1.13266229999998,
    6.4256629647492e-19,
    -5.2247324492519e-18,
    -9.27316338257977e-18,
    1.0,
    1.19722291027653e-18,
    2.44799723054993e-20,
    -2.34025069506826e-19,
    1.0,
    -1.1937731004385e-18,
    -2.4479972305499e-20,
    2.3201841248238e-19,
    1.0,
    -6.81999506052881e-19,
    3.17631001036208e-20,
    1.34269901233183e-19,
    1.0,
    1.1993483234096e-18,
    -3.17631001036204e-20,
    -2.26828461511374e-19,
    2.36774756534147e-17,
    6.09413826087158e-19,
    -1.04237665002131e-17,
    -2.36803468708371e-17,
    -6.09413826087152e-19,
    1.03854450798748e-17,
    -1.85640413698662e-17,
    7.24996094494169e-19,
    5.92423482149672e-18,
    2.37300136223795e-17,
    -7.24996094494164e-19,
    -1.02856893336605e-17
  ]
}