{
  "T_WB": [
    [
      0.473995902646953,
      -0.000208110347811037,
      0.880527024550628,
      -0.00235932763244787
    ],
    [
      0.000733091865977346,
      0.999999718761402,
      -0.000158282764263624,
      -1.23316215789639e-05
    ],
    [
      -0.880526743972161,
      0.000720532581191891,
      0.473995921905013,
      0.464086458333755
    ],
    [
      0.0,
      0.0,
      0.0,
      1.0
    ]
  ],
  "T_WH": {
    "0": [
      [
        0.415523739969779,
        0.163909065480814,
        0.894692036275463,
        0.0166071680045602
      ],
      [
        -0.556461879950038,
        0.823889396176347,
        0.107500879208704,
        -0.0319829989473047
      ],
      [
        -0.719506912881313,
        -0.542531179861012,
        0.433554749938946,
        0.428842331532271
      ],
      [
        0.0,
        0.0,
        0.0,
        1.0
      ]
    ],
    "1": [
      [
        -0.311248759259335,
        -0.266324236663608,
        0.912247560054326,
        -0.021325823269456
      ],
      [
        0.716421736595317,
        -0.696455214198722,
        0.0411099738404481,
        0.0319583357041468
      ],
      [
        0.624390987437579,
        0.666349409529984,
        0.407571293427011,
        0.49933058513524
      ],
      [
        0.0,
        0.0,
        0.0,
        1.0
      ]
    ],
    "2": [
      [
        0.415700385027968,
        -0.164802090410757,
        0.894445896007044,
        0.0165938489423003
      ],
      [
        0.55744236625474,
        0.823240391421849,
        -0.107393045565888,
        0.032016983053425
      ],
      [
        -0.71864539112967,
        0.543245367148073,
        0.434089014926938,
        0.428888445617467
      ],
      [
        0.0,
        0.0,
        0.0,
        1.0
      ]
    ],
    "3": [
      [
        -0.310995549848361,
        0.266720966716211,
        0.912218007873384,
        -0.0213125042071961
      ],
      [
        -0.717358623654604,
        -0.695484077113872,
        -0.0412129051322144,
        -0.0320416462965829
      ],
      [
        0.623440753434428,
        -0.667204484693437,
        0.407627038556175,
        0.499284471050044
      ],
      [
        0.0,
        0.0,
        0.0,
        1.0
      ]
    ]
  },
  "T_WP": {
    "0": [
      [
        -0.894692036275463,
        0.163909065480814,
        0.41552373996978,
        0.0456938298024448
      ],
      [
        -0.107500879208704,
        0.823889396176347,
        -0.556461879950038,
        -0.0709353305438074
      ],
      [
        -0.433554749938946,
        -0.542531179861012,
        -0.719506912881313,
        0.378476847630579
      ],
      [
        0.0,
        0.0,
        0.0,
        1.0
      ]
    ],
    "1": [
      [
        -0.912247560054326,
        -0.266324236663608,
        -0.311248759259335,
        -0.0431132364176094
      ],
      [
        -0.0411099738404481,
        -0.696455214198722,
        0.716421736595317,
        0.082107857265819
      ],
      [
        -0.407571293427011,
        0.666349409529984,
        0.624390987437579,
        0.54303795425587
      ],
      [
        0.0,
        0.0,
        0.0,
        1.0
      ]
    ],
    "2": [
      [
        -0.894445896007044,
        -0.164802090410757,
        0.415700385027968,
        0.0456928758942581
      ],
      [
        0.107393045565888,
        0.823240391421849,
        0.55744236625474,
        0.0710379486912568
      ],
      [
        -0.434089014926938,
        0.543245367148073,
        -0.71864539112967,
        0.37858326823839
      ],
      [
        0.0,
        0.0,
        0.0,
        1.0
      ]
    ],
    "3": [
      [
        -0.912218007873384,
        0.266720966716211,
        -0.310995549848361,
        -0.0430821926965813
      ],
      [
        0.0412129051322144,
        -0.695484077113872,
        -0.717358623654604,
        -0.0822567499524052
      ],
      [
        -0.407627038556175,
        -0.667204484693437,
        0.623440753434428,
        0.542925323790454
      ],
      [
        0.0,
        0.0,
        0.0,
        1.0
      ]
    ]
  }
}