{
  "T_WB": [
    [
      0.997014811799659,
      -0.00160894965181292,
      0.0771937583818106,
      -0.0021132253710275
    ],
    [
      0.00173021969378671,
      0.999997371966994,
      -0.0015041272943131,
      -9.81855863000262e-06
    ],
    [
      -0.0771911354489793,
      0.00163319935225192,
      0.997014975448199,
      0.307271102452638
    ],
    [
      0.0,
      0.0,
      0.0,
      1.0
    ]
  ],
  "T_WH": {
    "0": [
      [
        0.795769900471075,
        0.602913139231409,
        -0.0569737838517228,
        0.0399320788608444
      ],
      [
        -0.600753397125989,
        0.774024025467769,
        -0.199955404628766,
        -0.0319307071151923
      ],
      [
        -0.0764566631879748,
        0.193345686636131,
        0.978147138273871,
        -0.00313990779723123
      ],
      [
        0.0,
        0.0,
        0.0,
        1.0
      ]
    ],
    "1": [
      [
        -0.644834432655039,
        -0.761654933471975,
        0.0637990343207084,
        -0.0399320788608444
      ],
      [
        0.762523530577912,
        -0.646795091660241,
        -0.0146278747333962,
        0.0319307071151923
      ],
      [
        0.0524062952081987,
        0.0392157075930294,
        0.997855554927931,
        0.00313990779723123
      ],
      [
        0.0,
        0.0,
        0.0,
        1.0
      ]
    ],
    "2": [
      [
        0.793329541784366,
        -0.60602842768332,
        -0.0579463801448522,
        0.0398291060831283
      ],
      [
        0.60422263998747,
        0.772159288861124,
        0.196685113702221,
        0.0320691246906953
      ],
      [
        -0.0744529345209462,
        -0.191048625918029,
        0.978752871299008,
        -0.00303538303868711
      ],
      [
        0.0,
        0.0,
        0.0,
        1.0
      ]
    ],
    "3": [
      [
        -0.642524414900362,
        0.763600126268431,
        0.0638531394669285,
        -0.0398291060831283
      ],
      [
        -0.764636321085851,
        -0.644359152200814,
        0.0115143150618272,
        -0.0320691246906953
      ],
      [
        0.0499366872473762,
        -0.0414262011036951,
        0.997892878584106,
        0.00303538303868711
      ],
      [
        0.0,
        0.0,
        0.0,
        1.0
      ]
    ]
  },
  "T_WP": {
    "0": [
      [
        0.0569737838517228,
        0.602913139231409,
        0.795769900471075,
        0.0956359718938196
      ],
      [
        0.199955404628766,
        0.774024025467769,
        -0.600753397125989,
        -0.0739834449140115
      ],
      [
        -0.978147138273871,
        0.193345686636131,
        -0.0764566631879747,
        -0.00849187422038947
      ],
      [
        0.0,
        0.0,
        0.0,
        1.0
      ]
    ],
    "1": [
      [
        -0.0637990343207084,
        -0.761654933471975,
        -0.644834432655039,
        -0.0850704891466971
      ],
      [
        0.0146278747333962,
        -0.646795091660241,
        0.762523530577912,
        0.0853073542556462
      ],
      [
        -0.997855554927931,
        0.0392157075930294,
        0.0524062952081987,
        0.00680834846180514
      ],
      [
        0.0,
        0.0,
        0.0,
        1.0
      ]
    ],
    "2": [
      [
        0.0579463801448523,
        -0.60602842768332,
        0.793329541784366,
        0.0953621740080339
      ],
      [
        -0.19668511370222,
        0.772159288861124,
        0.60422263998747,
        0.0743647094898182
      ],
      [
        -0.978752871299008,
        -0.191048625918029,
        -0.0744529345209462,
        -0.00824708845515335
      ],
      [
        0.0,
        0.0,
        0.0,
        1.0
      ]
    ],
    "3": [
      [
        -0.0638531394669286,
        0.763600126268431,
        -0.642524414900362,
        -0.0848058151261537
      ],
      [
        -0.0115143150618272,
        -0.644359152200814,
        -0.764636321085851,
        -0.0855936671667048
      ],
      [
        -0.997892878584106,
        -0.0414262011036951,
        0.0499366872473762,
        0.00653095114600344
      ],
      [
        0.0,
        0.0,
        0.0,
        1.0
      ]
    ]
  }
}