{
  "T_WB": [
    [
      -0.358740104390824,
      0.0384091610278161,
      -0.932646918105024,
      -0.265306711103171
    ],
    [
      0.00385693065264997,
      0.999205523555278,
      0.0396666835337059,
      -0.00258256644343588
    ],
    [
      0.933429516132633,
      0.0106328757051807,
      -0.35860323529862,
      0.129890629665996
    ],
    [
      0.0,
      0.0,
      0.0,
      1.0
    ]
  ],
  "T_WH": {
    "0": [
      [
        -0.0216025632949244,
        0.156725183773944,
        -0.987405968196523,
        -0.280885408431694
      ],
      [
        -0.380449678621556,
        0.912043025408486,
        0.153086778790625,
        -0.0344028659710988
      ],
      [
        0.924549280079674,
        0.378965350097814,
        0.0399235786146201,
        0.166887558288736
      ],
      [
        0.0,
        0.0,
        0.0,
        1.0
      ]
    ],
    "1": [
      [
        0.499297816202591,
        0.511626954674016,
        -0.699242125437475,
        -0.249728013774648
      ],
      [
        0.702011733913123,
        -0.711895347238322,
        -0.0196096922137638,
        0.029237733084227
      ],
      [
        -0.507820062801396,
        -0.481085100404722,
        -0.714615917808276,
        0.0928937010432569
      ],
      [
        0.0,
        0.0,
        0.0,
        1.0
      ]
    ],
    "2": [
      [
        0.000976062546314185,
        -0.0131666507582609,
        -0.999912839506382,
        -0.278427222125914
      ],
      [
        0.386282122144305,
        0.922305613203708,
        -0.011767666065284,
        0.029546287536439
      ],
      [
        0.922380165340516,
        -0.386236967625759,
        0.00598626976173742,
        0.167568062333868
      ],
      [
        0.0,
        0.0,
        0.0,
        1.0
      ]
    ],
    "3": [
      [
        0.29708569242488,
        -0.56305603314614,
        -0.771173129001629,
        -0.252186200080428
      ],
      [
        -0.610677970075009,
        -0.732908938769547,
        0.299861475246093,
        -0.0347114204233108
      ],
      [
        -0.734038492329589,
        0.381853886990076,
        -0.561582674918907,
        0.0922131969981253
      ],
      [
        0.0,
        0.0,
        0.0,
        1.0
      ]
    ]
  },
  "T_WP": {
    "0": [
      [
        0.987405968196523,
        0.156725183773944,
        -0.0216025632949244,
        -0.282397587862339
      ],
      [
        -0.153086778790625,
        0.912043025408486,
        -0.380449678621556,
        -0.0610343434746077
      ],
      [
        -0.03992357861462,
        0.378965350097814,
        0.924549280079674,
        0.231606007894313
      ],
      [
        0.0,
        0.0,
        0.0,
        1.0
      ]
    ],
    "1": [
      [
        0.699242125437475,
        0.511626954674016,
        0.499297816202591,
        -0.214777166640467
      ],
      [
        0.0196096922137639,
        -0.711895347238322,
        0.702011733913123,
        0.0783785544581457
      ],
      [
        0.714615917808276,
        -0.481085100404722,
        -0.507820062801396,
        0.0573462966471591
      ],
      [
        0.0,
        0.0,
        0.0,
        1.0
      ]
    ],
    "2": [
      [
        0.999912839506382,
        -0.0131666507582609,
        0.000976062546314123,
        -0.278358897747672
      ],
      [
        0.0117676660652841,
        0.922305613203708,
        0.386282122144305,
        0.0565860360865404
      ],
      [
        -0.00598626976173736,
        -0.386236967625759,
        0.922380165340516,
        0.232134673907704
      ],
      [
        0.0,
        0.0,
        0.0,
        1.0
      ]
    ],
    "3": [
      [
        0.771173129001629,
        -0.56305603314614,
        0.29708569242488,
        -0.231390201610687
      ],
      [
        -0.299861475246093,
        -0.732908938769547,
        -0.610677970075009,
        -0.0774588783285614
      ],
      [
        0.561582674918907,
        0.381853886990076,
        -0.734038492329589,
        0.0408305025350541
      ],
      [
        0.0,
        0.0,
        0.0,
        1.0
      ]
    ]
  },
  "simTime": 1.1024999999999,
  "state": [
    -0.265306711103171,
    -0.00258256644343588,
    0.129890629665996,
    -0.566096763783771,
    0.0128219280191889,
    0.824097819321942,
    0.015258977168594,
    -0.369120708075685,
    -0.0294402113417902,
    0.735854245135923,
    -1.87811987910048,
    9.05725660899856,
    -2.70253083265125,
    0.955790295805243,
    -0.158187569729858,
    0.136558654169824,
    0.206865505096462,
    0.976634783977238,
    -0.170344036671256,
    0.131023044492015,
    -0.000608036445945555,
    0.963964605392726,
    0.124579614566901,
    0.13965616907091,
    -0.189072244459218,
    0.980570272400484,
    0.183579283378739,
    0.00652598587992978,
    -0.0688331250698725,
    0.860018715050717,
    -0.206537808108639,
    1.53488206456485,
    0.0758219226892144,
    4.20032742257362,
    1.2349003863267,
    -3.32835426767978,
    -0.51823197786086,
    0.0213882699647219,
    -0.571713188458142,
    -0.71953035415286,
    -3.57564191793787
  ]
}