{
  "T_WB": [
    [
      -2.22044604925031e-16,
      2.28699845985252e-21,
      1.0,
      5.4953987557754e-37
    ],
    [
      -9.94331258895386e-21,
      1.0,
      -2.28699845985252e-21,
      1.49555395534323e-21
    ],
    [
      -1.0,
      -9.94331258895386e-21,
      -2.22044604925031e-16,
      0.4887027968
    ],
    [
      0.0,
      0.0,
      0.0,
      1.0
    ]
  ],
  "T_WH": {
    "0": [
      [
        -1.57020787890399e-16,
        -1.56291491419612e-16,
        1.0,
        -8.88185738095197e-18
      ],
      [
        -0.707106779455507,
        0.707106782917588,
        -5.15689937632398e-19,
        -0.032
      ],
      [
        -0.707106782917588,
        -0.707106779455507,
        -2.21545237330385e-16,
        0.4487027968
      ],
      [
        0.0,
        0.0,
        0.0,
        1.0
      ]
    ],
    "1": [
      [
        1.57020787890399e-16,
        1.56306896579293e-16,
        1.0,
        8.88185738095197e-18
      ],
      [
        0.707106779455507,
        -0.707106782917588,
        -5.04796844730228e-19,
        0.032
      ],
      [
        0.707106782917588,
        0.707106779455507,
        -2.21556130423234e-16,
        0.5287027968
      ],
      [
        0.0,
        0.0,
        0.0,
        1.0
      ]
    ],
    "2": [
      [
        -1.57019679372187e-16,
        1.56616713100341e-16,
        1.0,
        -8.88171101305054e-18
      ],
      [
        0.707106779455507,
        0.707106782917588,
        2.84939640494561e-19,
        0.032
      ],
      [
        -0.707106782917588,
        0.707106779455507,
        -2.21774419944908e-16,
        0.4487027968
      ],
      [
        0.0,
        0.0,
        0.0,
        1.0
      ]
    ],
    "3": [
      [
        1.57019679372187e-16,
        -1.56293224504137e-16,
        1.0,
        8.88171101305054e-18
      ],
      [
        -0.707106779455507,
        -0.707106782917588,
        5.1368062106665e-19,
        -0.032
      ],
      [
        0.707106782917588,
        -0.707106779455507,
        -2.21545678965456e-16,
        0.5287027968
      ],
      [
        0.0,
        0.0,
        0.0,
        1.0
      ]
    ]
  },
  "T_WP": {
    "0": [
      [
        -1.0,
        -1.56291491419612e-16,
        -9.57884479330311e-17,
        -1.98733125332799e-17
      ],
      [
        -4.27821127681466e-17,
        0.707106782917588,
        -0.707106779455507,
        -0.0814974745618855
      ],
      [
        1.78247434412615e-16,
        -0.707106779455507,
        -0.707106782917588,
        0.399205321995768
      ],
      [
        0.0,
        0.0,
        0.0,
        1.0
      ]
    ],
    "1": [
      [
        -1.0,
        1.56306896579293e-16,
        2.18253127847766e-16,
        1.98733125332799e-17
      ],
      [
        4.38025995505092e-17,
        -0.707106782917588,
        0.707106779455507,
        0.0814974745618855
      ],
      [
        2.64853933341004e-16,
        0.707106779455507,
        0.707106782917588,
        0.578200271604231
      ],
      [
        0.0,
        0.0,
        0.0,
        1.0
      ]
    ],
    "2": [
      [
        -1.0,
        1.56616713100341e-16,
        -9.57873394148194e-17,
        -1.98730885691036e-17
      ],
      [
        4.30128630652845e-17,
        0.707106782917588,
        0.707106779455507,
        0.0814974745618855
      ],
      [
        1.78476617027137e-16,
        0.707106779455507,
        -0.707106782917588,
        0.399205321995768
      ],
      [
        0.0,
        0.0,
        0.0,
        1.0
      ]
    ],
    "3": [
      [
        -1.0,
        -1.56293224504137e-16,
        2.18252019329555e-16,
        1.98730885691036e-17
      ],
      [
        -4.38114833268457e-17,
        -0.707106782917588,
        -0.707106779455507,
        -0.0814974745618855
      ],
      [
        2.64843481883226e-16,
        -0.707106779455507,
        0.707106782917588,
        0.578200271604231
      ],
      [
        0.0,
        0.0,
        0.0,
        1.0
      ]
    ]
  },
  "simTime": 0.0480000000000003,
  "state": [
    5.4953987557754e-37,
    1.49555395534323e-21,
    0.4887027968,
    0.707106781186548,
    -2.70691581979097e-21,
    0.707106781186548,
    -4.32406793931587e-21,
    2.20398826147087e-35,
    7.24815355972746e-20,
    -0.470716800000004,
    1.6674576987169e-19,
    -1.43815170684128e-18,
    -1.90245366732802e-18,
    1.0,
    3.58068456136791e-19,
    4.96224276879544e-21,
    -1.96731418269972e-20,
    1.0,
    -3.50365876296427e-19,
    -4.96224276879532e-21,
    1.93612285055862e-20,
    1.0,
    -1.97074767895862e-19,
    6.02513577852264e-21,
    1.40405045141425e-20,
    1.0,
    3.58819065997687e-19,
    -6.02513577852252e-21,
    -1.87015494688007e-20,
    2.30656997299136e-17,
    4.43093516675013e-19,
    -2.45747093688711e-18,
    -2.59240070181411e-17,
    -4.43093516675004e-19,
    2.3809490606675e-18,
    -1.11437787360829e-17,
    5.82092924504619e-19,
    1.55662115355559e-18,
    2.30602768016147e-17,
    -5.82092924504612e-19,
    -2.32894237720405e-18
  ]
}