{
  "T_WB": [
    [
      -0.28722937307484,
      0.0461720444658345,
      -0.956748362712411,
      -0.268366975586839
    ],
    [
      -0.0228661187694049,
      0.998222383927613,
      0.0550382852049013,
      -0.00280873822703958
    ],
    [
      0.957588861597428,
      0.0376857338487337,
      -0.285663014072219,
      0.135832515837174
    ],
    [
      0.0,
      0.0,
      0.0,
      1.0
    ]
  ],
  "T_WH": {
    "0": [
      [
        0.0444614141590329,
        0.181607901810484,
        -0.982365386529357,
        -0.281333655932739
      ],
      [
        -0.396232303130838,
        0.905891086354007,
        0.149536957371709,
        -0.0356664992634994
      ],
      [
        0.917073140271054,
        0.382596275026758,
        0.112236115974489,
        0.172930126817912
      ],
      [
        0.0,
        0.0,
        0.0,
        1.0
      ]
    ],
    "1": [
      [
        0.489849123712273,
        0.463776970736825,
        -0.738213219478284,
        -0.255400295240939
      ],
      [
        0.70623542766591,
        -0.707566531852213,
        0.0241065076728156,
        0.0300490228094202
      ],
      [
        -0.511154924370164,
        -0.533160880426166,
        -0.674136572865861,
        0.0987349048564364
      ],
      [
        0.0,
        0.0,
        0.0,
        1.0
      ]
    ],
    "2": [
      [
        0.0674486553259447,
        -0.00954527307512818,
        -0.997677085362114,
        -0.278378645086926
      ],
      [
        0.357257229927465,
        0.933882055169635,
        0.0152177099687648,
        0.0282197333078679
      ],
      [
        0.931567469676393,
        -0.35745376595311,
        0.0663992066719431,
        0.175342013784231
      ],
      [
        0.0,
        0.0,
        0.0,
        1.0
      ]
    ],
    "3": [
      [
        0.247177469108133,
        -0.527560332166925,
        -0.812762815764367,
        -0.258355306086752
      ],
      [
        -0.566705146371641,
        -0.759083483560023,
        0.320370944472619,
        -0.033837209761947
      ],
      [
        -0.785969831381075,
        0.381408391242648,
        -0.48659948956868,
        0.0963230178901175
      ],
      [
        0.0,
        0.0,
        0.0,
        1.0
      ]
    ]
  },
  "T_WP": {
    "0": [
      [
        0.982365386529357,
        0.181607901810484,
        0.0444614141590329,
        -0.278221356941607
      ],
      [
        -0.14953695737171,
        0.905891086354007,
        -0.396232303130838,
        -0.063402760482658
      ],
      [
        -0.112236115974489,
        0.382596275026758,
        0.917073140271054,
        0.237125246636885
      ],
      [
        0.0,
        0.0,
        0.0,
        1.0
      ]
    ],
    "1": [
      [
        0.738213219478284,
        0.463776970736825,
        0.489849123712273,
        -0.22111085658108
      ],
      [
        -0.0241065076728156,
        -0.707566531852213,
        0.70623542766591,
        0.079485502746034
      ],
      [
        0.674136572865861,
        -0.533160880426166,
        -0.511154924370164,
        0.0629540601505249
      ],
      [
        0.0,
        0.0,
        0.0,
        1.0
      ]
    ],
    "2": [
      [
        0.997677085362114,
        -0.00954527307512818,
        0.0674486553259447,
        -0.27365723921411
      ],
      [
        -0.0152177099687648,
        0.933882055169635,
        0.357257229927465,
        0.0532277394027904
      ],
      [
        -0.0663992066719431,
        -0.35745376595311,
        0.931567469676393,
        0.240551736661578
      ],
      [
        0.0,
        0.0,
        0.0,
        1.0
      ]
    ],
    "3": [
      [
        0.812762815764367,
        -0.527560332166925,
        0.247177469108133,
        -0.241052883249183
      ],
      [
        -0.320370944472619,
        -0.759083483560023,
        -0.566705146371641,
        -0.0735065700079619
      ],
      [
        0.48659948956868,
        0.381408391242648,
        -0.785969831381075,
        0.0413051296934422
      ],
      [
        0.0,
        0.0,
        0.0,
        1.0
      ]
    ]
  },
  "simTime": 1.11099999999989,
  "state": [
    -0.268366975586839,
    -0.00280873822703958,
    0.135832515837174,
    -0.59693592553568,
    0.00726734252951676,
    0.801734802019139,
    0.0289135568332923,
    -0.351538568298012,
    -0.0243538594038192,
    0.661337520404081,
    -1.90656347245069,
    8.9913367267234,
    -2.73253565206925,
    0.955413119403684,
    -0.15248798062615,
    0.13683896712988,
    0.212622397951645,
    0.974723385970035,
    -0.169877453596463,
    0.14507988541643,
    0.00279257054460307,
    0.965846793058433,
    0.111313977044688,
    0.139324656722314,
    -0.187983538860306,
    0.979910913762758,
    0.181198212565719,
    0.00666250780300432,
    -0.0830507064473318,
    1.30750658307226,
    -0.607983995215225,
    1.46992071684273,
    -0.193011410383418,
    2.23285983661541,
    1.45882349835238,
    -2.86965263328161,
    -0.847562523360011,
    -0.201743649073691,
    -0.452271834850613,
    -0.533926423601398,
    -3.05233846014082
  ]
}