{
  "T_WB": [
    [
      -0.354566212673953,
      0.0388042492562142,
      -0.934225364175963,
      -0.265490986779726
    ],
    [
      0.0023244499133394,
      0.9991719759457,
      0.0406196924824131,
      -0.00259718478398375
    ],
    [
      0.935028019774087,
      0.0122308104566715,
      -0.354362821854838,
      0.130257501022332
    ],
    [
      0.0,
      0.0,
      0.0,
      1.0
    ]
  ],
  "T_WH": {
    "0": [
      [
        -0.0175925601658423,
        0.158315259061243,
        -0.987231877815533,
        -0.280915371262883
      ],
      [
        -0.381364661889721,
        0.911676234197382,
        0.152994897501254,
        -0.0344777100177126
      ],
      [
        0.924257267479434,
        0.379186923229232,
        0.0443371262419883,
        0.167267235878682
      ],
      [
        0.0,
        0.0,
        0.0,
        1.0
      ]
    ],
    "1": [
      [
        0.499035603994142,
        0.508892935202965,
        -0.701421019393284,
        -0.250066602296569
      ],
      [
        0.702334291218648,
        -0.711652971815514,
        -0.0166310277657557,
        0.0292833404497451
      ],
      [
        -0.507631765480256,
        -0.484332559515317,
        -0.712553129576133,
        0.0932477661659816
      ],
      [
        0.0,
        0.0,
        0.0,
        1.0
      ]
    ],
    "2": [
      [
        0.00496511468849605,
        -0.0129143336344673,
        -0.999904279230221,
        -0.278431899310486
      ],
      [
        0.384649712379761,
        0.9230083289573,
        -0.0100111658471854,
        0.0294692964428122
      ],
      [
        0.923049265425361,
        -0.3845631868266,
        0.00955033692978413,
        0.168050007747909
      ],
      [
        0.0,
        0.0,
        0.0,
        1.0
      ]
    ],
    "3": [
      [
        0.294314273618632,
        -0.560858138639816,
        -0.773832835091545,
        -0.252550074248967
      ],
      [
        -0.6080638733594,
        -0.734561244285511,
        0.301128053008824,
        -0.0346636660107797
      ],
      [
        -0.737317729516591,
        0.381913506850965,
        -0.557229431226759,
        0.0924649942967546
      ],
      [
        0.0,
        0.0,
        0.0,
        1.0
      ]
    ]
  },
  "T_WP": {
    "0": [
      [
        0.987231877815533,
        0.158315259061243,
        -0.0175925601658424,
        -0.282146850474492
      ],
      [
        -0.152994897501254,
        0.911676234197382,
        -0.381364661889721,
        -0.061173236349993
      ],
      [
        -0.0443371262419883,
        0.379186923229232,
        0.924257267479434,
        0.231965244602242
      ],
      [
        0.0,
        0.0,
        0.0,
        1.0
      ]
    ],
    "1": [
      [
        0.701421019393284,
        0.508892935202965,
        0.499035603994141,
        -0.215134110016979
      ],
      [
        0.0166310277657558,
        -0.711652971815514,
        0.702334291218648,
        0.0784467408350505
      ],
      [
        0.712553129576133,
        -0.484332559515317,
        -0.507631765480256,
        0.0577135425823637
      ],
      [
        0.0,
        0.0,
        0.0,
        1.0
      ]
    ],
    "2": [
      [
        0.999904279230221,
        -0.0129143336344673,
        0.00496511468849599,
        -0.278084341282291
      ],
      [
        0.0100111658471855,
        0.9230083289573,
        0.384649712379761,
        0.0563947763093955
      ],
      [
        -0.00955033692978408,
        -0.3845631868266,
        0.923049265425361,
        0.232663456327684
      ],
      [
        0.0,
        0.0,
        0.0,
        1.0
      ]
    ],
    "3": [
      [
        0.773832835091545,
        -0.560858138639816,
        0.294314273618632,
        -0.231948075095663
      ],
      [
        -0.301128053008824,
        -0.734561244285511,
        -0.6080638733594,
        -0.0772281371459377
      ],
      [
        0.557229431226759,
        0.381913506850965,
        -0.737317729516591,
        0.0408527532305933
      ],
      [
        0.0,
        0.0,
        0.0,
        1.0
      ]
    ]
  },
  "simTime": 1.10299999999989,
  "state": [
    -0.265490986779726,
    -0.00259718478398375,
    0.130257501022332,
    -0.567944306560271,
    0.0124963318136234,
    0.822815442622842,
    0.0160578242098301,
    -0.36798418545558,
    -0.0290357090759337,
    0.731627706266426,
    -1.8809507378127,
    9.0525186285453,
    -2.70477133056164,
    0.955753003055253,
    -0.157914667389891,
    0.136612002672002,
    0.207210800152771,
    0.976501825988273,
    -0.170286891300691,
    0.132084540227736,
    -0.000482416358798462,
    0.964086590476264,
    0.123756726039301,
    0.139684539118178,
    -0.188969702215005,
    0.980535786315654,
    0.183422303894216,
    0.00652426671868345,
    -0.0697371072834546,
    0.890464155127708,
    -0.233350641022327,
    1.53268316881206,
    0.0527862264820424,
    4.06219392387536,
    1.25227679342293,
    -3.29667949442066,
    -0.541671212278124,
    0.0062787413288879,
    -0.561015065742763,
    -0.70626986597127,
    -3.54044842496788
  ]
}