{
  "T_WB": [
    [
      0.364453066068581,
      -0.000531160001633309,
      0.931221606548228,
      -0.0080180827552526
    ],
    [
      0.000425754335334262,
      0.999999827854498,
      0.000403762578797583,
      9.42380979273924e-06
    ],
    [
      -0.93122166070515,
      0.000249319126338308,
      0.364453229473299,
      0.232974043757052
    ],
    [
      0.0,
      0.0,
      0.0,
      1.0
    ]
  ],
  "T_WH": {
    "0": [
      [
        0.526330747052284,
        0.827057115746229,
        0.197363806208011,
        0.00657703700754291
      ],
      [
        -0.609728863066617,
        0.528899319921526,
        -0.590335686647892,
        -0.0319735405081378
      ],
      [
        -0.592626913201616,
        0.190373413795297,
        0.782656569044846,
        0.195717199116803
      ],
      [
        0.0,
        0.0,
        0.0,
        1.0
      ]
    ],
    "1": [
      [
        -0.198506968389973,
        -0.17822316896278,
        0.963759039151118,
        -0.0226132025180481
      ],
      [
        0.659473189983367,
        -0.751721360177764,
        -0.00317936246027695,
        0.0319923881277233
      ],
      [
        0.725044891847245,
        0.634942122320891,
        0.266755330047705,
        0.2702308883973
      ],
      [
        0.0,
        0.0,
        0.0,
        1.0
      ]
    ],
    "2": [
      [
        0.526404752943909,
        -0.827344429929575,
        0.195957215591998,
        0.00654304276743837
      ],
      [
        0.610500140793085,
        0.528213835646744,
        0.590152287060702,
        0.0320264484745501
      ],
      [
        -0.591766519980377,
        -0.191027061161136,
        0.783148164611559,
        0.195733155540888
      ],
      [
        0.0,
        0.0,
        0.0,
        1.0
      ]
    ],
    "3": [
      [
        -0.198098102197889,
        0.179133972130806,
        0.963674302829662,
        -0.0225792082779436
      ],
      [
        -0.659822698124704,
        -0.751410462500736,
        0.00404028264671548,
        -0.0320076008549646
      ],
      [
        0.724838705468348,
        -0.635053806281853,
        0.267049647410178,
        0.270214931973215
      ],
      [
        0.0,
        0.0,
        0.0,
        1.0
      ]
    ]
  },
  "T_WP": {
    "0": [
      [
        -0.197363806208011,
        0.827057115746229,
        0.526330747052284,
        0.0434201893012028
      ],
      [
        0.590335686647892,
        0.528899319921526,
        -0.609728863066617,
        -0.074654560922801
      ],
      [
        -0.782656569044846,
        0.190373413795297,
        -0.592626913201616,
        0.15423331519269
      ],
      [
        0.0,
        0.0,
        0.0,
        1.0
      ]
    ],
    "1": [
      [
        -0.963759039151118,
        -0.17822316896278,
        -0.198506968389973,
        -0.0365086903053462
      ],
      [
        0.00317936246027699,
        -0.751721360177764,
        0.659473189983367,
        0.078155511426559
      ],
      [
        -0.266755330047705,
        0.634942122320891,
        0.725044891847245,
        0.320984030826608
      ],
      [
        0.0,
        0.0,
        0.0,
        1.0
      ]
    ],
    "2": [
      [
        -0.195957215591998,
        -0.827344429929575,
        0.526404752943909,
        0.043391375473512
      ],
      [
        -0.590152287060702,
        0.528213835646744,
        0.610500140793085,
        0.074761458330066
      ],
      [
        -0.783148164611559,
        -0.191027061161136,
        -0.591766519980377,
        0.154309499142262
      ],
      [
        0.0,
        0.0,
        0.0,
        1.0
      ]
    ],
    "3": [
      [
        -0.963674302829662,
        0.179133972130806,
        -0.198098102197889,
        -0.0364460754317958
      ],
      [
        -0.00404028264671552,
        -0.751410462500736,
        -0.659822698124704,
        -0.0781951897236939
      ],
      [
        -0.267049647410177,
        -0.635053806281853,
        0.724838705468348,
        0.320953641355999
      ],
      [
        0.0,
        0.0,
        0.0,
        1.0
      ]
    ]
  },
  "simTime": 0.342999999999979,
  "state": [
    -0.0080180827552526,
    9.42380979273924e-06,
    0.232974043757052,
    0.82597005445058,
    -4.6746081055568e-05,
    0.56371391953557,
    0.000289633483626744,
    -0.159367962009798,
    0.000300488945806268,
    1.55317926400194,
    -0.0096099383010623,
    -5.46030978173855,
    0.00554752585789755,
    0.849643469347851,
    0.506627101999714,
    -0.0945123263113272,
    0.111814018303344,
    0.998149431979519,
    0.0338852882825507,
    -0.038805772153252,
    0.0323049643949812,
    0.849423027740397,
    -0.506878777676352,
    -0.0948921946376012,
    -0.112026318704685,
    0.998152425013393,
    -0.0337867642195906,
    -0.0386900433805187,
    -0.0324541452924862,
    3.56772684366687,
    0.539470703251957,
    -3.17042841415726,
    0.415257388776551,
    0.243837334136568,
    -0.293622782503309,
    -3.57130285255864,
    0.540724943997122,
    3.17189694637993,
    -0.41727699671027,
    0.244423570986782,
    0.29113641532763
  ]
}