{
  "T_WB": [
    [
      0.973951845881753,
      -0.00222655314809508,
      0.226744006237441,
      -0.0551623201080087
    ],
    [
      0.00194673721983393,
      0.999997042699759,
      0.00145767140789971,
      4.15760082214652e-05
    ],
    [
      -0.226746581270199,
      -0.000978290762096292,
      0.97395330012761,
      0.345444750502812
    ],
    [
      0.0,
      0.0,
      0.0,
      1.0
    ]
  ],
  "T_WH": {
    "0": [
      [
        0.0620448730334295,
        0.895246468966357,
        -0.441230318012639,
        -0.0161329965719995
      ],
      [
        -0.802954059857224,
        -0.21780057760304,
        -0.554822211302489,
        -0.0318804598693775
      ],
      [
        -0.592802843691785,
        0.388711548836733,
        0.705328377645393,
        0.336406192556392
      ],
      [
        0.0,
        0.0,
        0.0,
        1.0
      ]
    ],
    "1": [
      [
        -0.660134775343392,
        -0.690901023878101,
        0.294750493785033,
        -0.0941916436440179
      ],
      [
        0.734389667550256,
        -0.676065892438548,
        0.0600560178224885,
        0.0319636118858204
      ],
      [
        0.157777991423882,
        0.256106782974331,
        0.95368517925822,
        0.354483308449233
      ],
      [
        0.0,
        0.0,
        0.0,
        1.0
      ]
    ],
    "2": [
      [
        0.05871633903874,
        -0.893948584048118,
        -0.444306561518343,
        -0.0162754959734776
      ],
      [
        0.801618186973663,
        -0.223030860682057,
        0.554676047343382,
        0.0321193508634071
      ],
      [
        -0.594945941950145,
        -0.388732767157319,
        0.703509887560416,
        0.336343581947617
      ],
      [
        0.0,
        0.0,
        0.0,
        1.0
      ]
    ],
    "3": [
      [
        -0.657110518479668,
        0.693586831409807,
        0.295200057246416,
        -0.0940491442425398
      ],
      [
        -0.736799156966802,
        -0.673683386328863,
        -0.0572511770838334,
        -0.0320361988469642
      ],
      [
        0.159162711702182,
        -0.25512350397284,
        0.953718631947719,
        0.354545919058007
      ],
      [
        0.0,
        0.0,
        0.0,
        1.0
      ]
    ]
  },
  "T_WP": {
    "0": [
      [
        0.441230318012639,
        0.895246468966357,
        0.0620448730334294,
        -0.0117898554596595
      ],
      [
        0.554822211302489,
        -0.21780057760304,
        -0.802954059857224,
        -0.0880872440593832
      ],
      [
        -0.705328377645393,
        0.388711548836733,
        -0.592802843691785,
        0.294909993497967
      ],
      [
        0.0,
        0.0,
        0.0,
        1.0
      ]
    ],
    "1": [
      [
        -0.294750493785033,
        -0.690901023878101,
        -0.660134775343392,
        -0.140401077918055
      ],
      [
        -0.0600560178224884,
        -0.676065892438548,
        0.734389667550256,
        0.0833708886143383
      ],
      [
        -0.95368517925822,
        0.256106782974331,
        0.157777991423883,
        0.365527767848905
      ],
      [
        0.0,
        0.0,
        0.0,
        1.0
      ]
    ],
    "2": [
      [
        0.444306561518343,
        -0.893948584048118,
        0.05871633903874,
        -0.0121653522407658
      ],
      [
        -0.554676047343382,
        -0.223030860682057,
        0.801618186973663,
        0.0882326239515636
      ],
      [
        -0.703509887560416,
        -0.388732767157319,
        -0.594945941950145,
        0.294697366011107
      ],
      [
        0.0,
        0.0,
        0.0,
        1.0
      ]
    ],
    "3": [
      [
        -0.295200057246416,
        0.693586831409807,
        -0.657110518479668,
        -0.140046880536117
      ],
      [
        0.0572511770838334,
        -0.673683386328863,
        -0.736799156966802,
        -0.0836121398346404
      ],
      [
        -0.953718631947719,
        -0.25512350397284,
        0.159162711702182,
        0.36568730887716
      ],
      [
        0.0,
        0.0,
        0.0,
        1.0
      ]
    ]
  },
  "simTime": 0.547499999999956,
  "state": [
    -0.0551623201080087,
    4.15760082214652e-05,
    0.345444750502812,
    0.993466429818985,
    -0.000612995592221431,
    0.114118246449019,
    0.00105018404313103,
    -0.292078780248192,
    -6.59621297981003e-05,
    -0.467777926056591,
    -0.011592946906333,
    -3.805990112634,
    0.000928347696285368,
    0.819827497077874,
    0.424203174904973,
    0.164319064890822,
    -0.347755354162917,
    0.9987299704426,
    0.0458834224833404,
    -0.003474602118314,
    -0.0205203513872936,
    0.819592897061137,
    -0.424625041635392,
    0.164524596507338,
    0.347696295992886,
    0.998724027220377,
    -0.0460860950131838,
    -0.00341646722002825,
    0.0203646028903779,
    -3.29415468957441,
    -1.95575715062614,
    -4.61232461197756,
    -0.16604544088862,
    0.221808534577301,
    -0.610390255358235,
    3.29488546589481,
    -1.95724569676777,
    4.61672397087817,
    0.163472747733995,
    0.221295458072813,
    0.612116334352993
  ]
}