{
  "T_WB": [
    [
      0.807294416133872,
      0.0138205983381552,
      0.589987047943127,
      -0.139334307192512
    ],
    [
      0.000711494708695367,
      0.999702221668131,
      -0.0243918381243217,
      -0.000248800774343153
    ],
    [
      -0.590148472381611,
      0.0201111673798166,
      0.80704418806672,
      0.11702690782708
    ],
    [
      0.0,
      0.0,
      0.0,
      1.0
    ]
  ],
  "T_WH": {
    "0": [
      [
        -0.121923426254468,
        0.345711848877734,
        0.930385939100495,
        -0.107484789693978
      ],
      [
        -0.877402467395104,
        0.400676009773492,
        -0.26386292919047,
        -0.0322108120793755
      ],
      [
        -0.464003866728882,
        -0.848493990984928,
        0.254476637283495,
        0.0927774115756616
      ],
      [
        0.0,
        0.0,
        0.0,
        1.0
      ]
    ],
    "1": [
      [
        -0.454681939676727,
        -0.763253247486419,
        0.4590302974023,
        -0.171183824691046
      ],
      [
        0.868052023576963,
        -0.495125389495414,
        0.0365586247136567,
        0.0317132105306892
      ],
      [
        0.199374065755174,
        0.415084724939921,
        0.887668098461245,
        0.141276404078499
      ],
      [
        0.0,
        0.0,
        0.0,
        1.0
      ]
    ],
    "2": [
      [
        -0.0914931437483318,
        -0.335917858794561,
        0.93743703617359,
        -0.106600271400337
      ],
      [
        0.897951852976253,
        0.379122014993607,
        0.223492656442446,
        0.0317701301073848
      ],
      [
        -0.430478192692222,
        0.862221369423227,
        0.266950998736424,
        0.0940645262879699
      ],
      [
        0.0,
        0.0,
        0.0,
        1.0
      ]
    ],
    "3": [
      [
        -0.468179988027846,
        0.759258681623162,
        0.452032911622709,
        -0.172068342984688
      ],
      [
        -0.870869125277195,
        -0.483106704249151,
        -0.0905255706883824,
        -0.0322677316560711
      ],
      [
        0.149647804692149,
        -0.436043766942473,
        0.887395834935819,
        0.139989289366191
      ],
      [
        0.0,
        0.0,
        0.0,
        1.0
      ]
    ]
  },
  "T_WP": {
    "0": [
      [
        -0.930385939100495,
        0.345711848877734,
        -0.121923426254468,
        -0.116019429531791
      ],
      [
        0.26386292919047,
        0.400676009773492,
        -0.877402467395104,
        -0.0936289847970328
      ],
      [
        -0.254476637283495,
        -0.848493990984928,
        -0.464003866728882,
        0.0602971409046399
      ],
      [
        0.0,
        0.0,
        0.0,
        1.0
      ]
    ],
    "1": [
      [
        -0.4590302974023,
        -0.763253247486419,
        -0.454681939676727,
        -0.203011560468417
      ],
      [
        -0.0365586247136567,
        -0.495125389495414,
        0.868052023576963,
        0.0924768521810766
      ],
      [
        -0.887668098461245,
        0.415084724939921,
        0.199374065755174,
        0.155232588681361
      ],
      [
        0.0,
        0.0,
        0.0,
        1.0
      ]
    ],
    "2": [
      [
        -0.93743703617359,
        -0.335917858794561,
        -0.0914931437483317,
        -0.11300479146272
      ],
      [
        -0.223492656442446,
        0.379122014993607,
        0.897951852976253,
        0.0946267598157225
      ],
      [
        -0.266950998736424,
        0.862221369423227,
        -0.430478192692222,
        0.0639310527995144
      ],
      [
        0.0,
        0.0,
        0.0,
        1.0
      ]
    ],
    "3": [
      [
        -0.452032911622709,
        0.759258681623162,
        -0.468179988027846,
        -0.204840942146638
      ],
      [
        0.0905255706883823,
        -0.483106704249151,
        -0.870869125277195,
        -0.0932285704254748
      ],
      [
        -0.887395834935819,
        -0.436043766942473,
        0.149647804692149,
        0.150464635694641
      ],
      [
        0.0,
        0.0,
        0.0,
        1.0
      ]
    ]
  },
  "simTime": 0.808999999999927,
  "state": [
    -0.139334307192512,
    -0.000248800774343153,
    0.11702690782708,
    0.950531538912403,
    0.0117047682486839,
    0.310388312226612,
    -0.00344783499884161,
    -0.355712516765879,
    -0.00349244293901456,
    1.21815724687674,
    0.494598404405624,
    12.9944732627762,
    -0.197197442386966,
    0.913579196092557,
    -0.202923461799821,
    0.280105775262157,
    -0.213859476719738,
    0.987593733890138,
    -0.0426941065047506,
    0.0708408382197806,
    -0.133481855287582,
    0.914742751065874,
    0.202602456855915,
    0.278243530038315,
    0.211609266905306,
    0.98598885108506,
    0.0439124929171419,
    0.0744113118560469,
    0.142690697558137,
    -2.87019170297836,
    -2.28168135798414,
    2.29427383021019,
    -1.62925795174588,
    -1.02910060197511,
    0.30358325537366,
    2.89460800795467,
    -2.29078438017184,
    -2.26219170833305,
    1.65869041874011,
    -1.05785843146831,
    -0.298799043207181
  ]
}