{
  "T_WB": [
    [
      -0.816324584088986,
      0.0483745845164475,
      -0.575564134553922,
      -0.244519638273514
    ],
    [
      0.0673488272843151,
      0.997661233860906,
      -0.0116703862216287,
      -0.00107401414148576
    ],
    [
      0.573653474560533,
      -0.0482903926676473,
      -0.817673363330757,
      0.141987431201433
    ],
    [
      0.0,
      0.0,
      0.0,
      1.0
    ]
  ],
  "T_WH": {
    "0": [
      [
        -0.49605581148736,
        -0.0502354931755703,
        -0.86683621700701,
        -0.2787206083416
      ],
      [
        -0.393348006738455,
        0.90301132123224,
        0.17276544597022,
        -0.0303052205336621
      ],
      [
        0.774083960229445,
        0.426669601626143,
        -0.467704044844265,
        0.166478862749219
      ],
      [
        0.0,
        0.0,
        0.0,
        1.0
      ]
    ],
    "1": [
      [
        0.613770679073067,
        0.717200678229792,
        -0.330013243153834,
        -0.210318668205428
      ],
      [
        0.668498610319399,
        -0.694504425147677,
        -0.266032350384925,
        0.0281571922506906
      ],
      [
        -0.419994239854808,
        -0.0573305380841767,
        -0.905714109358886,
        0.117495999653647
      ],
      [
        0.0,
        0.0,
        0.0,
        1.0
      ]
    ],
    "2": [
      [
        -0.45156694831712,
        0.125446874291776,
        -0.88337442396641,
        -0.275624634932547
      ],
      [
        0.507389623400455,
        0.850498815652695,
        -0.138591250224925,
        0.0335450984334358
      ],
      [
        0.733923062216407,
        -0.510798244225435,
        -0.447707597035281,
        0.16338827761849
      ],
      [
        0.0,
        0.0,
        0.0,
        1.0
      ]
    ],
    "3": [
      [
        0.545643280548195,
        -0.783779718434199,
        -0.296585170505558,
        -0.213414641614481
      ],
      [
        -0.764522155688505,
        -0.610508281010741,
        0.206846591170151,
        -0.0356931267164074
      ],
      [
        -0.34318986560504,
        0.11388148132386,
        -0.932336701174784,
        0.120586584784376
      ],
      [
        0.0,
        0.0,
        0.0,
        1.0
      ]
    ]
  },
  "T_WP": {
    "0": [
      [
        0.86683621700701,
        -0.0502354931755703,
        -0.49605581148736,
        -0.313444515145715
      ],
      [
        -0.17276544597022,
        0.90301132123224,
        -0.393348006738455,
        -0.057839581005354
      ],
      [
        0.467704044844266,
        0.426669601626143,
        0.774083960229445,
        0.22066473996528
      ],
      [
        0.0,
        0.0,
        0.0,
        1.0
      ]
    ],
    "1": [
      [
        0.330013243153834,
        0.717200678229792,
        0.613770679073067,
        -0.167354720670314
      ],
      [
        0.266032350384925,
        -0.694504425147677,
        0.668498610319399,
        0.0749520949730486
      ],
      [
        0.905714109358886,
        -0.0573305380841767,
        -0.419994239854808,
        0.0880964028638104
      ],
      [
        0.0,
        0.0,
        0.0,
        1.0
      ]
    ],
    "2": [
      [
        0.88337442396641,
        0.125446874291776,
        -0.451566948317121,
        -0.307234321314746
      ],
      [
        0.138591250224925,
        0.850498815652695,
        0.507389623400455,
        0.0690623720714677
      ],
      [
        0.447707597035281,
        -0.510798244225435,
        0.733923062216407,
        0.214762891973638
      ],
      [
        0.0,
        0.0,
        0.0,
        1.0
      ]
    ],
    "3": [
      [
        0.296585170505558,
        -0.783779718434199,
        0.545643280548195,
        -0.175219611976107
      ],
      [
        -0.206846591170151,
        -0.610508281010741,
        -0.764522155688505,
        -0.0892096776146027
      ],
      [
        0.932336701174784,
        0.11388148132386,
        -0.34318986560504,
        0.0965632941920235
      ],
      [
        0.0,
        0.0,
        0.0,
        1.0
      ]
    ]
  },
  "simTime": 1.0499999999999,
  "state": [
    -0.244519638273514,
    -0.00107401414148576,
    0.141987431201433,
    -0.301522505976404,
    0.0303625813332192,
    0.952845630372603,
    -0.0157320286146007,
    -0.402163378707343,
    -0.00917245086208293,
    -1.00079016761966,
    0.465108435465493,
    12.6026600926887,
    -0.28991159579712,
    0.954939713237753,
    -0.198329784237999,
    0.144910069380283,
    0.166602858792123,
    0.983252219822742,
    -0.181899362259297,
    0.00996130112260569,
    -0.00533541968881706,
    0.95353521697008,
    0.201864545800281,
    0.145545155204087,
    -0.169817263384166,
    0.982482965583806,
    0.185721720844636,
    0.0137512041427228,
    0.006750491003083,
    1.63339983437183,
    -1.64791265616408,
    1.92661814754871,
    -0.573449106074165,
    -0.504374740244108,
    1.6730008140072,
    -1.62287425119811,
    -1.66436761020084,
    -1.99284564918019,
    0.563923860601856,
    -0.508352747924851,
    -1.72935605531336
  ]
}