{
  "T_WB": [
    [
      -2.22044604925031e-16,
      1.07456149855781e-19,
      1.0,
      -4.13334536228792e-36
    ],
    [
      -2.76614054560059e-18,
      1.0,
      -1.07456149855781e-19,
      3.21222123572387e-21
    ],
    [
      -1.0,
      -2.76614054560059e-18,
      -2.22044604925031e-16,
      0.168536919999999
    ],
    [
      0.0,
      0.0,
      0.0,
      1.0
    ]
  ],
  "T_WH": {
    "0": [
      [
        -1.57195349009382e-16,
        -1.51945857005624e-16,
        1.0,
        -8.88522279379664e-18
      ],
      [
        -0.707106779455507,
        0.707106782917588,
        -3.71195085850573e-18,
        -0.032
      ],
      [
        -0.707106782917588,
        -0.707106779455507,
        -2.18595843126485e-16,
        -0.04
      ],
      [
        0.0,
        0.0,
        0.0,
        1.0
      ]
    ],
    "1": [
      [
        1.57195349009382e-16,
        1.51910509660917e-16,
        1.0,
        8.88522279379664e-18
      ],
      [
        0.707106779455507,
        -0.707106782917588,
        -3.73694520570646e-18,
        0.032
      ],
      [
        0.707106782917588,
        0.707106779455507,
        -2.18570848779407e-16,
        0.04
      ],
      [
        0.0,
        0.0,
        0.0,
        1.0
      ]
    ],
    "2": [
      [
        -1.57048339814723e-16,
        1.52731876485746e-16,
        1.0,
        -8.87834560020587e-18
      ],
      [
        0.707106779455507,
        0.707106782917588,
        3.05219995442082e-18,
        0.032
      ],
      [
        -0.707106782917588,
        0.707106779455507,
        -2.19047691630969e-16,
        -0.04
      ],
      [
        0.0,
        0.0,
        0.0,
        1.0
      ]
    ],
    "3": [
      [
        1.57048339814723e-16,
        -1.52083689409956e-16,
        1.0,
        8.87834560020587e-18
      ],
      [
        -0.707106779455507,
        -0.707106782917588,
        3.51053743231132e-18,
        -0.032
      ],
      [
        0.707106782917588,
        -0.707106779455507,
        -2.18589354155323e-16,
        0.04
      ],
      [
        0.0,
        0.0,
        0.0,
        1.0
      ]
    ]
  },
  "T_WP": {
    "0": [
      [
        -1.0,
        -1.51945857005624e-16,
        -9.5963009052014e-17,
        -1.98888972244534e-17
      ],
      [
        -3.95858518472733e-17,
        0.707106782917588,
        -0.707106779455507,
        -0.0814974745618855
      ],
      [
        1.75298040208715e-16,
        -0.707106779455507,
        -0.707106782917588,
        -0.0894974748042311
      ],
      [
        0.0,
        0.0,
        0.0,
        1.0
      ]
    ],
    "1": [
      [
        -1.0,
        1.51910509660917e-16,
        2.18427688966749e-16,
        1.98888972244534e-17
      ],
      [
        4.70347479114855e-17,
        -0.707106782917588,
        0.707106779455507,
        0.0814974745618855
      ],
      [
        2.61868651697177e-16,
        0.707106779455507,
        0.707106782917588,
        0.0894974748042311
      ],
      [
        0.0,
        0.0,
        0.0,
        1.0
      ]
    ],
    "2": [
      [
        -1.0,
        1.52731876485746e-16,
        -9.58159998573557e-17,
        -1.98717293872365e-17
      ],
      [
        4.02456027513582e-17,
        0.707106782917588,
        0.707106779455507,
        0.0814974745618855
      ],
      [
        1.75749888713199e-16,
        0.707106779455507,
        -0.707106782917588,
        -0.0894974748042311
      ],
      [
        0.0,
        0.0,
        0.0,
        1.0
      ]
    ],
    "3": [
      [
        -1.0,
        -1.52083689409956e-16,
        2.18280679772091e-16,
        1.98717293872365e-17
      ],
      [
        -4.68083401380903e-17,
        -0.707106782917588,
        -0.707106779455507,
        -0.0814974745618855
      ],
      [
        2.61887157073093e-16,
        -0.707106779455507,
        0.707106782917588,
        0.0894974748042311
      ],
      [
        0.0,
        0.0,
        0.0,
        1.0
      ]
    ]
  }
}