{
  "T_WB": [
    [
      0.978633065183813,
      -0.00358370796777989,
      0.205583269664961,
      -0.010631263200025
    ],
    [
      0.00197922678230713,
      0.999965963536721,
      0.00800964602350985,
      -1.73641567966589e-05
    ],
    [
      -0.205604976569826,
      -0.00743160852570962,
      0.978606848946216,
      0.432920358683861
    ],
    [
      0.0,
      0.0,
      0.0,
      1.0
    ]
  ],
  "T_WH": {
    "0": [
      [
        0.410556104862197,
        0.88983285622329,
        0.199100910961962,
        0.0392600012623215
      ],
      [
        -0.899892350904845,
        0.430626208835114,
        -0.0689552394474015,
        -0.0319197417618828
      ],
      [
        -0.147096708132209,
        -0.150859392315491,
        0.977549999850068,
        -0.00798638758997034
      ],
      [
        0.0,
        0.0,
        0.0,
        1.0
      ]
    ],
    "1": [
      [
        -0.776535868921402,
        -0.622829265160281,
        0.0952667346894356,
        -0.0392600012623215
      ],
      [
        0.621847884224523,
        -0.781938844062547,
        -0.0433226618712706,
        0.0319197417618828
      ],
      [
        0.101475382058741,
        0.0255998165234092,
        0.994508620490542,
        0.00798638758997034
      ],
      [
        0.0,
        0.0,
        0.0,
        1.0
      ]
    ],
    "2": [
      [
        0.405078744427342,
        -0.892175909398357,
        0.19983332430399,
        0.0390306439523836
      ],
      [
        0.900181825541893,
        0.427426173888541,
        0.0835436822211437,
        0.0320780799044674
      ],
      [
        -0.159949653882819,
        0.146044556777093,
        0.976261796680864,
        -0.00846201053561575
      ],
      [
        0.0,
        0.0,
        0.0,
        1.0
      ]
    ],
    "3": [
      [
        -0.772272506023836,
        0.627622140531296,
        0.0984155737400277,
        -0.0390306439523836
      ],
      [
        -0.625440823331777,
        -0.778294010891902,
        0.0555176469229703,
        -0.0320780799044674
      ],
      [
        0.111440356019409,
        -0.0186783651508834,
        0.993595574529978,
        0.00846201053561575
      ],
      [
        0.0,
        0.0,
        0.0,
        1.0
      ]
    ]
  },
  "T_WP": {
    "0": [
      [
        -0.199100910961962,
        0.88983285622329,
        0.410556104862197,
        0.0679989286026753
      ],
      [
        0.0689552394474015,
        0.430626208835114,
        -0.899892350904845,
        -0.0949122063252219
      ],
      [
        -0.977549999850068,
        -0.150859392315491,
        -0.147096708132209,
        -0.018283157159225
      ],
      [
        0.0,
        0.0,
        0.0,
        1.0
      ]
    ],
    "1": [
      [
        -0.0952667346894356,
        -0.622829265160281,
        -0.776535868921402,
        -0.0936175120868196
      ],
      [
        0.0433226618712706,
        -0.781938844062547,
        0.621847884224523,
        0.0754490936575994
      ],
      [
        -0.994508620490542,
        0.0255998165234092,
        0.101475382058741,
        0.0150896643340822
      ],
      [
        0.0,
        0.0,
        0.0,
        1.0
      ]
    ],
    "2": [
      [
        -0.19983332430399,
        -0.892175909398357,
        0.405078744427342,
        0.0673861560622975
      ],
      [
        -0.0835436822211436,
        0.427426173888541,
        0.900181825541893,
        0.0950908076923999
      ],
      [
        -0.976261796680864,
        0.146044556777093,
        -0.159949653882818,
        -0.019658486307413
      ],
      [
        0.0,
        0.0,
        0.0,
        1.0
      ]
    ],
    "3": [
      [
        -0.0984155737400277,
        0.627622140531296,
        -0.772272506023836,
        -0.0930897193740521
      ],
      [
        -0.0555176469229703,
        -0.778294010891902,
        -0.625440823331777,
        -0.0758589375376918
      ],
      [
        -0.993595574529978,
        -0.0186783651508834,
        0.111440356019409,
        0.0162628354569744
      ],
      [
        0.0,
        0.0,
        0.0,
        1.0
      ]
    ]
  }
}