{
  "T_WB": [
    [
      0.414532624175701,
      -0.000641176396929614,
      0.910034225942538,
      -0.00966765531548294
    ],
    [
      0.000503828240097766,
      0.999999760236404,
      0.000475062353011545,
      1.24483027037922e-05
    ],
    [
      -0.910034312348228,
      0.000261572098644403,
      0.414532847828644,
      0.248024055014544
    ],
    [
      0.0,
      0.0,
      0.0,
      1.0
    ]
  ],
  "T_WH": {
    "0": [
      [
        0.527128640203953,
        0.839418445025064,
        0.1323331811317,
        0.00693416729624687
      ],
      [
        -0.624268423775096,
        0.488171032554413,
        -0.609899973808915,
        -0.0319673908952572
      ],
      [
        -0.576562513309779,
        0.238884317456089,
        0.781351362140906,
        0.211614312213458
      ],
      [
        0.0,
        0.0,
        0.0,
        1.0
      ]
    ],
    "1": [
      [
        -0.239639000511801,
        -0.209494720824596,
        0.947990037595506,
        -0.0262694779272128
      ],
      [
        0.661855256323626,
        -0.749629843229909,
        0.00164857996145644,
        0.0319922875006648
      ],
      [
        0.710296254467453,
        0.627827253379245,
        0.318295728535243,
        0.28443379781563
      ],
      [
        0.0,
        0.0,
        0.0,
        1.0
      ]
    ],
    "2": [
      [
        0.527017000071873,
        -0.839735214755701,
        0.130758750125725,
        0.00689313200684337
      ],
      [
        0.625162158659698,
        0.487288612722605,
        0.609690153513098,
        0.0320325937598726
      ],
      [
        -0.575695541944864,
        -0.23957165318559,
        0.781780062405491,
        0.211631052827771
      ],
      [
        0.0,
        0.0,
        0.0,
        1.0
      ]
    ],
    "3": [
      [
        -0.239094573844538,
        0.210528518014734,
        0.947898479722707,
        -0.0262284426378093
      ],
      [
        -0.662295147596405,
        -0.749242762799968,
        -0.000647967690068275,
        -0.032007697154465
      ],
      [
        0.710069660123819,
        -0.62794348909308,
        0.318571894989583,
        0.284417057201316
      ],
      [
        0.0,
        0.0,
        0.0,
        1.0
      ]
    ]
  },
  "T_WP": {
    "0": [
      [
        -0.1323331811317,
        0.839418445025064,
        0.527128640203953,
        0.0438331721105236
      ],
      [
        0.609899973808915,
        0.488171032554413,
        -0.624268423775096,
        -0.0756661805595139
      ],
      [
        -0.781351362140906,
        0.238884317456089,
        -0.576562513309779,
        0.171254936281774
      ],
      [
        0.0,
        0.0,
        0.0,
        1.0
      ]
    ],
    "1": [
      [
        -0.947990037595506,
        -0.209494720824596,
        -0.239639000511801,
        -0.0430442079630388
      ],
      [
        -0.0016485799614564,
        -0.749629843229909,
        0.661855256323626,
        0.0783221554433186
      ],
      [
        -0.318295728535243,
        0.627827253379245,
        0.710296254467453,
        0.334154535628351
      ],
      [
        0.0,
        0.0,
        0.0,
        1.0
      ]
    ],
    "2": [
      [
        -0.130758750125725,
        -0.839735214755701,
        0.527017000071873,
        0.0437843220118745
      ],
      [
        -0.609690153513098,
        0.487288612722605,
        0.625162158659698,
        0.0757939448660515
      ],
      [
        -0.781780062405491,
        -0.23957165318559,
        -0.575695541944864,
        0.171332364891631
      ],
      [
        0.0,
        0.0,
        0.0,
        1.0
      ]
    ],
    "3": [
      [
        -0.947898479722707,
        0.210528518014734,
        -0.239094573844537,
        -0.0429650628069269
      ],
      [
        0.000647967690068234,
        -0.749242762799968,
        -0.662295147596405,
        -0.0783683574862134
      ],
      [
        -0.318571894989583,
        -0.62794348909308,
        0.710069660123819,
        0.334121933409984
      ],
      [
        0.0,
        0.0,
        0.0,
        1.0
      ]
    ]
  },
  "simTime": 0.352999999999977,
  "state": [
    -0.00966765531548294,
    1.24483027037922e-05,
    0.248024055014544,
    0.840991265150945,
    -6.34638738872111e-05,
    0.541048585672317,
    0.000340373522435417,
    -0.170108285501114,
    0.000303224321463754,
    1.456695631404,
    -0.0097037623259717,
    -5.41599728328344,
    0.00528368824541952,
    0.843869294558706,
    0.52098039978164,
    -0.0810094353844817,
    0.0995063220254996,
    0.998185779319476,
    0.0358400389345561,
    -0.0373013751367938,
    0.0308098845574582,
    0.843642867439657,
    -0.521248873963075,
    -0.0813668493461441,
    -0.099728428433933,
    0.998188350471098,
    -0.0357518641563311,
    -0.0371842850475044,
    -0.0309701491543205,
    2.68069576450129,
    0.656230130223539,
    -3.98666792731768,
    0.363714383585858,
    0.306714364748555,
    -0.351335501133224,
    -2.68403337708984,
    0.658941995958912,
    3.98875230990607,
    -0.366158466408183,
    0.306669627414451,
    0.349390234624282
  ]
}