{
  "T_WB": [
    [
      -2.22044604925031e-16,
      7.24896310732516e-20,
      1.0,
      -1.8540156438119e-36
    ],
    [
      -1.40782089262584e-18,
      1.0,
      -7.24896310732516e-20,
      4.176745784629e-21
    ],
    [
      -1.0,
      -1.40782089262584e-18,
      -2.22044604925031e-16,
      0.322990869999999
    ],
    [
      0.0,
      0.0,
      0.0,
      1.0
    ]
  ],
  "T_WH": {
    "0": [
      [
        -1.57152948554119e-16,
        -1.52986873350664e-16,
        1.0,
        -8.8841038651956e-18
      ],
      [
        -0.707106779455507,
        0.707106782917588,
        -2.94585949043212e-18,
        -0.032
      ],
      [
        -0.707106782917588,
        -0.707106779455507,
        -2.19301971192072e-16,
        0.282990869999999
      ],
      [
        0.0,
        0.0,
        0.0,
        1.0
      ]
    ],
    "1": [
      [
        1.57152948554119e-16,
        1.52973611834596e-16,
        1.0,
        8.8841038651956e-18
      ],
      [
        0.707106779455507,
        -0.707106782917588,
        -2.95523679839511e-18,
        0.032
      ],
      [
        0.707106782917588,
        0.707106779455507,
        -2.19292593884155e-16,
        0.36299087
      ],
      [
        0.0,
        0.0,
        0.0,
        1.0
      ]
    ],
    "2": [
      [
        -1.57061688381343e-16,
        1.53937144581338e-16,
        1.0,
        -8.87946452880691e-18
      ],
      [
        0.707106779455507,
        0.707106782917588,
        2.20938557074677e-18,
        0.032
      ],
      [
        -0.707106782917588,
        0.707106779455507,
        -2.19909383734423e-16,
        0.282990869999999
      ],
      [
        0.0,
        0.0,
        0.0,
        1.0
      ]
    ],
    "3": [
      [
        1.57061688381343e-16,
        -1.53080394843743e-16,
        1.0,
        8.87946452880691e-18
      ],
      [
        -0.707106779455507,
        -0.707106782917588,
        2.81519912146318e-18,
        -0.032
      ],
      [
        0.707106782917588,
        -0.707106779455507,
        -2.19303570186673e-16,
        0.36299087
      ],
      [
        0.0,
        0.0,
        0.0,
        1.0
      ]
    ]
  },
  "T_WP": {
    "0": [
      [
        -1.0,
        -1.52986873350664e-16,
        -9.59206085967515e-17,
        -1.98848102639839e-17
      ],
      [
        -4.03519432153469e-17,
        0.707106782917588,
        -0.707106779455507,
        -0.0814974745618855
      ],
      [
        1.76004168274301e-16,
        -0.707106779455507,
        -0.707106782917588,
        0.233493395195768
      ],
      [
        0.0,
        0.0,
        0.0,
        1.0
      ]
    ],
    "1": [
      [
        -1.0,
        1.52973611834596e-16,
        2.18385288511487e-16,
        1.98848102639839e-17
      ],
      [
        4.62530395041741e-17,
        -0.707106782917588,
        0.707106779455507,
        0.0814974745618855
      ],
      [
        2.62590396801925e-16,
        0.707106779455507,
        0.707106782917588,
        0.412488344804231
      ],
      [
        0.0,
        0.0,
        0.0,
        1.0
      ]
    ],
    "2": [
      [
        -1.0,
        1.53937144581338e-16,
        -9.58293484239756e-17,
        -1.98737827155009e-17
      ],
      [
        4.10884171350323e-17,
        0.707106782917588,
        0.707106779455507,
        0.0814974745618855
      ],
      [
        1.76611580816653e-16,
        0.707106779455507,
        -0.707106782917588,
        0.233493395195768
      ],
      [
        0.0,
        0.0,
        0.0,
        1.0
      ]
    ],
    "3": [
      [
        -1.0,
        -1.53080394843743e-16,
        2.18294028338711e-16,
        1.98737827155009e-17
      ],
      [
        -4.61130018272422e-17,
        -0.707106782917588,
        -0.707106779455507,
        -0.0814974745618855
      ],
      [
        2.62601373104443e-16,
        -0.707106779455507,
        0.707106782917588,
        0.412488344804231
      ],
      [
        0.0,
        0.0,
        0.0,
        1.0
      ]
    ]
  }
}