{
  "arms": {
    "0": [
      [
        0.349604070186615,
        -0.404025673866272,
        -0.845304727554321,
        -0.046093188226223
      ],
      [
        0.88444721698761,
        0.43996787071228,
        0.15550372004509,
        0.359173059463501
      ],
      [
        0.309079468250275,
        -0.801992177963257,
        0.511153995990753,
        0.0318760462105274
      ],
      [
        0.0,
        0.0,
        0.0,
        1.0
      ]
    ],
    "1": [
      [
        0.743866324424744,
        -0.524641573429108,
        0.414021611213684,
        0.0261873062700033
      ],
      [
        0.663147807121277,
        0.5024294257164,
        -0.554796993732452,
        0.324888110160828
      ],
      [
        0.083052970468998,
        0.687252402305603,
        0.721655249595642,
        0.0321421809494495
      ],
      [
        0.0,
        0.0,
        0.0,
        1.0
      ]
    ],
    "2": [
      [
        0.695960819721222,
        0.62121719121933,
        0.360177159309387,
        0.026080260053277
      ],
      [
        0.714601218700409,
        -0.549854815006256,
        -0.432440459728241,
        0.324165672063828
      ],
      [
        -0.0705943182110786,
        0.558344662189484,
        -0.826600074768066,
        -0.0318536534905434
      ],
      [
        0.0,
        0.0,
        0.0,
        1.0
      ]
    ],
    "3": [
      [
        0.312436908483505,
        0.531614184379578,
        -0.787254333496094,
        -0.0462002344429493
      ],
      [
        0.866019546985626,
        -0.499973237514496,
        0.00607631029561162,
        0.358450621366501
      ],
      [
        -0.390375852584839,
        -0.683676183223724,
        -0.616598427295685,
        -0.0321197882294655
      ],
      [
        0.0,
        0.0,
        0.0,
        1.0
      ]
    ]
  },
  "base": [
    [
      -0.903506219387054,
      -0.00167260109446943,
      -0.428571581840515,
      -0.0100064650177956
    ],
    [
      0.428561985492706,
      -0.0112881734967232,
      -0.903441846370697,
      0.341669350862503
    ],
    [
      -0.0033266928512603,
      -0.999934911727905,
      0.0109157487750053,
      1.11967028715299e-05
    ],
    [
      0.0,
      0.0,
      0.0,
      1.0
    ]
  ]
}