{
  "T_WB": [
    [
      0.886118951581657,
      0.00889934093093863,
      0.463372426217637,
      -0.135356303930097
    ],
    [
      -0.000253438773854668,
      0.999824778866112,
      -0.0187175675267263,
      -0.000206346410052172
    ],
    [
      -0.463457807590521,
      0.0164685547734029,
      0.885965940252255,
      0.102344051743801
    ],
    [
      0.0,
      0.0,
      0.0,
      1.0
    ]
  ],
  "T_WH": {
    "0": [
      [
        -0.0850814817620453,
        0.49501247373052,
        0.864710236040008,
        -0.100196324776621
      ],
      [
        -0.883131310991274,
        0.364374044986361,
        -0.295483743862687,
        -0.032210876884722
      ],
      [
        -0.461346105443633,
        -0.788792879146021,
        0.406159531219598,
        0.0832787456874317
      ],
      [
        0.0,
        0.0,
        0.0,
        1.0
      ]
    ],
    "1": [
      [
        -0.481250694622924,
        -0.811161747960782,
        0.332286604560222,
        -0.170516283083573
      ],
      [
        0.869322391700287,
        -0.490333500756537,
        0.0620615607629325,
        0.0317981840646176
      ],
      [
        0.112589289958882,
        0.318731355032804,
        0.941134408629026,
        0.121409357800171
      ],
      [
        0.0,
        0.0,
        0.0,
        1.0
      ]
    ],
    "2": [
      [
        -0.0632434524288422,
        -0.48976311948231,
        0.86955871137022,
        -0.0996267669570405
      ],
      [
        0.898828189732193,
        0.350702237274435,
        0.262898889524956,
        0.0317779089627092
      ],
      [
        -0.433714365761189,
        0.79821051582002,
        0.418033277822122,
        0.0843327331929295
      ],
      [
        0.0,
        0.0,
        0.0,
        1.0
      ]
    ],
    "3": [
      [
        -0.484388956899988,
        0.811970003215127,
        0.325687046583322,
        -0.171085840903153
      ],
      [
        -0.871991697948454,
        -0.478184726229027,
        -0.104737034091303,
        -0.0321906017828136
      ],
      [
        0.0706952412989286,
        -0.334729863442293,
        0.939658502530355,
        0.120355370294673
      ],
      [
        0.0,
        0.0,
        0.0,
        1.0
      ]
    ]
  },
  "T_WP": {
    "0": [
      [
        -0.864710236040008,
        0.49501247373052,
        -0.0850814817620453,
        -0.106152028499964
      ],
      [
        0.295483743862687,
        0.364374044986361,
        -0.883131310991274,
        -0.0940300686541112
      ],
      [
        -0.406159531219598,
        -0.788792879146021,
        -0.461346105443633,
        0.0509845183063774
      ],
      [
        0.0,
        0.0,
        0.0,
        1.0
      ]
    ],
    "1": [
      [
        -0.332286604560222,
        -0.811161747960782,
        -0.481250694622924,
        -0.204203831707178
      ],
      [
        -0.0620615607629325,
        -0.490333500756537,
        0.869322391700287,
        0.0926507514836377
      ],
      [
        -0.941134408629026,
        0.318731355032804,
        0.112589289958882,
        0.129290608097293
      ],
      [
        0.0,
        0.0,
        0.0,
        1.0
      ]
    ],
    "2": [
      [
        -0.86955871137022,
        -0.48976311948231,
        -0.0632434524288421,
        -0.104053808627059
      ],
      [
        -0.262898889524956,
        0.350702237274435,
        0.898828189732193,
        0.0946958822439627
      ],
      [
        -0.418033277822122,
        0.79821051582002,
        -0.433714365761189,
        0.0539727275896463
      ],
      [
        0.0,
        0.0,
        0.0,
        1.0
      ]
    ],
    "3": [
      [
        -0.325687046583322,
        0.811970003215127,
        -0.484388956899988,
        -0.204993067886152
      ],
      [
        0.104737034091303,
        -0.478184726229027,
        -0.871991697948454,
        -0.0932300206392053
      ],
      [
        -0.939658502530355,
        -0.334729863442293,
        0.0706952412989286,
        0.125304037185598
      ],
      [
        0.0,
        0.0,
        0.0,
        1.0
      ]
    ]
  },
  "simTime": 0.797499999999928,
  "state": [
    -0.135356303930097,
    -0.000206346410052172,
    0.102344051743801,
    0.971070243429901,
    0.00905859347925463,
    0.238610502195628,
    -0.00235636396200982,
    -0.335687631410165,
    -0.00388829650250031,
    1.335979319938,
    0.496664177183163,
    12.9780926594108,
    -0.195301556397904,
    0.910287784617888,
    -0.188489126984729,
    0.285382699256453,
    -0.23324817930499,
    0.987265329906681,
    -0.0323139627463036,
    0.0751258134005843,
    -0.136451780262418,
    0.911510172862696,
    0.187952243542913,
    0.283704036050816,
    0.230944103287961,
    0.985648474637774,
    0.0333363385703629,
    0.0787309623972296,
    0.145558265086383,
    -2.97502330820738,
    -2.14180439300771,
    2.35524150917207,
    -1.81775242047105,
    -0.963111477108069,
    0.435238934447082,
    3.00239406508626,
    -2.18665185792716,
    -2.3506750528285,
    1.83453811759101,
    -0.98714690701811,
    -0.379411900765821
  ]
}