{
  "T_WB": [
    [
      0.981533070425092,
      -0.00221027609238069,
      -0.191279759361743,
      -0.00306130362354528
    ],
    [
      0.00208713105220013,
      0.999997464701194,
      -0.000845266321770301,
      -5.2450222397704e-06
    ],
    [
      0.19128114268234,
      0.000430430922712865,
      0.981535195081337,
      0.0764978573426101
    ],
    [
      0.0,
      0.0,
      0.0,
      1.0
    ]
  ],
  "T_WH": {
    "0": [
      [
        0.721452164576692,
        0.584611135418531,
        -0.371128811293682,
        0.0362707480284146
      ],
      [
        -0.681971681954143,
        0.692801535476969,
        -0.234394235111256,
        -0.03192167865059
      ],
      [
        0.120089130400055,
        0.422203567944908,
        0.898511406702412,
        0.0841353292603769
      ],
      [
        0.0,
        0.0,
        0.0,
        1.0
      ]
    ],
    "1": [
      [
        -0.590322220218693,
        -0.736510445864577,
        -0.330260562962694,
        -0.0423933552755052
      ],
      [
        0.77431440769828,
        -0.632267938073287,
        0.0259702236304582,
        0.0319111886061104
      ],
      [
        -0.227940506156617,
        -0.240394712123451,
        0.943532462629743,
        0.0688603854248433
      ],
      [
        0.0,
        0.0,
        0.0,
        1.0
      ]
    ],
    "2": [
      [
        0.716989590880401,
        -0.589259249862761,
        -0.372423768065804,
        0.0361292903585022
      ],
      [
        0.686528450817503,
        0.689530064349113,
        0.230709723628691,
        0.0320781590902864
      ],
      [
        0.120849546078065,
        -0.4210959828945,
        0.898929118675572,
        0.0841628768394305
      ],
      [
        0.0,
        0.0,
        0.0,
        1.0
      ]
    ],
    "3": [
      [
        -0.589086185083222,
        0.737334269740924,
        -0.33062915964826,
        -0.0422518976055928
      ],
      [
        -0.77469791856959,
        -0.63169150208833,
        -0.0284425939979953,
        -0.032088649134766
      ],
      [
        -0.229827329767461,
        0.23938258260577,
        0.943332061173026,
        0.0688328378457896
      ],
      [
        0.0,
        0.0,
        0.0,
        1.0
      ]
    ]
  },
  "T_WP": {
    "0": [
      [
        0.371128811293682,
        0.584611135418531,
        0.721452164576692,
        0.0867723995487831
      ],
      [
        0.234394235111256,
        0.692801535476969,
        -0.681971681954143,
        -0.07965969638738
      ],
      [
        -0.898511406702412,
        0.422203567944908,
        0.120089130400055,
        0.0925415683883807
      ],
      [
        0.0,
        0.0,
        0.0,
        1.0
      ]
    ],
    "1": [
      [
        0.330260562962694,
        -0.736510445864577,
        -0.590322220218693,
        -0.0837159106908137
      ],
      [
        -0.0259702236304582,
        -0.632267938073287,
        0.77431440769828,
        0.0861131971449901
      ],
      [
        -0.943532462629743,
        -0.240394712123451,
        -0.227940506156617,
        0.05290454999388
      ],
      [
        0.0,
        0.0,
        0.0,
        1.0
      ]
    ],
    "2": [
      [
        0.372423768065804,
        -0.589259249862761,
        0.716989590880401,
        0.0863185617201303
      ],
      [
        -0.230709723628691,
        0.689530064349113,
        0.686528450817503,
        0.0801351506475117
      ],
      [
        -0.898929118675572,
        -0.4210959828945,
        0.120849546078065,
        0.0926223450648951
      ],
      [
        0.0,
        0.0,
        0.0,
        1.0
      ]
    ],
    "3": [
      [
        0.33062915964826,
        0.737334269740924,
        -0.589086185083222,
        -0.0834879305614183
      ],
      [
        0.0284425939979952,
        -0.63169150208833,
        -0.77469791856959,
        -0.0863175034346373
      ],
      [
        -0.943332061173026,
        0.23938258260577,
        -0.229827329767461,
        0.0527449247620674
      ],
      [
        0.0,
        0.0,
        0.0,
        1.0
      ]
    ]
  }
}