{
  "T_WB": [
    [
      0.226064103267701,
      -0.246865628365375,
      0.94231225331391,
      -0.0537968002200719
    ],
    [
      -0.238452235416291,
      0.923900108663518,
      0.299247590861671,
      0.00376366973216342
    ],
    [
      -0.944476337786577,
      -0.292345601546028,
      0.149994988642779,
      0.750977106364067
    ],
    [
      0.0,
      0.0,
      0.0,
      1.0
    ]
  ],
  "T_WH": {
    "0": [
      [
        0.00691142416647544,
        -0.367962237152177,
        0.929815048407992,
        0.0169422642384
      ],
      [
        -0.522336994022235,
        0.79157308858337,
        0.31713736788086,
        -0.0391028928938842
      ],
      [
        -0.852711145049604,
        -0.487868668250534,
        -0.186729391493798,
        -0.0284239942619902
      ],
      [
        0.0,
        0.0,
        0.0,
        1.0
      ]
    ],
    "1": [
      [
        -0.389154543422781,
        0.180372521513056,
        0.903340741257931,
        -0.0169422642384
      ],
      [
        0.822796355554206,
        -0.372882753181188,
        0.428910957736841,
        0.0391028928938842
      ],
      [
        0.414203933612567,
        0.910178117657769,
        -0.00330083577861036,
        0.0284239942619902
      ],
      [
        0.0,
        0.0,
        0.0,
        1.0
      ]
    ],
    "2": [
      [
        -0.142412556612388,
        -0.156177762133814,
        0.977408394855496,
        0.00114286402301605
      ],
      [
        -0.18773799147531,
        0.973810421051995,
        0.128248627311766,
        0.0200267140605809
      ],
      [
        -0.971840064144271,
        -0.16523247400378,
        -0.168003331093911,
        -0.047134112760936
      ],
      [
        0.0,
        0.0,
        0.0,
        1.0
      ]
    ],
    "3": [
      [
        -0.0486032109644775,
        0.0929231775978549,
        0.994486305058577,
        -0.00114286402301605
      ],
      [
        -0.530389339780065,
        -0.84608732998786,
        0.0531354710309499,
        -0.0200267140605809
      ],
      [
        0.846359779367858,
        -0.524882380252121,
        0.0904080238101635,
        0.047134112760936
      ],
      [
        0.0,
        0.0,
        0.0,
        1.0
      ]
    ]
  },
  "T_WP": {
    "0": [
      [
        -0.929815048407992,
        -0.367962237152177,
        0.0069114241664755,
        0.0174260639300533
      ],
      [
        -0.31713736788086,
        0.79157308858337,
        -0.522336994022235,
        -0.0756664824754407
      ],
      [
        0.186729391493798,
        -0.487868668250534,
        -0.852711145049604,
        -0.0881137744154625
      ],
      [
        0.0,
        0.0,
        0.0,
        1.0
      ]
    ],
    "1": [
      [
        -0.903340741257931,
        0.180372521513056,
        -0.389154543422781,
        -0.0441830822779947
      ],
      [
        -0.428910957736841,
        -0.372882753181188,
        0.822796355554206,
        0.0966986377826786
      ],
      [
        0.00330083577861039,
        0.910178117657769,
        0.414203933612567,
        0.0574182696148699
      ],
      [
        0.0,
        0.0,
        0.0,
        1.0
      ]
    ],
    "2": [
      [
        -0.977408394855496,
        -0.156177762133814,
        -0.142412556612388,
        -0.00882601493985108
      ],
      [
        -0.128248627311766,
        0.973810421051995,
        -0.18773799147531,
        0.00688505465730922
      ],
      [
        0.168003331093911,
        -0.16523247400378,
        -0.971840064144271,
        -0.115162917251035
      ],
      [
        0.0,
        0.0,
        0.0,
        1.0
      ]
    ],
    "3": [
      [
        -0.994486305058577,
        0.0929231775978549,
        -0.0486032109644774,
        -0.00454508879052948
      ],
      [
        -0.0531354710309499,
        -0.84608732998786,
        -0.530389339780065,
        -0.0571539678451855
      ],
      [
        -0.0904080238101635,
        -0.524882380252121,
        0.846359779367858,
        0.106379297316686
      ],
      [
        0.0,
        0.0,
        0.0,
        1.0
      ]
    ]
  }
}