{
  "arms": {
    "0": [
      [
        -0.99661773443222,
        -0.0265092123299837,
        0.0777841731905937,
        0.00208951742388308
      ],
      [
        -0.0726746171712875,
        0.726162374019623,
        -0.683671414852142,
        -0.0319891087710857
      ],
      [
        -0.038360346108675,
        -0.687012016773224,
        -0.725632846355438,
        0.0946377739310265
      ],
      [
        0.0,
        0.0,
        0.0,
        1.0
      ]
    ],
    "1": [
      [
        -0.995345711708069,
        0.0910366922616959,
        -0.0316102169454098,
        -0.00355349411256611
      ],
      [
        -0.0409108735620975,
        -0.69616025686264,
        -0.716719746589661,
        -0.0320190414786339
      ],
      [
        -0.0872535780072212,
        -0.712090730667114,
        0.69664454460144,
        0.174438506364822
      ],
      [
        0.0,
        0.0,
        0.0,
        1.0
      ]
    ],
    "2": [
      [
        -0.99949836730957,
        0.0231024622917175,
        -0.0216634590178728,
        -0.00355422659777105
      ],
      [
        -0.0316057614982128,
        -0.683841466903687,
        0.728945791721344,
        0.0319809541106224
      ],
      [
        0.0020260710734874,
        0.729264795780182,
        0.684228599071503,
        0.174462452530861
      ],
      [
        0.0,
        0.0,
        0.0,
        1.0
      ]
    ],
    "3": [
      [
        -0.99366694688797,
        -0.0893740430474281,
        0.0681046396493912,
        0.00208878493867815
      ],
      [
        -0.0166027247905731,
        0.716227173805237,
        0.697669684886932,
        0.0320108868181705
      ],
      [
        -0.111131958663464,
        0.692120552062988,
        -0.713175177574158,
        0.0946617275476456
      ],
      [
        0.0,
        0.0,
        0.0,
        1.0
      ]
    ]
  },
  "arms_in_parent_frame": {
    "0": [
      [
        -3.00927505136883e-10,
        1.82620816246981e-08,
        1.0,
        -3.72529029846191e-09
      ],
      [
        -1.71720038188994e-09,
        1.0,
        1.82620816246981e-08,
        0.0
      ],
      [
        -1.0,
        1.71720038188994e-09,
        3.00927505136883e-10,
        -2.3283064365387e-10
      ],
      [
        0.0,
        0.0,
        0.0,
        1.0
      ]
    ],
    "1": [
      [
        -5.50600098847553e-09,
        -1.25109522741695e-08,
        1.0,
        1.49011611938477e-08
      ],
      [
        1.24331993589522e-08,
        1.0,
        -1.25109522741695e-08,
        -7.45058059692383e-09
      ],
      [
        -0.999999940395355,
        -1.24331993589522e-08,
        5.50600098847553e-09,
        1.86264514923096e-09
      ],
      [
        0.0,
        0.0,
        0.0,
        1.0
      ]
    ],
    "2": [
      [
        1.28157384704508e-09,
        -6.44707398578248e-10,
        1.0,
        0.0
      ],
      [
        -2.58492616200812e-10,
        1.0,
        -6.44707398578248e-10,
        -7.45058059692383e-09
      ],
      [
        -1.0,
        2.58492616200812e-10,
        -1.28157384704508e-09,
        0.0
      ],
      [
        0.0,
        0.0,
        0.0,
        1.0
      ]
    ],
    "3": [
      [
        4.87640239299481e-09,
        2.10013695323141e-09,
        1.00000011920929,
        3.72529029846191e-09
      ],
      [
        -3.03972313986378e-09,
        0.999999940395355,
        2.10013695323141e-09,
        0.0
      ],
      [
        -1.0,
        3.03972313986378e-09,
        -4.87640239299481e-09,
        0.0
      ],
      [
        0.0,
        0.0,
        0.0,
        1.0
      ]
    ]
  },
  "arms_link_world": {
    "0": [
      [
        -0.99661773443222,
        -0.0265092123299837,
        0.0777841731905937,
        0.00208951742388308
      ],
      [
        -0.0726746171712875,
        0.726162374019623,
        -0.683671414852142,
        -0.0319891087710857
      ],
      [
        -0.038360346108675,
        -0.687012016773224,
        -0.725632846355438,
        0.0946377739310265
      ],
      [
        0.0,
        0.0,
        0.0,
        1.0
      ]
    ],
    "1": [
      [
        -0.995345711708069,
        0.0910366922616959,
        -0.0316102169454098,
        -0.00355349411256611
      ],
      [
        -0.0409108735620975,
        -0.69616025686264,
        -0.716719746589661,
        -0.0320190414786339
      ],
      [
        -0.0872535780072212,
        -0.712090730667114,
        0.69664454460144,
        0.174438506364822
      ],
      [
        0.0,
        0.0,
        0.0,
        1.0
      ]
    ],
    "2": [
      [
        -0.99949836730957,
        0.0231024622917175,
        -0.0216634590178728,
        -0.00355422659777105
      ],
      [
        -0.0316057614982128,
        -0.683841466903687,
        0.728945791721344,
        0.0319809541106224
      ],
      [
        0.0020260710734874,
        0.729264795780182,
        0.684228599071503,
        0.174462452530861
      ],
      [
        0.0,
        0.0,
        0.0,
        1.0
      ]
    ],
    "3": [
      [
        -0.99366694688797,
        -0.0893740430474281,
        0.0681046396493912,
        0.00208878493867815
      ],
      [
        -0.0166027247905731,
        0.716227173805237,
        0.697669684886932,
        0.0320108868181705
      ],
      [
        -0.111131958663464,
        0.692120552062988,
        -0.713175177574158,
        0.0946617275476456
      ],
      [
        0.0,
        0.0,
        0.0,
        1.0
      ]
    ]
  },
  "arms_relative_to_base": {
    "0": [
      [
        -0.0320614688098431,
        0.683702528476715,
        0.729056239128113,
        0.0399999991059303
      ],
      [
        -0.0726775676012039,
        0.725905478000641,
        -0.683943867683411,
        -0.0319999977946281
      ],
      [
        -0.996840059757233,
        -0.0749142691493034,
        0.0264162365347147,
        0.0
      ],
      [
        0.0,
        0.0,
        0.0,
        1.0
      ]
    ],
    "1": [
      [
        0.0168115850538015,
        0.716477990150452,
        -0.697407126426697,
        -0.0400000065565109
      ],
      [
        -0.0409321412444115,
        -0.696427822113037,
        -0.716458559036255,
        -0.0320000015199184
      ],
      [
        -0.999020516872406,
        0.0405911654233932,
        0.0176189243793488,
        9.31322574615479e-10
      ],
      [
        0.0,
        0.0,
        0.0,
        1.0
      ]
    ],
    "2": [
      [
        -0.0725351050496101,
        -0.726074516773224,
        -0.68377959728241,
        -0.0400000065565109
      ],
      [
        -0.0315935611724854,
        -0.683568775653839,
        0.729202091693878,
        0.0320000015199184
      ],
      [
        -0.996865332126617,
        0.0744957849383354,
        0.0266434494405985,
        0.0
      ],
      [
        0.0,
        0.0,
        0.0,
        1.0
      ]
    ],
    "3": [
      [
        0.0407580025494099,
        -0.696432769298553,
        0.716463685035706,
        0.0399999991059303
      ],
      [
        -0.0166329480707645,
        0.716487169265747,
        0.697401940822601,
        0.0320000015199184
      ],
      [
        -0.999030590057373,
        -0.040341604501009,
        0.0176188498735428,
        0.0
      ],
      [
        0.0,
        0.0,
        0.0,
        1.0
      ]
    ]
  },
  "arms_view_frame": {
    "0": [
      [
        -0.996617674827576,
        -0.0265092104673386,
        0.0777841657400131,
        0.00208951719105244
      ],
      [
        -0.0383603423833847,
        -0.687012076377869,
        -0.725632786750793,
        0.0946377739310265
      ],
      [
        0.0726746171712875,
        -0.726162314414978,
        0.683671474456787,
        0.0319891050457954
      ],
      [
        0.0,
        0.0,
        0.0,
        1.0
      ]
    ],
    "1": [
      [
        -0.995345652103424,
        0.0910366848111153,
        -0.0316102132201195,
        -0.00355349387973547
      ],
      [
        -0.0872535780072212,
        -0.712090671062469,
        0.696644604206085,
        0.174438506364822
      ],
      [
        0.0409108772873878,
        0.696160316467285,
        0.716719686985016,
        0.0320190340280533
      ],
      [
        0.0,
        0.0,
        0.0,
        1.0
      ]
    ],
    "2": [
      [
        -0.999498307704926,
        0.0231024604290724,
        -0.0216634571552277,
        -0.0035542263649404
      ],
      [
        0.00202607247047126,
        0.729264855384827,
        0.684228539466858,
        0.174462452530861
      ],
      [
        0.0316057614982128,
        0.683841407299042,
        -0.728945851325989,
        -0.031980961561203
      ],
      [
        0.0,
        0.0,
        0.0,
        1.0
      ]
    ],
    "3": [
      [
        -0.993666887283325,
        -0.0893740355968475,
        0.0681046321988106,
        0.0020887847058475
      ],
      [
        -0.111131958663464,
        0.692120492458344,
        -0.713175237178802,
        0.0946617275476456
      ],
      [
        0.0166027303785086,
        -0.716227233409882,
        -0.697669625282288,
        -0.0320108905434608
      ],
      [
        0.0,
        0.0,
        0.0,
        1.0
      ]
    ]
  },
  "arms_visual_world": {
    "0": [
      [
        -0.99661773443222,
        -0.0265092123299837,
        0.0777841731905937,
        0.00208951742388308
      ],
      [
        -0.0726746171712875,
        0.726162374019623,
        -0.683671414852142,
        -0.0319891087710857
      ],
      [
        -0.038360346108675,
        -0.687012016773224,
        -0.725632846355438,
        0.0946377739310265
      ],
      [
        0.0,
        0.0,
        0.0,
        1.0
      ]
    ],
    "1": [
      [
        -0.995345711708069,
        0.0910366922616959,
        -0.0316102169454098,
        -0.00355349411256611
      ],
      [
        -0.0409108735620975,
        -0.69616025686264,
        -0.716719746589661,
        -0.0320190414786339
      ],
      [
        -0.0872535780072212,
        -0.712090730667114,
        0.69664454460144,
        0.174438506364822
      ],
      [
        0.0,
        0.0,
        0.0,
        1.0
      ]
    ],
    "2": [
      [
        -0.99949836730957,
        0.0231024622917175,
        -0.0216634590178728,
        -0.00355422659777105
      ],
      [
        -0.0316057614982128,
        -0.683841466903687,
        0.728945791721344,
        0.0319809541106224
      ],
      [
        0.0020260710734874,
        0.729264795780182,
        0.684228599071503,
        0.174462452530861
      ],
      [
        0.0,
        0.0,
        0.0,
        1.0
      ]
    ],
    "3": [
      [
        -0.99366694688797,
        -0.0893740430474281,
        0.0681046396493912,
        0.00208878493867815
      ],
      [
        -0.0166027247905731,
        0.716227173805237,
        0.697669684886932,
        0.0320108868181705
      ],
      [
        -0.111131958663464,
        0.692120552062988,
        -0.713175177574158,
        0.0946617275476456
      ],
      [
        0.0,
        0.0,
        0.0,
        1.0
      ]
    ]
  },
  "base": [
    [
      0.0705376416444778,
      -1.14443582788226e-05,
      0.997509121894836,
      -0.000732354645151645
    ],
    [
      0.000374168041162193,
      0.999999940395355,
      -1.49859024531906e-05,
      -4.07852940043085e-06
    ],
    [
      -0.997509062290192,
      0.000374293100321665,
      0.0705376416444778,
      0.134550109505653
    ],
    [
      0.0,
      0.0,
      0.0,
      1.0
    ]
  ],
  "base_link_world": [
    [
      0.0705376416444778,
      -1.14443582788226e-05,
      0.997509121894836,
      -0.000732354645151645
    ],
    [
      0.000374168041162193,
      0.999999940395355,
      -1.49859024531906e-05,
      -4.07852940043085e-06
    ],
    [
      -0.997509062290192,
      0.000374293100321665,
      0.0705376416444778,
      0.134550109505653
    ],
    [
      0.0,
      0.0,
      0.0,
      1.0
    ]
  ],
  "base_view_frame": [
    [
      0.0705376341938972,
      -1.14443573693279e-05,
      0.997509062290192,
      -0.000732354586943984
    ],
    [
      -0.997509062290192,
      0.000374249386368319,
      0.0705376416444778,
      0.134550109505653
    ],
    [
      -0.000374124443624169,
      -0.999999940395355,
      1.49828192661516e-05,
      4.07264815294184e-06
    ],
    [
      0.0,
      0.0,
      0.0,
      1.0
    ]
  ],
  "base_visual_world": [
    [
      -1.10028986455291e-05,
      -0.0705376341938972,
      0.997509121894836,
      -0.000732354645151645
    ],
    [
      0.99999988079071,
      -0.000367909524356946,
      -1.49859024531906e-05,
      -4.07852940043085e-06
    ],
    [
      0.000368050183169544,
      0.997509002685547,
      0.0705376416444778,
      0.134550109505653
    ],
    [
      0.0,
      0.0,
      0.0,
      1.0
    ]
  ],
  "view_adjust": [
    [
      0.999999940395355,
      0.0,
      0.0,
      0.0
    ],
    [
      0.0,
      -4.37113882867379e-08,
      1.0,
      0.0
    ],
    [
      0.0,
      -1.0,
      -4.37113882867379e-08,
      0.0
    ],
    [
      0.0,
      0.0,
      0.0,
      1.0
    ]
  ]
}