{
  "T_WB": [
    [
      -0.765818254864884,
      0.0719044038656622,
      0.639024379206637,
      -0.199385960311811
    ],
    [
      0.0528609731349261,
      0.997404834272213,
      -0.0488806105695131,
      -0.000526810950702648
    ],
    [
      -0.640880736202089,
      -0.00365421334126971,
      -0.767631766337171,
      0.195262136606971
    ],
    [
      0.0,
      0.0,
      0.0,
      1.0
    ]
  ],
  "T_WH": {
    "0": [
      [
        -0.768569769771173,
        -0.639252464164843,
        0.0256280325632391,
        -0.232319631430108
      ],
      [
        -0.632996187566834,
        0.765638760709275,
        0.114512508598052,
        -0.0303293267220164
      ],
      [
        -0.0928242183901377,
        0.071788405461755,
        -0.993091178755264,
        0.169743841985808
      ],
      [
        0.0,
        0.0,
        0.0,
        1.0
      ]
    ],
    "1": [
      [
        0.483048831251245,
        0.380114373213205,
        0.788781902621719,
        -0.166452289193514
      ],
      [
        0.784109736363028,
        -0.588694750165914,
        -0.196495324289904,
        0.0292757048206111
      ],
      [
        0.389661068067505,
        0.713408406457216,
        -0.582419691999392,
        0.220780431228134
      ],
      [
        0.0,
        0.0,
        0.0,
        1.0
      ]
    ],
    "2": [
      [
        -0.66983308160477,
        0.74249498930423,
        0.00498333683085254,
        -0.227717749582705
      ],
      [
        0.735951414367522,
        0.664790152728624,
        -0.128177878456059,
        0.0335045826714052
      ],
      [
        -0.098484305746151,
        -0.0821902895308479,
        -0.991738674161966,
        0.169509972331967
      ],
      [
        0.0,
        0.0,
        0.0,
        1.0
      ]
    ],
    "3": [
      [
        0.35579279044341,
        -0.457547024199259,
        0.814900123275788,
        -0.171054171040917
      ],
      [
        -0.847806121161636,
        -0.524913913401513,
        0.0754331786309582,
        -0.0345582045728105
      ],
      [
        0.393238186331583,
        -0.71771589376571,
        -0.574671753827118,
        0.221014300881975
      ],
      [
        0.0,
        0.0,
        0.0,
        1.0
      ]
    ]
  },
  "T_WP": {
    "0": [
      [
        -0.0256280325632391,
        -0.639252464164843,
        -0.768569769771173,
        -0.28611951531409
      ],
      [
        -0.114512508598052,
        0.765638760709275,
        -0.632996187566834,
        -0.0746390598516948
      ],
      [
        0.993091178755264,
        0.071788405461755,
        -0.0928242183901378,
        0.163246146698498
      ],
      [
        0.0,
        0.0,
        0.0,
        1.0
      ]
    ],
    "1": [
      [
        -0.788781902621719,
        0.380114373213205,
        0.483048831251245,
        -0.132638871005927
      ],
      [
        0.196495324289904,
        -0.588694750165914,
        0.784109736363028,
        0.0841633863660231
      ],
      [
        0.582419691999392,
        0.713408406457216,
        0.389661068067505,
        0.248056705992859
      ],
      [
        0.0,
        0.0,
        0.0,
        1.0
      ]
    ],
    "2": [
      [
        -0.00498333683085259,
        0.74249498930423,
        -0.66983308160477,
        -0.274606065295039
      ],
      [
        0.128177878456059,
        0.664790152728624,
        0.735951414367522,
        0.0850211816771317
      ],
      [
        0.991738674161966,
        -0.0821902895308479,
        -0.0984843057461511,
        0.162616070929736
      ],
      [
        0.0,
        0.0,
        0.0,
        1.0
      ]
    ],
    "3": [
      [
        -0.814900123275788,
        -0.457547024199259,
        0.35579279044341,
        -0.146148675709878
      ],
      [
        -0.0754331786309583,
        -0.524913913401513,
        -0.847806121161636,
        -0.0939046330541251
      ],
      [
        0.574671753827118,
        -0.71771589376571,
        0.393238186331583,
        0.248540973925186
      ],
      [
        0.0,
        0.0,
        0.0,
        1.0
      ]
    ]
  },
  "simTime": 0.947999999999912,
  "state": [
    -0.199385960311811,
    -0.000526810950702648,
    0.195262136606971,
    0.340571142740455,
    0.0331989352241668,
    0.939528452931877,
    -0.013979040162872,
    -0.469089115849528,
    -0.00232104856646939,
    -0.0612947738915366,
    0.470619514726885,
    12.9834810480342,
    -0.242500171789383,
    0.941079595762773,
    -0.27258691844266,
    0.197844524621244,
    0.0303827321073186,
    0.986787826920432,
    -0.137688149726268,
    0.0259269440278906,
    -0.0813606270869626,
    0.940431522225464,
    0.275030897920867,
    0.197453809156344,
    -0.0309604658102749,
    0.985726043829833,
    0.141614205051379,
    0.0291608885144161,
    0.0862509479617654,
    -0.0441815544939522,
    -2.05539800203501,
    2.90491578118321,
    -1.11936432218435,
    -0.691897934651865,
    1.0889030218554,
    0.0925688601955631,
    -2.03738976089473,
    -2.92026273441446,
    1.13651811129469,
    -0.708105980171533,
    -1.15566888037957
  ]
}