{
  "T_WB": [
    [
      -0.226418512516752,
      0.0582314884499421,
      0.97228789509209,
      -0.176320011907139
    ],
    [
      0.0307816027590046,
      0.998140524065413,
      -0.0526116636308775,
      -0.000443174989257303
    ],
    [
      -0.97354360463273,
      0.0180163251337784,
      -0.227789951287114,
      0.18752698017258
    ],
    [
      0.0,
      0.0,
      0.0,
      1.0
    ]
  ],
  "T_WH": {
    "0": [
      [
        -0.534298446522212,
        -0.617665427060993,
        0.577074163567832,
        -0.187240160038207
      ],
      [
        -0.754778378920957,
        0.655971665187484,
        0.00328225297803333,
        -0.0311524076489903
      ],
      [
        -0.380571634199664,
        -0.433809399027639,
        -0.816685151424878,
        0.14800871358299
      ],
      [
        0.0,
        0.0,
        0.0,
        1.0
      ]
    ],
    "1": [
      [
        0.118261816728126,
        -0.0600448777291929,
        0.991165352180276,
        -0.165399863776071
      ],
      [
        0.828924867753301,
        -0.543601870968274,
        -0.131835387889458,
        0.0302660576704757
      ],
      [
        0.54671537963033,
        0.837192700958554,
        -0.0145146525065823,
        0.227045246762171
      ],
      [
        0.0,
        0.0,
        0.0,
        1.0
      ]
    ],
    "2": [
      [
        -0.440538110493302,
        0.69043221186202,
        0.573785268220012,
        -0.183513344777411
      ],
      [
        0.825003076563225,
        0.563374424653353,
        -0.0444879906010344,
        0.0327285858911961
      ],
      [
        -0.353971887109988,
        0.453775956249142,
        -0.817796603481557,
        0.149161758391552
      ],
      [
        0.0,
        0.0,
        0.0,
        1.0
      ]
    ],
    "3": [
      [
        0.012816764488607,
        0.00494979855305157,
        0.999905610566482,
        -0.169126679036867
      ],
      [
        -0.8629636727816,
        -0.505083932139852,
        0.0135617459582591,
        -0.0336149358697107
      ],
      [
        0.505103385464139,
        -0.863056035833381,
        -0.00220204546634559,
        0.225892201953609
      ],
      [
        0.0,
        0.0,
        0.0,
        1.0
      ]
    ]
  },
  "T_WP": {
    "0": [
      [
        -0.577074163567832,
        -0.617665427060993,
        -0.534298446522212,
        -0.224641051294762
      ],
      [
        -0.00328225297803338,
        0.655971665187484,
        -0.754778378920957,
        -0.0839868941734573
      ],
      [
        0.816685151424878,
        -0.433809399027639,
        -0.380571634199664,
        0.121368699189014
      ],
      [
        0.0,
        0.0,
        0.0,
        1.0
      ]
    ],
    "1": [
      [
        -0.991165352180276,
        -0.0600448777291929,
        0.118261816728127,
        -0.157121536605102
      ],
      [
        0.131835387889458,
        -0.543601870968274,
        0.828924867753301,
        0.0882907984132068
      ],
      [
        0.0145146525065823,
        0.837192700958554,
        0.54671537963033,
        0.265315323336294
      ],
      [
        0.0,
        0.0,
        0.0,
        1.0
      ]
    ],
    "2": [
      [
        -0.573785268220012,
        0.69043221186202,
        -0.440538110493301,
        -0.214351012511942
      ],
      [
        0.0444879906010344,
        0.563374424653353,
        0.825003076563225,
        0.0904788012506218
      ],
      [
        0.817796603481557,
        0.453775956249142,
        -0.353971887109988,
        0.124383726293853
      ],
      [
        0.0,
        0.0,
        0.0,
        1.0
      ]
    ],
    "3": [
      [
        -0.999905610566482,
        0.00494979855305157,
        0.0128167644886071,
        -0.168229505522664
      ],
      [
        -0.0135617459582591,
        -0.505083932139852,
        -0.8629636727816,
        -0.0940223929644227
      ],
      [
        0.00220204546634562,
        -0.863056035833381,
        0.505103385464139,
        0.261249438936099
      ],
      [
        0.0,
        0.0,
        0.0,
        1.0
      ]
    ]
  },
  "simTime": 0.898499999999917,
  "state": [
    -0.176320011907139,
    -0.000443174989257303,
    0.18752698017258,
    0.621275313420216,
    0.0284205678380484,
    0.782998880565815,
    -0.0110457815955304,
    -0.45669157739646,
    -0.00138021107229584,
    0.374772832183006,
    0.47890827672675,
    13.0689240823763,
    -0.22167189914084,
    0.932929228549731,
    -0.273815812007305,
    0.227054610514536,
    -0.0558046544338134,
    0.987685657506797,
    -0.10744096651244,
    0.0385514746829866,
    -0.106991889739395,
    0.932844561889198,
    0.275132312254583,
    0.225935295126128,
    0.0552854096798342,
    0.986440419552316,
    0.110744910231502,
    0.0417547034133345,
    0.113698761093218,
    -1.14518359068609,
    -2.2258773106507,
    2.9325888527935,
    -1.25716234966322,
    -0.806304293836266,
    0.742177910426509,
    1.18796366969095,
    -2.19404896452513,
    -2.91108776398417,
    1.29132036664454,
    -0.832584460062242,
    -0.804798592480138
  ]
}