{
  "T_WB": [
    [
      0.945785120847323,
      -0.00212431406535267,
      -0.324786071858949,
      -0.119953345570321
    ],
    [
      0.00307486317484733,
      0.999992360156143,
      0.00241347173233301,
      -9.51404632358819e-06
    ],
    [
      0.324778463572126,
      -0.00328129838608857,
      0.945784427171769,
      0.0540839041489397
    ],
    [
      0.0,
      0.0,
      0.0,
      1.0
    ]
  ],
  "T_WH": {
    "0": [
      [
        -0.129654936039323,
        0.990976293735642,
        0.0339938643671049,
        -0.0820539626863371
      ],
      [
        -0.924085586835085,
        -0.10833067760362,
        -0.366510971859777,
        -0.0318862750443263
      ],
      [
        -0.359521106145796,
        -0.078933196716658,
        0.929792517012152,
        0.0671800442401796
      ],
      [
        0.0,
        0.0,
        0.0,
        1.0
      ]
    ],
    "1": [
      [
        -0.570067850575749,
        -0.751200874280118,
        -0.332745987535134,
        -0.157852728454306
      ],
      [
        0.790994504095067,
        -0.61131461853569,
        0.0249425671485963,
        0.0318672469516791
      ],
      [
        -0.222149364688138,
        -0.248981291757735,
        0.942686573641158,
        0.0409877640576998
      ],
      [
        0.0,
        0.0,
        0.0,
        1.0
      ]
    ],
    "2": [
      [
        -0.133475086504473,
        -0.990526372286024,
        0.0322785856027259,
        -0.0821899187865197
      ],
      [
        0.920940586431236,
        -0.111934041474479,
        0.373281671962181,
        0.0321132360056669
      ],
      [
        -0.366132267829968,
        0.0795504630098316,
        0.927156344037297,
        0.0669700411434699
      ],
      [
        0.0,
        0.0,
        0.0,
        1.0
      ]
    ],
    "3": [
      [
        -0.566491627304865,
        0.754106946827675,
        -0.332279925574401,
        -0.157716772354123
      ],
      [
        -0.79498293470413,
        -0.60628142538787,
        -0.020614721896296,
        -0.0321322640983141
      ],
      [
        -0.217000851893941,
        0.252478803022937,
        0.942955504942523,
        0.0411977671544095
      ],
      [
        0.0,
        0.0,
        0.0,
        1.0
      ]
    ]
  },
  "T_WP": {
    "0": [
      [
        -0.0339938643671049,
        0.990976293735642,
        -0.129654936039323,
        -0.0911298082090898
      ],
      [
        0.366510971859777,
        -0.10833067760362,
        -0.924085586835085,
        -0.0965722661227822
      ],
      [
        -0.929792517012152,
        -0.078933196716658,
        -0.359521106145796,
        0.0420135668099739
      ],
      [
        0.0,
        0.0,
        0.0,
        1.0
      ]
    ],
    "1": [
      [
        0.332745987535134,
        -0.751200874280118,
        -0.570067850575749,
        -0.197757477994608
      ],
      [
        -0.0249425671485963,
        -0.61131461853569,
        0.790994504095067,
        0.0872368622383338
      ],
      [
        -0.942686573641158,
        -0.248981291757735,
        -0.222149364688138,
        0.0254373085295302
      ],
      [
        0.0,
        0.0,
        0.0,
        1.0
      ]
    ],
    "2": [
      [
        -0.0322785856027259,
        -0.990526372286024,
        -0.133475086504473,
        -0.0915331748418328
      ],
      [
        -0.373281671962181,
        -0.111934041474479,
        0.920940586431236,
        0.0965790770558534
      ],
      [
        -0.927156344037297,
        0.0795504630098316,
        -0.366132267829968,
        0.0413407823953722
      ],
      [
        0.0,
        0.0,
        0.0,
        1.0
      ]
    ],
    "3": [
      [
        0.332279925574401,
        0.754106946827675,
        -0.566491627304865,
        -0.197371186265463
      ],
      [
        0.020614721896296,
        -0.60628142538787,
        -0.79498293470413,
        -0.0877810695276032
      ],
      [
        -0.942955504942523,
        0.252478803022937,
        -0.217000851893941,
        0.0260077075218337
      ],
      [
        0.0,
        0.0,
        0.0,
        1.0
      ]
    ]
  },
  "simTime": 0.745499999999934,
  "state": [
    -0.119953345570321,
    -9.51404632358819e-06,
    0.0540839041489397,
    0.986352106016816,
    -0.00144339178770012,
    -0.16463809715331,
    0.00131777922115355,
    -0.341194621402704,
    -0.000400180434036127,
    -2.47818631588178,
    -0.011863748127656,
    -1.96115759984657,
    0.000678760520397247,
    0.853673643216384,
    -0.108609609991838,
    0.233398714316487,
    -0.452736461587199,
    0.997795362551567,
    0.00425569533769975,
    0.0112702409370309,
    -0.0652631994082506,
    0.853635563320913,
    0.108433627788357,
    0.233641814798764,
    0.452725055387907,
    0.997786138838608,
    -0.00454761547192446,
    0.0113107815862056,
    0.0653774162457631,
    -4.900447087398,
    -2.61040940802993,
    0.78702539693349,
    -0.630837225116935,
    0.0144946846902877,
    -0.207664289946693,
    4.90100716565799,
    -2.61258916911805,
    -0.787480118511869,
    0.631837315383567,
    0.0142852385868789,
    0.210881066323751
  ]
}