{
  "T_WB": [
    [
      0.952703537752446,
      -0.00215876687758008,
      -0.303893581504351,
      -0.116194994354738
    ],
    [
      0.00301551776926546,
      0.999992692100403,
      0.00234997837687421,
      -5.17015676737174e-06
    ],
    [
      0.303886287625086,
      -0.00315522920828191,
      0.952703085290526,
      0.0807284241512251
    ],
    [
      0.0,
      0.0,
      0.0,
      1.0
    ]
  ],
  "T_WH": {
    "0": [
      [
        -0.145227384594896,
        0.98939229527218,
        -0.00344859678344119,
        -0.0780177723045579
      ],
      [
        -0.912391685509441,
        -0.135271439194492,
        -0.386319880347222,
        -0.0318843155932097
      ],
      [
        -0.382688409776109,
        -0.0529577548079537,
        0.922358421238042,
        0.0929848429908936
      ],
      [
        0.0,
        0.0,
        0.0,
        1.0
      ]
    ],
    "1": [
      [
        -0.576736582556097,
        -0.757209327165199,
        -0.306608788516475,
        -0.154372216404919
      ],
      [
        0.789515500713988,
        -0.613049314537483,
        0.0289104146885409,
        0.0318739752796749
      ],
      [
        -0.20985754328557,
        -0.225398697421145,
        0.95139646768684,
        0.0684720053115566
      ],
      [
        0.0,
        0.0,
        0.0,
        1.0
      ]
    ],
    "2": [
      [
        -0.149073286740174,
        -0.988812011946078,
        -0.00528774163812932,
        -0.078155933384723
      ],
      [
        0.909091497277513,
        -0.139154446240725,
        0.392668676709981,
        0.0321152167012161
      ],
      [
        -0.389011317005318,
        0.0537293692740481,
        0.919664803131663,
        0.0927829083215635
      ],
      [
        0.0,
        0.0,
        0.0,
        1.0
      ]
    ],
    "3": [
      [
        -0.573140430752775,
        0.760134670608154,
        -0.306113262006004,
        -0.154234055324754
      ],
      [
        -0.79341844753081,
        -0.608175941310147,
        -0.0246818056332301,
        -0.0321255570147509
      ],
      [
        -0.204932217463051,
        0.22872976839701,
        0.951675091244237,
        0.0686739399808867
      ],
      [
        0.0,
        0.0,
        0.0,
        1.0
      ]
    ]
  },
  "T_WP": {
    "0": [
      [
        0.00344859678344118,
        0.98939229527218,
        -0.145227384594896,
        -0.0881836892262006
      ],
      [
        0.386319880347222,
        -0.135271439194492,
        -0.912391685509441,
        -0.0957517335788706
      ],
      [
        -0.922358421238042,
        -0.0529577548079537,
        -0.382688409776109,
        0.0661966543065659
      ],
      [
        0.0,
        0.0,
        0.0,
        1.0
      ]
    ],
    "1": [
      [
        0.306608788516475,
        -0.757209327165199,
        -0.576736582556097,
        -0.194743777183846
      ],
      [
        -0.0289104146885408,
        -0.613049314537483,
        0.789515500713988,
        0.0871400603296541
      ],
      [
        -0.95139646768684,
        -0.225398697421145,
        -0.20985754328557,
        0.0537819772815668
      ],
      [
        0.0,
        0.0,
        0.0,
        1.0
      ]
    ],
    "2": [
      [
        0.00528774163812931,
        -0.988812011946078,
        -0.149073286740174,
        -0.0885910634565353
      ],
      [
        -0.392668676709981,
        -0.139154446240725,
        0.909091497277513,
        0.095751621510642
      ],
      [
        -0.919664803131663,
        0.0537293692740481,
        -0.389011317005318,
        0.0655521161311912
      ],
      [
        0.0,
        0.0,
        0.0,
        1.0
      ]
    ],
    "3": [
      [
        0.306113262006004,
        0.760134670608154,
        -0.573140430752775,
        -0.194353885477448
      ],
      [
        0.0246818056332301,
        -0.608175941310147,
        -0.79341844753081,
        -0.0876648483419076
      ],
      [
        -0.951675091244237,
        0.22872976839701,
        -0.204932217463051,
        0.0543286847584731
      ],
      [
        0.0,
        0.0,
        0.0,
        1.0
      ]
    ]
  },
  "simTime": 0.734499999999935,
  "state": [
    -0.116194994354738,
    -5.17015676737174e-06,
    0.0807284241512251,
    0.988104158874885,
    -0.00139287127164425,
    -0.153774241225108,
    0.00130914453713496,
    -0.342065200344576,
    -0.00038948610891392,
    -2.36626846087792,
    -0.011864936931051,
    -2.04095091912202,
    0.000584080615263014,
    0.851285264277196,
    -0.079664937921291,
    0.232844495975856,
    -0.463411628235904,
    0.997856477734835,
    0.00768324127713505,
    0.010936265240661,
    -0.0640610314363793,
    0.851235270154413,
    0.0794829091705012,
    0.233096294778492,
    0.463408134753238,
    0.997847486238497,
    -0.00798027165147722,
    0.0109768182722963,
    0.0641577659562581,
    -4.98471442742618,
    -2.61027912060915,
    0.483848769835582,
    -0.615395385664647,
    0.0237483326631437,
    -0.244358139459772,
    4.9854932550547,
    -2.61253616849651,
    -0.484197479991194,
    0.616155042947041,
    0.0235328958264374,
    0.24759334392784
  ]
}