{
  "T_WB": [
    [
      -2.22044604925031e-16,
      8.68495564522375e-20,
      1.0,
      -5.67403964454859e-36
    ],
    [
      -1.48462624170555e-18,
      1.0,
      -8.68495564522375e-20,
      4.7438169930701e-21
    ],
    [
      -1.0,
      -1.48462624170555e-18,
      -2.22044604925031e-16,
      0.309707830300002
    ],
    [
      0.0,
      0.0,
      0.0,
      1.0
    ]
  ],
  "T_WH": {
    "0": [
      [
        -1.57163836516896e-16,
        -1.52849298106987e-16,
        1.0,
        -8.88456338280772e-18
      ],
      [
        -0.707106779455507,
        0.707106782917588,
        -3.05083883069121e-18,
        -0.032
      ],
      [
        -0.707106782917588,
        -0.707106779455507,
        -2.19212389756915e-16,
        0.269707830300002
      ],
      [
        0.0,
        0.0,
        0.0,
        1.0
      ]
    ],
    "1": [
      [
        1.57163836516896e-16,
        1.5285134539916e-16,
        1.0,
        8.88456338280772e-18
      ],
      [
        0.707106779455507,
        -0.707106782917588,
        -3.04939117650929e-18,
        0.032
      ],
      [
        0.707106782917588,
        0.707106779455507,
        -2.1921383741109e-16,
        0.349707830300002
      ],
      [
        0.0,
        0.0,
        0.0,
        1.0
      ]
    ],
    "2": [
      [
        -1.57053698260816e-16,
        1.53952913280668e-16,
        1.0,
        -8.87900501119478e-18
      ],
      [
        0.707106779455507,
        0.707106782917588,
        2.19258554809849e-18,
        0.032
      ],
      [
        -0.707106782917588,
        0.707106779455507,
        -2.19914884020201e-16,
        0.269707830300002
      ],
      [
        0.0,
        0.0,
        0.0,
        1.0
      ]
    ],
    "3": [
      [
        1.57053698260815e-16,
        -1.52961078439462e-16,
        1.0,
        8.87900501119478e-18
      ],
      [
        -0.707106779455507,
        -0.707106782917588,
        2.89391869184916e-18,
        -0.032
      ],
      [
        0.707106782917588,
        -0.707106779455507,
        -2.19213550879884e-16,
        0.349707830300002
      ],
      [
        0.0,
        0.0,
        0.0,
        1.0
      ]
    ]
  },
  "T_WP": {
    "0": [
      [
        -1.0,
        -1.52849298106987e-16,
        -9.59314965595287e-17,
        -1.98860319389905e-17
      ],
      [
        -4.02469638750878e-17,
        0.707106782917588,
        -0.707106779455507,
        -0.0814974745618855
      ],
      [
        1.75914586839145e-16,
        -0.707106779455507,
        -0.707106782917588,
        0.220210355495771
      ],
      [
        0.0,
        0.0,
        0.0,
        1.0
      ]
    ],
    "1": [
      [
        -1.0,
        1.5285134539916e-16,
        2.18396176474264e-16,
        1.98860319389905e-17
      ],
      [
        4.63471938822883e-17,
        -0.707106782917588,
        0.707106779455507,
        0.0814974745618855
      ],
      [
        2.6251164032886e-16,
        0.707106779455507,
        0.707106782917588,
        0.399205305104234
      ],
      [
        0.0,
        0.0,
        0.0,
        1.0
      ]
    ],
    "2": [
      [
        -1.0,
        1.53952913280668e-16,
        -9.58213583034478e-17,
        -1.98727638894519e-17
      ],
      [
        4.11052171576805e-17,
        0.707106782917588,
        0.707106779455507,
        0.0814974745618855
      ],
      [
        1.76617081102431e-16,
        0.707106779455507,
        -0.707106782917588,
        0.220210355495771
      ],
      [
        0.0,
        0.0,
        0.0,
        1.0
      ]
    ],
    "3": [
      [
        -1.0,
        -1.52961078439462e-16,
        2.18286038218183e-16,
        1.98727638894519e-17
      ],
      [
        -4.61917213976282e-17,
        -0.707106782917588,
        -0.707106779455507,
        -0.0814974745618855
      ],
      [
        2.62511353797655e-16,
        -0.707106779455507,
        0.707106782917588,
        0.399205305104234
      ],
      [
        0.0,
        0.0,
        0.0,
        1.0
      ]
    ]
  },
  "simTime": 0.196999999999995,
  "state": [
    -5.67403964454859e-36,
    4.7438169930701e-21,
    0.309707830300002,
    0.707106781186548,
    -4.94188686363536e-19,
    0.707106781186548,
    -5.55600596673957e-19,
    -7.43411314662949e-35,
    -1.46755614130544e-20,
    -1.93190019999996,
    6.28371701341096e-19,
    -9.62427362821279e-18,
    -1.76085027447107e-17,
    1.0,
    2.04926773328058e-18,
    4.65891769953088e-20,
    -8.46574917952403e-19,
    1.0,
    -2.04824408719424e-18,
    -4.65891769953082e-20,
    8.43293215246268e-19,
    1.0,
    -1.55887205690088e-18,
    5.29319591149731e-20,
    5.36894766523629e-19,
    1.0,
    2.05478947750382e-18,
    -5.29319591149725e-20,
    -8.38910841973925e-19,
    1.74574176247379e-17,
    4.14140337547127e-19,
    -1.92737838650584e-17,
    -1.77414099979135e-17,
    -4.14140337547123e-19,
    1.92536572932596e-17,
    -2.07143221096363e-17,
    3.04854224735968e-19,
    1.41822486830488e-17,
    1.74782021911794e-17,
    -3.04854224735965e-19,
    -1.93566900097402e-17
  ]
}