{
  "T_WB": [
    [
      0.201879968046749,
      -0.000205178081540492,
      0.979410249284435,
      -0.00390760421615227
    ],
    [
      0.000194564310006379,
      0.999999966726373,
      0.000169387075689227,
      1.1603045382954e-06
    ],
    [
      -0.979410251450419,
      0.000156362421937529,
      0.201880001249802,
      0.181243216262939
    ],
    [
      0.0,
      0.0,
      0.0,
      1.0
    ]
  ],
  "T_WH": {
    "0": [
      [
        0.440212304050355,
        0.754571780464614,
        0.486656506675027,
        0.00417416020432698
      ],
      [
        -0.588963197210677,
        0.651769295081484,
        -0.477827519425538,
        -0.0319910560583054
      ],
      [
        -0.677742930390318,
        -0.0762772188497216,
        0.731331871444488,
        0.14206180260742
      ],
      [
        0.0,
        0.0,
        0.0,
        1.0
      ]
    ],
    "1": [
      [
        -0.0731908772242777,
        -0.0854066153257663,
        0.993654268621505,
        -0.0119893686366315
      ],
      [
        0.65753530835198,
        -0.753247167585355,
        -0.0163102052441758,
        0.031993376667382
      ],
      [
        0.749860262823419,
        0.652169007683773,
        0.111288686105801,
        0.220424629918458
      ],
      [
        0.0,
        0.0,
        0.0,
        1.0
      ]
    ],
    "2": [
      [
        0.440733735363918,
        -0.754773291992314,
        0.485871435883252,
        0.00416102880710838
      ],
      [
        0.589213575677812,
        0.651600683778587,
        0.477748795012865,
        0.0320089418121825
      ],
      [
        -0.677186190607233,
        0.0757220350648525,
        0.731905073528325,
        0.142071809802424
      ],
      [
        0.0,
        0.0,
        0.0,
        1.0
      ]
    ],
    "3": [
      [
        -0.0731058275037094,
        0.0858960832223484,
        0.993618337628718,
        -0.0119762372394129
      ],
      [
        -0.657667162406943,
        -0.753123111887445,
        0.0167177101473634,
        -0.0320066212031059
      ],
      [
        0.749752920285475,
        -0.652247990589493,
        0.111548721621413,
        0.220414622723454
      ],
      [
        0.0,
        0.0,
        0.0,
        1.0
      ]
    ]
  },
  "T_WP": {
    "0": [
      [
        -0.486656506675027,
        0.754571780464614,
        0.440212304050355,
        0.0349890214878518
      ],
      [
        0.477827519425537,
        0.651769295081484,
        -0.588963197210677,
        -0.0732184798630528
      ],
      [
        -0.731331871444488,
        -0.0762772188497216,
        -0.677742930390318,
        0.094619797480098
      ],
      [
        0.0,
        0.0,
        0.0,
        1.0
      ]
    ],
    "1": [
      [
        -0.993654268621505,
        -0.0854066153257663,
        -0.0731908772242776,
        -0.017112730042331
      ],
      [
        0.0163102052441758,
        -0.753247167585355,
        0.65753530835198,
        0.0780208482520206
      ],
      [
        -0.111288686105801,
        0.652169007683773,
        0.749860262823419,
        0.272914848316097
      ],
      [
        0.0,
        0.0,
        0.0,
        1.0
      ]
    ],
    "2": [
      [
        -0.485871435883252,
        -0.754773291992314,
        0.440733735363918,
        0.0350123902825827
      ],
      [
        -0.477748795012865,
        0.651600683778587,
        0.589213575677812,
        0.0732538921096293
      ],
      [
        -0.731905073528325,
        0.0757220350648525,
        -0.677186190607233,
        0.094668776459918
      ],
      [
        0.0,
        0.0,
        0.0,
        1.0
      ]
    ],
    "3": [
      [
        -0.993618337628718,
        0.0858960832223484,
        -0.0731058275037093,
        -0.0170936451646726
      ],
      [
        -0.0167177101473634,
        -0.753123111887445,
        -0.657667162406943,
        -0.0780433225715919
      ],
      [
        -0.111548721621413,
        -0.652247990589493,
        0.749752920285475,
        0.272897327143437
      ],
      [
        0.0,
        0.0,
        0.0,
        1.0
      ]
    ]
  },
  "simTime": 0.312499999999982,
  "state": [
    -0.00390760421615227,
    1.1603045382954e-06,
    0.181243216262939,
    0.775203188851627,
    -4.20039995287967e-06,
    0.631711959169253,
    0.000128915359642368,
    -0.104165814006141,
    0.000213120438859099,
    1.83271704570445,
    -0.00901470453882707,
    -5.78995674843628,
    0.00654186729778301,
    0.893631314006325,
    0.419269395752288,
    -0.110067333340796,
    0.116281686193859,
    0.998357068246233,
    0.0252888324109385,
    -0.0391252963266391,
    0.0333594128459975,
    0.893469120667777,
    -0.419466177004291,
    -0.110432936505084,
    -0.116471555743961,
    0.998359854043325,
    -0.0251852356049338,
    -0.039045718332109,
    -0.0334475353657612,
    11.0990875868822,
    -1.82676884755101,
    1.91751922638212,
    0.788276175671744,
    -0.488873520507356,
    0.313317379354299,
    -11.1052887465595,
    -1.837510097293,
    -1.91955422481302,
    -0.78625932144957,
    -0.483944911871911,
    -0.319336064277291
  ]
}