{
  "arms": {
    "0": [
      [
        0.941167712211609,
        0.273903518915176,
        -0.197939589619637,
        -0.0105295078828931
      ],
      [
        -0.00129199225921184,
        0.588636696338654,
        0.808396637439728,
        0.473637938499451
      ],
      [
        0.337937235832214,
        -0.760581076145172,
        0.554359793663025,
        0.0321081541478634
      ],
      [
        0.0,
        0.0,
        0.0,
        1.0
      ]
    ],
    "1": [
      [
        0.993958830833435,
        -0.097718633711338,
        -0.0499683804810047,
        -0.00607602205127478
      ],
      [
        0.040764220058918,
        0.751404345035553,
        -0.658581554889679,
        0.393761992454529
      ],
      [
        0.101902164518833,
        0.652566075325012,
        0.750848472118378,
        0.0320686958730221
      ],
      [
        0.0,
        0.0,
        0.0,
        1.0
      ]
    ],
    "2": [
      [
        0.956114172935486,
        -0.26324650645256,
        -0.128634706139565,
        -0.00635353196412325
      ],
      [
        -0.289125233888626,
        -0.776583790779114,
        -0.559753775596619,
        0.393778145313263
      ],
      [
        0.0474575869739056,
        0.572380065917969,
        -0.81861400604248,
        -0.0319306999444962
      ],
      [
        0.0,
        0.0,
        0.0,
        1.0
      ]
    ],
    "3": [
      [
        0.986767113208771,
        0.0909492895007133,
        -0.134233847260475,
        -0.0108070177957416
      ],
      [
        0.161004066467285,
        -0.647578716278076,
        0.744794964790344,
        0.473654061555862
      ],
      [
        -0.0191884152591228,
        -0.756551444530487,
        -0.653652667999268,
        -0.0318912416696548
      ],
      [
        0.0,
        0.0,
        0.0,
        1.0
      ]
    ]
  },
  "base": [
    [
      -0.0556685701012611,
      -0.00433609262108803,
      -0.998439848423004,
      -0.00844151992350817
    ],
    [
      0.998449206352234,
      0.000252232915954664,
      -0.0556701868772507,
      0.433708041906357
    ],
    [
      0.00049323053099215,
      -0.999990582466125,
      0.00431532692164183,
      8.87278511072509e-05
    ],
    [
      0.0,
      0.0,
      0.0,
      1.0
    ]
  ]
}