{
  "T_WB": [
    [
      -2.22044604925031e-16,
      1.32139242386184e-21,
      1.0,
      3.67125733135969e-37
    ],
    [
      -4.17214680144509e-22,
      1.0,
      -1.32139242386184e-21,
      1.02866908404165e-21
    ],
    [
      -1.0,
      -4.17214680144509e-22,
      -2.22044604925031e-16,
      0.4917575527
    ],
    [
      0.0,
      0.0,
      0.0,
      1.0
    ]
  ],
  "T_WH": {
    "0": [
      [
        -1.57017201966192e-16,
        -1.56447958662873e-16,
        1.0,
        -8.88182648155882e-18
      ],
      [
        -0.707106779455507,
        0.707106782917588,
        -4.02515257301336e-19,
        -0.032
      ],
      [
        -0.707106782917588,
        -0.707106779455507,
        -2.21653340747527e-16,
        0.4517575527
      ],
      [
        0.0,
        0.0,
        0.0,
        1.0
      ]
    ],
    "1": [
      [
        1.57017201966192e-16,
        1.5647704914272e-16,
        1.0,
        8.88182648155882e-18
      ],
      [
        0.707106779455507,
        -0.707106782917588,
        -3.81945181682776e-19,
        0.032
      ],
      [
        0.707106782917588,
        0.707106779455507,
        -2.21673910823045e-16,
        0.5317575527
      ],
      [
        0.0,
        0.0,
        0.0,
        1.0
      ]
    ],
    "2": [
      [
        -1.57016627008847e-16,
        1.56690248763111e-16,
        1.0,
        -8.88174191244369e-18
      ],
      [
        0.707106779455507,
        0.707106782917588,
        2.30783727752666e-19,
        0.032
      ],
      [
        -0.707106782917588,
        0.707106779455507,
        -2.21824259163763e-16,
        0.4517575527
      ],
      [
        0.0,
        0.0,
        0.0,
        1.0
      ]
    ],
    "3": [
      [
        1.57016627008847e-16,
        -1.56448336737244e-16,
        1.0,
        8.88174191244369e-18
      ],
      [
        -0.707106779455507,
        -0.707106782917588,
        4.01841362112802e-19,
        -0.032
      ],
      [
        0.707106782917588,
        -0.707106779455507,
        -2.2165320153024e-16,
        0.5317575527
      ],
      [
        0.0,
        0.0,
        0.0,
        1.0
      ]
    ]
  },
  "T_WP": {
    "0": [
      [
        -1.0,
        -1.56447958662873e-16,
        -9.57848620088242e-17,
        -1.98730306191922e-17
      ],
      [
        -4.28952874484777e-17,
        0.707106782917588,
        -0.707106779455507,
        -0.0814974745618855
      ],
      [
        1.78355537829757e-16,
        -0.707106779455507,
        -0.707106782917588,
        0.402260077895768
      ],
      [
        0.0,
        0.0,
        0.0,
        1.0
      ]
    ],
    "1": [
      [
        -1.0,
        1.5647704914272e-16,
        2.1824954192356e-16,
        1.98730306191922e-17
      ],
      [
        4.36797478874618e-17,
        -0.707106782917588,
        0.707106779455507,
        0.0814974745618855
      ],
      [
        2.64971713740815e-16,
        0.707106779455507,
        0.707106782917588,
        0.581255027504231
      ],
      [
        0.0,
        0.0,
        0.0,
        1.0
      ]
    ],
    "2": [
      [
        -1.0,
        1.56690248763111e-16,
        -9.57842870514797e-17,
        -1.9872905803063e-17
      ],
      [
        4.30670189780264e-17,
        0.707106782917588,
        0.707106779455507,
        0.0814974745618855
      ],
      [
        1.78526456245992e-16,
        0.707106779455507,
        -0.707106782917588,
        0.402260077895768
      ],
      [
        0.0,
        0.0,
        0.0,
        1.0
      ]
    ],
    "3": [
      [
        -1.0,
        -1.56448336737244e-16,
        2.18248966966215e-16,
        1.9872905803063e-17
      ],
      [
        -4.36996440678918e-17,
        -0.707106782917588,
        -0.707106779455507,
        -0.0814974745618855
      ],
      [
        2.6495100444801e-16,
        -0.707106779455507,
        0.707106782917588,
        0.581255027504231
      ],
      [
        0.0,
        0.0,
        0.0,
        1.0
      ]
    ]
  },
  "simTime": 0.0410000000000001,
  "state": [
    3.67125733135969e-37,
    1.02866908404165e-21,
    0.4917575527,
    0.707106781186548,
    3.19675106990239e-22,
    0.707106781186548,
    -6.14690436530997e-22,
    2.89970778999819e-35,
    5.98612675547007e-20,
    -0.402070600000002,
    1.11267663416356e-19,
    -1.10212268479032e-18,
    -6.87490906459186e-19,
    1.0,
    2.8017622779552e-19,
    3.51067395248678e-21,
    -1.22293304635341e-20,
    1.0,
    -2.65630987871725e-19,
    -3.51067395248669e-21,
    1.21643420386461e-20,
    1.0,
    -1.59965543222029e-19,
    4.1575608214854e-21,
    9.18995220023071e-21,
    1.0,
    2.80921556155702e-19,
    -4.15756082148532e-21,
    -1.16404509266313e-20,
    2.15807560950877e-17,
    3.85259055480718e-19,
    -1.80945772648928e-18,
    -2.21502024571412e-17,
    -3.8525905548071e-19,
    1.74994665151239e-18,
    -9.92927917347197e-18,
    4.84698910194178e-19,
    1.21985521817861e-18,
    2.15904615040852e-17,
    -4.8469891019417e-19,
    -1.71848155522572e-18
  ]
}