{
  "T_WB": [
    [
      -2.22044604925031e-16,
      1.00492639332575e-19,
      1.0,
      -7.41490863190706e-36
    ],
    [
      -1.89886686642113e-18,
      1.0,
      -1.00492639332575e-19,
      4.37301553576058e-21
    ],
    [
      -1.0,
      -1.89886686642113e-18,
      -2.22044604925031e-16,
      0.263757780175003
    ],
    [
      0.0,
      0.0,
      0.0,
      1.0
    ]
  ],
  "T_WH": {
    "0": [
      [
        -1.57181572167855e-16,
        -1.5247028654355e-16,
        1.0,
        -8.8849999614599e-18
      ],
      [
        -0.707106779455507,
        0.707106782917588,
        -3.33138147703283e-18,
        -0.032
      ],
      [
        -0.707106782917588,
        -0.707106779455507,
        -2.18956929110009e-16,
        0.223757780175003
      ],
      [
        0.0,
        0.0,
        0.0,
        1.0
      ]
    ],
    "1": [
      [
        1.57181572167855e-16,
        1.52470332417737e-16,
        1.0,
        8.8849999614599e-18
      ],
      [
        0.707106779455507,
        -0.707106782917588,
        -3.33134903908453e-18,
        0.032
      ],
      [
        0.707106782917588,
        0.707106779455507,
        -2.18956961547957e-16,
        0.303757780175003
      ],
      [
        0.0,
        0.0,
        0.0,
        1.0
      ]
    ],
    "2": [
      [
        -1.57049586016602e-16,
        1.53517335629751e-16,
        1.0,
        -8.87856843254261e-18
      ],
      [
        0.707106779455507,
        0.707106782917588,
        2.49767766378755e-18,
        0.032
      ],
      [
        -0.707106782917588,
        0.707106779455507,
        -2.19603976314482e-16,
        0.223757780175003
      ],
      [
        0.0,
        0.0,
        0.0,
        1.0
      ]
    ],
    "3": [
      [
        1.57049586016602e-16,
        -1.52599579491678e-16,
        1.0,
        8.87856843254261e-18
      ],
      [
        -0.707106779455507,
        -0.707106782917588,
        3.14662925408328e-18,
        -0.032
      ],
      [
        0.707106782917588,
        -0.707106779455507,
        -2.18955024727363e-16,
        0.303757780175003
      ],
      [
        0.0,
        0.0,
        0.0,
        1.0
      ]
    ]
  },
  "T_WP": {
    "0": [
      [
        -1.0,
        -1.5247028654355e-16,
        -9.59492322104877e-17,
        -1.98877100132098e-17
      ],
      [
        -3.99664212287462e-17,
        0.707106782917588,
        -0.707106779455507,
        -0.0814974745618855
      ],
      [
        1.75659126192239e-16,
        -0.707106779455507,
        -0.707106782917588,
        0.174260305370772
      ],
      [
        0.0,
        0.0,
        0.0,
        1.0
      ]
    ],
    "1": [
      [
        -1.0,
        1.52470332417737e-16,
        2.18413912125223e-16,
        1.98877100132098e-17
      ],
      [
        4.66291517448636e-17,
        -0.707106782917588,
        0.707106779455507,
        0.0814974745618855
      ],
      [
        2.62254764465728e-16,
        0.707106779455507,
        0.707106782917588,
        0.353255254979234
      ],
      [
        0.0,
        0.0,
        0.0,
        1.0
      ]
    ],
    "2": [
      [
        -1.0,
        1.53517335629751e-16,
        -9.58172460592343e-17,
        -1.98720394537047e-17
      ],
      [
        4.08001250419915e-17,
        0.707106782917588,
        0.707106779455507,
        0.0814974745618855
      ],
      [
        1.76306173396711e-16,
        0.707106779455507,
        -0.707106782917588,
        0.174260305370772
      ],
      [
        0.0,
        0.0,
        0.0,
        1.0
      ]
    ],
    "3": [
      [
        -1.0,
        -1.52599579491678e-16,
        2.1828192597397e-16,
        1.98720394537047e-17
      ],
      [
        -4.64444319598623e-17,
        -0.707106782917588,
        -0.707106779455507,
        -0.0814974745618855
      ],
      [
        2.62252827645134e-16,
        -0.707106779455507,
        0.707106782917588,
        0.353255254979234
      ],
      [
        0.0,
        0.0,
        0.0,
        1.0
      ]
    ]
  },
  "simTime": 0.219499999999992,
  "state": [
    -7.41490863190706e-36,
    4.37301553576058e-21,
    0.263757780175003,
    0.707106781186548,
    -6.35821305542717e-19,
    0.707106781186548,
    -7.06880332274115e-19,
    -8.08586848545979e-35,
    -1.77817290615969e-20,
    -2.15254869999998,
    5.83051439184503e-19,
    -1.06394606978895e-17,
    -1.93252730750593e-17,
    1.0,
    2.23394995677677e-18,
    5.06334442761176e-20,
    -1.07478073482679e-18,
    1.0,
    -2.23392701968361e-18,
    -5.0633444276117e-20,
    1.07133440242549e-18,
    1.0,
    -1.78148444058203e-18,
    5.56993952068885e-20,
    7.0950878817203e-19,
    1.0,
    2.24036250961858e-18,
    -5.56993952068878e-20,
    -1.06818948111641e-18,
    1.51789324345023e-17,
    3.03740554924201e-19,
    -2.12562630575787e-17,
    -1.54336605860468e-17,
    -3.03740554924198e-19,
    2.12465697885895e-17,
    -1.89559226165084e-17,
    1.87576229893856e-19,
    1.64784519806206e-17,
    1.52840003388414e-17,
    -1.87576229893855e-19,
    -2.136307884428e-17
  ]
}