{
  "arms": {
    "0": [
      [
        -1.0,
        -3.45444388087537e-17,
        -5.74294492462173e-17,
        -8.88178978874219e-18
      ],
      [
        1.61821442495422e-17,
        0.70710676908493,
        -0.70710676908493,
        -0.0320000015199184
      ],
      [
        6.50353617437526e-17,
        -0.70710676908493,
        -0.70710676908493,
        0.327316701412201
      ],
      [
        0.0,
        0.0,
        0.0,
        1.0
      ]
    ],
    "1": [
      [
        -1.0,
        -1.58507617995192e-16,
        3.790657992118e-16,
        8.88177820821362e-18
      ],
      [
        -1.55958194407744e-16,
        -0.70710676908493,
        -0.70710676908493,
        -0.0320000015199184
      ],
      [
        3.8012181106901e-16,
        -0.70710676908493,
        0.70710676908493,
        0.407316714525223
      ],
      [
        0.0,
        0.0,
        0.0,
        1.0
      ]
    ],
    "2": [
      [
        -1.0,
        1.55523084170652e-16,
        3.79041844061261e-16,
        8.88178978874219e-18
      ],
      [
        1.58051623101994e-16,
        -0.70710676908493,
        0.70710676908493,
        0.0320000015199184
      ],
      [
        3.77994487821981e-16,
        0.70710676908493,
        0.70710676908493,
        0.407316714525223
      ],
      [
        0.0,
        0.0,
        0.0,
        1.0
      ]
    ],
    "3": [
      [
        -1.0,
        2.79474047553804e-16,
        1.87500166116278e-16,
        -8.88177820821362e-18
      ],
      [
        3.30200627303377e-16,
        0.70710676908493,
        0.70710676908493,
        0.0320000015199184
      ],
      [
        6.50353617437526e-17,
        0.70710676908493,
        -0.70710676908493,
        0.327316701412201
      ],
      [
        0.0,
        0.0,
        0.0,
        1.0
      ]
    ]
  },
  "arms_in_parent_frame": {
    "0": [
      [
        2.22044591690142e-16,
        1.26880514983441e-08,
        0.999999940395355,
        1.49011611938477e-08
      ],
      [
        -4.91409067993851e-25,
        0.999999940395355,
        1.26880514983441e-08,
        2.98023223876953e-08
      ],
      [
        -1.0,
        0.0,
        2.22044591690142e-16,
        0.0
      ],
      [
        0.0,
        0.0,
        0.0,
        1.0
      ]
    ],
    "1": [
      [
        2.22044604925031e-16,
        -1.26880514983441e-08,
        0.999999940395355,
        0.0
      ],
      [
        9.53722105903892e-24,
        0.999999940395355,
        -1.26880514983441e-08,
        0.0
      ],
      [
        -1.0,
        -1.5095569707106e-23,
        2.22044631394811e-16,
        6.61744490042422e-24
      ],
      [
        0.0,
        0.0,
        0.0,
        1.0
      ]
    ],
    "2": [
      [
        2.22044591690142e-16,
        1.26880514983441e-08,
        0.999999940395355,
        0.0
      ],
      [
        -3.1002422901803e-24,
        0.999999940395355,
        1.26880514983441e-08,
        0.0
      ],
      [
        -1.0,
        -6.9988922802566e-25,
        2.22044604925031e-16,
        -6.61744490042422e-24
      ],
      [
        0.0,
        0.0,
        0.0,
        1.0
      ]
    ],
    "3": [
      [
        2.22044591690142e-16,
        -1.26880514983441e-08,
        0.999999940395355,
        1.49011611938477e-08
      ],
      [
        -2.81731338221826e-24,
        0.999999940395355,
        -1.26880514983441e-08,
        -2.98023223876953e-08
      ],
      [
        -1.0,
        0.0,
        2.22044604925031e-16,
        6.61744490042422e-24
      ],
      [
        0.0,
        0.0,
        0.0,
        1.0
      ]
    ]
  },
  "arms_link_world": {
    "0": [
      [
        -1.0,
        -3.45444388087537e-17,
        -5.74294492462173e-17,
        -8.88178978874219e-18
      ],
      [
        1.61821442495422e-17,
        0.70710676908493,
        -0.70710676908493,
        -0.0320000015199184
      ],
      [
        6.50353617437526e-17,
        -0.70710676908493,
        -0.70710676908493,
        0.327316701412201
      ],
      [
        0.0,
        0.0,
        0.0,
        1.0
      ]
    ],
    "1": [
      [
        -1.0,
        -1.58507617995192e-16,
        3.790657992118e-16,
        8.88177820821362e-18
      ],
      [
        -1.55958194407744e-16,
        -0.70710676908493,
        -0.70710676908493,
        -0.0320000015199184
      ],
      [
        3.8012181106901e-16,
        -0.70710676908493,
        0.70710676908493,
        0.407316714525223
      ],
      [
        0.0,
        0.0,
        0.0,
        1.0
      ]
    ],
    "2": [
      [
        -1.0,
        1.55523084170652e-16,
        3.79041844061261e-16,
        8.88178978874219e-18
      ],
      [
        1.58051623101994e-16,
        -0.70710676908493,
        0.70710676908493,
        0.0320000015199184
      ],
      [
        3.77994487821981e-16,
        0.70710676908493,
        0.70710676908493,
        0.407316714525223
      ],
      [
        0.0,
        0.0,
        0.0,
        1.0
      ]
    ],
    "3": [
      [
        -1.0,
        2.79474047553804e-16,
        1.87500166116278e-16,
        -8.88177820821362e-18
      ],
      [
        3.30200627303377e-16,
        0.70710676908493,
        0.70710676908493,
        0.0320000015199184
      ],
      [
        6.50353617437526e-17,
        0.70710676908493,
        -0.70710676908493,
        0.327316701412201
      ],
      [
        0.0,
        0.0,
        0.0,
        1.0
      ]
    ]
  },
  "arms_relative_to_base": {
    "0": [
      [
        1.57009243181279e-16,
        0.70710676908493,
        0.70710676908493,
        0.0399999916553497
      ],
      [
        1.61819655785299e-17,
        0.70710676908493,
        -0.70710676908493,
        -0.0320000015199184
      ],
      [
        -1.0,
        1.22464685258517e-16,
        9.95799196665145e-17,
        0.0
      ],
      [
        0.0,
        0.0,
        0.0,
        1.0
      ]
    ],
    "1": [
      [
        -1.58077206143979e-16,
        0.70710676908493,
        -0.70710676908493,
        -0.0400000214576721
      ],
      [
        -1.55958379696202e-16,
        -0.70710676908493,
        -0.70710676908493,
        -0.0320000015199184
      ],
      [
        -1.0,
        -1.49824246501525e-18,
        2.2205667514453e-16,
        -6.61744490042422e-24
      ],
      [
        0.0,
        0.0,
        0.0,
        1.0
      ]
    ],
    "2": [
      [
        -1.55949882896949e-16,
        -0.70710676908493,
        -0.70710676908493,
        -0.0400000214576721
      ],
      [
        1.58051437813536e-16,
        -0.70710676908493,
        0.70710676908493,
        0.0320000015199184
      ],
      [
        -1.0,
        -1.48602666172906e-18,
        2.22032468531084e-16,
        -6.61744490042422e-24
      ],
      [
        0.0,
        0.0,
        0.0,
        1.0
      ]
    ],
    "3": [
      [
        1.57009243181279e-16,
        -0.70710676908493,
        0.70710676908493,
        0.0399999916553497
      ],
      [
        3.3020044201492e-16,
        0.70710676908493,
        0.70710676908493,
        0.0320000015199184
      ],
      [
        -1.0,
        1.22464672023627e-16,
        3.44509263713768e-16,
        0.0
      ],
      [
        0.0,
        0.0,
        0.0,
        1.0
      ]
    ]
  },
  "arms_view_frame": {
    "0": [
      [
        -0.999999940395355,
        -3.45444355000313e-17,
        -5.74294426287724e-17,
        -8.88178896156158e-18
      ],
      [
        6.50353617437526e-17,
        -0.707106828689575,
        -0.707106709480286,
        0.327316701412201
      ],
      [
        -1.61821475582647e-17,
        -0.707106709480286,
        0.707106828689575,
        0.0319999866187572
      ],
      [
        0.0,
        0.0,
        0.0,
        1.0
      ]
    ],
    "1": [
      [
        -0.999999940395355,
        -1.58507604760302e-16,
        3.79065772742021e-16,
        8.881777381033e-18
      ],
      [
        3.8012181106901e-16,
        -0.707106709480286,
        0.707106828689575,
        0.407316714525223
      ],
      [
        1.55958181172855e-16,
        0.707106828689575,
        0.707106709480286,
        0.0319999828934669
      ],
      [
        0.0,
        0.0,
        0.0,
        1.0
      ]
    ],
    "2": [
      [
        -0.999999940395355,
        1.55523070935762e-16,
        3.79041817591481e-16,
        8.88178896156158e-18
      ],
      [
        3.77994487821981e-16,
        0.707106828689575,
        0.707106709480286,
        0.407316714525223
      ],
      [
        -1.58051636336883e-16,
        0.707106709480286,
        -0.707106828689575,
        -0.0320000201463699
      ],
      [
        0.0,
        0.0,
        0.0,
        1.0
      ]
    ],
    "3": [
      [
        -0.999999940395355,
        2.79474021084024e-16,
        1.87500152881388e-16,
        -8.881777381033e-18
      ],
      [
        6.50353485088628e-17,
        0.707106709480286,
        -0.707106828689575,
        0.327316701412201
      ],
      [
        -3.30200627303377e-16,
        -0.707106828689575,
        -0.707106709480286,
        -0.0320000164210796
      ],
      [
        0.0,
        0.0,
        0.0,
        1.0
      ]
    ]
  },
  "arms_visual_world": {
    "0": [
      [
        -1.0,
        -3.45444388087537e-17,
        -5.74294492462173e-17,
        -8.88178978874219e-18
      ],
      [
        1.61821442495422e-17,
        0.70710676908493,
        -0.70710676908493,
        -0.0320000015199184
      ],
      [
        6.50353617437526e-17,
        -0.70710676908493,
        -0.70710676908493,
        0.327316701412201
      ],
      [
        0.0,
        0.0,
        0.0,
        1.0
      ]
    ],
    "1": [
      [
        -1.0,
        -1.58507617995192e-16,
        3.790657992118e-16,
        8.88177820821362e-18
      ],
      [
        -1.55958194407744e-16,
        -0.70710676908493,
        -0.70710676908493,
        -0.0320000015199184
      ],
      [
        3.8012181106901e-16,
        -0.70710676908493,
        0.70710676908493,
        0.407316714525223
      ],
      [
        0.0,
        0.0,
        0.0,
        1.0
      ]
    ],
    "2": [
      [
        -1.0,
        1.55523084170652e-16,
        3.79041844061261e-16,
        8.88178978874219e-18
      ],
      [
        1.58051623101994e-16,
        -0.70710676908493,
        0.70710676908493,
        0.0320000015199184
      ],
      [
        3.77994487821981e-16,
        0.70710676908493,
        0.70710676908493,
        0.407316714525223
      ],
      [
        0.0,
        0.0,
        0.0,
        1.0
      ]
    ],
    "3": [
      [
        -1.0,
        2.79474047553804e-16,
        1.87500166116278e-16,
        -8.88177820821362e-18
      ],
      [
        3.30200627303377e-16,
        0.70710676908493,
        0.70710676908493,
        0.0320000015199184
      ],
      [
        6.50353617437526e-17,
        0.70710676908493,
        -0.70710676908493,
        0.327316701412201
      ],
      [
        0.0,
        0.0,
        0.0,
        1.0
      ]
    ]
  },
  "base": [
    [
      -2.22044604925031e-16,
      1.79381050235025e-22,
      1.0,
      8.80603111024915e-36
    ],
    [
      6.43402845633613e-19,
      1.0,
      -1.79381050235025e-22,
      6.02221085102279e-23
    ],
    [
      -1.0,
      6.43402845633613e-19,
      -2.22044604925031e-16,
      0.367316693067551
    ],
    [
      0.0,
      0.0,
      0.0,
      1.0
    ]
  ],
  "base_link_world": [
    [
      -2.22044604925031e-16,
      1.79381050235025e-22,
      1.0,
      8.80603111024915e-36
    ],
    [
      6.43402845633613e-19,
      1.0,
      -1.79381050235025e-22,
      6.02221085102279e-23
    ],
    [
      -1.0,
      6.43402845633613e-19,
      -2.22044604925031e-16,
      0.367316693067551
    ],
    [
      0.0,
      0.0,
      0.0,
      1.0
    ]
  ],
  "base_view_frame": [
    [
      -2.22044591690142e-16,
      1.79381037613251e-22,
      0.999999940395355,
      8.80603039278434e-36
    ],
    [
      -1.0,
      -4.37113882867379e-08,
      -2.22044604925031e-16,
      0.367316693067551
    ],
    [
      4.37113882867379e-08,
      -1.0,
      1.890869297556e-22,
      -1.60559228135071e-08
    ],
    [
      0.0,
      0.0,
      0.0,
      1.0
    ]
  ],
  "base_visual_world": [
    [
      -1.21028236623229e-21,
      2.22044591690142e-16,
      1.0,
      8.80603111024915e-36
    ],
    [
      0.999999940395355,
      6.25848770141602e-06,
      -1.79381050235025e-22,
      6.02221085102279e-23
    ],
    [
      -6.25848770141602e-06,
      0.999999940395355,
      -2.22044604925031e-16,
      0.367316693067551
    ],
    [
      0.0,
      0.0,
      0.0,
      1.0
    ]
  ],
  "view_adjust": [
    [
      0.999999940395355,
      0.0,
      0.0,
      0.0
    ],
    [
      0.0,
      -4.37113882867379e-08,
      1.0,
      0.0
    ],
    [
      0.0,
      -1.0,
      -4.37113882867379e-08,
      0.0
    ],
    [
      0.0,
      0.0,
      0.0,
      1.0
    ]
  ]
}