{
  "T_WB": [
    [
      0.686931339774613,
      -0.00131320900973481,
      0.726721136281003,
      -0.0218319419926905
    ],
    [
      0.00100226557721184,
      0.999999128239034,
      0.000859642300158428,
      2.98476858041123e-05
    ],
    [
      -0.726721631643897,
      0.000137852342151966,
      0.686932057118871,
      0.320470458239064
    ],
    [
      0.0,
      0.0,
      0.0,
      1.0
    ]
  ],
  "T_WH": {
    "0": [
      [
        0.428241863084594,
        0.885815232848652,
        -0.178718437647394,
        0.0056873342866055
      ],
      [
        -0.723367247468448,
        0.217493975553024,
        -0.655313814815514,
        -0.0319300337947565
      ],
      [
        -0.541616775951186,
        0.409911873274525,
        0.733909752051853,
        0.291397181698359
      ],
      [
        0.0,
        0.0,
        0.0,
        1.0
      ]
    ],
    "1": [
      [
        -0.464067948336253,
        -0.400959689959787,
        0.789855851630113,
        -0.0493512182719866
      ],
      [
        0.682306318805565,
        -0.730447438087692,
        0.0300770262679821,
        0.0319897291663647
      ],
      [
        0.564888508154466,
        0.552881422385016,
        0.612554574006711,
        0.349543734779769
      ],
      [
        0.0,
        0.0,
        0.0,
        1.0
      ]
    ],
    "2": [
      [
        0.426856200852775,
        -0.885980319803087,
        -0.181197838605089,
        0.00560328890998247
      ],
      [
        0.724468562350573,
        0.215106509221853,
        0.654885098208902,
        0.0320699104125417
      ],
      [
        -0.541238474204513,
        -0.410813902651808,
        0.733684435863786,
        0.291406004248257
      ],
      [
        0.0,
        0.0,
        0.0,
        1.0
      ]
    ],
    "3": [
      [
        -0.462593173077943,
        0.402683903655451,
        0.789843800987567,
        -0.0492671728953636
      ],
      [
        -0.683395190922904,
        -0.729498734938712,
        -0.0283303502672559,
        -0.0320102150409335
      ],
      [
        0.56478187758207,
        -0.552880881799711,
        0.612653377771841,
        0.349534912229871
      ],
      [
        0.0,
        0.0,
        0.0,
        1.0
      ]
    ]
  },
  "T_WP": {
    "0": [
      [
        0.178718437647394,
        0.885815232848652,
        0.428241863084594,
        0.0356642647025271
      ],
      [
        0.655313814815514,
        0.217493975553024,
        -0.723367247468448,
        -0.0825657411175479
      ],
      [
        -0.733909752051853,
        0.409911873274525,
        -0.541616775951186,
        0.253484007381776
      ],
      [
        0.0,
        0.0,
        0.0,
        1.0
      ]
    ],
    "1": [
      [
        -0.789855851630113,
        -0.400959689959787,
        -0.464067948336253,
        -0.0818359746555243
      ],
      [
        -0.030077026267982,
        -0.730447438087692,
        0.682306318805565,
        0.0797511714827543
      ],
      [
        -0.612554574006711,
        0.552881422385016,
        0.564888508154466,
        0.389085930350581
      ],
      [
        0.0,
        0.0,
        0.0,
        1.0
      ]
    ],
    "2": [
      [
        0.181197838605089,
        -0.885980319803087,
        0.426856200852775,
        0.0354832229696767
      ],
      [
        -0.654885098208902,
        0.215106509221853,
        0.724468562350573,
        0.0827827097770818
      ],
      [
        -0.733684435863786,
        -0.410813902651808,
        -0.541238474204513,
        0.253519311053941
      ],
      [
        0.0,
        0.0,
        0.0,
        1.0
      ]
    ],
    "3": [
      [
        -0.789843800987567,
        0.402683903655451,
        -0.462593173077942,
        -0.0816486950108195
      ],
      [
        0.0283303502672558,
        -0.729498734938712,
        -0.683395190922904,
        -0.0798478784055368
      ],
      [
        -0.612653377771841,
        -0.552880881799711,
        0.56478187758207,
        0.389069643660616
      ],
      [
        0.0,
        0.0,
        0.0,
        1.0
      ]
    ]
  },
  "simTime": 0.415999999999971,
  "state": [
    -0.0218319419926905,
    2.98476858041123e-05,
    0.320470458239064,
    0.918403849775865,
    -0.00019647945677237,
    0.395643694296254,
    0.000630298584743449,
    -0.213121140346259,
    0.000232084239678396,
    0.841876493095699,
    -0.0103897228287533,
    -5.02407069202635,
    0.00348736144077623,
    0.828290947619357,
    0.559301125861987,
    0.0181682010532141,
    -0.0280405629727903,
    0.998553494366781,
    0.044384151592418,
    -0.0249591974626647,
    0.0172628050250469,
    0.828048640238751,
    -0.559676686226382,
    0.0180275790927473,
    0.0277932129388878,
    0.99855233688996,
    -0.0443882038045662,
    -0.0248626131133633,
    -0.0174576150656414,
    0.313599840761517,
    -0.210220220529626,
    -5.67852564823044,
    0.186357590716189,
    0.371955251057666,
    -0.526320509381376,
    -0.316390099315162,
    -0.207284620625831,
    5.6830430086482,
    -0.189729112889432,
    0.371065674188451,
    0.525854831434807
  ]
}