{
  "T_WB": [
    [
      -2.22044604925031e-16,
      1.08434222553299e-19,
      1.0,
      -8.52536857126372e-36
    ],
    [
      -2.17602860588987e-18,
      1.0,
      -1.08434222553299e-19,
      4.11293808377007e-21
    ],
    [
      -1.0,
      -2.17602860588987e-18,
      -2.22044604925031e-16,
      0.232661051575003
    ],
    [
      0.0,
      0.0,
      0.0,
      1.0
    ]
  ],
  "T_WH": {
    "0": [
      [
        -1.57190946228841e-16,
        -1.52261700341238e-16,
        1.0,
        -8.88525409212296e-18
      ],
      [
        -0.707106779455507,
        0.707106782917588,
        -3.48550265758511e-18,
        -0.032
      ],
      [
        -0.707106782917588,
        -0.707106779455507,
        -2.18816064854359e-16,
        0.192661051575003
      ],
      [
        0.0,
        0.0,
        0.0,
        1.0
      ]
    ],
    "1": [
      [
        1.57190946228841e-16,
        1.52260518148291e-16,
        1.0,
        8.88525409212296e-18
      ],
      [
        0.707106779455507,
        -0.707106782917588,
        -3.48633859423671e-18,
        0.032
      ],
      [
        0.707106782917588,
        0.707106779455507,
        -2.18815228917712e-16,
        0.272661051575003
      ],
      [
        0.0,
        0.0,
        0.0,
        1.0
      ]
    ],
    "2": [
      [
        -1.57046094464434e-16,
        1.53266629411638e-16,
        1.0,
        -8.87831430187955e-18
      ],
      [
        0.707106779455507,
        0.707106782917588,
        2.67248483092566e-18,
        0.032
      ],
      [
        -0.707106782917588,
        0.707106779455507,
        -2.19424231347782e-16,
        0.192661051575003
      ],
      [
        0.0,
        0.0,
        0.0,
        1.0
      ]
    ],
    "3": [
      [
        1.57046094464434e-16,
        -1.52401293715792e-16,
        1.0,
        8.87831430187955e-18
      ],
      [
        -0.707106779455507,
        -0.707106782917588,
        3.28436957095938e-18,
        -0.032
      ],
      [
        0.707106782917588,
        -0.707106779455507,
        -2.18812346610744e-16,
        0.272661051575003
      ],
      [
        0.0,
        0.0,
        0.0,
        1.0
      ]
    ]
  },
  "T_WP": {
    "0": [
      [
        -1.0,
        -1.52261700341238e-16,
        -9.59586062714733e-17,
        -1.98886203281418e-17
      ],
      [
        -3.98123000481939e-17,
        0.707106782917588,
        -0.707106779455507,
        -0.0814974745618855
      ],
      [
        1.75518261936589e-16,
        -0.707106779455507,
        -0.707106782917588,
        0.143163576770772
      ],
      [
        0.0,
        0.0,
        0.0,
        1.0
      ]
    ],
    "1": [
      [
        -1.0,
        1.52260518148291e-16,
        2.18423286186209e-16,
        1.98886203281418e-17
      ],
      [
        4.67841413000157e-17,
        -0.707106782917588,
        0.707106779455507,
        0.0814974745618855
      ],
      [
        2.62113031835482e-16,
        0.707106779455507,
        0.707106782917588,
        0.322158526379234
      ],
      [
        0.0,
        0.0,
        0.0,
        1.0
      ]
    ],
    "2": [
      [
        -1.0,
        1.53266629411638e-16,
        -9.58137545070662e-17,
        -1.98715409143899e-17
      ],
      [
        4.06253178748534e-17,
        0.707106782917588,
        0.707106779455507,
        0.0814974745618855
      ],
      [
        1.76126428430011e-16,
        0.707106779455507,
        -0.707106782917588,
        0.143163576770772
      ],
      [
        0.0,
        0.0,
        0.0,
        1.0
      ]
    ],
    "3": [
      [
        -1.0,
        -1.52401293715792e-16,
        2.18278434421802e-16,
        1.98715409143899e-17
      ],
      [
        -4.65821722767384e-17,
        -0.707106782917588,
        -0.707106779455507,
        -0.0814974745618855
      ],
      [
        2.62110149528514e-16,
        -0.707106779455507,
        0.707106782917588,
        0.322158526379234
      ],
      [
        0.0,
        0.0,
        0.0,
        1.0
      ]
    ]
  },
  "simTime": 0.233499999999991,
  "state": [
    -8.52536857126372e-36,
    4.11293808377007e-21,
    0.232661051575003,
    0.707106781186548,
    -7.31005004600255e-19,
    0.707106781186548,
    -8.07679578680384e-19,
    -7.65201781313798e-35,
    -1.92495208526998e-20,
    -2.28984110000001,
    5.50987683640819e-19,
    -1.12096005108396e-17,
    -2.03560594210217e-17,
    1.0,
    2.33543528425185e-18,
    5.25127011014459e-20,
    -1.227507545914e-18,
    1.0,
    -2.3360263807254e-18,
    -5.25127011014454e-20,
    1.22401637002402e-18,
    1.0,
    -1.90964532331952e-18,
    5.67613927903537e-20,
    8.29595037153193e-19,
    1.0,
    2.34231317124273e-18,
    -5.6761392790353e-20,
    -1.22170914842581e-18,
    1.36634990805923e-17,
    2.33133883724861e-19,
    -2.23631100231967e-17,
    -1.38487997888524e-17,
    -2.33133883724859e-19,
    2.2359924829258e-17,
    -1.77503557232337e-17,
    1.16091069533348e-19,
    1.78194608638655e-17,
    1.36886908195135e-17,
    -1.16091069533347e-19,
    -2.24825679433835e-17
  ]
}