{
  "T_WB": [
    [
      0.955134594192919,
      -0.00122014132367744,
      0.296169576815509,
      -0.00213788272943688
    ],
    [
      0.0016185587350108,
      0.999998085072852,
      -0.00110005374910335,
      -1.31987762562013e-05
    ],
    [
      -0.296167667451308,
      0.00153006724683942,
      0.955134740050152,
      0.430105176006803
    ],
    [
      0.0,
      0.0,
      0.0,
      1.0
    ]
  ],
  "T_WH": {
    "0": [
      [
        0.795711473639858,
        0.569619553495138,
        0.205856296949801,
        0.0361065455606376
      ],
      [
        -0.550192289431869,
        0.821898013604694,
        -0.147553718632828,
        -0.031948395149187
      ],
      [
        -0.253242364875238,
        0.00414963958159096,
        0.967393965829713,
        0.418209507156851
      ],
      [
        0.0,
        0.0,
        0.0,
        1.0
      ]
    ],
    "1": [
      [
        -0.616293172584548,
        -0.725627205343759,
        0.3060194181595,
        -0.0403823110195113
      ],
      [
        0.763140615217377,
        -0.646216126133053,
        0.00459562087563745,
        0.0319219975966746
      ],
      [
        0.194419975391715,
        0.236368096812147,
        0.952014178454338,
        0.442000844856754
      ],
      [
        0.0,
        0.0,
        0.0,
        1.0
      ]
    ],
    "2": [
      [
        0.794039116198796,
        -0.572247431785821,
        0.205023800473914,
        0.0360284565159222
      ],
      [
        0.553467793379063,
        0.820078608164678,
        0.145411409878297,
        0.0320514822954755
      ],
      [
        -0.251346938788491,
        -0.00198827694649747,
        0.967895016577954,
        0.418307431460649
      ],
      [
        0.0,
        0.0,
        0.0,
        1.0
      ]
    ],
    "3": [
      [
        -0.614589457140659,
        0.727048686059501,
        0.306071898858264,
        -0.040304221974796
      ],
      [
        -0.765089254174978,
        -0.643888468818562,
        -0.00678769979178625,
        -0.0320778798479879
      ],
      [
        0.192141178089253,
        -0.238343969551656,
        0.951984201476492,
        0.441902920552956
      ],
      [
        0.0,
        0.0,
        0.0,
        1.0
      ]
    ]
  },
  "T_WP": {
    "0": [
      [
        -0.205856296949801,
        0.569619553495138,
        0.795711473639858,
        0.0918063487154277
      ],
      [
        0.147553718632828,
        0.821898013604694,
        -0.550192289431869,
        -0.0704618554094179
      ],
      [
        -0.967393965829713,
        0.00414963958159096,
        -0.253242364875238,
        0.400482541615585
      ],
      [
        0.0,
        0.0,
        0.0,
        1.0
      ]
    ],
    "1": [
      [
        -0.3060194181595,
        -0.725627205343759,
        -0.616293172584548,
        -0.0835228331004297
      ],
      [
        -0.0045956208756374,
        -0.646216126133053,
        0.763140615217377,
        0.085341840661891
      ],
      [
        -0.952014178454338,
        0.236368096812147,
        0.194419975391715,
        0.455610243134174
      ],
      [
        0.0,
        0.0,
        0.0,
        1.0
      ]
    ],
    "2": [
      [
        -0.205023800473914,
        -0.572247431785821,
        0.794039116198796,
        0.0916111946498379
      ],
      [
        -0.145411409878297,
        0.820078608164678,
        0.553467793379063,
        0.0707942278320099
      ],
      [
        -0.967895016577954,
        -0.00198827694649747,
        -0.251346938788491,
        0.400713145745455
      ],
      [
        0.0,
        0.0,
        0.0,
        1.0
      ]
    ],
    "3": [
      [
        -0.306071898858264,
        0.727048686059501,
        -0.614589457140659,
        -0.0833254839746421
      ],
      [
        0.0067876997917862,
        -0.643888468818562,
        -0.765089254174978,
        -0.0856341276402364
      ],
      [
        -0.951984201476492,
        -0.238343969551656,
        0.192141178089253,
        0.455352803019204
      ],
      [
        0.0,
        0.0,
        0.0,
        1.0
      ]
    ]
  }
}