{
  "T_WB": [
    [
      -2.22044604925031e-16,
      5.61014001565486e-23,
      1.0,
      -7.9235451599608e-38
    ],
    [
      -4.55347372672467e-21,
      1.0,
      -5.61014001565487e-23,
      1.08592605733595e-22
    ],
    [
      -1.0,
      -4.55347372672467e-21,
      -2.22044604925031e-16,
      0.4988967575
    ],
    [
      0.0,
      0.0,
      0.0,
      1.0
    ]
  ],
  "T_WH": {
    "0": [
      [
        -1.57009766777095e-16,
        -1.56897542921062e-16,
        1.0,
        -8.88178599224606e-18
      ],
      [
        -0.707106779455507,
        0.707106782917588,
        -7.9353706225903e-20,
        -0.032
      ],
      [
        -0.707106782917588,
        -0.707106779455507,
        -2.21965987351786e-16,
        0.4588967575
      ],
      [
        0.0,
        0.0,
        0.0,
        1.0
      ]
    ],
    "1": [
      [
        1.57009766777095e-16,
        1.56899839603667e-16,
        1.0,
        8.88178599224606e-18
      ],
      [
        0.707106779455507,
        -0.707106782917588,
        -7.77297063776544e-20,
        0.032
      ],
      [
        0.707106782917588,
        0.707106779455507,
        -2.21967611351627e-16,
        0.5388967575
      ],
      [
        0.0,
        0.0,
        0.0,
        1.0
      ]
    ],
    "2": [
      [
        -1.57009756713061e-16,
        1.56921938700981e-16,
        1.0,
        -8.88178240175645e-18
      ],
      [
        0.707106779455507,
        0.707106782917588,
        6.20961684236085e-20,
        0.032
      ],
      [
        -0.707106782917588,
        0.707106779455507,
        -2.2198323065681e-16,
        0.4588967575
      ],
      [
        0.0,
        0.0,
        0.0,
        1.0
      ]
    ],
    "3": [
      [
        1.57009756713061e-16,
        -1.56897754521994e-16,
        1.0,
        8.88178240175645e-18
      ],
      [
        -0.707106779455507,
        -0.707106782917588,
        7.9196965424527e-20,
        -0.032
      ],
      [
        0.707106782917588,
        -0.707106779455507,
        -2.21966129859893e-16,
        0.5388967575
      ],
      [
        0.0,
        0.0,
        0.0,
        1.0
      ]
    ]
  },
  "T_WP": {
    "0": [
      [
        -1.0,
        -1.56897542921062e-16,
        -9.57774268197272e-17,
        -1.98724696666427e-17
      ],
      [
        -4.32184489995531e-17,
        0.707106782917588,
        -0.707106779455507,
        -0.0814974745618855
      ],
      [
        1.78668184434016e-16,
        -0.707106779455507,
        -0.707106782917588,
        0.409399282695769
      ],
      [
        0.0,
        0.0,
        0.0,
        1.0
      ]
    ],
    "1": [
      [
        -1.0,
        1.56899839603667e-16,
        2.18242106734463e-16,
        1.98724696666427e-17
      ],
      [
        4.33755324121567e-17,
        -0.707106782917588,
        0.707106779455507,
        0.0814974745618855
      ],
      [
        2.65265414269397e-16,
        0.707106779455507,
        0.707106782917588,
        0.588394232304231
      ],
      [
        0.0,
        0.0,
        0.0,
        1.0
      ]
    ],
    "2": [
      [
        -1.0,
        1.56921938700981e-16,
        -9.57774167556929e-17,
        -1.98724653716707e-17
      ],
      [
        4.32357065373554e-17,
        0.707106782917588,
        0.707106779455507,
        0.0814974745618855
      ],
      [
        1.7868542773904e-16,
        0.707106779455507,
        -0.707106782917588,
        0.409399282695769
      ],
      [
        0.0,
        0.0,
        0.0,
        1.0
      ]
    ],
    "3": [
      [
        -1.0,
        -1.56897754521994e-16,
        2.18242096670428e-16,
        1.98724653716707e-17
      ],
      [
        -4.33769996712036e-17,
        -0.707106782917588,
        -0.707106779455507,
        -0.0814974745618855
      ],
      [
        2.65263932777664e-16,
        -0.707106779455507,
        0.707106782917588,
        0.588394232304231
      ],
      [
        0.0,
        0.0,
        0.0,
        1.0
      ]
    ]
  }
}