{
  "T_WB": [
    [
      0.149282704629478,
      -2.60976219073337e-05,
      0.988794555717932,
      -0.00197499588064486
    ],
    [
      0.000226905812544154,
      0.999999974225958,
      -7.8636073723146e-06,
      -5.05989225992536e-06
    ],
    [
      -0.988794530027478,
      0.000225537132681096,
      0.149282706703561,
      0.254712473457383
    ],
    [
      0.0,
      0.0,
      0.0,
      1.0
    ]
  ],
  "T_WH": {
    "0": [
      [
        0.182611613245261,
        -0.068595607324888,
        0.980789295090282,
        0.00597214330908015
      ],
      [
        -0.628353777052001,
        0.759106797173358,
        0.170083512868501,
        -0.0319909229427289
      ],
      [
        -0.756190802359066,
        -0.647341882733487,
        0.0955194079055006,
        -0.0395589983893449
      ],
      [
        0.0,
        0.0,
        0.0,
        1.0
      ]
    ],
    "1": [
      [
        -0.0674190817185707,
        -0.0346206484447907,
        0.997123903094037,
        -0.00597214330908015
      ],
      [
        0.686577465328363,
        -0.726747834790998,
        0.0211888822233936,
        0.0319909229427289
      ],
      [
        0.723924064749547,
        0.686031336986772,
        0.0727664287198174,
        0.0395589983893449
      ],
      [
        0.0,
        0.0,
        0.0,
        1.0
      ]
    ],
    "2": [
      [
        0.183117343595058,
        0.0681762231493095,
        0.980724243134524,
        0.00597047306127808
      ],
      [
        0.628250735706934,
        0.759192656370483,
        -0.170080932490465,
        0.0320090754077324
      ],
      [
        -0.756154118919143,
        0.647285495828715,
        0.0961895801601643,
        -0.0395445640128533
      ],
      [
        0.0,
        0.0,
        0.0,
        1.0
      ]
    ],
    "3": [
      [
        -0.0673920160112722,
        0.0348355648366036,
        0.997118247551639,
        -0.00597047306127808
      ],
      [
        -0.686889713545934,
        -0.726456901484047,
        -0.0210449925393963,
        -0.0320090754077324
      ],
      [
        0.723630318327474,
        -0.686328531906341,
        0.0728855862881375,
        0.0395445640128533
      ],
      [
        0.0,
        0.0,
        0.0,
        1.0
      ]
    ]
  },
  "T_WP": {
    "0": [
      [
        -0.980789295090282,
        -0.068595607324888,
        0.182611613245261,
        0.0187549562362484
      ],
      [
        -0.170083512868501,
        0.759106797173358,
        -0.628353777052001,
        -0.075975687336369
      ],
      [
        -0.0955194079055007,
        -0.647341882733487,
        -0.756190802359066,
        -0.0924923545544795
      ],
      [
        0.0,
        0.0,
        0.0,
        1.0
      ]
    ],
    "1": [
      [
        -0.997123903094037,
        -0.0346206484447907,
        -0.0674190817185707,
        -0.0106914790293801
      ],
      [
        -0.0211888822233935,
        -0.726747834790998,
        0.686577465328363,
        0.0800513455157143
      ],
      [
        -0.0727664287198173,
        0.686031336986772,
        0.723924064749547,
        0.0902336829218132
      ],
      [
        0.0,
        0.0,
        0.0,
        1.0
      ]
    ],
    "2": [
      [
        -0.980724243134524,
        0.0681762231493095,
        0.183117343595058,
        0.0187886871129321
      ],
      [
        0.170080932490465,
        0.759192656370483,
        0.628250735706934,
        0.0759866269072178
      ],
      [
        -0.0961895801601644,
        0.647285495828715,
        -0.756154118919143,
        -0.0924753523371933
      ],
      [
        0.0,
        0.0,
        0.0,
        1.0
      ]
    ],
    "3": [
      [
        -0.997118247551639,
        0.0348355648366036,
        -0.0673920160112721,
        -0.0106879141820671
      ],
      [
        0.0210449925393962,
        -0.726456901484047,
        -0.686889713545934,
        -0.0800913553559478
      ],
      [
        -0.0728855862881375,
        -0.686328531906341,
        0.723630318327474,
        0.0901986862957765
      ],
      [
        0.0,
        0.0,
        0.0,
        1.0
      ]
    ]
  }
}