{
  "T_WB": [
    [
      0.828911513331995,
      -0.000761292390141951,
      0.559379230486401,
      -0.00233881472952782
    ],
    [
      0.00135643275897985,
      0.999998869404403,
      -0.000649060926404527,
      -1.56454497173868e-05
    ],
    [
      -0.559378103929562,
      0.00129677438767534,
      0.828911608810225,
      0.519721013908173
    ],
    [
      0.0,
      0.0,
      0.0,
      1.0
    ]
  ],
  "T_WH": {
    "0": [
      [
        0.709330025218684,
        0.462342018864231,
        0.532062752798774,
        0.0331808218897644
      ],
      [
        -0.516710997738855,
        0.854477620434714,
        -0.0536445802662875,
        -0.0319457065105817
      ],
      [
        -0.479437858474879,
        -0.236870964385205,
        0.84500383791569,
        -0.0224166209375881
      ],
      [
        0.0,
        0.0,
        0.0,
        1.0
      ]
    ],
    "1": [
      [
        -0.541371279400804,
        -0.597009481604698,
        0.592027716170473,
        -0.0331808218897644
      ],
      [
        0.753788264717096,
        -0.656553678357765,
        0.0272124862825508,
        0.0319457065105817
      ],
      [
        0.37245186241275,
        0.460995603351028,
        0.805458046006305,
        0.0224166209375881
      ],
      [
        0.0,
        0.0,
        0.0,
        1.0
      ]
    ],
    "2": [
      [
        0.708521361327771,
        -0.46427250759731,
        0.531458859396988,
        0.0331320991767953
      ],
      [
        0.519336126550594,
        0.852940280276502,
        0.0527528761421266,
        0.0320542211313001
      ],
      [
        -0.477794378578973,
        0.238629245842054,
        0.845439894272317,
        -0.0223336273767769
      ],
      [
        0.0,
        0.0,
        0.0,
        1.0
      ]
    ],
    "3": [
      [
        -0.540360155757221,
        0.597910644567511,
        0.592042028223415,
        -0.0331320991767953
      ],
      [
        -0.755427067207943,
        -0.654618031039297,
        -0.0283756862091297,
        -0.0320542211313001
      ],
      [
        0.370595261976778,
        -0.462577663264341,
        0.805407385891926,
        0.0223336273767769
      ],
      [
        0.0,
        0.0,
        0.0,
        1.0
      ]
    ]
  },
  "T_WP": {
    "0": [
      [
        -0.532062752798774,
        0.462342018864231,
        0.709330025218684,
        0.0828339236550722
      ],
      [
        0.0536445802662875,
        0.854477620434714,
        -0.516710997738855,
        -0.0681154763523016
      ],
      [
        -0.84500383791569,
        -0.236870964385205,
        -0.479437858474879,
        -0.0559772710308296
      ],
      [
        0.0,
        0.0,
        0.0,
        1.0
      ]
    ],
    "1": [
      [
        -0.592027716170473,
        -0.597009481604698,
        -0.541371279400804,
        -0.0710768114478206
      ],
      [
        -0.0272124862825508,
        -0.656553678357765,
        0.753788264717096,
        0.0847108850407784
      ],
      [
        -0.805458046006305,
        0.460995603351028,
        0.37245186241275,
        0.0484882513064806
      ],
      [
        0.0,
        0.0,
        0.0,
        1.0
      ]
    ],
    "2": [
      [
        -0.531458859396988,
        -0.46427250759731,
        0.708521361327771,
        0.0827285944697393
      ],
      [
        -0.0527528761421265,
        0.852940280276502,
        0.519336126550594,
        0.0684077499898417
      ],
      [
        -0.845439894272317,
        0.238629245842054,
        -0.477794378578973,
        -0.055779233877305
      ],
      [
        0.0,
        0.0,
        0.0,
        1.0
      ]
    ],
    "3": [
      [
        -0.592042028223415,
        0.597910644567511,
        -0.540360155757221,
        -0.0709573100798008
      ],
      [
        0.0283756862091297,
        -0.654618031039297,
        -0.755427067207943,
        -0.0849341158358561
      ],
      [
        -0.805407385891926,
        -0.462577663264341,
        0.370595261976778,
        0.0482752957151513
      ],
      [
        0.0,
        0.0,
        0.0,
        1.0
      ]
    ]
  }
}