{
  "T_WB": [
    [
      0.847988221602441,
      -0.00178451979063817,
      0.530012067327383,
      -0.0339954597974455
    ],
    [
      0.00140429043942585,
      0.999998386610341,
      0.00112015404132986,
      3.9349205543482e-05
    ],
    [
      -0.53001321114845,
      -0.000205586554499919,
      0.847989359451094,
      0.351241219387775
    ],
    [
      0.0,
      0.0,
      0.0,
      1.0
    ]
  ],
  "T_WH": {
    "0": [
      [
        0.287945318980002,
        0.890582497820236,
        -0.352065772056549,
        -1.88263000474032e-05
      ],
      [
        -0.778408592804607,
        0.00351509573633029,
        -0.627748123653042,
        -0.0319044275484104
      ],
      [
        -0.557823947070629,
        0.454808155905579,
        0.694249224267705,
        0.330047269711581
      ],
      [
        0.0,
        0.0,
        0.0,
        1.0
      ]
    ],
    "1": [
      [
        -0.587000391863597,
        -0.540780554193063,
        0.602483968383082,
        -0.0679720932948435
      ],
      [
        0.702781102752893,
        -0.709811675616351,
        0.0476036424250982,
        0.0319831259594974
      ],
      [
        0.401907030997731,
        0.451357704448869,
        0.796710085959276,
        0.372435169063969
      ],
      [
        0.0,
        0.0,
        0.0,
        1.0
      ]
    ],
    "2": [
      [
        0.285572826696546,
        -0.890174612087409,
        -0.355017352600651,
        -0.000133035566648246
      ],
      [
        0.778921750855281,
        -0.000224653993102835,
        0.627121085257965,
        0.0320954691946514
      ],
      [
        -0.558327024867226,
        -0.455619478869828,
        0.693312212338206,
        0.330034112172093
      ],
      [
        0.0,
        0.0,
        0.0,
        1.0
      ]
    ],
    "3": [
      [
        -0.584800571606129,
        0.542974928103619,
        0.602649582178578,
        -0.0678578840282427
      ],
      [
        -0.704427751485193,
        -0.708323557150261,
        -0.0453793050135961,
        -0.0320167707835645
      ],
      [
        0.4022310708867,
        -0.451060933618587,
        0.796714628820425,
        0.372448326603457
      ],
      [
        0.0,
        0.0,
        0.0,
        1.0
      ]
    ]
  },
  "T_WP": {
    "0": [
      [
        0.352065772056549,
        0.890582497820236,
        0.287945318980002,
        0.0201373460285527
      ],
      [
        0.627748123653042,
        0.00351509573633029,
        -0.778408592804607,
        -0.0863930290447329
      ],
      [
        -0.694249224267705,
        0.454808155905579,
        -0.557823947070629,
        0.290999593416637
      ],
      [
        0.0,
        0.0,
        0.0,
        1.0
      ]
    ],
    "1": [
      [
        -0.602483968383082,
        -0.540780554193063,
        -0.587000391863597,
        -0.109062120725295
      ],
      [
        -0.0476036424250981,
        -0.709811675616351,
        0.702781102752893,
        0.0811778031521999
      ],
      [
        -0.796710085959276,
        0.451357704448869,
        0.401907030997731,
        0.40056866123381
      ],
      [
        0.0,
        0.0,
        0.0,
        1.0
      ]
    ],
    "2": [
      [
        0.355017352600651,
        -0.890174612087409,
        0.285572826696546,
        0.01985706230211
      ],
      [
        -0.627121085257965,
        -0.000224653993102835,
        0.778921750855281,
        0.0866199917545211
      ],
      [
        -0.693312212338206,
        -0.455619478869828,
        -0.558327024867226,
        0.290951220431387
      ],
      [
        0.0,
        0.0,
        0.0,
        1.0
      ]
    ],
    "3": [
      [
        -0.602649582178578,
        0.542974928103619,
        -0.584800571606129,
        -0.108793924040672
      ],
      [
        0.045379305013596,
        -0.708323557150261,
        -0.704427751485193,
        -0.081326713387528
      ],
      [
        -0.796714628820425,
        -0.451060933618587,
        0.4022310708867,
        0.400604501565526
      ],
      [
        0.0,
        0.0,
        0.0,
        1.0
      ]
    ]
  },
  "simTime": 0.468999999999965,
  "state": [
    -0.0339954597974455,
    3.9349205543482e-05,
    0.351241219387775,
    0.961246062106872,
    -0.000344797406223959,
    0.275690408591234,
    0.000829342859172483,
    -0.245988196298323,
    0.000121949707417285,
    0.31824826925686,
    -0.0109924991523084,
    -4.58164047264645,
    0.00220291350305943,
    0.82126637209111,
    0.539761870752514,
    0.0891643792605874,
    -0.161951790435074,
    0.998739791070541,
    0.0477691549054372,
    -0.0151235444198858,
    0.00286635241593908,
    0.82101421670827,
    -0.540197996539982,
    0.0891960733412464,
    0.161758588636273,
    0.998736072544035,
    -0.047859093458229,
    -0.0150460538915688,
    -0.00306281487594822,
    -1.17534892180051,
    -1.08123947177627,
    -5.66218925534812,
    0.0521025783886123,
    0.313418682729615,
    -0.591451217078841,
    1.17374012105087,
    -1.08045381563034,
    5.66743807212052,
    -0.0553701798393994,
    0.312707234901652,
    0.59186965918806
  ]
}