{
  "arms": {
    "0": [
      [
        -0.0877467766404152,
        0.564307153224945,
        0.82088840007782,
        0.0332408361136913
      ],
      [
        -0.937166392803192,
        -0.326103419065475,
        0.123998776078224,
        0.656810104846954
      ],
      [
        0.337667942047119,
        -0.758428633213043,
        0.557464301586151,
        0.0319676250219345
      ],
      [
        0.0,
        0.0,
        0.0,
        1.0
      ]
    ],
    "1": [
      [
        -0.0537612214684486,
        0.760299384593964,
        -0.64734411239624,
        -0.0466855689883232
      ],
      [
        -0.992163479328156,
        0.0325530953705311,
        0.120631374418736,
        0.660237073898315
      ],
      [
        0.112789027392864,
        0.648756563663483,
        0.752591252326965,
        0.0321253351867199
      ],
      [
        0.0,
        0.0,
        0.0,
        1.0
      ]
    ],
    "2": [
      [
        -0.379280120134354,
        -0.74282318353653,
        -0.551688432693481,
        -0.0468059591948986
      ],
      [
        -0.924183249473572,
        0.333174198865891,
        0.186762675642967,
        0.660374522209167
      ],
      [
        0.0450767055153847,
        0.580696642398834,
        -0.812871158123016,
        -0.0318744033575058
      ],
      [
        0.0,
        0.0,
        0.0,
        1.0
      ]
    ],
    "3": [
      [
        0.0717689767479897,
        -0.653818547725677,
        0.753239870071411,
        0.0331204459071159
      ],
      [
        -0.997321844100952,
        -0.0363782085478306,
        0.0634486079216003,
        0.656947612762451
      ],
      [
        -0.0140823591500521,
        -0.755776286125183,
        -0.654678404331207,
        -0.0320321135222912
      ],
      [
        0.0,
        0.0,
        0.0,
        1.0
      ]
    ]
  },
  "base": [
    [
      0.999080061912537,
      -0.00188108952715993,
      0.0428407788276672,
      -0.00678256200626493
    ],
    [
      -0.0428367219865322,
      0.00214806105941534,
      0.999079763889313,
      0.658592343330383
    ],
    [
      -0.00197138334624469,
      -0.999995946884155,
      0.00206550559960306,
      4.66126002720557e-05
    ],
    [
      0.0,
      0.0,
      0.0,
      1.0
    ]
  ]
}