{
  "arms": {
    "0": [
      [
        -0.997726142406464,
        -0.0390473529696465,
        0.0549350380897522,
        0.00105414516292512
      ],
      [
        -0.0661385878920555,
        0.724089384078979,
        -0.686527669429779,
        -0.0319943018257618
      ],
      [
        -0.0129707865417004,
        -0.688599944114685,
        -0.725025415420532,
        0.093485064804554
      ],
      [
        0.0,
        0.0,
        0.0,
        1.0
      ]
    ],
    "1": [
      [
        -0.997707009315491,
        0.0663191005587578,
        -0.0135104525834322,
        -0.00229506799951196
      ],
      [
        -0.0366333983838558,
        -0.697003662586212,
        -0.716131150722504,
        -0.0320125930011272
      ],
      [
        -0.0569100081920624,
        -0.713994145393372,
        0.697834968566895,
        0.173414930701256
      ],
      [
        0.0,
        0.0,
        0.0,
        1.0
      ]
    ],
    "2": [
      [
        -0.999303936958313,
        0.0370870605111122,
        -0.00402728281915188,
        -0.00229538907296956
      ],
      [
        -0.0284084230661392,
        -0.686567902565002,
        0.726510465145111,
        0.0319874063134193
      ],
      [
        0.0241791363805532,
        0.726119220256805,
        0.687143564224243,
        0.173429563641548
      ],
      [
        0.0,
        0.0,
        0.0,
        1.0
      ]
    ],
    "3": [
      [
        -0.996819376945496,
        -0.0653064325451851,
        0.0456755831837654,
        0.0010538239730522
      ],
      [
        -0.014909096993506,
        0.715831816196442,
        0.698113560676575,
        0.0320056974887848
      ],
      [
        -0.0782873407006264,
        0.695212125778198,
        -0.714528620243073,
        0.0934996977448463
      ],
      [
        0.0,
        0.0,
        0.0,
        1.0
      ]
    ]
  },
  "arms_in_parent_frame": {
    "0": [
      [
        -4.59367743843586e-09,
        -7.80724462856597e-09,
        0.999999940395355,
        0.0
      ],
      [
        -2.35133823522915e-09,
        1.0,
        -7.80724462856597e-09,
        -7.45058059692383e-09
      ],
      [
        -1.0,
        2.35133823522915e-09,
        4.59367743843586e-09,
        -8.73114913702011e-11
      ],
      [
        0.0,
        0.0,
        0.0,
        1.0
      ]
    ],
    "1": [
      [
        -1.27496946333849e-09,
        -4.45758132627816e-08,
        1.0,
        0.0
      ],
      [
        -8.72782734973043e-09,
        0.999999940395355,
        -4.45758132627816e-08,
        0.0
      ],
      [
        -1.0,
        8.72782734973043e-09,
        1.27496946333849e-09,
        4.65661287307739e-10
      ],
      [
        0.0,
        0.0,
        0.0,
        1.0
      ]
    ],
    "2": [
      [
        2.66287880634763e-10,
        2.20276632489913e-08,
        1.0,
        1.49011611938477e-08
      ],
      [
        1.96899296867059e-09,
        1.0,
        2.20276632489913e-08,
        7.45058059692383e-09
      ],
      [
        -1.0,
        -1.96899296867059e-09,
        -2.66287880634763e-10,
        0.0
      ],
      [
        0.0,
        0.0,
        0.0,
        1.0
      ]
    ],
    "3": [
      [
        -3.80645337472174e-09,
        2.28514664968316e-08,
        0.999999940395355,
        0.0
      ],
      [
        3.8965897175558e-09,
        1.0,
        2.28514664968316e-08,
        0.0
      ],
      [
        -1.00000011920929,
        -3.8965897175558e-09,
        3.80645337472174e-09,
        0.0
      ],
      [
        0.0,
        0.0,
        0.0,
        1.0
      ]
    ]
  },
  "arms_link_world": {
    "0": [
      [
        -0.997726142406464,
        -0.0390473529696465,
        0.0549350380897522,
        0.00105414516292512
      ],
      [
        -0.0661385878920555,
        0.724089384078979,
        -0.686527669429779,
        -0.0319943018257618
      ],
      [
        -0.0129707865417004,
        -0.688599944114685,
        -0.725025415420532,
        0.093485064804554
      ],
      [
        0.0,
        0.0,
        0.0,
        1.0
      ]
    ],
    "1": [
      [
        -0.997707009315491,
        0.0663191005587578,
        -0.0135104525834322,
        -0.00229506799951196
      ],
      [
        -0.0366333983838558,
        -0.697003662586212,
        -0.716131150722504,
        -0.0320125930011272
      ],
      [
        -0.0569100081920624,
        -0.713994145393372,
        0.697834968566895,
        0.173414930701256
      ],
      [
        0.0,
        0.0,
        0.0,
        1.0
      ]
    ],
    "2": [
      [
        -0.999303936958313,
        0.0370870605111122,
        -0.00402728281915188,
        -0.00229538907296956
      ],
      [
        -0.0284084230661392,
        -0.686567902565002,
        0.726510465145111,
        0.0319874063134193
      ],
      [
        0.0241791363805532,
        0.726119220256805,
        0.687143564224243,
        0.173429563641548
      ],
      [
        0.0,
        0.0,
        0.0,
        1.0
      ]
    ],
    "3": [
      [
        -0.996819376945496,
        -0.0653064325451851,
        0.0456755831837654,
        0.0010538239730522
      ],
      [
        -0.014909096993506,
        0.715831816196442,
        0.698113560676575,
        0.0320056974887848
      ],
      [
        -0.0782873407006264,
        0.695212125778198,
        -0.714528620243073,
        0.0934996977448463
      ],
      [
        0.0,
        0.0,
        0.0,
        1.0
      ]
    ]
  },
  "arms_relative_to_base": {
    "0": [
      [
        -0.0288256742060184,
        0.686527013778687,
        0.726532638072968,
        0.0400000065565109
      ],
      [
        -0.066136546432972,
        0.723932147026062,
        -0.686693727970123,
        -0.0319999977946281
      ],
      [
        -0.99739408493042,
        -0.0678447633981705,
        0.0245366953313351,
        0.0
      ],
      [
        0.0,
        0.0,
        0.0,
        1.0
      ]
    ],
    "1": [
      [
        0.0150825707241893,
        0.715985238552094,
        -0.697952449321747,
        -0.0400000065565109
      ],
      [
        -0.0366414040327072,
        -0.697167277336121,
        -0.715971529483795,
        -0.0320000015199184
      ],
      [
        -0.999214708805084,
        0.0363726504147053,
        0.0157196298241615,
        0.0
      ],
      [
        0.0,
        0.0,
        0.0,
        1.0
      ]
    ],
    "2": [
      [
        -0.0660004541277885,
        -0.724086880683899,
        -0.686543583869934,
        -0.0400000065565109
      ],
      [
        -0.0283978804945946,
        -0.686402082443237,
        0.726667582988739,
        0.0320000015199184
      ],
      [
        -0.99741542339325,
        0.0674567744135857,
        0.0247403141111135,
        0.0
      ],
      [
        0.0,
        0.0,
        0.0,
        1.0
      ]
    ],
    "3": [
      [
        0.036483284085989,
        -0.697172939777374,
        0.715973973274231,
        0.0400000065565109
      ],
      [
        -0.0149219948798418,
        0.715991079807281,
        0.697949945926666,
        0.0320000052452087
      ],
      [
        -0.999222934246063,
        -0.0361472703516483,
        0.0157185010612011,
        0.0
      ],
      [
        0.0,
        0.0,
        0.0,
        1.0
      ]
    ]
  },
  "arms_view_frame": {
    "0": [
      [
        -0.997726082801819,
        -0.0390473492443562,
        0.0549350343644619,
        0.0010541450465098
      ],
      [
        -0.0129707837477326,
        -0.68860000371933,
        -0.725025355815887,
        0.093485064804554
      ],
      [
        0.0661385878920555,
        -0.724089324474335,
        0.686527729034424,
        0.0319942981004715
      ],
      [
        0.0,
        0.0,
        0.0,
        1.0
      ]
    ],
    "1": [
      [
        -0.997706949710846,
        0.0663190931081772,
        -0.0135104516521096,
        -0.00229506776668131
      ],
      [
        -0.0569100081920624,
        -0.713994085788727,
        0.697835028171539,
        0.173414930701256
      ],
      [
        0.0366334021091461,
        0.697003722190857,
        0.716131091117859,
        0.0320125855505466
      ],
      [
        0.0,
        0.0,
        0.0,
        1.0
      ]
    ],
    "2": [
      [
        -0.999303877353668,
        0.0370870567858219,
        -0.00402728235349059,
        -0.00229538884013891
      ],
      [
        0.0241791382431984,
        0.72611927986145,
        0.687143504619598,
        0.173429563641548
      ],
      [
        0.0284084212034941,
        0.686567842960358,
        -0.726510524749756,
        -0.0319874137639999
      ],
      [
        0.0,
        0.0,
        0.0,
        1.0
      ]
    ],
    "3": [
      [
        -0.996819317340851,
        -0.0653064250946045,
        0.0456755794584751,
        0.00105382385663688
      ],
      [
        -0.0782873407006264,
        0.695212066173553,
        -0.714528679847717,
        0.0934996977448463
      ],
      [
        0.0149091007187963,
        -0.715831875801086,
        -0.69811350107193,
        -0.0320057012140751
      ],
      [
        0.0,
        0.0,
        0.0,
        1.0
      ]
    ]
  },
  "arms_visual_world": {
    "0": [
      [
        -0.997726142406464,
        -0.0390473529696465,
        0.0549350380897522,
        0.00105414516292512
      ],
      [
        -0.0661385878920555,
        0.724089384078979,
        -0.686527669429779,
        -0.0319943018257618
      ],
      [
        -0.0129707865417004,
        -0.688599944114685,
        -0.725025415420532,
        0.093485064804554
      ],
      [
        0.0,
        0.0,
        0.0,
        1.0
      ]
    ],
    "1": [
      [
        -0.997707009315491,
        0.0663191005587578,
        -0.0135104525834322,
        -0.00229506799951196
      ],
      [
        -0.0366333983838558,
        -0.697003662586212,
        -0.716131150722504,
        -0.0320125930011272
      ],
      [
        -0.0569100081920624,
        -0.713994145393372,
        0.697834968566895,
        0.173414930701256
      ],
      [
        0.0,
        0.0,
        0.0,
        1.0
      ]
    ],
    "2": [
      [
        -0.999303936958313,
        0.0370870605111122,
        -0.00402728281915188,
        -0.00229538907296956
      ],
      [
        -0.0284084230661392,
        -0.686567902565002,
        0.726510465145111,
        0.0319874063134193
      ],
      [
        0.0241791363805532,
        0.726119220256805,
        0.687143564224243,
        0.173429563641548
      ],
      [
        0.0,
        0.0,
        0.0,
        1.0
      ]
    ],
    "3": [
      [
        -0.996819376945496,
        -0.0653064325451851,
        0.0456755831837654,
        0.0010538239730522
      ],
      [
        -0.014909096993506,
        0.715831816196442,
        0.698113560676575,
        0.0320056974887848
      ],
      [
        -0.0782873407006264,
        0.695212125778198,
        -0.714528620243073,
        0.0934996977448463
      ],
      [
        0.0,
        0.0,
        0.0,
        1.0
      ]
    ]
  },
  "base": [
    [
      0.041865162551403,
      -5.01854947287939e-06,
      0.999123275279999,
      -0.000620621955022216
    ],
    [
      0.000228650271310471,
      1.0,
      -4.55792815046152e-06,
      -3.44718546330114e-06
    ],
    [
      -0.999123215675354,
      0.000228640623390675,
      0.041865162551403,
      0.133457317948341
    ],
    [
      0.0,
      0.0,
      0.0,
      1.0
    ]
  ],
  "base_link_world": [
    [
      0.041865162551403,
      -5.01854947287939e-06,
      0.999123275279999,
      -0.000620621955022216
    ],
    [
      0.000228650271310471,
      1.0,
      -4.55792815046152e-06,
      -3.44718546330114e-06
    ],
    [
      -0.999123215675354,
      0.000228640623390675,
      0.041865162551403,
      0.133457317948341
    ],
    [
      0.0,
      0.0,
      0.0,
      1.0
    ]
  ],
  "base_view_frame": [
    [
      0.0418651588261127,
      -5.01854901813203e-06,
      0.999123215675354,
      -0.000620621896814555
    ],
    [
      -0.999123215675354,
      0.000228596909437329,
      0.041865162551403,
      0.133457317948341
    ],
    [
      -0.000228606601012871,
      -1.0,
      4.55609824712155e-06,
      3.44135196428397e-06
    ],
    [
      0.0,
      0.0,
      0.0,
      1.0
    ]
  ],
  "base_visual_world": [
    [
      -4.75653678222443e-06,
      -0.0418651588261127,
      0.999123275279999,
      -0.000620621955022216
    ],
    [
      0.999999940395355,
      -0.00022239176905714,
      -4.55792815046152e-06,
      -3.44718546330114e-06
    ],
    [
      0.000222387607209384,
      0.999123156070709,
      0.041865162551403,
      0.133457317948341
    ],
    [
      0.0,
      0.0,
      0.0,
      1.0
    ]
  ],
  "view_adjust": [
    [
      0.999999940395355,
      0.0,
      0.0,
      0.0
    ],
    [
      0.0,
      -4.37113882867379e-08,
      1.0,
      0.0
    ],
    [
      0.0,
      -1.0,
      -4.37113882867379e-08,
      0.0
    ],
    [
      0.0,
      0.0,
      0.0,
      1.0
    ]
  ]
}