{
  "arms": {
    "0": [
      [
        0.70865136384964,
        -0.178120136260986,
        -0.682705104351044,
        -0.0386166051030159
      ],
      [
        0.619999647140503,
        0.619054853916168,
        0.482049256563187,
        0.133598640561104
      ],
      [
        0.336769282817841,
        -0.76488184928894,
        0.549128592014313,
        0.0321775265038013
      ],
      [
        0.0,
        0.0,
        0.0,
        1.0
      ]
    ],
    "1": [
      [
        0.767259418964386,
        -0.528581082820892,
        0.363200813531876,
        0.0166402049362659
      ],
      [
        0.633001208305359,
        0.533136785030365,
        -0.56131500005722,
        0.0757483020424843
      ],
      [
        0.103064812719822,
        0.66058087348938,
        0.743646800518036,
        0.0320270955562592
      ],
      [
        0.0,
        0.0,
        0.0,
        1.0
      ]
    ],
    "2": [
      [
        0.914588570594788,
        0.313700526952744,
        0.255185306072235,
        0.0163816828280687
      ],
      [
        0.402908891439438,
        -0.760775566101074,
        -0.508807480335236,
        0.0756677910685539
      ],
      [
        0.0345255807042122,
        0.568165957927704,
        -0.822189450263977,
        -0.0319723300635815
      ],
      [
        0.0,
        0.0,
        0.0,
        1.0
      ]
    ],
    "3": [
      [
        0.643431663513184,
        0.464496284723282,
        -0.608472466468811,
        -0.038875125348568
      ],
      [
        0.761893332004547,
        -0.465689361095428,
        0.450168818235397,
        0.133518129587173
      ],
      [
        -0.0742574334144592,
        -0.753244042396545,
        -0.653535902500153,
        -0.0318219028413296
      ],
      [
        0.0,
        0.0,
        0.0,
        1.0
      ]
    ]
  },
  "base": [
    [
      -0.690710127353668,
      -0.00403939560055733,
      -0.723120331764221,
      -0.011117460206151
    ],
    [
      0.723129272460938,
      -0.00125801679678261,
      -0.690711557865143,
      0.104633219540119
    ],
    [
      0.00188035995233804,
      -0.999991059303284,
      0.00378993060439825,
      0.000102598576631863
    ],
    [
      0.0,
      0.0,
      0.0,
      1.0
    ]
  ]
}