{
  "T_WB": [
    [
      0.959413755822464,
      -0.00219131365395254,
      -0.281993693693853,
      -0.112429608609317
    ],
    [
      0.00295645008272247,
      0.99999301253798,
      0.00228785448030343,
      -9.4835203857365e-07
    ],
    [
      0.281986709866867,
      -0.00302869933877157,
      0.959413530464718,
      0.106141744533196
    ],
    [
      0.0,
      0.0,
      0.0,
      1.0
    ]
  ],
  "T_WH": {
    "0": [
      [
        -0.157229241430324,
        0.986696659610914,
        -0.0413360321258314,
        -0.0739829363394922
      ],
      [
        -0.900478256594964,
        -0.16042500856817,
        -0.404231030508046,
        -0.031882466749945
      ],
      [
        -0.405484740821327,
        -0.0263347401461563,
        0.913722390238138,
        0.117518131306712
      ],
      [
        0.0,
        0.0,
        0.0,
        1.0
      ]
    ],
    "1": [
      [
        -0.583648078511651,
        -0.762400397635924,
        -0.279464763671993,
        -0.150876280879142
      ],
      [
        0.787791909753502,
        -0.615072845498008,
        0.0327001782550687,
        0.0318805700458679
      ],
      [
        -0.196821816312591,
        -0.201074683676411,
        0.95959894967004,
        0.094765357759681
      ],
      [
        0.0,
        0.0,
        0.0,
        1.0
      ]
    ],
    "2": [
      [
        -0.161093081865217,
        -0.985989109970408,
        -0.0432954269516871,
        -0.0741231804133451
      ],
      [
        0.897049695716103,
        -0.164571650447056,
        0.410143895827767,
        0.0321170860524857
      ],
      [
        -0.411522614677265,
        0.027233194614192,
        0.910992585436508,
        0.11732429454903
      ],
      [
        0.0,
        0.0,
        0.0,
        1.0
      ]
    ],
    "3": [
      [
        -0.580036964405404,
        0.765341863892567,
        -0.278942559135057,
        -0.150736036805289
      ],
      [
        -0.791610489442768,
        -0.610357812629954,
        -0.0285687515610758,
        -0.0321189827565628
      ],
      [
        -0.192119631811913,
        0.204242923830982,
        0.959882740306037,
        0.0949591945173624
      ],
      [
        0.0,
        0.0,
        0.0,
        1.0
      ]
    ]
  },
  "T_WP": {
    "0": [
      [
        0.0413360321258314,
        0.986696659610914,
        -0.157229241430324,
        -0.0849889832396149
      ],
      [
        0.404231030508046,
        -0.16042500856817,
        -0.900478256594964,
        -0.0949159447115925
      ],
      [
        -0.913722390238138,
        -0.0263347401461563,
        -0.405484740821327,
        0.0891341994492189
      ],
      [
        0.0,
        0.0,
        0.0,
        1.0
      ]
    ],
    "1": [
      [
        0.279464763671993,
        -0.762400397635924,
        -0.583648078511651,
        -0.191731646374958
      ],
      [
        -0.0327001782550686,
        -0.615072845498008,
        0.787791909753502,
        0.0870260037286131
      ],
      [
        -0.95959894967004,
        -0.201074683676411,
        -0.196821816312591,
        0.0809878306177996
      ],
      [
        0.0,
        0.0,
        0.0,
        1.0
      ]
    ],
    "2": [
      [
        0.0432954269516871,
        -0.985989109970408,
        -0.161093081865217,
        -0.0853996961439104
      ],
      [
        -0.410143895827767,
        -0.164571650447056,
        0.897049695716103,
        0.0949105647526129
      ],
      [
        -0.910992585436508,
        0.027233194614192,
        -0.411522614677265,
        0.0885177115216219
      ],
      [
        0.0,
        0.0,
        0.0,
        1.0
      ]
    ],
    "3": [
      [
        0.278942559135057,
        0.765341863892567,
        -0.580036964405404,
        -0.191338624313668
      ],
      [
        0.0285687515610757,
        -0.610357812629954,
        -0.791610489442768,
        -0.0875317170175566
      ],
      [
        -0.959882740306037,
        0.204242923830982,
        -0.192119631811912,
        0.0815108202905285
      ],
      [
        0.0,
        0.0,
        0.0,
        1.0
      ]
    ]
  },
  "simTime": 0.723499999999937,
  "state": [
    -0.112429608609317,
    -9.4835203857365e-07,
    0.106141744533196,
    0.98980052268439,
    -0.00134283466648821,
    -0.142447995993975,
    0.00130020231821913,
    -0.342472980917,
    -0.000377973802309942,
    -2.25433268882366,
    -0.0118647172063708,
    -2.12418753061892,
    0.00050162543543553,
    0.848892625189082,
    -0.0499042913487953,
    0.232001961758227,
    -0.472298594476945,
    0.997918320775361,
    0.0110198460436336,
    0.0105545165381553,
    -0.0626593188177519,
    0.848830484266502,
    0.0497145948718882,
    0.232261618198993,
    0.472302666463153,
    0.997909547948054,
    -0.0113206716588839,
    0.0105951556044605,
    0.0627384984281555,
    -5.04999606469834,
    -2.60724323442897,
    0.173618824603045,
    -0.598170861077309,
    0.0333917925598841,
    -0.279840478161739,
    5.05098427010394,
    -2.60956884353367,
    -0.173830855663229,
    0.598690961227789,
    0.0331675819745582,
    0.283081020010982
  ]
}