{
  "T_WB": [
    [
      0.866694517138865,
      -0.00184446840871869,
      0.498835856668021,
      -0.0359832481412075
    ],
    [
      0.00146263925211798,
      0.999998261827129,
      0.00115629976201744,
      4.02507343160123e-05
    ],
    [
      -0.49883712236345,
      -0.000272541759582942,
      0.866695708465862,
      0.353469012133022
    ],
    [
      0.0,
      0.0,
      0.0,
      1.0
    ]
  ],
  "T_WH": {
    "0": [
      [
        0.26492006645366,
        0.890238831769825,
        -0.370529595038353,
        -0.00125644446657394
      ],
      [
        -0.783579131788793,
        -0.0251975423398141,
        -0.620780821292954,
        -0.0319011880740674
      ],
      [
        -0.561979628292085,
        0.454796554812293,
        0.690897236291736,
        0.333524248574791
      ],
      [
        0.0,
        0.0,
        0.0,
        1.0
      ]
    ],
    "1": [
      [
        -0.600029081253095,
        -0.559449768566108,
        0.571822575718986,
        -0.0707100518158412
      ],
      [
        0.705989517837561,
        -0.706481982035174,
        0.0496186433020929,
        0.0319816895426994
      ],
      [
        0.376223208154487,
        0.433473373474059,
        0.818875406966752,
        0.373413775691253
      ],
      [
        0.0,
        0.0,
        0.0,
        1.0
      ]
    ],
    "2": [
      [
        0.262419511208307,
        -0.889728518147245,
        -0.373522642061631,
        -0.00137449044473194
      ],
      [
        0.783946520704352,
        -0.0291271190241534,
        0.620144711831758,
        0.0320987006828688
      ],
      [
        -0.562640073948466,
        -0.455559847805819,
        0.689856051835747,
        0.333506805902177
      ],
      [
        0.0,
        0.0,
        0.0,
        1.0
      ]
    ],
    "3": [
      [
        -0.59773024471743,
        0.561705696150836,
        0.572018588388302,
        -0.0705920058376832
      ],
      [
        -0.707718037512454,
        -0.704907819643252,
        -0.0473301720397912,
        -0.0320181992142368
      ],
      [
        0.37663474870166,
        -0.433118548110676,
        0.818873976478028,
        0.373431218363867
      ],
      [
        0.0,
        0.0,
        0.0,
        1.0
      ]
    ]
  },
  "T_WP": {
    "0": [
      [
        0.370529595038353,
        0.890238831769825,
        0.26492006645366,
        0.0172879601851822
      ],
      [
        0.620780821292954,
        -0.0251975423398141,
        -0.783579131788793,
        -0.0867517272992829
      ],
      [
        -0.690897236291736,
        0.454796554812293,
        -0.561979628292085,
        0.294185674594345
      ],
      [
        0.0,
        0.0,
        0.0,
        1.0
      ]
    ],
    "1": [
      [
        -0.571822575718986,
        -0.559449768566108,
        -0.600029081253095,
        -0.112712087503558
      ],
      [
        -0.0496186433020929,
        -0.706481982035174,
        0.705989517837561,
        0.0814009557913287
      ],
      [
        -0.818875406966752,
        0.433473373474059,
        0.376223208154487,
        0.399749400262067
      ],
      [
        0.0,
        0.0,
        0.0,
        1.0
      ]
    ],
    "2": [
      [
        0.373522642061631,
        -0.889728518147245,
        0.262419511208307,
        0.0169948753398495
      ],
      [
        -0.620144711831758,
        -0.0291271190241534,
        0.783946520704352,
        0.0869749571321735
      ],
      [
        -0.689856051835747,
        -0.455559847805819,
        -0.562640073948466,
        0.294122000725785
      ],
      [
        0.0,
        0.0,
        0.0,
        1.0
      ]
    ],
    "3": [
      [
        -0.572018588388302,
        0.561705696150836,
        -0.59773024471743,
        -0.112433122967903
      ],
      [
        0.0473301720397911,
        -0.704907819643252,
        -0.707718037512454,
        -0.0815584618401086
      ],
      [
        -0.818873976478028,
        -0.433118548110676,
        0.37663474870166,
        0.399795650772983
      ],
      [
        0.0,
        0.0,
        0.0,
        1.0
      ]
    ]
  },
  "simTime": 0.476999999999964,
  "state": [
    -0.0359832481412075,
    4.02507343160123e-05,
    0.353469012133022,
    0.966098919292411,
    -0.000369745140240631,
    0.258170503845037,
    0.000855789090225577,
    -0.250954795443329,
    0.000103375772716571,
    0.23867754373282,
    -0.0110731810140329,
    -4.5080006063274,
    0.00203921964801777,
    0.8205783142245,
    0.532628016623917,
    0.0984082791418236,
    -0.182412819527836,
    0.998753765834976,
    0.0479668870573903,
    -0.0137763576352814,
    0.000552219868727785,
    0.820325772925001,
    -0.533068685376793,
    0.0984623981809293,
    0.182232157124141,
    0.998749743467443,
    -0.048069397404682,
    -0.0137012805309338,
    -0.000746906072012553,
    -1.40394956261194,
    -1.19306404888623,
    -5.6070819569336,
    0.030702653061384,
    0.30386484235701,
    -0.597705932897165,
    1.40257570383657,
    -1.19257480970379,
    5.61234743070324,
    -0.0339232057420512,
    0.303180182628311,
    0.598260884625424
  ]
}