{
  "T_WB": [
    [
      0.443804915035752,
      -0.000707308042156205,
      0.896123148403969,
      -0.0107047375432086
    ],
    [
      0.000551108621132307,
      0.999999714825216,
      0.000516361089987264,
      1.4264572993486e-05
    ],
    [
      -0.896123258078595,
      0.000264697603012087,
      0.443805178277341,
      0.25658978985355
    ],
    [
      0.0,
      0.0,
      0.0,
      1.0
    ]
  ],
  "T_WH": {
    "0": [
      [
        0.524152616148919,
        0.846125599270101,
        0.0966204183599761,
        0.0070700929155705
      ],
      [
        -0.633709023095393,
        0.463305976633665,
        -0.619484015986699,
        -0.0319636819565681
      ],
      [
        -0.568926101556016,
        0.263474936711899,
        0.779040466659425,
        0.22073638920711
      ],
      [
        0.0,
        0.0,
        0.0,
        1.0
      ]
    ],
    "1": [
      [
        -0.263866876488135,
        -0.228288004267378,
        0.937154660981854,
        -0.0284795680019877
      ],
      [
        0.6634584758879,
        -0.748199298076516,
        0.00454545160722397,
        0.0319922111025551
      ],
      [
        0.700140787459851,
        0.622962597164088,
        0.34888462314879,
        0.29244319049999
      ],
      [
        0.0,
        0.0,
        0.0,
        1.0
      ]
    ],
    "2": [
      [
        0.523925416250318,
        -0.846455426359022,
        0.0949492990721741,
        0.0070248252008725
      ],
      [
        0.634664427306781,
        0.462298408819115,
        0.619258626031701,
        0.0320362997922457
      ],
      [
        -0.568069734203722,
        -0.264184390891437,
        0.77942503468328,
        0.220753329853702
      ],
      [
        0.0,
        0.0,
        0.0,
        1.0
      ]
    ],
    "3": [
      [
        -0.263237467102807,
        0.229393611532954,
        0.937061687884617,
        -0.0284343002872897
      ],
      [
        -0.663955495882682,
        -0.747764068774021,
        -0.00346365958235182,
        -0.0320077706462587
      ],
      [
        0.699906519044136,
        -0.623079022627459,
        0.349146668552245,
        0.292426249853397
      ],
      [
        0.0,
        0.0,
        0.0,
        1.0
      ]
    ]
  },
  "T_WP": {
    "0": [
      [
        -0.0966204183599761,
        0.846125599270101,
        0.524152616148919,
        0.0437607760459949
      ],
      [
        0.619484015986699,
        0.463305976633665,
        -0.633709023095393,
        -0.0763233135732456
      ],
      [
        -0.779040466659425,
        0.263474936711899,
        -0.568926101556016,
        0.180911562098189
      ],
      [
        0.0,
        0.0,
        0.0,
        1.0
      ]
    ],
    "1": [
      [
        -0.937154660981854,
        -0.228288004267378,
        -0.263866876488135,
        -0.0469502493561571
      ],
      [
        -0.00454545160722393,
        -0.748199298076516,
        0.6634584758879,
        0.0784343044147081
      ],
      [
        -0.34888462314879,
        0.622962597164088,
        0.700140787459851,
        0.34145304562218
      ],
      [
        0.0,
        0.0,
        0.0,
        1.0
      ]
    ],
    "2": [
      [
        -0.0949492990721741,
        -0.846455426359022,
        0.523925416250318,
        0.0436996043383947
      ],
      [
        -0.619258626031701,
        0.462298408819115,
        0.634664427306781,
        0.0764628097037203
      ],
      [
        -0.77942503468328,
        -0.264184390891437,
        -0.568069734203722,
        0.180988448459442
      ],
      [
        0.0,
        0.0,
        0.0,
        1.0
      ]
    ],
    "3": [
      [
        -0.937061687884617,
        0.229393611532954,
        -0.263237467102807,
        -0.0468609229844862
      ],
      [
        0.00346365958235178,
        -0.747764068774021,
        -0.663955495882682,
        -0.0784846553580465
      ],
      [
        -0.349146668552245,
        -0.623079022627459,
        0.699906519044136,
        0.341419706186487
      ],
      [
        0.0,
        0.0,
        0.0,
        1.0
      ]
    ]
  },
  "simTime": 0.358999999999977,
  "state": [
    -0.0107047375432086,
    1.4264572993486e-05,
    0.25658978985355,
    0.849648428489441,
    -7.40493004331803e-05,
    0.527349414883558,
    0.00037027569906938,
    -0.175477495315895,
    0.000301883700751656,
    1.39852470305133,
    -0.00976087302086208,
    -5.38736174122419,
    0.00511935595786146,
    0.841309818027927,
    0.528018988168298,
    -0.0720617340107688,
    0.0905585154190618,
    0.998215977205456,
    0.0369031041323101,
    -0.0362711111021464,
    0.0297897676488591,
    0.841081015497191,
    -0.528297682662342,
    -0.0724024330852684,
    -0.0907864061803671,
    0.998218240912067,
    -0.0368220776547927,
    -0.03615444796797,
    -0.0299555337080579,
    2.29273695118887,
    0.655177264666332,
    -4.35261076670768,
    0.339428693425035,
    0.332162478262161,
    -0.378487960636361,
    -2.29599170910639,
    0.658425185437344,
    4.35502571471977,
    -0.342063624635174,
    0.331857171746245,
    0.376786064838669
  ]
}