{
  "T_WB": [
    [
      -0.405576428343475,
      0.0637423313534019,
      0.91183588214425,
      -0.182999815057759
    ],
    [
      0.0375599484069962,
      0.997885167596468,
      -0.0530513201214993,
      -0.00046354468836441
    ],
    [
      -0.913289116899908,
      0.0127321437552019,
      -0.407112860847681,
      0.192027941768849
    ],
    [
      0.0,
      0.0,
      0.0,
      1.0
    ]
  ],
  "T_WH": {
    "0": [
      [
        -0.614394152459727,
        -0.666188389824348,
        0.422744431881174,
        -0.201262626794807
      ],
      [
        -0.721539165465948,
        0.691184172374322,
        0.0405668899217922,
        -0.0308934721151715
      ],
      [
        -0.319219451352823,
        -0.280102604633493,
        -0.905340528616463,
        0.155088948492686
      ],
      [
        0.0,
        0.0,
        0.0,
        1.0
      ]
    ],
    "1": [
      [
        0.233786974257163,
        0.0768556592473779,
        0.969245509821599,
        -0.164737003320712
      ],
      [
        0.817118367981724,
        -0.555789331078625,
        -0.153022195011242,
        0.0299663827384427
      ],
      [
        0.526935691877637,
        0.827762905124907,
        -0.192736476891661,
        0.228966935045012
      ],
      [
        0.0,
        0.0,
        0.0,
        1.0
      ]
    ],
    "2": [
      [
        -0.515981417970876,
        0.749865000074391,
        0.414084119439755,
        -0.19718311758819
      ],
      [
        0.801826429104151,
        0.592891195839182,
        -0.0745278973705241,
        0.0329711786110024
      ],
      [
        -0.301392690519943,
        0.293568580675485,
        -0.907182415251382,
        0.155903805693019
      ],
      [
        0.0,
        0.0,
        0.0,
        1.0
      ]
    ],
    "3": [
      [
        0.118391208737591,
        -0.139710739769102,
        0.983089228344418,
        -0.168816512527329
      ],
      [
        -0.859725886545812,
        -0.509808978262746,
        0.0310838492743931,
        -0.0338982679877312
      ],
      [
        0.496844967466382,
        -0.848867312879855,
        -0.180469840769765,
        0.228152077844679
      ],
      [
        0.0,
        0.0,
        0.0,
        1.0
      ]
    ]
  },
  "T_WP": {
    "0": [
      [
        -0.422744431881175,
        -0.666188389824348,
        -0.614394152459727,
        -0.244270217466988
      ],
      [
        -0.0405668899217922,
        0.691184172374322,
        -0.721539165465948,
        -0.0814012136977879
      ],
      [
        0.905340528616463,
        -0.280102604633493,
        -0.319219451352823,
        0.132743586897989
      ],
      [
        0.0,
        0.0,
        0.0,
        1.0
      ]
    ],
    "1": [
      [
        -0.969245509821599,
        0.0768556592473779,
        0.233786974257163,
        -0.14837191512271
      ],
      [
        0.153022195011242,
        -0.555789331078625,
        0.817118367981724,
        0.0871646684971634
      ],
      [
        0.192736476891661,
        0.827762905124907,
        0.526935691877637,
        0.265852433476446
      ],
      [
        0.0,
        0.0,
        0.0,
        1.0
      ]
    ],
    "2": [
      [
        -0.414084119439755,
        0.749865000074391,
        -0.515981417970876,
        -0.233301816846151
      ],
      [
        0.0745278973705241,
        0.592891195839182,
        0.801826429104151,
        0.0890990286482929
      ],
      [
        0.907182415251382,
        0.293568580675485,
        -0.301392690519943,
        0.134806317356623
      ],
      [
        0.0,
        0.0,
        0.0,
        1.0
      ]
    ],
    "3": [
      [
        -0.983089228344418,
        -0.139710739769102,
        0.118391208737591,
        -0.160529127915698
      ],
      [
        -0.0310838492743931,
        -0.509808978262746,
        -0.859725886545812,
        -0.094079080045938
      ],
      [
        0.180469840769765,
        -0.848867312879855,
        0.496844967466382,
        0.262931225567326
      ],
      [
        0.0,
        0.0,
        0.0,
        1.0
      ]
    ]
  },
  "simTime": 0.912999999999916,
  "state": [
    -0.182999815057759,
    -0.00046354468836441,
    0.192027941768849,
    0.544333509533749,
    0.030212848706048,
    0.838238399381051,
    -0.0120249729659453,
    -0.464150273429226,
    -0.00145614549509383,
    0.246260850376305,
    0.476314509853834,
    13.0532667790404,
    -0.227356613607745,
    0.935445508156593,
    -0.276370998902115,
    0.218335698390035,
    -0.0298378123198934,
    0.987481984589284,
    -0.116714258608815,
    0.0344905875707759,
    -0.100336988782937,
    0.935180973529704,
    0.278019710184107,
    0.217432623405425,
    0.029404791722023,
    0.986292679825215,
    0.120253533398933,
    0.0376801520840921,
    0.106517808685629,
    -0.814696721914885,
    -2.17890578594592,
    2.96382318553193,
    -1.22520966336251,
    -0.769852397411079,
    0.845952299112844,
    0.860991368178229,
    -2.15056653675935,
    -2.95287777735521,
    1.25434401324849,
    -0.79306355224764,
    -0.910462225324947
  ]
}