{
  "T_WB": [
    [
      0.607763503876132,
      0.0244926733043054,
      0.793740280136151,
      -0.147529726774052
    ],
    [
      0.00479152436113089,
      0.999392955831015,
      -0.0345074068809053,
      -0.000317194852038026
    ],
    [
      -0.794103623370719,
      0.0247755684043016,
      0.607277207344175,
      0.141417122322561
    ],
    [
      0.0,
      0.0,
      0.0,
      1.0
    ]
  ],
  "T_WH": {
    "0": [
      [
        -0.199324030631433,
        0.0476245147096139,
        0.978775682376465,
        -0.124002952164745
      ],
      [
        -0.861533599955205,
        0.467418466978601,
        -0.198191404646111,
        -0.0321061084641853
      ],
      [
        -0.466936598438229,
        -0.882752446796976,
        -0.0521376132258469,
        0.108860159198795
      ],
      [
        0.0,
        0.0,
        0.0,
        1.0
      ]
    ],
    "1": [
      [
        -0.363445845700758,
        -0.63820391104842,
        0.678677305621282,
        -0.17105650138336
      ],
      [
        0.864141557008569,
        -0.503141942030622,
        -0.0103709025865367,
        0.0314717187601092
      ],
      [
        0.348089768154232,
        0.582704002124711,
        0.734363370011181,
        0.173974085446328
      ],
      [
        0.0,
        0.0,
        0.0,
        1.0
      ]
    ],
    "2": [
      [
        -0.151510508031991,
        -0.0262042145923243,
        0.988108245635815,
        -0.122435421073269
      ],
      [
        0.891866157118708,
        0.427369861028772,
        0.148087000342892,
        0.0318550407089997
      ],
      [
        -0.426168187154081,
        0.903697040507408,
        -0.0413803725932605,
        0.11044579557667
      ],
      [
        0.0,
        0.0,
        0.0,
        1.0
      ]
    ],
    "3": [
      [
        -0.399962990475285,
        0.622940817146021,
        0.672290372222833,
        -0.172624032474835
      ],
      [
        -0.869817307419504,
        -0.489178220454379,
        -0.0642068559156317,
        -0.0324894304130757
      ],
      [
        0.288872736622117,
        -0.610450167471952,
        0.737497888179969,
        0.172388449068453
      ],
      [
        0.0,
        0.0,
        0.0,
        1.0
      ]
    ]
  },
  "T_WP": {
    "0": [
      [
        -0.978775682376465,
        0.0476245147096139,
        -0.199324030631433,
        -0.137955634308945
      ],
      [
        0.198191404646111,
        0.467418466978601,
        -0.861533599955205,
        -0.0924134604610496
      ],
      [
        0.0521376132258469,
        -0.882752446796976,
        -0.466936598438229,
        0.076174597308119
      ],
      [
        0.0,
        0.0,
        0.0,
        1.0
      ]
    ],
    "1": [
      [
        -0.678677305621282,
        -0.63820391104842,
        -0.363445845700758,
        -0.196497710582413
      ],
      [
        0.0103709025865368,
        -0.503141942030622,
        0.864141557008569,
        0.0919616277507091
      ],
      [
        -0.734363370011181,
        0.582704002124711,
        0.348089768154232,
        0.198340369217124
      ],
      [
        0.0,
        0.0,
        0.0,
        1.0
      ]
    ],
    "2": [
      [
        -0.988108245635815,
        -0.0262042145923243,
        -0.151510508031991,
        -0.133041156635509
      ],
      [
        -0.148087000342892,
        0.427369861028772,
        0.891866157118708,
        0.0942856717073093
      ],
      [
        0.0413803725932605,
        0.903697040507408,
        -0.426168187154081,
        0.0806140224758847
      ],
      [
        0.0,
        0.0,
        0.0,
        1.0
      ]
    ],
    "3": [
      [
        -0.672290372222833,
        0.622940817146021,
        -0.399962990475285,
        -0.200621441808105
      ],
      [
        0.0642068559156316,
        -0.489178220454379,
        -0.869817307419504,
        -0.093376641932441
      ],
      [
        -0.737497888179969,
        -0.610450167471952,
        0.288872736622117,
        0.192609540632001
      ],
      [
        0.0,
        0.0,
        0.0,
        1.0
      ]
    ]
  },
  "simTime": 0.830999999999925,
  "state": [
    -0.147529726774052,
    -0.000317194852038026,
    0.141417122322561,
    0.896442087790857,
    0.0165328513945894,
    0.442818316189244,
    -0.00549426148423178,
    -0.388292610177216,
    -0.00273088873348178,
    1.00055108399272,
    0.490940258039844,
    13.0326387431318,
    -0.201507896949793,
    0.919177199477686,
    -0.228362105282957,
    0.267983885838762,
    -0.176489834726681,
    0.987899994449549,
    -0.0604263273675912,
    0.0619830370517717,
    -0.128687074118902,
    0.920066289443631,
    0.228404928225333,
    0.266083179955865,
    0.174668122839812,
    0.986372063248665,
    0.062153577133748,
    0.0654547449012953,
    0.13756003075733,
    -2.56085262895745,
    -2.36349638169112,
    2.41775057404831,
    -1.42754502983858,
    -1.01484549538284,
    0.301908950992841,
    2.58299520449,
    -2.33874016247563,
    -2.36852172783823,
    1.47120236487311,
    -1.0484268297612,
    -0.339056665003257
  ]
}