{
  "T_WB": [
    [
      0.556532253204079,
      -0.000975047323616268,
      0.830825433184557,
      -0.0152292077347958
    ],
    [
      0.000745707845240016,
      0.999999494773082,
      0.000674072243438802,
      2.14512138626973e-05
    ],
    [
      -0.830825670681522,
      0.000244410099087334,
      0.556532699129443,
      0.287934299020184
    ],
    [
      0.0,
      0.0,
      0.0,
      1.0
    ]
  ],
  "T_WH": {
    "0": [
      [
        0.494279138910934,
        0.868667433115863,
        -0.0332418934683698,
        0.00706328390772308
      ],
      [
        -0.673987318174094,
        0.358792673371557,
        -0.645762272415619,
        -0.0319487043050663
      ],
      [
        -0.549025707756894,
        0.341591434580536,
        0.76281456727258,
        0.254693451069752
      ],
      [
        0.0,
        0.0,
        0.0,
        1.0
      ]
    ],
    "1": [
      [
        -0.357479991121568,
        -0.304327933910672,
        0.882945391623619,
        -0.0375216993773147
      ],
      [
        0.670929473711268,
        -0.74134596633917,
        0.0161182969994579,
        0.0319916067327917
      ],
      [
        0.649662756553925,
        0.598156055586085,
        0.469198929999261,
        0.321175146970615
      ],
      [
        0.0,
        0.0,
        0.0,
        1.0
      ]
    ],
    "2": [
      [
        0.493559977575969,
        -0.868995643723023,
        -0.0352862540604484,
        0.00700088087901164
      ],
      [
        0.675103455988141,
        0.357226201426054,
        0.645464766449402,
        0.0320512633604109
      ],
      [
        -0.54830089572066,
        -0.342397447719929,
        0.762974518281444,
        0.254709093316093
      ],
      [
        0.0,
        0.0,
        0.0,
        1.0
      ]
    ],
    "3": [
      [
        -0.356488835441646,
        0.305713275155515,
        0.882867545897542,
        -0.0374592963486033
      ],
      [
        -0.671674109002525,
        -0.740700339742843,
        -0.0147274573671292,
        -0.0320083609326855
      ],
      [
        0.649437911967821,
        -0.598249446383802,
        0.469391093226482,
        0.321159504724274
      ],
      [
        0.0,
        0.0,
        0.0,
        1.0
      ]
    ]
  },
  "T_WP": {
    "0": [
      [
        0.0332418934683698,
        0.868667433115863,
        0.494279138910934,
        0.0416628236314885
      ],
      [
        0.645762272415619,
        0.358792673371557,
        -0.673987318174094,
        -0.0791278165772529
      ],
      [
        -0.76281456727258,
        0.341591434580536,
        -0.549025707756894,
        0.216261651526769
      ],
      [
        0.0,
        0.0,
        0.0,
        1.0
      ]
    ],
    "1": [
      [
        -0.882945391623619,
        -0.304327933910672,
        -0.357479991121567,
        -0.0625452987558244
      ],
      [
        -0.0161182969994579,
        -0.74134596633917,
        0.670929473711268,
        0.0789566698925805
      ],
      [
        -0.469198929999261,
        0.598156055586085,
        0.649662756553925,
        0.36665153992939
      ],
      [
        0.0,
        0.0,
        0.0,
        1.0
      ]
    ],
    "2": [
      [
        0.0352862540604485,
        -0.868995643723023,
        0.493559977575969,
        0.0415500793093295
      ],
      [
        -0.645464766449402,
        0.357226201426054,
        0.675103455988141,
        0.0793085052795808
      ],
      [
        -0.762974518281444,
        -0.342397447719929,
        -0.54830089572066,
        0.216328030615647
      ],
      [
        0.0,
        0.0,
        0.0,
        1.0
      ]
    ],
    "3": [
      [
        -0.882867545897542,
        0.305713275155515,
        -0.356488835441646,
        -0.0624135148295185
      ],
      [
        0.0147274573671292,
        -0.740700339742843,
        -0.671674109002525,
        -0.0790255485628623
      ],
      [
        -0.469391093226482,
        -0.598249446383802,
        0.649437911967821,
        0.366620158562021
      ],
      [
        0.0,
        0.0,
        0.0,
        1.0
      ]
    ]
  },
  "simTime": 0.383499999999974,
  "state": [
    -0.0152292077347958,
    2.14512138626973e-05,
    0.287934299020184,
    0.882193919598549,
    -0.000121759551615078,
    0.470886011270127,
    0.000487635181627451,
    -0.193063584096597,
    0.00028146411178861,
    1.16000756186368,
    -0.0100140001455238,
    -5.24931279936582,
    0.00441447653817394,
    0.834373114663424,
    0.548342766548722,
    -0.0328836711176595,
    0.045391409698041,
    0.998365170778522,
    0.0406278768262523,
    -0.0315424470945557,
    0.0249286067049655,
    0.834138206391965,
    -0.548664070176834,
    -0.0331423867567843,
    -0.0456374071814922,
    0.998365978677371,
    -0.040580765060441,
    -0.0314326825046814,
    -0.0251109656772669,
    1.25539487067982,
    0.373354277053798,
    -5.24421135006653,
    0.265597960131069,
    0.379696209730669,
    -0.458863633547781,
    -1.25848676392273,
    0.377206152445175,
    5.24773298084876,
    -0.268727081253316,
    0.378878257165025,
    0.457819999438071
  ]
}