{
  "T_WB": [
    [
      -2.22044604925031e-16,
      8.01531557829746e-20,
      1.0,
      -4.89639986617867e-36
    ],
    [
      -1.30461686118673e-18,
      1.0,
      -8.01531557829747e-20,
      4.89576696358234e-21
    ],
    [
      -1.0,
      -1.30461686118673e-18,
      -2.22044604925031e-16,
      0.329452193575002
    ],
    [
      0.0,
      0.0,
      0.0,
      1.0
    ]
  ],
  "T_WH": {
    "0": [
      [
        -1.57154498340515e-16,
        -1.5304312044811e-16,
        1.0,
        -8.88434909798631e-18
      ],
      [
        -0.707106779455507,
        0.707106782917588,
        -2.90718265077527e-18,
        -0.032
      ],
      [
        -0.707106782917588,
        -0.707106779455507,
        -2.19342839760474e-16,
        0.289452193575002
      ],
      [
        0.0,
        0.0,
        0.0,
        1.0
      ]
    ],
    "1": [
      [
        1.57154498340515e-16,
        1.53046626750671e-16,
        1.0,
        8.88434909798631e-18
      ],
      [
        0.707106779455507,
        -0.707106782917588,
        -2.90470332045165e-18,
        0.032
      ],
      [
        0.707106782917588,
        0.707106779455507,
        -2.19345319090785e-16,
        0.369452193575002
      ],
      [
        0.0,
        0.0,
        0.0,
        1.0
      ]
    ],
    "2": [
      [
        -1.5705494138214e-16,
        1.54168767299731e-16,
        1.0,
        -8.8792192960162e-18
      ],
      [
        0.707106779455507,
        0.707106782917588,
        2.0408327266159e-18,
        0.032
      ],
      [
        -0.707106782917588,
        0.707106779455507,
        -2.20068394879974e-16,
        0.289452193575002
      ],
      [
        0.0,
        0.0,
        0.0,
        1.0
      ]
    ],
    "3": [
      [
        1.5705494138214e-16,
        -1.53146384405467e-16,
        1.0,
        8.8792192960162e-18
      ],
      [
        -0.707106779455507,
        -0.707106782917588,
        2.76376660588844e-18,
        -0.032
      ],
      [
        0.707106782917588,
        -0.707106779455507,
        -2.19345461004241e-16,
        0.369452193575002
      ],
      [
        0.0,
        0.0,
        0.0,
        1.0
      ]
    ]
  },
  "T_WP": {
    "0": [
      [
        -1.0,
        -1.5304312044811e-16,
        -9.59221583831474e-17,
        -1.98851639818224e-17
      ],
      [
        -4.03906200550038e-17,
        0.707106782917588,
        -0.707106779455507,
        -0.0814974745618855
      ],
      [
        1.76045036842703e-16,
        -0.707106779455507,
        -0.707106782917588,
        0.239954718770771
      ],
      [
        0.0,
        0.0,
        0.0,
        1.0
      ]
    ],
    "1": [
      [
        -1.0,
        1.53046626750671e-16,
        2.18386838297883e-16,
        1.98851639818224e-17
      ],
      [
        4.62025060262307e-17,
        -0.707106782917588,
        0.707106779455507,
        0.0814974745618855
      ],
      [
        2.62643122008555e-16,
        0.707106779455507,
        0.707106782917588,
        0.418949668379233
      ],
      [
        0.0,
        0.0,
        0.0,
        1.0
      ]
    ],
    "2": [
      [
        -1.0,
        1.54168767299731e-16,
        -9.58226014247727e-17,
        -1.9873065192766e-17
      ],
      [
        4.12569699791631e-17,
        0.707106782917588,
        0.707106779455507,
        0.0814974745618855
      ],
      [
        1.76770591962203e-16,
        0.707106779455507,
        -0.707106782917588,
        0.239954718770771
      ],
      [
        0.0,
        0.0,
        0.0,
        1.0
      ]
    ],
    "3": [
      [
        -1.0,
        -1.53146384405467e-16,
        2.18287281339508e-16,
        1.9873065192766e-17
      ],
      [
        -4.60615693116675e-17,
        -0.707106782917588,
        -0.707106779455507,
        -0.0814974745618855
      ],
      [
        2.62643263922011e-16,
        -0.707106779455507,
        0.707106782917588,
        0.418949668379233
      ],
      [
        0.0,
        0.0,
        0.0,
        1.0
      ]
    ]
  },
  "simTime": 0.186499999999996,
  "state": [
    -4.89639986617867e-36,
    4.89576696358234e-21,
    0.329452193575002,
    0.707106781186548,
    -4.32913294703901e-19,
    0.707106781186548,
    -4.89590134691545e-19,
    -7.30907591155287e-35,
    -1.37151274197783e-20,
    -1.82893089999996,
    6.46852290589813e-19,
    -9.11208895174035e-18,
    -1.66726816650115e-17,
    1.0,
    1.9547240978863e-18,
    4.42876239602699e-20,
    -7.48004277138665e-19,
    1.0,
    -1.95297094660596e-18,
    -4.42876239602693e-20,
    7.44839478242877e-19,
    1.0,
    -1.44857751220246e-18,
    5.11859846218146e-20,
    4.65362647318115e-19,
    1.0,
    1.95976895933415e-18,
    -5.11859846218141e-20,
    -7.39940164620545e-19,
    1.85908816073512e-17,
    4.62029136098883e-19,
    -1.82688488516372e-17,
    -1.85833184108966e-17,
    -4.62029136098879e-19,
    1.82446232964917e-17,
    -2.12790764343781e-17,
    3.60332003591973e-19,
    1.30641635915046e-17,
    1.86928994400549e-17,
    -3.60332003591969e-19,
    -1.83379433688905e-17
  ]
}