{
  "arms": {
    "0": [
      [
        0.2024305164814,
        0.636056482791901,
        0.744616627693176,
        0.0318109728395939
      ],
      [
        -0.919296324253082,
        -0.138634011149406,
        0.368340820074081,
        0.691260576248169
      ],
      [
        0.337514758110046,
        -0.759086787700653,
        0.556660652160645,
        0.0319794490933418
      ],
      [
        0.0,
        0.0,
        0.0,
        1.0
      ]
    ],
    "1": [
      [
        0.252140134572983,
        0.714061677455902,
        -0.653101146221161,
        -0.0453252159059048
      ],
      [
        -0.961359620094299,
        0.261913806200027,
        -0.0847873836755753,
        0.670047700405121
      ],
      [
        0.110512807965279,
        0.649243414402008,
        0.75250905752182,
        0.0321279652416706
      ],
      [
        0.0,
        0.0,
        0.0,
        1.0
      ]
    ],
    "2": [
      [
        -0.0785571187734604,
        -0.809952795505524,
        -0.581210017204285,
        -0.045486107468605
      ],
      [
        -0.995873868465424,
        0.0903276652097702,
        0.00872635096311569,
        0.670184671878815
      ],
      [
        0.0454314202070236,
        0.579497456550598,
        -0.813706755638123,
        -0.0318716876208782
      ],
      [
        0.0,
        0.0,
        0.0,
        1.0
      ]
    ],
    "3": [
      [
        0.37220498919487,
        -0.612056016921997,
        0.697746872901917,
        0.0316500812768936
      ],
      [
        -0.928024470806122,
        -0.23302049934864,
        0.29064080119133,
        0.691397547721863
      ],
      [
        -0.0152991320937872,
        -0.755704164505005,
        -0.654734432697296,
        -0.032020203769207
      ],
      [
        0.0,
        0.0,
        0.0,
        1.0
      ]
    ]
  },
  "base": [
    [
      0.964202344417572,
      -0.00251393741928041,
      -0.265155345201492,
      -0.00683756684884429
    ],
    [
      0.265160799026489,
      0.00214019976556301,
      0.964201807975769,
      0.680722594261169
    ],
    [
      -0.0018564579077065,
      -0.999994575977325,
      0.00273018353618681,
      5.38809908903204e-05
    ],
    [
      0.0,
      0.0,
      0.0,
      1.0
    ]
  ]
}