{
  "T_WB": [
    [
      0.975227856300357,
      -0.002231793320322,
      0.221191427036369,
      -0.0556010336351393
    ],
    [
      0.00195643922556668,
      0.999997014597254,
      0.00146394745007692,
      4.14744100128766e-05
    ],
    [
      -0.221194033919016,
      -0.000994934749261862,
      0.975229311220432,
      0.344731744095806
    ],
    [
      0.0,
      0.0,
      0.0,
      1.0
    ]
  ],
  "T_WH": {
    "0": [
      [
        0.0579586772772744,
        0.895646497913791,
        -0.440974083709044,
        -0.0165205019968747
      ],
      [
        -0.803075097972322,
        -0.220573683735961,
        -0.553550031216595,
        -0.0318801724880766
      ],
      [
        -0.593052424955007,
        0.386218333094003,
        0.706487240109173,
        0.335915820651022
      ],
      [
        0.0,
        0.0,
        0.0,
        1.0
      ]
    ],
    "1": [
      [
        -0.660492864023268,
        -0.69301920254615,
        0.28891791477276,
        -0.0946815652734039
      ],
      [
        0.734981580477242,
        -0.6754152357193,
        0.060135976897514,
        0.0319631213081023
      ],
      [
        0.153464174755923,
        0.252068729239748,
        0.955463292233638,
        0.353547667540591
      ],
      [
        0.0,
        0.0,
        0.0,
        1.0
      ]
    ],
    "2": [
      [
        0.0546180779882064,
        -0.894336883397801,
        -0.444047750305283,
        -0.0166633367693753
      ],
      [
        0.801699055613055,
        -0.225822420874236,
        0.553428277611142,
        0.0321196364461477
      ],
      [
        -0.595227258940659,
        -0.386219850894292,
        0.704655048225145,
        0.335852144827069
      ],
      [
        0.0,
        0.0,
        0.0,
        1.0
      ]
    ],
    "3": [
      [
        -0.657456233103443,
        0.695711947180574,
        0.289372058263483,
        -0.0945387305009033
      ],
      [
        -0.737404689537674,
        -0.673014607780904,
        -0.0573206905171425,
        -0.0320366876261219
      ],
      [
        0.154872933081535,
        -0.25107015805095,
        0.955498901273567,
        0.353611343364543
      ],
      [
        0.0,
        0.0,
        0.0,
        1.0
      ]
    ]
  },
  "T_WP": {
    "0": [
      [
        0.440974083709044,
        0.895646497913791,
        0.0579586772772744,
        -0.0124633945874655
      ],
      [
        0.553550031216595,
        -0.220573683735961,
        -0.803075097972322,
        -0.0880954293461391
      ],
      [
        -0.706487240109173,
        0.386218333094003,
        -0.593052424955007,
        0.294402150904172
      ],
      [
        0.0,
        0.0,
        0.0,
        1.0
      ]
    ],
    "1": [
      [
        -0.28891791477276,
        -0.69301920254615,
        -0.660492864023268,
        -0.140916065755033
      ],
      [
        -0.060135976897514,
        -0.6754152357193,
        0.734981580477242,
        0.0834118319415093
      ],
      [
        -0.955463292233638,
        0.252068729239748,
        0.153464174755923,
        0.364290159773505
      ],
      [
        0.0,
        0.0,
        0.0,
        1.0
      ]
    ],
    "2": [
      [
        0.444047750305283,
        -0.894336883397801,
        0.0546180779882064,
        -0.0128400713102009
      ],
      [
        -0.553428277611142,
        -0.225822420874236,
        0.801699055613055,
        0.0882385703390615
      ],
      [
        -0.704655048225145,
        -0.386219850894292,
        -0.595227258940659,
        0.294186236701223
      ],
      [
        0.0,
        0.0,
        0.0,
        1.0
      ]
    ],
    "3": [
      [
        -0.289372058263483,
        0.695711947180574,
        -0.657456233103443,
        -0.140560666818144
      ],
      [
        0.0573206905171425,
        -0.673014607780904,
        -0.737404689537674,
        -0.0836550158937591
      ],
      [
        -0.955498901273567,
        -0.25107015805095,
        0.154872933081535,
        0.364452448680251
      ],
      [
        0.0,
        0.0,
        0.0,
        1.0
      ]
    ]
  },
  "simTime": 0.548999999999956,
  "state": [
    -0.0556010336351393,
    4.14744100128766e-05,
    0.344731744095806,
    0.993787475031513,
    -0.000618563390341784,
    0.111287743121676,
    0.00105360367561381,
    -0.292871857144316,
    -6.95007614577836e-05,
    -0.48289780974235,
    -0.0116001744003471,
    -3.79040057530208,
    0.000910840642648927,
    0.819915653804844,
    0.421084202370661,
    0.165437570533999,
    -0.350794562978742,
    0.998726818114875,
    0.0457624332646203,
    -0.00328551723399344,
    -0.0209701658635371,
    0.819681880037772,
    -0.421504625993872,
    0.165645417759487,
    0.350737881299976,
    0.998720845328853,
    -0.04596697110462,
    -0.00322767261367533,
    0.0208156864548465,
    -3.32974726907454,
    -1.96799145039791,
    -4.58217832520585,
    -0.170311514993277,
    0.220089594529105,
    -0.609772615397245,
    3.33051640724263,
    -1.96950942877516,
    4.58654235509546,
    0.167756698099234,
    0.219579274678346,
    0.611521870884172
  ]
}