{
  "arms": {
    "0": [
      [
        0.904237926006317,
        0.0999842062592506,
        -0.415158748626709,
        -0.0225819032639265
      ],
      [
        0.260428130626678,
        0.641361057758331,
        0.7216876745224,
        0.349298655986786
      ],
      [
        0.33842408657074,
        -0.760696470737457,
        0.553904294967651,
        0.0321418046951294
      ],
      [
        0.0,
        0.0,
        0.0,
        1.0
      ]
    ],
    "1": [
      [
        0.943376481533051,
        -0.302238374948502,
        0.136721074581146,
        0.00399548513814807
      ],
      [
        0.316115617752075,
        0.694144248962402,
        -0.646710574626923,
        0.273842453956604
      ],
      [
        0.100556619465351,
        0.653311252593994,
        0.750381708145142,
        0.0320524536073208
      ],
      [
        0.0,
        0.0,
        0.0,
        1.0
      ]
    ],
    "2": [
      [
        0.998774111270905,
        -0.036719374358654,
        0.03319401293993,
        0.00371817848645151
      ],
      [
        -0.0111600840464234,
        -0.82037889957428,
        -0.571711421012878,
        0.273820579051971
      ],
      [
        0.0482245571911335,
        0.57064014673233,
        -0.819783091545105,
        -0.0319469422101974
      ],
      [
        0.0,
        0.0,
        0.0,
        1.0
      ]
    ],
    "3": [
      [
        0.903191447257996,
        0.266883581876755,
        -0.336181849241257,
        -0.0228592101484537
      ],
      [
        0.428791850805283,
        -0.59667980670929,
        0.678314685821533,
        0.349276751279831
      ],
      [
        -0.0195618458092213,
        -0.75680011510849,
        -0.653353571891785,
        -0.0318575911223888
      ],
      [
        0.0,
        0.0,
        0.0,
        1.0
      ]
    ]
  },
  "base": [
    [
      -0.332217335700989,
      -0.00433291587978601,
      -0.943192839622498,
      -0.00943186227232218
    ],
    [
      0.943202197551727,
      -0.00034198461798951,
      -0.33221909403801,
      0.311559617519379
    ],
    [
      0.00111692002974451,
      -0.999990582466125,
      0.00420042918995023,
      9.74309368757531e-05
    ],
    [
      0.0,
      0.0,
      0.0,
      1.0
    ]
  ]
}