{
  "T_WB": [
    [
      0.999792283259186,
      -0.00259699889922472,
      -0.0202149927554264,
      -0.00547383778505375
    ],
    [
      0.00267126091669231,
      0.999989780091187,
      0.00364747560585962,
      5.0726955655579e-06
    ],
    [
      0.0202053136699104,
      -0.00370071748419336,
      0.999789002734878,
      0.373342775304002
    ],
    [
      0.0,
      0.0,
      0.0,
      1.0
    ]
  ],
  "T_WH": {
    "0": [
      [
        0.559843074630382,
        0.807224499509375,
        -0.1869875374998,
        0.0346009575100889
      ],
      [
        -0.825466129848673,
        0.523735580179757,
        -0.210491592531452,
        -0.0318877498306847
      ],
      [
        -0.0719819439932912,
        0.272194139256547,
        0.959546221030198,
        0.374269410810293
      ],
      [
        0.0,
        0.0,
        0.0,
        1.0
      ]
    ],
    "1": [
      [
        -0.704225268764505,
        -0.68469063198927,
        -0.187791132111439,
        -0.0455486330801964
      ],
      [
        0.702272640370637,
        -0.71063446010908,
        -0.0425652756637445,
        0.0318978952218158
      ],
      [
        -0.104306804286278,
        -0.161856116880427,
        0.98128624162778,
        0.372416139797711
      ],
      [
        0.0,
        0.0,
        0.0,
        1.0
      ]
    ],
    "2": [
      [
        0.554906427695567,
        -0.810600786360233,
        -0.187096824276408,
        0.0344347495805385
      ],
      [
        0.828283209071871,
        0.517346407165799,
        0.215173466213292,
        0.0321115960951512
      ],
      [
        -0.0776259110848206,
        -0.27437029749011,
        0.958485867284145,
        0.374032564891304
      ],
      [
        0.0,
        0.0,
        0.0,
        1.0
      ]
    ],
    "3": [
      [
        -0.703109441899458,
        0.686414249179812,
        -0.185667959634255,
        -0.045382425150646
      ],
      [
        -0.704136320303349,
        -0.708493953924019,
        0.0472055047930705,
        -0.0321014507040201
      ],
      [
        -0.099142095708589,
        0.163926190024733,
        0.981477992153917,
        0.3726529857167
      ],
      [
        0.0,
        0.0,
        0.0,
        1.0
      ]
    ]
  },
  "T_WP": {
    "0": [
      [
        0.1869875374998,
        0.807224499509375,
        0.559843074630382,
        0.0737899727342156
      ],
      [
        0.210491592531452,
        0.523735580179757,
        -0.825466129848673,
        -0.0896703789200919
      ],
      [
        -0.959546221030198,
        0.272194139256547,
        -0.0719819439932911,
        0.369230674730762
      ],
      [
        0.0,
        0.0,
        0.0,
        1.0
      ]
    ],
    "1": [
      [
        0.187791132111438,
        -0.68469063198927,
        -0.704225268764505,
        -0.0948444018937117
      ],
      [
        0.0425652756637445,
        -0.71063446010908,
        0.702272640370637,
        0.0810569800477604
      ],
      [
        -0.98128624162778,
        -0.161856116880427,
        -0.104306804286278,
        0.365114663497672
      ],
      [
        0.0,
        0.0,
        0.0,
        1.0
      ]
    ],
    "2": [
      [
        0.187096824276408,
        -0.810600786360233,
        0.554906427695567,
        0.0732781995192281
      ],
      [
        -0.215173466213292,
        0.517346407165799,
        0.828283209071871,
        0.0900914207301822
      ],
      [
        -0.958485867284145,
        -0.27437029749011,
        -0.0776259110848206,
        0.368598751115367
      ],
      [
        0.0,
        0.0,
        0.0,
        1.0
      ]
    ],
    "3": [
      [
        0.185667959634255,
        0.686414249179812,
        -0.703109441899458,
        -0.0946000860836081
      ],
      [
        -0.0472055047930705,
        -0.708493953924019,
        -0.704136320303349,
        -0.0813909931252546
      ],
      [
        -0.981477992153917,
        0.163926190024733,
        -0.099142095708589,
        0.365713039017099
      ],
      [
        0.0,
        0.0,
        0.0,
        1.0
      ]
    ]
  }
}