{
  "T_WB": [
    [
      0.0631336687458357,
      0.109999230430708,
      -0.991924548126189,
      -0.281623512965347
    ],
    [
      -0.165279821560059,
      0.981335140909101,
      0.0983052480897598,
      -0.00366444630811624
    ],
    [
      0.984223917843783,
      0.157738741346463,
      0.0801359408921345,
      0.154841228033916
    ],
    [
      0.0,
      0.0,
      0.0,
      1.0
    ]
  ],
  "T_WH": {
    "0": [
      [
        0.31448410199861,
        0.267510534831414,
        -0.910789692159688,
        -0.282618141589296
      ],
      [
        -0.482218758858663,
        0.871471338780095,
        0.0894582265062295,
        -0.0416783636796099
      ],
      [
        0.817658130391265,
        0.411066684905308,
        0.403062479481806,
        0.189162545024581
      ],
      [
        0.0,
        0.0,
        0.0,
        1.0
      ]
    ],
    "1": [
      [
        0.33156430729085,
        0.195160916526903,
        -0.923026178822204,
        -0.280628884341397
      ],
      [
        0.730538836118879,
        -0.672192116857175,
        0.120294500943079,
        0.0343494710633774
      ],
      [
        -0.596974135999888,
        -0.714191833260119,
        -0.365447542407576,
        0.120519911043251
      ],
      [
        0.0,
        0.0,
        0.0,
        1.0
      ]
    ],
    "2": [
      [
        0.362929354126907,
        0.0116851906641465,
        -0.931743387544108,
        -0.275578190841731
      ],
      [
        0.200311969171731,
        0.975565642971127,
        0.0902595771144255,
        0.0211270853385726
      ],
      [
        0.910031537321411,
        -0.219397202747605,
        0.351720725159829,
        0.199257824470754
      ],
      [
        0.0,
        0.0,
        0.0,
        1.0
      ]
    ],
    "3": [
      [
        -0.0459277582252939,
        -0.38790808894665,
        -0.92055307047131,
        -0.287668835088963
      ],
      [
        -0.356365529843631,
        -0.854529504071131,
        0.377866293563234,
        -0.0284559779548051
      ],
      [
        -0.933217150594473,
        0.345407934479949,
        -0.098990447188744,
        0.110424631597078
      ],
      [
        0.0,
        0.0,
        0.0,
        1.0
      ]
    ]
  },
  "T_WP": {
    "0": [
      [
        0.910789692159688,
        0.267510534831414,
        0.31448410199861,
        -0.260604254449393
      ],
      [
        -0.0894582265062295,
        0.871471338780095,
        -0.482218758858663,
        -0.0754336767997162
      ],
      [
        -0.403062479481806,
        0.411066684905308,
        0.817658130391265,
        0.246398614151969
      ],
      [
        0.0,
        0.0,
        0.0,
        1.0
      ]
    ],
    "1": [
      [
        0.923026178822204,
        0.195160916526903,
        0.331564307290849,
        -0.257419382831038
      ],
      [
        -0.120294500943079,
        -0.672192116857175,
        0.730538836118879,
        0.0854871895916989
      ],
      [
        0.365447542407576,
        -0.714191833260119,
        -0.596974135999888,
        0.0787317215232592
      ],
      [
        0.0,
        0.0,
        0.0,
        1.0
      ]
    ],
    "2": [
      [
        0.931743387544108,
        0.0116851906641465,
        0.362929354126907,
        -0.250173136052847
      ],
      [
        -0.0902595771144255,
        0.975565642971127,
        0.200311969171731,
        0.0351489231805938
      ],
      [
        -0.351720725159829,
        -0.219397202747605,
        0.910031537321411,
        0.262960032083253
      ],
      [
        0.0,
        0.0,
        0.0,
        1.0
      ]
    ],
    "3": [
      [
        0.92055307047131,
        -0.38790808894665,
        -0.0459277582252939,
        -0.290883778164733
      ],
      [
        -0.377866293563234,
        -0.854529504071131,
        -0.356365529843631,
        -0.0534015650438593
      ],
      [
        0.098990447188744,
        0.345407934479949,
        -0.933217150594473,
        0.0450994310554647
      ],
      [
        0.0,
        0.0,
        0.0,
        1.0
      ]
    ]
  },
  "simTime": 1.15199999999989,
  "state": [
    -0.281623512965347,
    -0.00366444630811624,
    0.154841228033916,
    -0.728801198981429,
    -0.0203874161224512,
    0.677876377238345,
    0.094428718138601,
    -0.303070163467977,
    -0.0196988902987306,
    0.258371194453092,
    -1.85137254409312,
    8.79491595848874,
    -2.81114533381844,
    0.957925375849689,
    -0.107609213521224,
    0.127105972155605,
    0.233759071077367,
    0.973521463255367,
    -0.168352204221269,
    0.150337365996165,
    0.0362239188976677,
    0.971559506552687,
    0.0591774014599822,
    0.125933455227311,
    -0.191600953124077,
    0.976563568390015,
    0.169513212545251,
    0.00994499831723056,
    -0.132249630148519,
    2.18577664998887,
    -1.35671502062032,
    0.8792889936856,
    -0.00575669158137281,
    -1.19297619853746,
    1.71330035833932,
    -2.06411404704669,
    -1.28961221740848,
    -0.435049384499762,
    -0.714108744366781,
    -0.216242864614909,
    -2.02307415276471
  ]
}