{
  "arms": {
    "0": [
      [
        -0.999999940395355,
        -3.45445612314844e-17,
        -5.74293168973193e-17,
        -8.88178317129729e-18
      ],
      [
        6.50353617437526e-17,
        -0.707106828689575,
        -0.707106709480286,
        0.436317056417465
      ],
      [
        -1.61819705416136e-17,
        -0.707106709480286,
        0.707106828689575,
        0.0319999828934669
      ],
      [
        0.0,
        0.0,
        0.0,
        1.0
      ]
    ],
    "1": [
      [
        -0.999999940395355,
        -1.57621925934829e-16,
        3.79054152508775e-16,
        8.88178317129729e-18
      ],
      [
        3.79487330451957e-16,
        -0.707106709480286,
        0.707106828689575,
        0.516317069530487
      ],
      [
        1.56576224056775e-16,
        0.707106828689575,
        0.707106709480286,
        0.0319999791681767
      ],
      [
        0.0,
        0.0,
        0.0,
        1.0
      ]
    ],
    "2": [
      [
        -0.999999940395355,
        1.56402966114392e-16,
        3.79053490764285e-16,
        8.88178317129729e-18
      ],
      [
        3.78624918562754e-16,
        0.707106828689575,
        0.707106709480286,
        0.516317069530487
      ],
      [
        -1.57437709503691e-16,
        0.707106709480286,
        -0.707106828689575,
        -0.0320000238716602
      ],
      [
        0.0,
        0.0,
        0.0,
        1.0
      ]
    ],
    "3": [
      [
        -0.999999940395355,
        2.79473888735126e-16,
        1.8750003376738e-16,
        -8.88178317129729e-18
      ],
      [
        6.50353485088628e-17,
        0.707106709480286,
        -0.707106828689575,
        0.436317056417465
      ],
      [
        -3.302004684847e-16,
        -0.707106828689575,
        -0.707106709480286,
        -0.0320000201463699
      ],
      [
        0.0,
        0.0,
        0.0,
        1.0
      ]
    ]
  },
  "base": [
    [
      -2.22044591690142e-16,
      2.02615334188898e-24,
      0.999999940395355,
      4.33228643885702e-36
    ],
    [
      -1.0,
      -4.37113882867379e-08,
      -2.22044604925031e-16,
      0.476317048072815
    ],
    [
      4.37113882867379e-08,
      -1.0,
      1.17320316791728e-23,
      -2.08204795626443e-08
    ],
    [
      0.0,
      0.0,
      0.0,
      1.0
    ]
  ]
}