{
  "T_WB": [
    [
      -2.22044604925031e-16,
      6.41036487181043e-20,
      1.0,
      -1.31280000352085e-36
    ],
    [
      -1.16062181678172e-18,
      1.0,
      -6.41036487181043e-20,
      4.30275017495496e-21
    ],
    [
      -1.0,
      -1.16062181678172e-18,
      -2.22044604925031e-16,
      0.3498364375
    ],
    [
      0.0,
      0.0,
      0.0,
      1.0
    ]
  ],
  "T_WH": {
    "0": [
      [
        -1.57140053182856e-16,
        -1.53271129193395e-16,
        1.0,
        -8.88383551376023e-18
      ],
      [
        -0.707106779455507,
        0.707106782917588,
        -2.73574185150867e-18,
        -0.032
      ],
      [
        -0.707106782917588,
        -0.707106779455507,
        -2.19493852021078e-16,
        -0.04
      ],
      [
        0.0,
        0.0,
        0.0,
        1.0
      ]
    ],
    "1": [
      [
        1.57140053182856e-16,
        1.53272224057051e-16,
        1.0,
        8.88383551376023e-18
      ],
      [
        0.707106779455507,
        -0.707106782917588,
        -2.73496766599096e-18,
        0.032
      ],
      [
        0.707106782917588,
        0.707106779455507,
        -2.19494626206592e-16,
        0.04
      ],
      [
        0.0,
        0.0,
        0.0,
        1.0
      ]
    ],
    "2": [
      [
        -1.57061873299438e-16,
        1.54248029462876e-16,
        1.0,
        -8.87973288024227e-18
      ],
      [
        0.707106779455507,
        0.707106782917588,
        1.98968751914312e-18,
        0.032
      ],
      [
        -0.707106782917588,
        0.707106779455507,
        -2.20129343298628e-16,
        -0.04
      ],
      [
        0.0,
        0.0,
        0.0,
        1.0
      ]
    ],
    "3": [
      [
        1.57061873299438e-16,
        -1.53354362770886e-16,
        1.0,
        8.87973288024227e-18
      ],
      [
        -0.707106779455507,
        -0.707106782917588,
        2.62160529871693e-18,
        -0.032
      ],
      [
        0.707106782917588,
        -0.707106779455507,
        -2.19497425522148e-16,
        0.04
      ],
      [
        0.0,
        0.0,
        0.0,
        1.0
      ]
    ]
  },
  "T_WP": {
    "0": [
      [
        -1.0,
        -1.53271129193395e-16,
        -9.5907713225488e-17,
        -1.98836392365601e-17
      ],
      [
        -4.05620608542704e-17,
        0.707106782917588,
        -0.707106779455507,
        -0.0814974745618855
      ],
      [
        1.76196049103308e-16,
        -0.707106779455507,
        -0.707106782917588,
        -0.0894974748042311
      ],
      [
        0.0,
        0.0,
        0.0,
        1.0
      ]
    ],
    "1": [
      [
        -1.0,
        1.53272224057051e-16,
        2.18372393140223e-16,
        1.98836392365601e-17
      ],
      [
        4.603277037177e-17,
        -0.707106782917588,
        0.707106779455507,
        0.0814974745618855
      ],
      [
        2.62792429124363e-16,
        0.707106779455507,
        0.707106782917588,
        0.0894974748042311
      ],
      [
        0.0,
        0.0,
        0.0,
        1.0
      ]
    ],
    "2": [
      [
        -1.0,
        1.54248029462876e-16,
        -9.58295333420703e-17,
        -1.98740640112029e-17
      ],
      [
        4.13081151866359e-17,
        0.707106782917588,
        0.707106779455507,
        0.0814974745618855
      ],
      [
        1.76831540380857e-16,
        0.707106779455507,
        -0.707106782917588,
        -0.0894974748042311
      ],
      [
        0.0,
        0.0,
        0.0,
        1.0
      ]
    ],
    "3": [
      [
        -1.0,
        -1.53354362770886e-16,
        2.18294213256806e-16,
        1.98740640112029e-17
      ],
      [
        -4.5919408004496e-17,
        -0.707106782917588,
        -0.707106779455507,
        -0.0814974745618855
      ],
      [
        2.62795228439918e-16,
        -0.707106779455507,
        0.707106782917588,
        0.0894974748042311
      ],
      [
        0.0,
        0.0,
        0.0,
        1.0
      ]
    ]
  }
}