{
  "T_WB": [
    [
      0.437985805418413,
      -0.130566654742745,
      0.889449707921293,
      -0.0409731196770604
    ],
    [
      -0.15085398346956,
      0.964692701483059,
      0.215895964243623,
      0.00286988615681388
    ],
    [
      -0.886234455391659,
      -0.228736399321592,
      0.402825209864085,
      0.576715459946226
    ],
    [
      0.0,
      0.0,
      0.0,
      1.0
    ]
  ],
  "T_WH": {
    "0": [
      [
        0.143195276516634,
        -0.353337382585718,
        0.924471636585352,
        0.0216975651685044
      ],
      [
        -0.591358412162376,
        0.718466056597231,
        0.366199063191618,
        -0.0369043257862403
      ],
      [
        -0.793593309666934,
        -0.599132055214123,
        -0.106068087881244,
        -0.0281298134373754
      ],
      [
        0.0,
        0.0,
        0.0,
        1.0
      ]
    ],
    "1": [
      [
        -0.472671214324307,
        -0.0372531572005834,
        0.880451092013505,
        -0.0216975651685044
      ],
      [
        0.748919427209353,
        -0.543537376866924,
        0.379060432513126,
        0.0369043257862403
      ],
      [
        0.464436879131707,
        0.83855788245488,
        0.284814085106739,
        0.0281298134373754
      ],
      [
        0.0,
        0.0,
        0.0,
        1.0
      ]
    ],
    "2": [
      [
        -0.0124619826571676,
        0.147634656226991,
        0.988963450926773,
        0.0133412992649687
      ],
      [
        0.0943540760615624,
        0.984800785288504,
        -0.14582428338831,
        0.0248360071086755
      ],
      [
        -0.995460701041895,
        0.0914954729802709,
        -0.0262025018899944,
        -0.0427689429939573
      ],
      [
        0.0,
        0.0,
        0.0,
        1.0
      ]
    ],
    "3": [
      [
        -0.324840188946405,
        0.169308744086488,
        0.930490946125281,
        -0.0133412992649687
      ],
      [
        -0.536266755488163,
        -0.843373248234606,
        -0.0337569418106711,
        -0.0248360071086755
      ],
      [
        0.779035826264404,
        -0.509956972045747,
        0.36475617617591,
        0.0427689429939573
      ],
      [
        0.0,
        0.0,
        0.0,
        1.0
      ]
    ]
  },
  "T_WP": {
    "0": [
      [
        -0.924471636585352,
        -0.353337382585718,
        0.143195276516634,
        0.0317212345246688
      ],
      [
        -0.366199063191618,
        0.718466056597231,
        -0.591358412162376,
        -0.0782994146376066
      ],
      [
        0.106068087881244,
        -0.599132055214123,
        -0.793593309666934,
        -0.0836813451140608
      ],
      [
        0.0,
        0.0,
        0.0,
        1.0
      ]
    ],
    "1": [
      [
        -0.880451092013505,
        -0.0372531572005834,
        -0.472671214324307,
        -0.0547845501712059
      ],
      [
        -0.379060432513126,
        -0.543537376866924,
        0.748919427209353,
        0.089328685690895
      ],
      [
        -0.284814085106738,
        0.83855788245488,
        0.464436879131707,
        0.0606403949765949
      ],
      [
        0.0,
        0.0,
        0.0,
        1.0
      ]
    ],
    "2": [
      [
        -0.988963450926773,
        0.147634656226991,
        -0.0124619826571675,
        0.012468960478967
      ],
      [
        0.14582428338831,
        0.984800785288504,
        0.0943540760615624,
        0.0314407924329849
      ],
      [
        0.0262025018899944,
        0.0914954729802709,
        -0.995460701041895,
        -0.11245119206689
      ],
      [
        0.0,
        0.0,
        0.0,
        1.0
      ]
    ],
    "3": [
      [
        -0.930490946125281,
        0.169308744086488,
        -0.324840188946405,
        -0.0360801124912171
      ],
      [
        0.0337569418106711,
        -0.843373248234606,
        -0.536266755488163,
        -0.0623746799928469
      ],
      [
        -0.36475617617591,
        -0.509956972045747,
        0.779035826264404,
        0.0973014508324656
      ],
      [
        0.0,
        0.0,
        0.0,
        1.0
      ]
    ]
  }
}