{
  "T_WB": [
    [
      -2.22044604925031e-16,
      1.76368348398692e-20,
      1.0,
      5.83564825059963e-37
    ],
    [
      -1.64266156398448e-19,
      1.0,
      -1.76368348398692e-20,
      4.13406139437716e-21
    ],
    [
      -1.0,
      -1.64266156398448e-19,
      -2.22044604925031e-16,
      0.4593957727
    ],
    [
      0.0,
      0.0,
      0.0,
      1.0
    ]
  ],
  "T_WH": {
    "0": [
      [
        -1.57055620917624e-16,
        -1.55196377259352e-16,
        1.0,
        -8.88234857571613e-18
      ],
      [
        -0.707106779455507,
        0.707106782917588,
        -1.31468325812171e-18,
        -0.032
      ],
      [
        -0.707106782917588,
        -0.707106779455507,
        -2.20795505353207e-16,
        0.4193957727
      ],
      [
        0.0,
        0.0,
        0.0,
        1.0
      ]
    ],
    "1": [
      [
        1.57055620917624e-16,
        1.55204274417633e-16,
        1.0,
        8.88234857571613e-18
      ],
      [
        0.707106779455507,
        -0.707106782917588,
        -1.30909912393535e-18,
        0.032
      ],
      [
        0.707106782917588,
        0.707106779455507,
        -2.20801089487366e-16,
        0.4993957727
      ],
      [
        0.0,
        0.0,
        0.0,
        1.0
      ]
    ],
    "2": [
      [
        -1.57041404518701e-16,
        1.56075162773298e-16,
        1.0,
        -8.88121981828638e-18
      ],
      [
        0.707106779455507,
        0.707106782917588,
        6.83235548422947e-19,
        0.032
      ],
      [
        -0.707106782917588,
        0.707106779455507,
        -2.21406848035699e-16,
        0.4193957727
      ],
      [
        0.0,
        0.0,
        0.0,
        1.0
      ]
    ],
    "3": [
      [
        1.57041404518701e-16,
        -1.55218688732395e-16,
        1.0,
        8.88121981828638e-18
      ],
      [
        -0.707106779455507,
        -0.707106782917588,
        1.28885415213836e-18,
        -0.032
      ],
      [
        0.707106782917588,
        -0.707106779455507,
        -2.20801229434949e-16,
        0.4993957727
      ],
      [
        0.0,
        0.0,
        0.0,
        1.0
      ]
    ]
  },
  "T_WP": {
    "0": [
      [
        -1.0,
        -1.55196377259352e-16,
        -9.58232809602563e-17,
        -1.98762420399498e-17
      ],
      [
        -4.19831194476573e-17,
        0.707106782917588,
        -0.707106779455507,
        -0.0814974745618855
      ],
      [
        1.77497702435437e-16,
        -0.707106779455507,
        -0.707106782917588,
        0.369898297895769
      ],
      [
        0.0,
        0.0,
        0.0,
        1.0
      ]
    ],
    "1": [
      [
        -1.0,
        1.55204274417633e-16,
        2.18287960874992e-16,
        1.98762420399498e-17
      ],
      [
        4.46069018297144e-17,
        -0.707106782917588,
        0.707106779455507,
        0.0814974745618855
      ],
      [
        2.64098892405137e-16,
        0.707106779455507,
        0.707106782917588,
        0.548893247504231
      ],
      [
        0.0,
        0.0,
        0.0,
        1.0
      ]
    ],
    "2": [
      [
        -1.0,
        1.56075162773298e-16,
        -9.58090645613335e-17,
        -1.98741181345955e-17
      ],
      [
        4.26145671573561e-17,
        0.707106782917588,
        0.707106779455507,
        0.0814974745618855
      ],
      [
        1.78109045117929e-16,
        0.707106779455507,
        -0.707106782917588,
        0.369898297895769
      ],
      [
        0.0,
        0.0,
        0.0,
        1.0
      ]
    ],
    "3": [
      [
        -1.0,
        -1.55218688732395e-16,
        2.18273744476069e-16,
        1.98741181345955e-17
      ],
      [
        -4.45866568579174e-17,
        -0.707106782917588,
        -0.707106779455507,
        -0.0814974745618855
      ],
      [
        2.64099032352719e-16,
        -0.707106779455507,
        0.707106782917588,
        0.548893247504231
      ],
      [
        0.0,
        0.0,
        0.0,
        1.0
      ]
    ]
  },
  "simTime": 0.0910000000000016,
  "state": [
    5.83564825059963e-37,
    4.13406139437716e-21,
    0.4593957727,
    0.707106781186548,
    -5.18412937974271e-20,
    0.707106781186548,
    -6.43124193113658e-20,
    -2.25315574019624e-35,
    4.48408563630031e-20,
    -0.892400599999991,
    5.22303068158502e-19,
    -3.83424194567446e-18,
    -6.17022104905909e-18,
    1.0,
    9.00198549556648e-19,
    1.69517696974564e-20,
    -1.24511956550209e-19,
    1.0,
    -8.96249970416082e-19,
    -1.69517696974562e-20,
    1.23007039526157e-19,
    1.0,
    -4.73276918128066e-19,
    2.23146957194651e-20,
    7.33395092761506e-20,
    1.0,
    9.01513938579616e-19,
    -2.23146957194648e-20,
    -1.19398035514457e-19,
    2.48408972169198e-17,
    6.1425585523986e-19,
    -7.44678998735725e-18,
    -2.47081102077542e-17,
    -6.14255855239854e-19,
    7.40307246539324e-18,
    -1.5450779953234e-17,
    8.07642837493076e-19,
    4.08123342148408e-18,
    2.49510528606183e-17,
    -8.07642837493068e-19,
    -7.24968009396308e-18
  ]
}