{
  "T_WB": [
    [
      -2.22044604925031e-16,
      9.7491831973249e-26,
      1.0,
      -1.1179135994016e-38
    ],
    [
      -8.81632203995316e-23,
      1.0,
      -9.7491831973252e-26,
      6.13281504998673e-24
    ],
    [
      -1.0,
      -8.81632203995316e-23,
      -2.22044604925031e-16,
      0.499969354375
    ],
    [
      0.0,
      0.0,
      0.0,
      1.0
    ]
  ],
  "T_WH": {
    "0": [
      [
        -1.57009247022584e-16,
        -1.57005528182085e-16,
        1.0,
        -8.88178420012099e-18
      ],
      [
        -0.707106779455507,
        0.707106782917588,
        -2.62907376287917e-21,
        -0.032
      ],
      [
        -0.707106782917588,
        -0.707106779455507,
        -2.22041976939998e-16,
        0.459969354375
      ],
      [
        0.0,
        0.0,
        0.0,
        1.0
      ]
    ],
    "1": [
      [
        1.57009247022584e-16,
        1.57005344285095e-16,
        1.0,
        8.88178420012099e-18
      ],
      [
        0.707106779455507,
        -0.707106782917588,
        -2.75910857226797e-21,
        0.032
      ],
      [
        0.707106782917588,
        0.707106779455507,
        -2.22041846905189e-16,
        0.539969354375
      ],
      [
        0.0,
        0.0,
        0.0,
        1.0
      ]
    ],
    "2": [
      [
        -1.57009247024488e-16,
        1.57006588115223e-16,
        1.0,
        -8.88178419388151e-18
      ],
      [
        0.707106779455507,
        0.707106782917588,
        1.87958919776353e-21,
        0.032
      ],
      [
        -0.707106782917588,
        0.707106779455507,
        -2.22042726427251e-16,
        0.459969354375
      ],
      [
        0.0,
        0.0,
        0.0,
        1.0
      ]
    ],
    "3": [
      [
        1.57009247024488e-16,
        -1.57005535672727e-16,
        1.0,
        8.88178419388151e-18
      ],
      [
        -0.707106779455507,
        -0.707106782917588,
        2.62377842525753e-21,
        -0.032
      ],
      [
        0.707106782917588,
        -0.707106779455507,
        -2.22041982238027e-16,
        0.539969354375
      ],
      [
        0.0,
        0.0,
        0.0,
        1.0
      ]
    ]
  },
  "T_WP": {
    "0": [
      [
        -1.0,
        -1.57005528182085e-16,
        -9.57769070652167e-17,
        -1.98724314917019e-17
      ],
      [
        -4.32951736320161e-17,
        0.707106782917588,
        -0.707106779455507,
        -0.0814974745618855
      ],
      [
        1.78744174022227e-16,
        -0.707106779455507,
        -0.707106782917588,
        0.410471879570769
      ],
      [
        0.0,
        0.0,
        0.0,
        1.0
      ]
    ],
    "1": [
      [
        -1.0,
        1.57005344285095e-16,
        2.18241586979952e-16,
        1.98724314917019e-17
      ],
      [
        4.33005618143513e-17,
        -0.707106782917588,
        0.707106779455507,
        0.0814974745618855
      ],
      [
        2.65339649822959e-16,
        0.707106779455507,
        0.707106782917588,
        0.589466829179231
      ],
      [
        0.0,
        0.0,
        0.0,
        1.0
      ]
    ],
    "2": [
      [
        -1.0,
        1.57006588115223e-16,
        -9.57769070671203e-17,
        -1.98724314855957e-17
      ],
      [
        4.32959231165813e-17,
        0.707106782917588,
        0.707106779455507,
        0.0814974745618855
      ],
      [
        1.78744923509481e-16,
        0.707106779455507,
        -0.707106782917588,
        0.410471879570769
      ],
      [
        0.0,
        0.0,
        0.0,
        1.0
      ]
    ],
    "3": [
      [
        -1.0,
        -1.57005535672727e-16,
        2.18241586981856e-16,
        1.98724314855957e-17
      ],
      [
        -4.33004264842043e-17,
        -0.707106782917588,
        -0.707106779455507,
        -0.0814974745618855
      ],
      [
        2.65339785155798e-16,
        -0.707106779455507,
        0.707106782917588,
        0.589466829179231
      ],
      [
        0.0,
        0.0,
        0.0,
        1.0
      ]
    ]
  },
  "simTime": 0.0025,
  "state": [
    -1.1179135994016e-38,
    6.13281504998673e-24,
    0.499969354375,
    0.707106781186548,
    -3.11359369301272e-23,
    0.707106781186548,
    -3.12048740656258e-23,
    -8.67566245059066e-36,
    4.91766578061668e-21,
    -0.0245165,
    1.51302466075017e-22,
    -1.65264657207549e-21,
    -1.24158926553361e-19,
    1.0,
    1.85861649348633e-21,
    3.50450800524177e-25,
    -6.41221524455332e-25,
    1.0,
    -1.95056498877035e-21,
    -3.50450800524187e-25,
    6.45777433219886e-25,
    1.0,
    -1.32871886174317e-21,
    4.203397241504e-25,
    4.99485659911418e-25,
    1.0,
    1.85494010970193e-21,
    -4.20339724150098e-25,
    -5.73544401081162e-25,
    2.91784307245625e-18,
    1.08049820664667e-21,
    -1.99386174002299e-21,
    -3.17684729799625e-18,
    -1.08049820664667e-21,
    2.0170362328187e-21,
    -2.17957886753152e-18,
    1.2960903922316e-21,
    1.55868593507761e-21,
    2.91194717419067e-18,
    -1.2960903922311e-21,
    -1.78512419964997e-21
  ]
}