{
  "T_WB": [
    [
      0.558710312154099,
      -0.000980433511869791,
      0.829362300712299,
      -0.0153258195905358
    ],
    [
      0.000749684104173296,
      0.999999489741835,
      0.000677118758899032,
      2.1591795615355e-05
    ],
    [
      -0.829362541393336,
      0.000243446500294729,
      0.558710762083019,
      0.288513082966501
    ],
    [
      0.0,
      0.0,
      0.0,
      1.0
    ]
  ],
  "T_WH": {
    "0": [
      [
        0.493448242032539,
        0.869042589074297,
        -0.0356904862678991,
        0.00705396676800795
      ],
      [
        -0.674803804195347,
        0.356623174016844,
        -0.646111242432478,
        -0.0319484045119564
      ],
      [
        -0.548770132458469,
        0.342906532642926,
        0.762408323401785,
        0.255330791022758
      ],
      [
        0.0,
        0.0,
        0.0,
        1.0
      ]
    ],
    "1": [
      [
        -0.359283758848685,
        -0.305858580961371,
        0.881683451744364,
        -0.0377056059490796
      ],
      [
        0.67109396118173,
        -0.741192052398884,
        0.0163473767358808,
        0.0319915881031871
      ],
      [
        0.64849678171366,
        0.597565787100489,
        0.471558113273432,
        0.321695374910244
      ],
      [
        0.0,
        0.0,
        0.0,
        1.0
      ]
    ],
    "2": [
      [
        0.492718830870006,
        -0.869369706142645,
        -0.0377421216619478,
        0.00699121902324829
      ],
      [
        0.675921697239846,
        0.355044614451469,
        0.645812032211706,
        0.032051562831521
      ],
      [
        -0.548049279633229,
        -0.343714468404311,
        0.762563014644063,
        0.255346371598777
      ],
      [
        0.0,
        0.0,
        0.0,
        1.0
      ]
    ],
    "3": [
      [
        -0.358285105083704,
        0.30724941368448,
        0.881606250695685,
        -0.03764285820432
      ],
      [
        -0.671843810130749,
        -0.740541946175755,
        -0.0149506101288032,
        -0.0320083792402903
      ],
      [
        0.648272842454593,
        -0.597658283423537,
        0.471748765754691,
        0.321679794334225
      ],
      [
        0.0,
        0.0,
        0.0,
        1.0
      ]
    ]
  },
  "T_WP": {
    "0": [
      [
        0.0356904862678991,
        0.869042589074297,
        0.493448242032539,
        0.0415953437102857
      ],
      [
        0.646111242432478,
        0.356623174016844,
        -0.674803804195347,
        -0.0791846708056307
      ],
      [
        -0.762408323401785,
        0.342906532642926,
        -0.548770132458469,
        0.216916881750666
      ],
      [
        0.0,
        0.0,
        0.0,
        1.0
      ]
    ],
    "1": [
      [
        -0.881683451744364,
        -0.305858580961371,
        -0.359283758848685,
        -0.0628554690684876
      ],
      [
        -0.0163473767358807,
        -0.741192052398884,
        0.67109396118173,
        0.0789681653859083
      ],
      [
        -0.471558113273432,
        0.597565787100489,
        0.64849678171366,
        0.3670901496302
      ],
      [
        0.0,
        0.0,
        0.0,
        1.0
      ]
    ],
    "2": [
      [
        0.0377421216619478,
        -0.869369706142645,
        0.492718830870006,
        0.0414815371841487
      ],
      [
        -0.645812032211706,
        0.355044614451469,
        0.675921697239846,
        0.0793660816383102
      ],
      [
        -0.762563014644063,
        -0.343714468404311,
        -0.548049279633229,
        0.216982922024451
      ],
      [
        0.0,
        0.0,
        0.0,
        1.0
      ]
    ],
    "3": [
      [
        -0.881606250695685,
        0.30724941368448,
        -0.358285105083704,
        -0.0627228155601793
      ],
      [
        0.0149506101288032,
        -0.740541946175755,
        -0.671843810130749,
        -0.0790374459494427
      ],
      [
        -0.471748765754691,
        -0.597658283423537,
        0.648272842454593,
        0.367058893306047
      ],
      [
        0.0,
        0.0,
        0.0,
        1.0
      ]
    ]
  },
  "simTime": 0.383999999999974,
  "state": [
    -0.0153258195905358,
    2.1591795615355e-05,
    0.288513082966501,
    0.882810931623945,
    -0.000122810061324953,
    0.469728223418797,
    0.000489945682044429,
    -0.193383708830125,
    0.000280861941398656,
    1.15512815414648,
    -0.0100195051864058,
    -5.24617236523202,
    0.00439985570432172,
    0.834263982276963,
    0.548641401981384,
    -0.0320727807090825,
    0.0443571487459672,
    0.998368325502523,
    0.0406952631130539,
    -0.0314413194123187,
    0.0248198635584527,
    0.834028967809447,
    -0.548963577914509,
    -0.0323296969679229,
    -0.0446033818445484,
    0.99836910230035,
    -0.0406489002935403,
    -0.0313317436682257,
    -0.0250024861889465,
    1.23912695660031,
    0.365121415561077,
    -5.2555353667897,
    0.264314009291947,
    0.380012733584669,
    -0.460159900055423,
    -1.24221608635318,
    0.368968511455812,
    5.25907600062107,
    -0.267449756703483,
    0.37919029523824,
    0.459126495765839
  ]
}