{
  "T_WB": [
    [
      0.961304916978523,
      -0.00217615662609766,
      0.275477986298821,
      -0.0514107898661591
    ],
    [
      0.00186161418950741,
      0.999997282599868,
      0.00140327669703367,
      4.22327144314911e-05
    ],
    [
      -0.275480291464787,
      -0.000836143060549041,
      0.961306355892469,
      0.350674731133546
    ],
    [
      0.0,
      0.0,
      0.0,
      1.0
    ]
  ],
  "T_WH": {
    "0": [
      [
        0.0981421453747368,
        0.892389509804325,
        -0.440464620704592,
        -0.012888956174983
      ],
      [
        -0.801712309202977,
        -0.191324980806047,
        -0.566261534091798,
        -0.031883215761184
      ],
      [
        -0.589597737931274,
        0.408700029986251,
        0.696662610533652,
        0.339682276052892
      ],
      [
        0.0,
        0.0,
        0.0,
        1.0
      ]
    ],
    "1": [
      [
        -0.65562904865438,
        -0.671337294145575,
        0.345625213272773,
        -0.0899326235573351
      ],
      [
        0.729219353638571,
        -0.681721598474743,
        0.0591168034655578,
        0.031967681190047
      ],
      [
        0.195932857988385,
        0.290795288239577,
        0.936508630765443,
        0.361667186214199
      ],
      [
        0.0,
        0.0,
        0.0,
        1.0
      ]
    ],
    "2": [
      [
        0.0949269282369955,
        -0.89120483737827,
        -0.443557004373801,
        -0.0130282301990533
      ],
      [
        0.800723716615369,
        -0.19637716169634,
        0.565930684813749,
        0.0321166103252076
      ],
      [
        -0.591464629496268,
        -0.408888674577398,
        0.694967368915391,
        0.339628762897016
      ],
      [
        0.0,
        0.0,
        0.0,
        1.0
      ]
    ],
    "3": [
      [
        -0.652717535464558,
        0.673959147430733,
        0.346033071384099,
        -0.0897933495332649
      ],
      [
        -0.731509237536377,
        -0.679494621843812,
        -0.0564029634352898,
        -0.0320321448963446
      ],
      [
        0.197114317836177,
        -0.289941591496933,
        0.936525396999037,
        0.361720699370075
      ],
      [
        0.0,
        0.0,
        0.0,
        1.0
      ]
    ]
  },
  "T_WP": {
    "0": [
      [
        0.440464620704592,
        0.892389509804325,
        0.0981421453747368,
        -0.00601900599875144
      ],
      [
        0.566261534091798,
        -0.191324980806047,
        -0.801712309202977,
        -0.0880030774053924
      ],
      [
        -0.696662610533652,
        0.408700029986251,
        -0.589597737931274,
        0.298410434397702
      ],
      [
        0.0,
        0.0,
        0.0,
        1.0
      ]
    ],
    "1": [
      [
        -0.345625213272773,
        -0.671337294145575,
        -0.65562904865438,
        -0.135826656963142
      ],
      [
        -0.0591168034655578,
        -0.681721598474743,
        0.729219353638571,
        0.083013035944747
      ],
      [
        -0.936508630765443,
        0.290795288239577,
        0.195932857988385,
        0.375382486273386
      ],
      [
        0.0,
        0.0,
        0.0,
        1.0
      ]
    ],
    "2": [
      [
        0.443557004373801,
        -0.89120483737827,
        0.0949269282369954,
        -0.00638334522246359
      ],
      [
        -0.565930684813749,
        -0.19637716169634,
        0.800723716615369,
        0.0881672704882834
      ],
      [
        -0.694967368915391,
        -0.408888674577398,
        -0.591464629496268,
        0.298226238832278
      ],
      [
        0.0,
        0.0,
        0.0,
        1.0
      ]
    ],
    "3": [
      [
        -0.346033071384099,
        0.673959147430733,
        -0.652717535464558,
        -0.135483577015784
      ],
      [
        0.0564029634352898,
        -0.679494621843812,
        -0.731509237536377,
        -0.083237791523891
      ],
      [
        -0.936525396999037,
        -0.289941591496933,
        0.197114317836177,
        0.375518701618607
      ],
      [
        0.0,
        0.0,
        0.0,
        1.0
      ]
    ]
  },
  "simTime": 0.534499999999957,
  "state": [
    -0.0514107898661591,
    4.22327144314911e-05,
    0.350674731133546,
    0.990278818751424,
    -0.000565350817158305,
    0.139091705116513,
    0.00101935200954213,
    -0.285027982323986,
    -3.49841746594566e-05,
    -0.336876300795666,
    -0.0115239249075187,
    -3.94047329002913,
    0.00109036362502587,
    0.819238741200018,
    0.449944033334977,
    0.154154900468101,
    -0.320366225505956,
    0.998752989843056,
    0.0467965975337721,
    -0.00516540493864022,
    -0.0166091038481359,
    0.818997747807003,
    -0.450376816533631,
    0.15433880006876,
    0.320285727139727,
    0.998747318018019,
    -0.046982570505343,
    -0.00510464563281922,
    0.0164430962257129,
    -2.97507557387554,
    -1.84327057824861,
    -4.85935110035255,
    -0.129104063569106,
    0.236726615910184,
    -0.614128410295958,
    2.97545479011033,
    -1.8444825957206,
    4.8640321985756,
    0.126383295575615,
    0.236188715884405,
    0.615649206727361
  ]
}