{
  "T_WB": [
    [
      0.210344969854185,
      -0.000220474574451166,
      0.977627201466901,
      -0.00406637994488763
    ],
    [
      0.000205834522583643,
      0.999999962393374,
      0.000181232999088204,
      1.48701776420694e-06
    ],
    [
      -0.977627204658909,
      0.00016310797854893,
      0.210345007325099,
      0.183982900423263
    ],
    [
      0.0,
      0.0,
      0.0,
      1.0
    ]
  ],
  "T_WH": {
    "0": [
      [
        0.449254215976017,
        0.761663232514034,
        0.466947287885953,
        0.00435447403566219
      ],
      [
        -0.588500872843698,
        0.645538732453959,
        -0.486771473654672,
        -0.0319902783979204
      ],
      [
        -0.67218849446415,
        -0.0561147497366607,
        0.738250474278217,
        0.144872592781593
      ],
      [
        0.0,
        0.0,
        0.0,
        1.0
      ]
    ],
    "1": [
      [
        -0.0790599357719829,
        -0.0898529897551193,
        0.99281215080588,
        -0.0124872339254375
      ],
      [
        0.657205784124562,
        -0.753544228396752,
        -0.0158635797713747,
        0.0319932524334488
      ],
      [
        0.749553256192614,
        0.651227714460932,
        0.118627062886345,
        0.223093208064933
      ],
      [
        0.0,
        0.0,
        0.0,
        1.0
      ]
    ],
    "2": [
      [
        0.449762225806378,
        -0.761866768310061,
        0.466125484802619,
        0.00434036366289732
      ],
      [
        0.588781090400248,
        0.645347143616469,
        0.486686646429875,
        0.0320097191952555
      ],
      [
        -0.671603132679403,
        0.0555526018368881,
        0.738825514316043,
        0.14488303169222
      ],
      [
        0.0,
        0.0,
        0.0,
        1.0
      ]
    ],
    "3": [
      [
        -0.0789637677244038,
        0.0903662036650038,
        0.992773223159218,
        -0.0124731235526726
      ],
      [
        -0.657345858882887,
        -0.753412846535655,
        0.016294308348655,
        -0.0320067451597271
      ],
      [
        0.749440554811578,
        -0.651308707073855,
        0.118894166776581,
        0.223082769154305
      ],
      [
        0.0,
        0.0,
        0.0,
        1.0
      ]
    ]
  },
  "T_WP": {
    "0": [
      [
        -0.466947287885953,
        0.761663232514034,
        0.449254215976017,
        0.0358022691539834
      ],
      [
        0.486771473654672,
        0.645538732453959,
        -0.588500872843698,
        -0.0731853394969793
      ],
      [
        -0.738250474278217,
        -0.0561147497366607,
        -0.67218849446415,
        0.0978193981691022
      ],
      [
        0.0,
        0.0,
        0.0,
        1.0
      ]
    ],
    "1": [
      [
        -0.99281215080588,
        -0.0898529897551193,
        -0.0790599357719829,
        -0.0180214294294763
      ],
      [
        0.0158635797713748,
        -0.753544228396752,
        0.657205784124562,
        0.0779976573221682
      ],
      [
        -0.118627062886345,
        0.651227714460932,
        0.749553256192614,
        0.275561935998415
      ],
      [
        0.0,
        0.0,
        0.0,
        1.0
      ]
    ],
    "2": [
      [
        -0.466125484802619,
        -0.761866768310061,
        0.449762225806378,
        0.0358237194693438
      ],
      [
        -0.486686646429875,
        0.645347143616469,
        0.588781090400248,
        0.0732243955232729
      ],
      [
        -0.738825514316043,
        0.0555526018368881,
        -0.671603132679403,
        0.0978708124046617
      ],
      [
        0.0,
        0.0,
        0.0,
        1.0
      ]
    ],
    "3": [
      [
        -0.992773223159218,
        0.0903662036650038,
        -0.0789637677244037,
        -0.0180005872933808
      ],
      [
        -0.016294308348655,
        -0.753412846535655,
        -0.657345858882887,
        -0.0780209552815292
      ],
      [
        -0.118894166776581,
        -0.651308707073855,
        0.749440554811578,
        0.275543607991116
      ],
      [
        0.0,
        0.0,
        0.0,
        1.0
      ]
    ]
  },
  "simTime": 0.313999999999982,
  "state": [
    -0.00406637994488763,
    1.48701776420694e-06,
    0.183982900423263,
    0.777928328892299,
    -5.82477198287736e-06,
    0.628353002939846,
    0.000137001405271433,
    -0.107540266251317,
    0.000222366174739255,
    1.82016113856777,
    -0.00908712673821757,
    -5.74555477878327,
    0.00646408741345598,
    0.88993001566102,
    0.426461881405167,
    -0.110817586064799,
    0.117789191153999,
    0.998322263406635,
    0.0258695243807437,
    -0.0394438552520963,
    0.0335798805509865,
    0.889762560679281,
    -0.426661908226114,
    -0.111188616765361,
    -0.117980054179106,
    0.998325144487271,
    -0.0257643350109634,
    -0.0393607849678036,
    -0.033672444708245,
    10.3981231940403,
    -1.59560753407303,
    1.55196115503992,
    0.755120182654915,
    -0.401502119971172,
    0.239250204968058,
    -10.4040720304949,
    -1.60538764034577,
    -1.55365201280639,
    -0.753530883400469,
    -0.396874854216564,
    -0.245024506607321
  ]
}