{
  "T_WB": [
    [
      0.560883222184064,
      -0.00098581534510955,
      0.827894340625981,
      -0.0154225913081287
    ],
    [
      0.000753659970594411,
      0.999999484690209,
      0.00068015877961594,
      2.17320747923175e-05
    ],
    [
      -0.827894584514883,
      0.000242461176503687,
      0.560883676125012,
      0.289089427100676
    ],
    [
      0.0,
      0.0,
      0.0,
      1.0
    ]
  ],
  "T_WH": {
    "0": [
      [
        0.492610261535178,
        0.869414208866047,
        -0.0381321865629153,
        0.00704428367027738
      ],
      [
        -0.675619204748951,
        0.354452768915357,
        -0.646453343082571,
        -0.0319481050364706
      ],
      [
        -0.548519662732922,
        0.344212387967171,
        0.762000007588779,
        0.255965884962433
      ],
      [
        0.0,
        0.0,
        0.0,
        1.0
      ]
    ],
    "1": [
      [
        -0.361082786821822,
        -0.307388115594057,
        0.880415678786175,
        -0.0378894662865347
      ],
      [
        0.671258845405988,
        -0.741037647996336,
        0.0165760886905909,
        0.0319915691860552
      ],
      [
        0.647325871200284,
        0.596972152318341,
        0.473912930643595,
        0.32221296923892
      ],
      [
        0.0,
        0.0,
        0.0,
        1.0
      ]
    ],
    "2": [
      [
        0.491870595968016,
        -0.869740187504376,
        -0.0401910818705166,
        0.00698119148819036
      ],
      [
        0.676738791706031,
        0.352862098909613,
        0.646152417741638,
        0.0320518619837028
      ],
      [
        -0.547802815456739,
        -0.345022238983165,
        0.762149414475084,
        0.255981402477729
      ],
      [
        0.0,
        0.0,
        0.0,
        1.0
      ]
    ],
    "3": [
      [
        -0.360076633807757,
        0.308784431177677,
        0.880339135133701,
        -0.0378263741044477
      ],
      [
        -0.672013912336938,
        -0.740383055757193,
        -0.015173410072996,
        -0.0320083978341181
      ],
      [
        0.647102866174518,
        -0.597063736806984,
        0.474102072109797,
        0.322197451723623
      ],
      [
        0.0,
        0.0,
        0.0,
        1.0
      ]
    ]
  },
  "T_WP": {
    "0": [
      [
        0.0381321865629154,
        0.869414208866047,
        0.492610261535178,
        0.0415270019777398
      ],
      [
        0.646453343082571,
        0.354452768915357,
        -0.675619204748951,
        -0.0792414493688972
      ],
      [
        -0.762000007588779,
        0.344212387967171,
        -0.548519662732922,
        0.217569508571128
      ],
      [
        0.0,
        0.0,
        0.0,
        1.0
      ]
    ],
    "1": [
      [
        -0.880415678786175,
        -0.307388115594057,
        -0.361082786821822,
        -0.0631652613640623
      ],
      [
        -0.0165760886905909,
        -0.741037647996336,
        0.671258845405988,
        0.0789796883644744
      ],
      [
        -0.473912930643595,
        0.596972152318341,
        0.647325871200284,
        0.367525780222939
      ],
      [
        0.0,
        0.0,
        0.0,
        1.0
      ]
    ],
    "2": [
      [
        0.0401910818705166,
        -0.869740187504376,
        0.491870595968016,
        0.0414121332059515
      ],
      [
        -0.646152417741638,
        0.352862098909613,
        0.676738791706031,
        0.079423577403125
      ],
      [
        -0.762149414475084,
        -0.345022238983165,
        -0.547802815456739,
        0.217635205395757
      ],
      [
        0.0,
        0.0,
        0.0,
        1.0
      ]
    ],
    "3": [
      [
        -0.880339135133701,
        0.308784431177677,
        -0.360076633807757,
        -0.0630317384709907
      ],
      [
        0.015173410072996,
        -0.740383055757193,
        -0.672013912336938,
        -0.0790493716977038
      ],
      [
        -0.474102072109797,
        -0.597063736806984,
        0.647102866174518,
        0.36749465235584
      ],
      [
        0.0,
        0.0,
        0.0,
        1.0
      ]
    ]
  },
  "simTime": 0.384499999999974,
  "state": [
    -0.0154225913081287,
    2.17320747923175e-05,
    0.289089427100676,
    0.883426055620855,
    -0.000123863678325813,
    0.468570321931813,
    0.000492252663546778,
    -0.193703036494654,
    0.000280253819329713,
    1.15024831316808,
    -0.0100250222040123,
    -5.24302045952698,
    0.00438523629074211,
    0.834155604925289,
    0.548935832913854,
    -0.0312621943464146,
    0.0433192026651599,
    0.998371477106653,
    0.0407623366698905,
    -0.0313401091108005,
    0.0247107905582353,
    0.83392048422305,
    -0.549258880736678,
    -0.0315173087430642,
    -0.0435656650893768,
    0.998372222795742,
    -0.0407167244954046,
    -0.0312307232434515,
    -0.0248936743359848,
    1.22296561846005,
    0.356836627451731,
    -5.26666150027026,
    0.263034626685739,
    0.380310061425794,
    -0.461445797147458,
    -1.22605195498339,
    0.360678488713055,
    5.27022100825121,
    -0.266176889344381,
    0.379483298281914,
    0.460422548111902
  ]
}