{
  "T_WB": [
    [
      0.905468627683224,
      -0.00197362325534683,
      0.424408611002068,
      -0.0408624674841928
    ],
    [
      0.00159849511669972,
      0.999997953705794,
      0.00123991837916316,
      4.17873855251097e-05
    ],
    [
      -0.424410189668934,
      -0.000444292101047958,
      0.905469929655153,
      0.356204737827794
    ],
    [
      0.0,
      0.0,
      0.0,
      1.0
    ]
  ],
  "T_WH": {
    "0": [
      [
        0.209519630168141,
        0.889605446397259,
        -0.405837004614585,
        -0.00458056643269274
      ],
      [
        -0.792857849068781,
        -0.0883404151568375,
        -0.602969652818402,
        -0.0318942073283923
      ],
      [
        -0.572256896633175,
        0.448105033212361,
        0.686821609637843,
        0.33924254758827
      ],
      [
        0.0,
        0.0,
        0.0,
        1.0
      ]
    ],
    "1": [
      [
        -0.625499420799679,
        -0.600865094635297,
        0.497706351806145,
        -0.0771443685356929
      ],
      [
        0.713665745090605,
        -0.698423071905303,
        0.0537253842669553,
        0.0319777820994425
      ],
      [
        0.315327891033347,
        0.38880117113928,
        0.865680062411735,
        0.373166928067318
      ],
      [
        0.0,
        0.0,
        0.0,
        1.0
      ]
    ],
    "2": [
      [
        0.206742542643078,
        -0.888852741499027,
        -0.408898917816053,
        -0.00470687832103493
      ],
      [
        0.7928288473767,
        -0.0926930511739307,
        0.602354062849584,
        0.0321056617087785
      ],
      [
        -0.573306148431018,
        -0.448719068230593,
        0.68554449744525,
        0.339214112893803
      ],
      [
        0.0,
        0.0,
        0.0,
        1.0
      ]
    ],
    "3": [
      [
        -0.622978327140579,
        0.603256894094492,
        0.497975023109184,
        -0.0770180566473507
      ],
      [
        -0.715585285675959,
        -0.69663978258458,
        -0.0512904693346159,
        -0.0320220869377283
      ],
      [
        0.315967882603884,
        -0.388296449955412,
        0.865673243270717,
        0.373195362761785
      ],
      [
        0.0,
        0.0,
        0.0,
        1.0
      ]
    ]
  },
  "T_WP": {
    "0": [
      [
        0.405837004614585,
        0.889605446397259,
        0.209519630168141,
        0.0100858076790771
      ],
      [
        0.602969652818402,
        -0.0883404151568375,
        -0.792857849068781,
        -0.087394256763207
      ],
      [
        -0.686821609637843,
        0.448105033212361,
        -0.572256896633175,
        0.299184564823948
      ],
      [
        0.0,
        0.0,
        0.0,
        1.0
      ]
    ],
    "1": [
      [
        -0.497706351806145,
        -0.600865094635297,
        -0.625499420799679,
        -0.12092932799167
      ],
      [
        -0.0537253842669552,
        -0.698423071905303,
        0.713665745090605,
        0.0819343842557849
      ],
      [
        -0.865680062411735,
        0.38880117113928,
        0.315327891033347,
        0.395239880439652
      ],
      [
        0.0,
        0.0,
        0.0,
        1.0
      ]
    ],
    "2": [
      [
        0.408898917816053,
        -0.888852741499027,
        0.206742542643078,
        0.00976509966398051
      ],
      [
        -0.602354062849584,
        -0.0926930511739307,
        0.7928288473767,
        0.0876036810251475
      ],
      [
        -0.68554449744525,
        -0.448719068230593,
        -0.573306148431018,
        0.299082682503632
      ],
      [
        0.0,
        0.0,
        0.0,
        1.0
      ]
    ],
    "3": [
      [
        -0.497975023109184,
        0.603256894094492,
        -0.622978327140579,
        -0.120626539547191
      ],
      [
        0.0512904693346159,
        -0.69663978258458,
        -0.715585285675959,
        -0.0821130569350454
      ],
      [
        -0.865673243270717,
        -0.388296449955412,
        0.315967882603884,
        0.395313114544056
      ],
      [
        0.0,
        0.0,
        0.0,
        1.0
      ]
    ]
  },
  "simTime": 0.495999999999962,
  "state": [
    -0.0408624674841928,
    4.17873855251097e-05,
    0.356204737827794,
    0.976081004712746,
    -0.000431370570700423,
    0.217404804665983,
    0.0009149134023712,
    -0.262604628622004,
    5.81679998534084e-05,
    0.049173467885533,
    -0.0112482832910245,
    -4.32710360538934,
    0.00168222419073608,
    0.819420194930979,
    0.511290235860133,
    0.118862583347507,
    -0.230227116416211,
    0.998772723460473,
    0.0480896820841303,
    -0.0107243458993791,
    -0.00504160226783836,
    0.819168538537682,
    -0.511736127500437,
    0.118965742173438,
    0.230078668002965,
    0.998768059488186,
    -0.0482212534692442,
    -0.0106545498060071,
    0.00485331108509403,
    -1.94239198965758,
    -1.4371017550989,
    -5.42651555432088,
    -0.0211041891204493,
    0.281376520725105,
    -0.608815518527701,
    1.9416024520874,
    -1.43726082971594,
    5.43172099987035,
    0.018019116741525,
    0.28074892678659,
    0.609695114106369
  ]
}