{
  "T_WB": [
    [
      -2.22044604925031e-16,
      5.76298286884103e-20,
      1.0,
      -2.50593025717277e-36
    ],
    [
      -7.90283423321102e-19,
      1.0,
      -5.76298286884103e-20,
      5.28651618296481e-21
    ],
    [
      -1.0,
      -7.90283423321102e-19,
      -2.22044604925031e-16,
      0.385218650300001
    ],
    [
      0.0,
      0.0,
      0.0,
      1.0
    ]
  ],
  "T_WH": {
    "0": [
      [
        -1.57121065189109e-16,
        -1.53727665084646e-16,
        1.0,
        -8.88362835151928e-18
      ],
      [
        -0.707106779455507,
        0.707106782917588,
        -2.39949568705332e-18,
        -0.032
      ],
      [
        -0.707106782917588,
        -0.707106779455507,
        -2.19803245105674e-16,
        0.345218650300001
      ],
      [
        0.0,
        0.0,
        0.0,
        1.0
      ]
    ],
    "1": [
      [
        1.57121065189109e-16,
        1.53733798979761e-16,
        1.0,
        8.88362835151928e-18
      ],
      [
        0.707106779455507,
        -0.707106782917588,
        -2.3951583682117e-18,
        0.032
      ],
      [
        0.707106782917588,
        0.707106779455507,
        -2.19807582424494e-16,
        0.425218650300001
      ],
      [
        0.0,
        0.0,
        0.0,
        1.0
      ]
    ],
    "2": [
      [
        -1.57055811897728e-16,
        1.5490097498811e-16,
        1.0,
        -8.87994004248322e-18
      ],
      [
        0.707106779455507,
        0.707106782917588,
        1.52369925113216e-18,
        0.032
      ],
      [
        -0.707106782917588,
        0.707106779455507,
        -2.20586759447873e-16,
        0.345218650300001
      ],
      [
        0.0,
        0.0,
        0.0,
        1.0
      ]
    ],
    "3": [
      [
        1.57055811897728e-16,
        -1.5380189769616e-16,
        1.0,
        8.87994004248322e-18
      ],
      [
        -0.707106779455507,
        -0.707106782917588,
        2.30086425922086e-18,
        -0.032
      ],
      [
        0.707106782917588,
        -0.707106779455507,
        -2.19809594443589e-16,
        0.425218650300001
      ],
      [
        0.0,
        0.0,
        0.0,
        1.0
      ]
    ]
  },
  "T_WP": {
    "0": [
      [
        -1.0,
        -1.53727665084646e-16,
        -9.5888725231741e-17,
        -1.98821029147569e-17
      ],
      [
        -4.08983070187257e-17,
        0.707106782917588,
        -0.707106779455507,
        -0.0814974745618855
      ],
      [
        1.76505442187904e-16,
        -0.707106779455507,
        -0.707106782917588,
        0.29572117549577
      ],
      [
        0.0,
        0.0,
        0.0,
        1.0
      ]
    ],
    "1": [
      [
        -1.0,
        1.53733798979761e-16,
        2.18353405146476e-16,
        1.98821029147569e-17
      ],
      [
        4.56929610739907e-17,
        -0.707106782917588,
        0.707106779455507,
        0.0814974745618855
      ],
      [
        2.63105385342265e-16,
        0.707106779455507,
        0.707106782917588,
        0.474716125104232
      ],
      [
        0.0,
        0.0,
        0.0,
        1.0
      ]
    ],
    "2": [
      [
        -1.0,
        1.5490097498811e-16,
        -9.58234719403603e-17,
        -1.98738468753242e-17
      ],
      [
        4.17741034546469e-17,
        0.707106782917588,
        0.707106779455507,
        0.0814974745618855
      ],
      [
        1.77288956530103e-16,
        0.707106779455507,
        -0.707106782917588,
        0.29572117549577
      ],
      [
        0.0,
        0.0,
        0.0,
        1.0
      ]
    ],
    "3": [
      [
        -1.0,
        -1.5380189769616e-16,
        2.18288151855096e-16,
        1.98738468753242e-17
      ],
      [
        -4.55986669649999e-17,
        -0.707106782917588,
        -0.707106779455507,
        -0.0814974745618855
      ],
      [
        2.63107397361359e-16,
        -0.707106779455507,
        0.707106782917588,
        0.474716125104232
      ],
      [
        0.0,
        0.0,
        0.0,
        1.0
      ]
    ]
  },
  "simTime": 0.152999999999999,
  "state": [
    -2.50593025717277e-36,
    5.28651618296481e-21,
    0.385218650300001,
    0.707106781186548,
    -2.59032162512738e-19,
    0.707106781186548,
    -2.99782605176932e-19,
    -6.93023898005864e-35,
    -9.39554490790365e-21,
    -1.50040979999997,
    6.9439643760706e-19,
    -7.33613018827062e-18,
    -1.39872390453185e-17,
    1.0,
    1.62041497829989e-18,
    3.55342468993086e-20,
    -4.70741816232749e-19,
    1.0,
    -1.61734803074232e-18,
    -3.55342468993081e-20,
    4.68068992079407e-19,
    1.0,
    -1.07451046933163e-18,
    4.36580437733861e-20,
    2.76965211892658e-19,
    1.0,
    1.62404911530675e-18,
    -4.36580437733856e-20,
    -4.62089790965275e-19,
    2.12786021969387e-17,
    5.6564947965475e-19,
    -1.47665790878092e-17,
    -2.14055420452728e-17,
    -5.65649479654745e-19,
    1.47333980542488e-17,
    -2.32275369921623e-17,
    5.38447121877892e-19,
    9.43970158069867e-18,
    2.13732229616552e-17,
    -5.38447121877887e-19,
    -1.47541891617131e-17
  ]
}