{
  "T_WB": [
    [
      0.640461155168458,
      -0.0421568887333002,
      0.766832645009726,
      -0.0277683567157737
    ],
    [
      -0.0609463283546316,
      0.992553239928688,
      0.105468530695909,
      0.00152022121018813
    ],
    [
      -0.765568451400901,
      -0.114284131179235,
      0.633122487027773,
      0.322076610206574
    ],
    [
      0.0,
      0.0,
      0.0,
      1.0
    ]
  ],
  "T_WH": {
    "0": [
      [
        0.266325979559909,
        -0.178241432616877,
        0.947259449311612,
        -0.000800890069569783
      ],
      [
        -0.709829069193202,
        0.628581638820198,
        0.317848731107151,
        -0.0326793356017151
      ],
      [
        -0.652083710224206,
        -0.757043667853313,
        0.040886670486062,
        0.295110964348274
      ],
      [
        0.0,
        0.0,
        0.0,
        1.0
      ]
    ],
    "1": [
      [
        -0.592215647567277,
        -0.256084076080192,
        0.764003647082018,
        -0.0547358233619776
      ],
      [
        0.654127766576483,
        -0.706457064655505,
        0.270250403870171,
        0.0357197780220914
      ],
      [
        0.470528948918271,
        0.659802517255339,
        0.585886632765576,
        0.349042256064875
      ],
      [
        0.0,
        0.0,
        0.0,
        1.0
      ]
    ],
    "2": [
      [
        0.185275455495576,
        0.209158434241126,
        0.960169649060367,
        -0.00349893094850099
      ],
      [
        0.499230202245694,
        0.821571474370403,
        -0.275298960525764,
        0.0308440717537209
      ],
      [
        -0.846429093756016,
        0.530351828399453,
        0.047798821708558,
        0.287796779952803
      ],
      [
        0.0,
        0.0,
        0.0,
        1.0
      ]
    ],
    "3": [
      [
        -0.575663087884288,
        0.267649198233274,
        0.772642165515585,
        -0.0520377824830464
      ],
      [
        -0.541694761074897,
        -0.832649686822787,
        -0.11515765219005,
        -0.0278036293333446
      ],
      [
        0.612518403863539,
        -0.484828222898585,
        0.624309858331152,
        0.356356440460346
      ],
      [
        0.0,
        0.0,
        0.0,
        1.0
      ]
    ]
  },
  "T_WP": {
    "0": [
      [
        -0.947259449311612,
        -0.178241432616877,
        0.26632597955991,
        0.0178419284996239
      ],
      [
        -0.317848731107151,
        0.628581638820198,
        -0.709829069193202,
        -0.0823673704452393
      ],
      [
        -0.040886670486062,
        -0.757043667853313,
        -0.652083710224206,
        0.249465104632579
      ],
      [
        0.0,
        0.0,
        0.0,
        1.0
      ]
    ],
    "1": [
      [
        -0.764003647082018,
        -0.256084076080192,
        -0.592215647567277,
        -0.096190918691687
      ],
      [
        -0.270250403870171,
        -0.706457064655505,
        0.654127766576483,
        0.0815087216824452
      ],
      [
        -0.585886632765576,
        0.659802517255339,
        0.470528948918271,
        0.381979282489154
      ],
      [
        0.0,
        0.0,
        0.0,
        1.0
      ]
    ],
    "2": [
      [
        -0.960169649060367,
        0.209158434241126,
        0.185275455495576,
        0.0094703509361893
      ],
      [
        0.275298960525764,
        0.821571474370403,
        0.499230202245694,
        0.0657901859109195
      ],
      [
        -0.047798821708558,
        0.530351828399453,
        -0.846429093756016,
        0.228546743389881
      ],
      [
        0.0,
        0.0,
        0.0,
        1.0
      ]
    ],
    "3": [
      [
        -0.772642165515585,
        0.267649198233274,
        -0.575663087884288,
        -0.0923341986349465
      ],
      [
        0.11515765219005,
        -0.832649686822787,
        -0.541694761074897,
        -0.0657222626085874
      ],
      [
        -0.624309858331152,
        -0.484828222898585,
        0.612518403863539,
        0.399232728730793
      ],
      [
        0.0,
        0.0,
        0.0,
        1.0
      ]
    ]
  }
}