{
  "T_WB": [
    [
      0.904328169365225,
      -0.00099148744562142,
      0.426836712391502,
      -0.00223041973716927
    ],
    [
      0.00150757804025184,
      0.999998484109984,
      -0.000871198132412707,
      -1.47244644492251e-05
    ],
    [
      -0.426835201571981,
      0.0014313386666139,
      0.904328293247883,
      0.483620486727446
    ],
    [
      0.0,
      0.0,
      0.0,
      1.0
    ]
  ],
  "T_WH": {
    "0": [
      [
        0.766177311811009,
        0.526973712888677,
        0.367792105394309,
        0.0362048543728689
      ],
      [
        -0.528805732390877,
        0.842207921520823,
        -0.105120475256366,
        -0.0319396483699094
      ],
      [
        -0.365153151782378,
        -0.113949650512402,
        0.923947321491597,
        -0.0171192109002109
      ],
      [
        0.0,
        0.0,
        0.0,
        1.0
      ]
    ],
    "1": [
      [
        -0.585875399708705,
        -0.674403896773825,
        0.449365552787979,
        -0.0362048543728689
      ],
      [
        0.76010799138255,
        -0.649597120849321,
        0.016106583146591,
        0.0319396483699094
      ],
      [
        0.281044226862162,
        0.35100279856513,
        0.893202764184536,
        0.0171192109002109
      ],
      [
        0.0,
        0.0,
        0.0,
        1.0
      ]
    ],
    "2": [
      [
        0.764941611030654,
        -0.529270518771742,
        0.367065456932301,
        0.0361413991763491
      ],
      [
        0.53182089826309,
        0.84049321801342,
        0.103622790177097,
        0.0320602546131296
      ],
      [
        -0.363360515032203,
        0.115947696969528,
        0.924405358964883,
        -0.0170276052255476
      ],
      [
        0.0,
        0.0,
        0.0,
        1.0
      ]
    ],
    "3": [
      [
        -0.584521803694576,
        0.675552833523603,
        0.449402525720395,
        -0.0361413991763491
      ],
      [
        -0.761920301257012,
        -0.64742684130776,
        -0.017774692309005,
        -0.0320602546131296
      ],
      [
        0.278947513948527,
        -0.352798602991122,
        0.893152523474826,
        0.0170276052255476
      ],
      [
        0.0,
        0.0,
        0.0,
        1.0
      ]
    ]
  },
  "T_WP": {
    "0": [
      [
        -0.367792105394309,
        0.526973712888677,
        0.766177311811009,
        0.0898372661996395
      ],
      [
        0.105120475256366,
        0.842207921520823,
        -0.528805732390877,
        -0.0689560496372708
      ],
      [
        -0.923947321491597,
        -0.113949650512402,
        -0.365153151782378,
        -0.0426799315249773
      ],
      [
        0.0,
        0.0,
        0.0,
        1.0
      ]
    ],
    "1": [
      [
        -0.449365552787979,
        -0.674403896773825,
        -0.585875399708705,
        -0.0772161323524783
      ],
      [
        -0.0161065831465909,
        -0.649597120849321,
        0.76010799138255,
        0.0851472077666879
      ],
      [
        -0.893202764184536,
        0.35100279856513,
        0.281044226862162,
        0.0367923067805622
      ],
      [
        0.0,
        0.0,
        0.0,
        1.0
      ]
    ],
    "2": [
      [
        -0.367065456932301,
        -0.529270518771742,
        0.764941611030654,
        0.0896873119484949
      ],
      [
        -0.103622790177097,
        0.84049321801342,
        0.53182089826309,
        0.0692877174915458
      ],
      [
        -0.924405358964883,
        0.115947696969528,
        -0.363360515032203,
        -0.0424628412778018
      ],
      [
        0.0,
        0.0,
        0.0,
        1.0
      ]
    ],
    "3": [
      [
        -0.449402525720395,
        0.675552833523603,
        -0.584521803694576,
        -0.0770579254349694
      ],
      [
        0.0177746923090049,
        -0.64742684130776,
        -0.761920301257012,
        -0.0853946757011204
      ],
      [
        -0.893152523474826,
        -0.352798602991122,
        0.278947513948527,
        0.0365539312019444
      ],
      [
        0.0,
        0.0,
        0.0,
        1.0
      ]
    ]
  }
}