{
  "T_WB": [
    [
      -2.22044604925031e-16,
      3.9398869059414e-22,
      1.0,
      5.97260137366519e-39
    ],
    [
      -2.08641819307167e-21,
      1.0,
      -3.9398869059414e-22,
      4.34116911303331e-22
    ],
    [
      -1.0,
      -2.08641819307167e-21,
      -2.22044604925031e-16,
      0.496017294575
    ],
    [
      0.0,
      0.0,
      0.0,
      1.0
    ]
  ],
  "T_WH": {
    "0": [
      [
        -1.57012469192728e-16,
        -1.56698350347548e-16,
        1.0,
        -8.88179680463935e-18
      ],
      [
        -0.707106779455507,
        0.707106782917588,
        -2.22115022479247e-19,
        -0.032
      ],
      [
        -0.707106782917588,
        -0.707106779455507,
        -2.21827047829062e-16,
        0.456017294575
      ],
      [
        0.0,
        0.0,
        0.0,
        1.0
      ]
    ],
    "1": [
      [
        1.57012469192728e-16,
        1.5671314595942e-16,
        1.0,
        8.88179680463935e-18
      ],
      [
        0.707106779455507,
        -0.707106782917588,
        -2.11652944966803e-19,
        0.032
      ],
      [
        0.707106782917588,
        0.707106779455507,
        -2.21837509906523e-16,
        0.536017294575
      ],
      [
        0.0,
        0.0,
        0.0,
        1.0
      ]
    ],
    "2": [
      [
        -1.5701233599619e-16,
        1.56803444560277e-16,
        1.0,
        -8.88177158936315e-18
      ],
      [
        0.707106779455507,
        0.707106782917588,
        1.47708007638141e-19,
        0.032
      ],
      [
        -0.707106782917588,
        0.707106779455507,
        -2.21901266475188e-16,
        0.456017294575
      ],
      [
        0.0,
        0.0,
        0.0,
        1.0
      ]
    ],
    "3": [
      [
        1.5701233599619e-16,
        -1.56697722478792e-16,
        1.0,
        8.88177158936315e-18
      ],
      [
        -0.707106779455507,
        -0.707106782917588,
        2.22464808560208e-19,
        -0.032
      ],
      [
        0.707106782917588,
        -0.707106779455507,
        -2.21826509674632e-16,
        0.536017294575
      ],
      [
        0.0,
        0.0,
        0.0,
        1.0
      ]
    ]
  },
  "T_WP": {
    "0": [
      [
        -1.0,
        -1.56698350347548e-16,
        -9.57801292353599e-17,
        -1.98726696481303e-17
      ],
      [
        -4.30756876832998e-17,
        0.707106782917588,
        -0.707106779455507,
        -0.0814974745618855
      ],
      [
        1.78529244911291e-16,
        -0.707106779455507,
        -0.707106782917588,
        0.406519819770768
      ],
      [
        0.0,
        0.0,
        0.0,
        1.0
      ]
    ],
    "1": [
      [
        -1.0,
        1.5671314595942e-16,
        2.18244809150095e-16,
        1.98726696481303e-17
      ],
      [
        4.35094556507458e-17,
        -0.707106782917588,
        0.707106779455507,
        0.0814974745618855
      ],
      [
        2.65135312824293e-16,
        0.707106779455507,
        0.707106782917588,
        0.585514769379231
      ],
      [
        0.0,
        0.0,
        0.0,
        1.0
      ]
    ],
    "2": [
      [
        -1.0,
        1.56803444560277e-16,
        -9.57799960388219e-17,
        -1.98726351090964e-17
      ],
      [
        4.31500946981409e-17,
        0.707106782917588,
        0.707106779455507,
        0.0814974745618855
      ],
      [
        1.78603463557418e-16,
        0.707106779455507,
        -0.707106782917588,
        0.406519819770768
      ],
      [
        0.0,
        0.0,
        0.0,
        1.0
      ]
    ],
    "3": [
      [
        -1.0,
        -1.56697722478792e-16,
        2.18244675953557e-16,
        1.98726351090964e-17
      ],
      [
        -4.35202675143392e-17,
        -0.707106782917588,
        -0.707106779455507,
        -0.0814974745618855
      ],
      [
        2.65124312592403e-16,
        -0.707106779455507,
        0.707106782917588,
        0.585514769379231
      ],
      [
        0.0,
        0.0,
        0.0,
        1.0
      ]
    ]
  },
  "simTime": 0.0284999999999999,
  "state": [
    5.97260137366519e-39,
    4.34116911303331e-22,
    0.496017294575,
    0.707106781186548,
    -5.98364188941016e-22,
    0.707106781186548,
    -8.76956263770941e-22,
    2.42330704303241e-35,
    3.53453121602851e-20,
    -0.2794881,
    4.38020108843148e-20,
    -5.91367973049284e-19,
    6.31054475694692e-19,
    1.0,
    1.55308272193166e-19,
    1.47217395388177e-21,
    -4.0037623642708e-21,
    1.0,
    -1.47910466256928e-19,
    -1.47217395388172e-21,
    4.12019394281251e-21,
    1.0,
    -1.0303975790413e-19,
    1.68416775905866e-21,
    3.29376375275992e-21,
    1.0,
    1.5590079864653e-19,
    -1.68416775905861e-21,
    -3.80996711291816e-21,
    1.80411382617538e-17,
    2.62340757181329e-19,
    -8.7374413790967e-19,
    -1.58562158358327e-17,
    -2.62340757181322e-19,
    8.73707055824448e-19,
    -8.60696768268484e-18,
    3.05970972806464e-19,
    6.78466088358258e-19,
    1.80802265692661e-17,
    -3.05970972806458e-19,
    -8.34393874100478e-19
  ]
}