{
  "T_WB": [
    [
      -0.895896641987469,
      0.0727910387870418,
      0.43825868108673,
      -0.208027897048314
    ],
    [
      0.0594786692897125,
      0.997257246089347,
      -0.0440485303025664,
      -0.000577123992692484
    ],
    [
      -0.440262983653068,
      -0.0133958872268493,
      -0.897768932092387,
      0.192618854432719
    ],
    [
      0.0,
      0.0,
      0.0,
      1.0
    ]
  ],
  "T_WH": {
    "0": [
      [
        -0.809034868365903,
        -0.559710262180587,
        -0.179407369352279,
        -0.246193075968999
      ],
      [
        -0.584340159182571,
        0.798823430792769,
        0.142925521804043,
        -0.0301102090959631
      ],
      [
        0.0633179290142549,
        0.220466661484699,
        -0.973337192877749,
        0.175437003477855
      ],
      [
        0.0,
        0.0,
        0.0,
        1.0
      ]
    ],
    "1": [
      [
        0.58373700016074,
        0.511573947722423,
        0.63051027799318,
        -0.16986271812763
      ],
      [
        0.764684907523286,
        -0.607445212829167,
        -0.215098362655395,
        0.0289559611105781
      ],
      [
        0.272961731474295,
        0.607702566575643,
        -0.745781123204343,
        0.209800705387582
      ],
      [
        0.0,
        0.0,
        0.0,
        1.0
      ]
    ],
    "2": [
      [
        -0.715892813375497,
        0.667689279686182,
        -0.204177632343661,
        -0.241534449486628
      ],
      [
        0.696681533225463,
        0.702440320395204,
        -0.145644902230398,
        0.0337142546537551
      ],
      [
        0.0461770616208363,
        -0.246512924763045,
        -0.968038768286082,
        0.174579666695337
      ],
      [
        0.0,
        0.0,
        0.0,
        1.0
      ]
    ],
    "3": [
      [
        0.457760051318268,
        -0.593459073220002,
        0.66201364323551,
        -0.174521344610001
      ],
      [
        -0.838614322585858,
        -0.535500390548865,
        0.099826598038174,
        -0.0348685026391401
      ],
      [
        0.295265564146852,
        -0.600870751605426,
        -0.742813964929424,
        0.2106580421701
      ],
      [
        0.0,
        0.0,
        0.0,
        1.0
      ]
    ]
  },
  "T_WP": {
    "0": [
      [
        0.179407369352279,
        -0.559710262180587,
        -0.809034868365903,
        -0.302825516754612
      ],
      [
        -0.142925521804043,
        0.798823430792769,
        -0.584340159182571,
        -0.0710140202387431
      ],
      [
        0.973337192877749,
        0.220466661484699,
        0.0633179290142548,
        0.179869258508853
      ],
      [
        0.0,
        0.0,
        0.0,
        1.0
      ]
    ],
    "1": [
      [
        -0.63051027799318,
        0.511573947722423,
        0.58373700016074,
        -0.129001128116379
      ],
      [
        0.215098362655395,
        -0.607445212829167,
        0.764684907523286,
        0.0824839046372081
      ],
      [
        0.745781123204343,
        0.607702566575643,
        0.272961731474295,
        0.228908026590783
      ],
      [
        0.0,
        0.0,
        0.0,
        1.0
      ]
    ],
    "2": [
      [
        0.204177632343661,
        0.667689279686182,
        -0.715892813375497,
        -0.291646946422913
      ],
      [
        0.145644902230398,
        0.702440320395204,
        0.696681533225463,
        0.0824819619795375
      ],
      [
        0.968038768286082,
        -0.246512924763045,
        0.0461770616208362,
        0.177812061008795
      ],
      [
        0.0,
        0.0,
        0.0,
        1.0
      ]
    ],
    "3": [
      [
        -0.66201364323551,
        -0.593459073220002,
        0.457760051318268,
        -0.142478141017722
      ],
      [
        -0.099826598038174,
        -0.535500390548865,
        -0.838614322585858,
        -0.0935715052201502
      ],
      [
        0.742813964929424,
        -0.600870751605426,
        0.295265564146852,
        0.23132663166038
      ],
      [
        0.0,
        0.0,
        0.0,
        1.0
      ]
    ]
  },
  "simTime": 0.96649999999991,
  "state": [
    -0.208027897048314,
    -0.000577123992692484,
    0.192618854432719,
    0.225605669260267,
    0.0339670576278328,
    0.973514614704012,
    -0.0147518118017368,
    -0.464381838299983,
    -0.00315970821406545,
    -0.224738614772516,
    0.468150927292217,
    12.9306169665811,
    -0.251055568480632,
    0.943846274173078,
    -0.265366858486269,
    0.187418602153526,
    0.0600741934073712,
    0.986309985600118,
    -0.147793503216952,
    0.0220643226671612,
    -0.0697341980494195,
    0.943023193130923,
    0.268184659568502,
    0.187277897100889,
    -0.0609199051768289,
    0.985310952550829,
    0.151826092189751,
    0.0253610351291992,
    0.0739458072573636,
    0.333496608019517,
    -1.98537501069751,
    2.8040584907518,
    -1.04584427544082,
    -0.654504809098055,
    1.21083059493655,
    -0.287792600844411,
    -1.97348563887033,
    -2.83250500569556,
    1.05710431919873,
    -0.667536270250935,
    -1.27748105799088
  ]
}