{
  "T_WB": [
    [
      0.975553457560827,
      -0.00135489528345482,
      0.219758084492667,
      -0.00210528368355234
    ],
    [
      0.00166776525955722,
      0.999997842722534,
      -0.001238187916587,
      -1.21100589940136e-05
    ],
    [
      -0.219755932798535,
      0.0015744234019602,
      0.975553612668621,
      0.391769476920917
    ],
    [
      0.0,
      0.0,
      0.0,
      1.0
    ]
  ],
  "T_WH": {
    "0": [
      [
        0.802271778662939,
        0.586262383369199,
        0.112500715585594,
        0.0369602112679513
      ],
      [
        -0.566056955307809,
        0.80695870520074,
        -0.16851460307166,
        -0.0319453304157328
      ],
      [
        -0.189577204612413,
        0.0715126978026486,
        0.979258095470408,
        0.382928858060113
      ],
      [
        0.0,
        0.0,
        0.0,
        1.0
      ]
    ],
    "1": [
      [
        -0.629183997445819,
        -0.745008317415808,
        0.221562867690787,
        -0.041170778635056
      ],
      [
        0.763675587648232,
        -0.645596513369502,
        -0.00217686822549293,
        0.0319211102977448
      ],
      [
        0.14466199980723,
        0.16783250253276,
        0.975143659624244,
        0.400610095781721
      ],
      [
        0.0,
        0.0,
        0.0,
        1.0
      ]
    ],
    "2": [
      [
        0.800336693613614,
        -0.589070067823913,
        0.111613762814264,
        0.0368734979698102
      ],
      [
        0.569432852853859,
        0.805106189850414,
        0.165982677274661,
        0.0320545315185094
      ],
      [
        -0.187636358274039,
        -0.0692854837500575,
        0.979791875244522,
        0.383029621157838
      ],
      [
        0.0,
        0.0,
        0.0,
        1.0
      ]
    ],
    "3": [
      [
        -0.627270982530816,
        0.746602817511181,
        0.221619826187076,
        -0.0410840653369149
      ],
      [
        -0.765690326057847,
        -0.643209308675459,
        -0.000331382960599908,
        -0.0320787516364974
      ],
      [
        0.142300523738506,
        -0.169900023889355,
        0.975133089801666,
        0.400509332683996
      ],
      [
        0.0,
        0.0,
        0.0,
        1.0
      ]
    ]
  },
  "T_WP": {
    "0": [
      [
        -0.112500715585594,
        0.586262383369199,
        0.802271778662939,
        0.093119235774357
      ],
      [
        0.16851460307166,
        0.80695870520074,
        -0.566056955307809,
        -0.0715693172872795
      ],
      [
        -0.979258095470408,
        0.0715126978026486,
        -0.189577204612413,
        0.369658453737244
      ],
      [
        0.0,
        0.0,
        0.0,
        1.0
      ]
    ],
    "1": [
      [
        -0.221562867690787,
        -0.745008317415808,
        -0.629183997445819,
        -0.0852136584562633
      ],
      [
        0.00217686822549297,
        -0.645596513369502,
        0.763675587648232,
        0.085378401433121
      ],
      [
        -0.975143659624244,
        0.16783250253276,
        0.144661999807231,
        0.410736435768227
      ],
      [
        0.0,
        0.0,
        0.0,
        1.0
      ]
    ],
    "2": [
      [
        -0.111613762814264,
        -0.589070067823913,
        0.800336693613614,
        0.0928970665227631
      ],
      [
        -0.165982677274661,
        0.805106189850414,
        0.569432852853859,
        0.0719148312182795
      ],
      [
        -0.979791875244522,
        -0.0692854837500575,
        -0.187636358274039,
        0.369895076078655
      ],
      [
        0.0,
        0.0,
        0.0,
        1.0
      ]
    ],
    "3": [
      [
        -0.221619826187076,
        0.746602817511181,
        -0.627270982530816,
        -0.084993034114072
      ],
      [
        0.000331382960599861,
        -0.643209308675459,
        -0.765690326057847,
        -0.0856770744605467
      ],
      [
        -0.975133089801666,
        -0.169900023889355,
        0.142300523738506,
        0.410470369345691
      ],
      [
        0.0,
        0.0,
        0.0,
        1.0
      ]
    ]
  }
}