{
  "T_WB": [
    [
      -2.22044604925031e-16,
      1.09257998922649e-19,
      1.0,
      -8.64005325342117e-36
    ],
    [
      -2.20663009247982e-18,
      1.0,
      -1.09257998922649e-19,
      4.08360598566232e-21
    ],
    [
      -1.0,
      -2.20663009247982e-18,
      -2.22044604925031e-16,
      0.229215257500003
    ],
    [
      0.0,
      0.0,
      0.0,
      1.0
    ]
  ],
  "T_WH": {
    "0": [
      [
        -1.57191872752182e-16,
        -1.52240727686259e-16,
        1.0,
        -8.88528045296678e-18
      ],
      [
        -0.707106779455507,
        0.707106782917588,
        -3.50098771511203e-18,
        -0.032
      ],
      [
        -0.707106782917588,
        -0.707106779455507,
        -2.1880189009878e-16,
        0.189215257500003
      ],
      [
        0.0,
        0.0,
        0.0,
        1.0
      ]
    ],
    "1": [
      [
        1.57191872752182e-16,
        1.52239290779331e-16,
        1.0,
        8.88528045296678e-18
      ],
      [
        0.707106779455507,
        -0.707106782917588,
        -3.50200376174756e-18,
        0.032
      ],
      [
        0.707106782917588,
        0.707106779455507,
        -2.1880087405215e-16,
        0.269215257500003
      ],
      [
        0.0,
        0.0,
        0.0,
        1.0
      ]
    ],
    "2": [
      [
        -1.57045680416088e-16,
        1.53240723269723e-16,
        1.0,
        -8.87828794103573e-18
      ],
      [
        0.707106779455507,
        0.707106782917588,
        2.69051046320079e-18,
        0.032
      ],
      [
        -0.707106782917588,
        0.707106779455507,
        -2.1940562016281e-16,
        0.189215257500003
      ],
      [
        0.0,
        0.0,
        0.0,
        1.0
      ]
    ],
    "3": [
      [
        1.57045680416088e-16,
        -1.52381346312736e-16,
        1.0,
        8.87828794103573e-18
      ],
      [
        -0.707106779455507,
        -0.707106782917588,
        3.29818173856982e-18,
        -0.032
      ],
      [
        0.707106782917588,
        -0.707106779455507,
        -2.18797948890417e-16,
        0.269215257500003
      ],
      [
        0.0,
        0.0,
        0.0,
        1.0
      ]
    ]
  },
  "T_WP": {
    "0": [
      [
        -1.0,
        -1.52240727686259e-16,
        -9.59595327948145e-17,
        -1.98887115456195e-17
      ],
      [
        -3.9796814990667e-17,
        0.707106782917588,
        -0.707106779455507,
        -0.0814974745618855
      ],
      [
        1.7550408718101e-16,
        -0.707106779455507,
        -0.707106782917588,
        0.139717782695772
      ],
      [
        0.0,
        0.0,
        0.0,
        1.0
      ]
    ],
    "1": [
      [
        -1.0,
        1.52239290779331e-16,
        2.1842421270955e-16,
        1.98887115456195e-17
      ],
      [
        4.67998064675266e-17,
        -0.707106782917588,
        0.707106779455507,
        0.0814974745618855
      ],
      [
        2.6209867696992e-16,
        0.707106779455507,
        0.707106782917588,
        0.318712732304234
      ],
      [
        0.0,
        0.0,
        0.0,
        1.0
      ]
    ],
    "2": [
      [
        -1.0,
        1.53240723269723e-16,
        -9.58133404587206e-17,
        -1.98714855701619e-17
      ],
      [
        4.06072922425782e-17,
        0.707106782917588,
        0.707106779455507,
        0.0814974745618855
      ],
      [
        1.7610781724504e-16,
        0.707106779455507,
        -0.707106782917588,
        0.139717782695772
      ],
      [
        0.0,
        0.0,
        0.0,
        1.0
      ]
    ],
    "3": [
      [
        -1.0,
        -1.52381346312736e-16,
        2.18278020373456e-16,
        1.98714855701619e-17
      ],
      [
        -4.65959844443488e-17,
        -0.707106782917588,
        -0.707106779455507,
        -0.0814974745618855
      ],
      [
        2.62095751808187e-16,
        -0.707106779455507,
        0.707106782917588,
        0.318712732304234
      ],
      [
        0.0,
        0.0,
        0.0,
        1.0
      ]
    ]
  },
  "simTime": 0.23499999999999,
  "state": [
    -8.64005325342117e-36,
    4.08360598566232e-21,
    0.229215257500003,
    0.707106781186548,
    -7.41533015012852e-19,
    0.707106781186548,
    -8.18790086949929e-19,
    -7.70026108366872e-35,
    -1.99706901627057e-20,
    -2.30455100000001,
    5.47373477594379e-19,
    -1.12677228050318e-17,
    -2.04410508463508e-17,
    1.0,
    2.34563036281187e-18,
    5.26847138442978e-20,
    -1.24432213829653e-18,
    1.0,
    -2.3463488162761e-18,
    -5.26847138442973e-20,
    1.24082883763036e-18,
    1.0,
    -1.92288964320622e-18,
    5.68456175453094e-20,
    8.43011880596324e-19,
    1.0,
    2.35257812170004e-18,
    -5.68456175453087e-20,
    -1.23861381592719e-18,
    1.35058420987971e-17,
    2.25568394567286e-19,
    -2.24755983254396e-17,
    -1.36186449506245e-17,
    -2.25568394567284e-19,
    2.24731233463367e-17,
    -1.75856332288382e-17,
    1.08509604842561e-19,
    1.79586406628169e-17,
    1.36127142418996e-17,
    -1.0850960484256e-19,
    -2.25963443199046e-17
  ]
}