{
  "T_WB": [
    [
      -0.0816562856457963,
      0.0787483935462001,
      -0.993544634894893,
      -0.276356826021647
    ],
    [
      -0.104327660922311,
      0.990721707622057,
      0.0870990081052272,
      -0.00332628338804498
    ],
    [
      0.991185144249555,
      0.110766369265802,
      -0.0726830190530132,
      0.148979499093946
    ],
    [
      0.0,
      0.0,
      0.0,
      1.0
    ]
  ],
  "T_WH": {
    "0": [
      [
        0.211006530486451,
        0.23541508140129,
        -0.948712803508467,
        -0.282143026040957
      ],
      [
        -0.444477753092542,
        0.887528953110388,
        0.121374974342259,
        -0.0392024844688433
      ],
      [
        0.870583580765153,
        0.396070823009728,
        0.291911171527438,
        0.185082381047422
      ],
      [
        0.0,
        0.0,
        0.0,
        1.0
      ]
    ],
    "1": [
      [
        0.415238299813908,
        0.31346744450484,
        -0.853999599299239,
        -0.270570626002337
      ],
      [
        0.717151569305273,
        -0.69037161179852,
        0.095292519463482,
        0.0325499176927533
      ],
      [
        -0.55970597728686,
        -0.652016256590524,
        -0.511472404075764,
        0.112876617140469
      ],
      [
        0.0,
        0.0,
        0.0,
        1.0
      ]
    ],
    "2": [
      [
        0.244436081277105,
        0.000123356899466806,
        -0.969665399482197,
        -0.277103128854
      ],
      [
        0.26653990956047,
        0.961470492386415,
        0.0673124719626373,
        0.0242037048189684
      ],
      [
        0.932312972548054,
        -0.274908124749524,
        0.234985199885676,
        0.192171428680434
      ],
      [
        0.0,
        0.0,
        0.0,
        1.0
      ]
    ],
    "3": [
      [
        0.0827473730026923,
        -0.441407215088385,
        -0.89348337574298,
        -0.275610523189293
      ],
      [
        -0.444405633222689,
        -0.818822040245813,
        0.363364967446815,
        -0.0308562715950584
      ],
      [
        -0.891995798992963,
        0.367001548873572,
        -0.263919225717463,
        0.105787569507458
      ],
      [
        0.0,
        0.0,
        0.0,
        1.0
      ]
    ]
  },
  "T_WP": {
    "0": [
      [
        0.948712803508467,
        0.23541508140129,
        0.211006530486451,
        -0.267372568906905
      ],
      [
        -0.121374974342259,
        0.887528953110388,
        -0.444477753092542,
        -0.0703159271853212
      ],
      [
        -0.291911171527438,
        0.396070823009728,
        0.870583580765153,
        0.246023231700983
      ],
      [
        0.0,
        0.0,
        0.0,
        1.0
      ]
    ],
    "1": [
      [
        0.853999599299239,
        0.31346744450484,
        0.415238299813908,
        -0.241503945015363
      ],
      [
        -0.0952925194634819,
        -0.69037161179852,
        0.717151569305273,
        0.0827505275441224
      ],
      [
        0.511472404075764,
        -0.652016256590524,
        -0.55970597728686,
        0.073697198730389
      ],
      [
        0.0,
        0.0,
        0.0,
        1.0
      ]
    ],
    "2": [
      [
        0.969665399482197,
        0.000123356899466806,
        0.244436081277105,
        -0.259992603164603
      ],
      [
        -0.0673124719626373,
        0.961470492386415,
        0.26653990956047,
        0.0428614984882013
      ],
      [
        -0.234985199885676,
        -0.274908124749524,
        0.932312972548054,
        0.257433336758797
      ],
      [
        0.0,
        0.0,
        0.0,
        1.0
      ]
    ],
    "3": [
      [
        0.89348337574298,
        -0.441407215088385,
        0.0827473730026923,
        -0.269818207079105
      ],
      [
        -0.363364967446815,
        -0.818822040245813,
        -0.444405633222689,
        -0.0619646659206466
      ],
      [
        0.263919225717463,
        0.367001548873572,
        -0.891995798992963,
        0.0433478635779505
      ],
      [
        0.0,
        0.0,
        0.0,
        1.0
      ]
    ]
  },
  "simTime": 1.13499999999989,
  "state": [
    -0.276356826021647,
    -0.00332628338804498,
    0.148979499093946,
    -0.677565938290003,
    -0.00873249370397247,
    0.732301340351236,
    0.0675491653736855,
    -0.317552557655768,
    -0.0201640142378583,
    0.430588568323952,
    -1.89272889617616,
    8.86215378680262,
    -2.78453220618128,
    0.956369840215168,
    -0.128313882034914,
    0.132529100087942,
    0.226557529192531,
    0.972909157861092,
    -0.169912845384158,
    0.155398338866807,
    0.0207063227280385,
    0.969644776556765,
    0.0793468879075499,
    0.13270054950797,
    -0.189429783391764,
    0.977863813280197,
    0.175097279609955,
    0.00821877889614217,
    -0.114261791618029,
    1.98245254625014,
    -1.2105477900795,
    1.14057140846428,
    -0.201125462266563,
    -0.513215215019078,
    1.68181715874764,
    -2.22683261775847,
    -1.23723117423877,
    -0.460405982535149,
    -0.534109332640253,
    -0.285023309770956,
    -2.25865415684169
  ]
}