{
  "T_WB": [
    [
      0.472454181658847,
      -0.000773357236531628,
      0.881354893417886,
      -0.0117722681653343
    ],
    [
      0.00059861499619574,
      0.99999966594293,
      0.000556573547946728,
      1.60674884560237e-05
    ],
    [
      -0.881355029425234,
      0.000264636756042313,
      0.472454486775427,
      0.264806108912952
    ],
    [
      0.0,
      0.0,
      0.0,
      1.0
    ]
  ],
  "T_WH": {
    "0": [
      [
        0.519157094998552,
        0.852372520515158,
        0.0627454937290387,
        0.0071506465325886
      ],
      [
        -0.643454265240953,
        0.438118051520568,
        -0.627709472188406,
        -0.0319599772218699
      ],
      [
        -0.562532238414733,
        0.285505970519808,
        0.775914828793504,
        0.229543439359749
      ],
      [
        0.0,
        0.0,
        0.0,
        1.0
      ]
    ],
    "1": [
      [
        -0.287651094410059,
        -0.247049975125804,
        0.925323271983924,
        -0.0306951828632572
      ],
      [
        0.665164923922506,
        -0.746659527774117,
        0.00742789117441728,
        0.031992112198782
      ],
      [
        0.689066376968041,
        0.617629224838392,
        0.379106408225535,
        0.300068778466155
      ],
      [
        0.0,
        0.0,
        0.0,
        1.0
      ]
    ],
    "2": [
      [
        0.518811934730816,
        -0.852710748262254,
        0.060979965389425,
        0.00710115166945058
      ],
      [
        0.64446254846243,
        0.436980352786246,
        0.627468082780406,
        0.0320400013984776
      ],
      [
        -0.561695825167126,
        -0.286238626109118,
        0.776250764194784,
        0.229560376112136
      ],
      [
        0.0,
        0.0,
        0.0,
        1.0
      ]
    ],
    "3": [
      [
        -0.286934772048919,
        0.248226047196439,
        0.925230925813911,
        -0.0306456880001192
      ],
      [
        -0.665720765061392,
        -0.746174635876158,
        -0.00626703607452434,
        -0.0320078664215656
      ],
      [
        0.688828207578138,
        -0.617743670358762,
        0.379352683101589,
        0.300051841713768
      ],
      [
        0.0,
        0.0,
        0.0,
        1.0
      ]
    ]
  },
  "T_WP": {
    "0": [
      [
        -0.0627454937290387,
        0.852372520515158,
        0.519157094998552,
        0.0434916431824872
      ],
      [
        0.627709472188406,
        0.438118051520568,
        -0.643454265240953,
        -0.0770017757887366
      ],
      [
        -0.775914828793504,
        0.285505970519808,
        -0.562532238414733,
        0.190166182670718
      ],
      [
        0.0,
        0.0,
        0.0,
        1.0
      ]
    ],
    "1": [
      [
        -0.925323271983924,
        -0.247049975125804,
        -0.287651094410059,
        -0.0508307594719613
      ],
      [
        -0.00742789117441724,
        -0.746659527774117,
        0.665164923922506,
        0.0785536568733574
      ],
      [
        -0.379106408225535,
        0.617629224838392,
        0.689066376968041,
        0.348303424853918
      ],
      [
        0.0,
        0.0,
        0.0,
        1.0
      ]
    ],
    "2": [
      [
        -0.060979965389425,
        -0.852710748262254,
        0.518811934730816,
        0.0434179871006077
      ],
      [
        -0.627468082780406,
        0.436980352786246,
        0.64446254846243,
        0.0771523797908477
      ],
      [
        -0.776250764194784,
        -0.286238626109118,
        -0.561695825167126,
        0.190241668350437
      ],
      [
        0.0,
        0.0,
        0.0,
        1.0
      ]
    ],
    "3": [
      [
        -0.925230925813911,
        0.248226047196439,
        -0.286934772048919,
        -0.0507311220435435
      ],
      [
        0.0062670360745243,
        -0.746174635876158,
        -0.665720765061392,
        -0.078608319975863
      ],
      [
        -0.379352683101589,
        -0.617743670358762,
        0.688828207578138,
        0.348269816244238
      ],
      [
        0.0,
        0.0,
        0.0,
        1.0
      ]
    ]
  },
  "simTime": 0.364999999999976,
  "state": [
    -0.0117722681653343,
    1.60674884560237e-05,
    0.264806108912952,
    0.85803676121382,
    -8.50595234088302e-05,
    0.513588112573845,
    0.000399741682042419,
    -0.180286902707719,
    0.00029883058699533,
    1.34023155871686,
    -0.00981972680874079,
    -5.3566494092079,
    0.00495069781642025,
    0.839203966719425,
    0.534132721821983,
    -0.0627229913548788,
    0.0806521176220379,
    0.998250008523183,
    0.037899320345166,
    -0.0351740783749376,
    0.0286940100249609,
    0.838973322697294,
    -0.5344217513792,
    -0.0630452371928994,
    -0.0808854345499989,
    0.998251937535999,
    -0.0378259862776935,
    -0.035058496698011,
    -0.0288646111531045,
    1.97590510339271,
    0.618175153651468,
    -4.64743205055337,
    0.318446596579451,
    0.350970915482879,
    -0.401951742227684,
    -1.97910396086337,
    0.621768376272268,
    4.65015232396898,
    -0.321239025653074,
    0.350471379660159,
    0.400450723390264
  ]
}