{
  "T_WB": [
    [
      -2.22044604925031e-16,
      3.46366540983202e-20,
      1.0,
      -4.76882638782678e-37
    ],
    [
      -3.92342937391379e-19,
      1.0,
      -3.46366540983202e-20,
      5.08881010423561e-21
    ],
    [
      -1.0,
      -3.92342937391379e-19,
      -2.22044604925031e-16,
      0.429979650175001
    ],
    [
      0.0,
      0.0,
      0.0,
      1.0
    ]
  ],
  "T_WH": {
    "0": [
      [
        -1.57085129230195e-16,
        -1.5449597420611e-16,
        1.0,
        -8.8828925699324e-18
      ],
      [
        -0.707106779455507,
        0.707106782917588,
        -1.83080853571417e-18,
        -0.032
      ],
      [
        -0.707106782917588,
        -0.707106779455507,
        -2.2032111113388e-16,
        0.389979650175001
      ],
      [
        0.0,
        0.0,
        0.0,
        1.0
      ]
    ],
    "1": [
      [
        1.57085129230195e-16,
        1.54502861458066e-16,
        1.0,
        8.8828925699324e-18
      ],
      [
        0.707106779455507,
        -0.707106782917588,
        -1.82593851314051e-18,
        0.032
      ],
      [
        0.707106782917588,
        0.707106779455507,
        -2.2032598115643e-16,
        0.469979650175001
      ],
      [
        0.0,
        0.0,
        0.0,
        1.0
      ]
    ],
    "2": [
      [
        -1.57051144984268e-16,
        1.55594472498456e-16,
        1.0,
        -8.88067582407011e-18
      ],
      [
        0.707106779455507,
        0.707106782917588,
        1.03002245148355e-18,
        0.032
      ],
      [
        -0.707106782917588,
        0.707106779455507,
        -2.21073836232811e-16,
        0.389979650175001
      ],
      [
        0.0,
        0.0,
        0.0,
        1.0
      ]
    ],
    "3": [
      [
        1.57051144984268e-16,
        -1.54540406814309e-16,
        1.0,
        8.88067582407011e-18
      ],
      [
        -0.707106779455507,
        -0.707106782917588,
        1.77535944638431e-18,
        -0.032
      ],
      [
        0.707106782917588,
        -0.707106779455507,
        -2.2032849924156e-16,
        0.469979650175001
      ],
      [
        0.0,
        0.0,
        0.0,
        1.0
      ]
    ]
  },
  "T_WP": {
    "0": [
      [
        -1.0,
        -1.5449597420611e-16,
        -9.58527892728271e-17,
        -1.9878851616046e-17
      ],
      [
        -4.14669941700649e-17,
        0.707106782917588,
        -0.707106779455507,
        -0.0814974745618855
      ],
      [
        1.7702330821611e-16,
        -0.707106779455507,
        -0.707106782917588,
        0.34048217537077
      ],
      [
        0.0,
        0.0,
        0.0,
        1.0
      ]
    ],
    "1": [
      [
        -1.0,
        1.54502861458066e-16,
        2.18317469187562e-16,
        1.9878851616046e-17
      ],
      [
        4.51237412189195e-17,
        -0.707106782917588,
        0.707106779455507,
        0.0814974745618855
      ],
      [
        2.636237840742e-16,
        0.707106779455507,
        0.707106782917588,
        0.519477124979232
      ],
      [
        0.0,
        0.0,
        0.0,
        1.0
      ]
    ],
    "2": [
      [
        -1.0,
        1.55594472498456e-16,
        -9.58188050269007e-17,
        -1.98742559729689e-17
      ],
      [
        4.22677802542955e-17,
        0.707106782917588,
        0.707106779455507,
        0.0814974745618855
      ],
      [
        1.77776033315041e-16,
        0.707106779455507,
        -0.707106782917588,
        0.34048217537077
      ],
      [
        0.0,
        0.0,
        0.0,
        1.0
      ]
    ],
    "3": [
      [
        -1.0,
        -1.54540406814309e-16,
        2.18283484941636e-16,
        1.98742559729689e-17
      ],
      [
        -4.50731621521633e-17,
        -0.707106782917588,
        -0.707106779455507,
        -0.0814974745618855
      ],
      [
        2.6362630215933e-16,
        -0.707106779455507,
        0.707106782917588,
        0.519477124979232
      ],
      [
        0.0,
        0.0,
        0.0,
        1.0
      ]
    ]
  },
  "simTime": 0.119500000000002,
  "state": [
    -4.76882638782678e-37,
    5.08881010423561e-21,
    0.429979650175001,
    0.707106781186548,
    -1.26468269294779e-19,
    0.707106781186548,
    -1.50960082285314e-19,
    -4.95064765125944e-35,
    2.13259888838618e-20,
    -1.17188869999998,
    6.55931368616049e-19,
    -5.45153279001685e-18,
    -9.76923912055093e-18,
    1.0,
    1.24438973242444e-18,
    2.5695582259294e-20,
    -2.55351901096122e-19,
    1.0,
    -1.2409461064465e-18,
    -2.56955822592936e-20,
    2.53269320927876e-19,
    1.0,
    -7.19632399301865e-19,
    3.31952722266426e-20,
    1.46451048347601e-19,
    1.0,
    1.24666524137518e-18,
    -3.31952722266422e-20,
    -2.47890986632104e-19,
    2.34839749248023e-17,
    6.06117618590811e-19,
    -1.09025886916345e-17,
    -2.34711352094943e-17,
    -6.06117618590805e-19,
    1.08649709998119e-17,
    -1.906408582329e-17,
    7.07044901437935e-19,
    6.25850699125584e-18,
    2.35406938334902e-17,
    -7.07044901437929e-19,
    -1.07764402481122e-17
  ]
}