{
  "T_WB": [
    [
      0.286530764978088,
      -0.000368000527835366,
      0.958070970908045,
      -0.00578487961716885
    ],
    [
      0.000310932048408422,
      0.999999909286635,
      0.000291115068961734,
      5.04777518362088e-06
    ],
    [
      -0.958070991128702,
      0.000214481546098829,
      0.286530853409076,
      0.208604639093199
    ],
    [
      0.0,
      0.0,
      0.0,
      1.0
    ]
  ],
  "T_WH": {
    "0": [
      [
        0.505192896525144,
        0.803192406671758,
        0.315693039462962,
        0.00568812699884539
      ],
      [
        -0.593149592191011,
        0.588866386020215,
        -0.549008142652846,
        -0.0319825120400524
      ],
      [
        -0.626860190620023,
        0.0901018161876838,
        0.773904363688117,
        0.170274936038575
      ],
      [
        0.0,
        0.0,
        0.0,
        1.0
      ]
    ],
    "1": [
      [
        -0.136049226989189,
        -0.131905600328577,
        0.981881622415656,
        -0.0172578862331831
      ],
      [
        0.65696351513918,
        -0.75385277606168,
        -0.0102436224096436,
        0.0319926075904196
      ],
      [
        0.741545377985472,
        0.643666765202349,
        0.189218254305251,
        0.246934342147822
      ],
      [
        0.0,
        0.0,
        0.0,
        1.0
      ]
    ],
    "2": [
      [
        0.505520209790412,
        -0.803429472759601,
        0.314563824675833,
        0.00566457496506393
      ],
      [
        0.59369079227564,
        0.588449247868594,
        0.54887040897648,
        0.0320174821542923
      ],
      [
        -0.626083509334482,
        -0.0907114380004886,
        0.774461667453789,
        0.170288662857526
      ],
      [
        0.0,
        0.0,
        0.0,
        1.0
      ]
    ],
    "3": [
      [
        -0.135821739085021,
        0.132621510786491,
        0.98181667844289,
        -0.0172343341994016
      ],
      [
        -0.657193050427316,
        -0.75364367241517,
        0.0108862068056355,
        -0.032007386603925
      ],
      [
        0.741383672373461,
        -0.643764514325918,
        0.189519129463903,
        0.246920615328871
      ],
      [
        0.0,
        0.0,
        0.0,
        1.0
      ]
    ]
  },
  "T_WP": {
    "0": [
      [
        -0.315693039462962,
        0.803192406671758,
        0.505192896525144,
        0.0410516297556055
      ],
      [
        0.549008142652846,
        0.588866386020215,
        -0.593149592191011,
        -0.0735029834934232
      ],
      [
        -0.773904363688117,
        0.0901018161876838,
        -0.626860190620023,
        0.126394722695174
      ],
      [
        0.0,
        0.0,
        0.0,
        1.0
      ]
    ],
    "1": [
      [
        -0.981881622415656,
        -0.131905600328577,
        -0.136049226989189,
        -0.0267813321224263
      ],
      [
        0.0102436224096437,
        -0.75385277606168,
        0.65696351513918,
        0.0779800536501622
      ],
      [
        -0.189218254305251,
        0.643666765202349,
        0.741545377985472,
        0.298842518606805
      ],
      [
        0.0,
        0.0,
        0.0,
        1.0
      ]
    ],
    "2": [
      [
        -0.314563824675833,
        -0.803429472759601,
        0.505520209790412,
        0.0410509896503928
      ],
      [
        -0.54887040897648,
        0.588449247868594,
        0.59369079227564,
        0.0735758376135871
      ],
      [
        -0.774461667453789,
        -0.0907114380004886,
        -0.626083509334482,
        0.126462817204112
      ],
      [
        0.0,
        0.0,
        0.0,
        1.0
      ]
    ],
    "3": [
      [
        -0.98181667844289,
        0.132621510786491,
        -0.135821739085021,
        -0.0267418559353531
      ],
      [
        -0.0108862068056356,
        -0.75364367241517,
        -0.657193050427316,
        -0.0780109001338372
      ],
      [
        -0.189519129463903,
        -0.643764514325918,
        0.741383672373461,
        0.298817472395014
      ],
      [
        0.0,
        0.0,
        0.0,
        1.0
      ]
    ]
  },
  "simTime": 0.32799999999998,
  "state": [
    -0.00578487961716885,
    5.04777518362088e-06,
    0.208604639093199,
    0.802038267116008,
    -2.38871154921528e-05,
    0.597272611731752,
    0.000211627239023492,
    -0.136868102888785,
    0.00027842380711259,
    1.69527982554714,
    -0.00944283809715572,
    -5.53890554544756,
    0.00594506384695732,
    0.864379304488586,
    0.475521199130952,
    -0.108892580752034,
    0.121944302884767,
    0.998157621617736,
    0.0303341420488333,
    -0.0402089202414916,
    0.0338296462529552,
    0.864176830462206,
    -0.475747593250053,
    -0.109286410771724,
    -0.122143823543037,
    0.998160896327274,
    -0.0302257925983232,
    -0.0401029769009294,
    -0.0339555260395036,
    5.91902977410344,
    -0.104811895699014,
    -1.25964626166722,
    0.538563719026663,
    0.0586599076357003,
    -0.141675617671893,
    -5.92338757142707,
    -0.107670519615058,
    1.2599398833272,
    -0.539452646420499,
    0.0608574106784415,
    0.137876741929416
  ]
}