{
  "arms": {
    "0": [
      [
        -0.953721463680267,
        0.108851879835129,
        0.280297368764877,
        0.0117701273411512
      ],
      [
        -0.10520426928997,
        0.752464413642883,
        -0.650176405906677,
        -0.0318424366414547
      ],
      [
        -0.281686723232269,
        -0.649575650691986,
        -0.706189811229706,
        0.0783993005752563
      ],
      [
        0.0,
        0.0,
        0.0,
        1.0
      ]
    ],
    "1": [
      [
        -0.932700753211975,
        0.295034468173981,
        -0.20742230117321,
        -0.0143472095951438
      ],
      [
        -0.0588664710521698,
        -0.691959381103516,
        -0.719532430171967,
        -0.0322316102683544
      ],
      [
        -0.355814695358276,
        -0.658898234367371,
        0.662758648395538,
        0.154015004634857
      ],
      [
        0.0,
        0.0,
        0.0,
        1.0
      ]
    ],
    "2": [
      [
        -0.971516311168671,
        -0.141609564423561,
        -0.190007477998734,
        -0.0143711874261498
      ],
      [
        -0.0491912849247456,
        -0.66383296251297,
        0.746261358261108,
        0.0317675769329071
      ],
      [
        -0.231810972094536,
        0.734351754188538,
        0.637958586215973,
        0.154336109757423
      ],
      [
        0.0,
        0.0,
        0.0,
        1.0
      ]
    ],
    "3": [
      [
        -0.924014091491699,
        -0.286035060882568,
        0.253735840320587,
        0.0117461495101452
      ],
      [
        -0.0279634743928909,
        0.712383389472961,
        0.701233148574829,
        0.0321567542850971
      ],
      [
        -0.381334453821182,
        0.640854001045227,
        -0.666250824928284,
        0.0787204056978226
      ],
      [
        0.0,
        0.0,
        0.0,
        1.0
      ]
    ]
  },
  "arms_in_parent_frame": {
    "0": [
      [
        2.0652823451428e-08,
        -1.77468102435796e-08,
        1.0,
        0.0
      ],
      [
        -5.39167999136225e-09,
        1.0,
        -1.77468102435796e-08,
        7.45058059692383e-09
      ],
      [
        -1.0,
        5.39167999136225e-09,
        -2.0652823451428e-08,
        0.0
      ],
      [
        0.0,
        0.0,
        0.0,
        1.0
      ]
    ],
    "1": [
      [
        1.35726310190876e-08,
        -2.37225421528819e-08,
        0.999999940395355,
        1.49011611938477e-08
      ],
      [
        -1.67401026374137e-09,
        1.0,
        -2.37225421528819e-08,
        -1.49011611938477e-08
      ],
      [
        -1.0,
        1.67401026374137e-09,
        -1.35726310190876e-08,
        3.72529029846191e-09
      ],
      [
        0.0,
        0.0,
        0.0,
        1.0
      ]
    ],
    "2": [
      [
        -6.18821438536088e-10,
        -4.14095069345422e-09,
        1.0,
        0.0
      ],
      [
        -3.02506286686821e-09,
        1.0,
        -4.14095069345422e-09,
        7.45058059692383e-09
      ],
      [
        -1.0,
        3.02506286686821e-09,
        6.18821438536088e-10,
        0.0
      ],
      [
        0.0,
        0.0,
        0.0,
        1.0
      ]
    ],
    "3": [
      [
        -1.64929723212026e-08,
        -8.45905390178814e-09,
        0.999999940395355,
        5.58793544769287e-09
      ],
      [
        3.6636542688484e-09,
        1.0,
        -8.45905390178814e-09,
        0.0
      ],
      [
        -0.999999940395355,
        -3.6636542688484e-09,
        1.64929723212026e-08,
        -3.72529029846191e-09
      ],
      [
        0.0,
        0.0,
        0.0,
        1.0
      ]
    ]
  },
  "arms_link_world": {
    "0": [
      [
        -0.953721463680267,
        0.108851879835129,
        0.280297368764877,
        0.0117701273411512
      ],
      [
        -0.10520426928997,
        0.752464413642883,
        -0.650176405906677,
        -0.0318424366414547
      ],
      [
        -0.281686723232269,
        -0.649575650691986,
        -0.706189811229706,
        0.0783993005752563
      ],
      [
        0.0,
        0.0,
        0.0,
        1.0
      ]
    ],
    "1": [
      [
        -0.932700753211975,
        0.295034468173981,
        -0.20742230117321,
        -0.0143472095951438
      ],
      [
        -0.0588664710521698,
        -0.691959381103516,
        -0.719532430171967,
        -0.0322316102683544
      ],
      [
        -0.355814695358276,
        -0.658898234367371,
        0.662758648395538,
        0.154015004634857
      ],
      [
        0.0,
        0.0,
        0.0,
        1.0
      ]
    ],
    "2": [
      [
        -0.971516311168671,
        -0.141609564423561,
        -0.190007477998734,
        -0.0143711874261498
      ],
      [
        -0.0491912849247456,
        -0.66383296251297,
        0.746261358261108,
        0.0317675769329071
      ],
      [
        -0.231810972094536,
        0.734351754188538,
        0.637958586215973,
        0.154336109757423
      ],
      [
        0.0,
        0.0,
        0.0,
        1.0
      ]
    ],
    "3": [
      [
        -0.924014091491699,
        -0.286035060882568,
        0.253735840320587,
        0.0117461495101452
      ],
      [
        -0.0279634743928909,
        0.712383389472961,
        0.701233148574829,
        0.0321567542850971
      ],
      [
        -0.381334453821182,
        0.640854001045227,
        -0.666250824928284,
        0.0787204056978226
      ],
      [
        0.0,
        0.0,
        0.0,
        1.0
      ]
    ]
  },
  "arms_relative_to_base": {
    "0": [
      [
        -0.0456208921968937,
        0.653173387050629,
        0.755832731723785,
        0.0400000065565109
      ],
      [
        -0.106258936226368,
        0.749154984951019,
        -0.653816342353821,
        -0.0320000015199184
      ],
      [
        -0.993291318416595,
        -0.110141657292843,
        0.0352283753454685,
        0.0
      ],
      [
        0.0,
        0.0,
        0.0,
        1.0
      ]
    ],
    "1": [
      [
        0.031532559543848,
        0.715740859508514,
        -0.697653710842133,
        -0.0400000065565109
      ],
      [
        -0.0603015124797821,
        -0.695367038249969,
        -0.716120421886444,
        -0.0320000015199184
      ],
      [
        -0.99768203496933,
        0.0646506696939468,
        0.0212335474789143,
        3.72529029846191e-09
      ],
      [
        0.0,
        0.0,
        0.0,
        1.0
      ]
    ],
    "2": [
      [
        -0.0983002036809921,
        -0.743566572666168,
        -0.66139680147171,
        -0.0400000065565109
      ],
      [
        -0.0499897487461567,
        -0.660087049007416,
        0.749523937702179,
        0.0320000015199184
      ],
      [
        -0.9939004778862,
        0.106741413474083,
        0.0277159698307514,
        3.72529029846191e-09
      ],
      [
        0.0,
        0.0,
        0.0,
        1.0
      ]
    ],
    "3": [
      [
        0.0586399585008621,
        -0.69564813375473,
        0.715985298156738,
        0.0400000065565109
      ],
      [
        -0.0295301992446184,
        0.71569687128067,
        0.697786450386047,
        0.0320000052452087
      ],
      [
        -0.997842311859131,
        -0.0620613731443882,
        0.0214258264750242,
        0.0
      ],
      [
        0.0,
        0.0,
        0.0,
        1.0
      ]
    ]
  },
  "arms_view_frame": {
    "0": [
      [
        -0.953721404075623,
        0.108851872384548,
        0.280297338962555,
        0.0117701264098287
      ],
      [
        -0.281686723232269,
        -0.649575710296631,
        -0.706189811229706,
        0.0783993005752563
      ],
      [
        0.105204284191132,
        -0.752464413642883,
        0.650176465511322,
        0.0318424329161644
      ],
      [
        0.0,
        0.0,
        0.0,
        1.0
      ]
    ],
    "1": [
      [
        -0.93270069360733,
        0.295034438371658,
        -0.207422286272049,
        -0.0143472086638212
      ],
      [
        -0.355814695358276,
        -0.658898174762726,
        0.662758708000183,
        0.154015004634857
      ],
      [
        0.058866485953331,
        0.691959381103516,
        0.719532430171967,
        0.0322316028177738
      ],
      [
        0.0,
        0.0,
        0.0,
        1.0
      ]
    ],
    "2": [
      [
        -0.971516251564026,
        -0.1416095495224,
        -0.190007463097572,
        -0.0143711864948273
      ],
      [
        -0.231810972094536,
        0.734351754188538,
        0.637958526611328,
        0.154336109757423
      ],
      [
        0.0491912961006165,
        0.663832902908325,
        -0.746261358261108,
        -0.0317675843834877
      ],
      [
        0.0,
        0.0,
        0.0,
        1.0
      ]
    ],
    "3": [
      [
        -0.924014031887054,
        -0.286035031080246,
        0.253735810518265,
        0.0117461485788226
      ],
      [
        -0.381334453821182,
        0.640853941440582,
        -0.666250884532928,
        0.0787204056978226
      ],
      [
        0.0279634911566973,
        -0.712383389472961,
        -0.701233148574829,
        -0.0321567580103874
      ],
      [
        0.0,
        0.0,
        0.0,
        1.0
      ]
    ]
  },
  "arms_visual_world": {
    "0": [
      [
        -0.953721463680267,
        0.108851879835129,
        0.280297368764877,
        0.0117701273411512
      ],
      [
        -0.10520426928997,
        0.752464413642883,
        -0.650176405906677,
        -0.0318424366414547
      ],
      [
        -0.281686723232269,
        -0.649575650691986,
        -0.706189811229706,
        0.0783993005752563
      ],
      [
        0.0,
        0.0,
        0.0,
        1.0
      ]
    ],
    "1": [
      [
        -0.932700753211975,
        0.295034468173981,
        -0.20742230117321,
        -0.0143472095951438
      ],
      [
        -0.0588664710521698,
        -0.691959381103516,
        -0.719532430171967,
        -0.0322316102683544
      ],
      [
        -0.355814695358276,
        -0.658898234367371,
        0.662758648395538,
        0.154015004634857
      ],
      [
        0.0,
        0.0,
        0.0,
        1.0
      ]
    ],
    "2": [
      [
        -0.971516311168671,
        -0.141609564423561,
        -0.190007477998734,
        -0.0143711874261498
      ],
      [
        -0.0491912849247456,
        -0.66383296251297,
        0.746261358261108,
        0.0317675769329071
      ],
      [
        -0.231810972094536,
        0.734351754188538,
        0.637958586215973,
        0.154336109757423
      ],
      [
        0.0,
        0.0,
        0.0,
        1.0
      ]
    ],
    "3": [
      [
        -0.924014091491699,
        -0.286035060882568,
        0.253735840320587,
        0.0117461495101452
      ],
      [
        -0.0279634743928909,
        0.712383389472961,
        0.701233148574829,
        0.0321567542850971
      ],
      [
        -0.381334453821182,
        0.640854001045227,
        -0.666250824928284,
        0.0787204056978226
      ],
      [
        0.0,
        0.0,
        0.0,
        1.0
      ]
    ]
  },
  "base": [
    [
      0.326466709375381,
      -0.000374645635019988,
      0.945208609104156,
      -0.0013005300424993
    ],
    [
      0.00486467219889164,
      0.999987363815308,
      -0.00128385692369193,
      -3.74294140783604e-05
    ],
    [
      -0.945196151733398,
      0.00501726660877466,
      0.326464414596558,
      0.11636770516634
    ],
    [
      0.0,
      0.0,
      0.0,
      1.0
    ]
  ],
  "base_link_world": [
    [
      0.326466709375381,
      -0.000374645635019988,
      0.945208609104156,
      -0.0013005300424993
    ],
    [
      0.00486467219889164,
      0.999987363815308,
      -0.00128385692369193,
      -3.74294140783604e-05
    ],
    [
      -0.945196151733398,
      0.00501726660877466,
      0.326464414596558,
      0.11636770516634
    ],
    [
      0.0,
      0.0,
      0.0,
      1.0
    ]
  ],
  "base_view_frame": [
    [
      0.326466679573059,
      -0.000374645605916157,
      0.945208549499512,
      -0.00130052992608398
    ],
    [
      -0.945196151733398,
      0.00501722283661366,
      0.326464414596558,
      0.11636770516634
    ],
    [
      -0.00486463075503707,
      -0.999987363815308,
      0.00128384260460734,
      3.74243281839881e-05
    ],
    [
      0.0,
      0.0,
      0.0,
      1.0
    ]
  ],
  "base_visual_world": [
    [
      -0.000372602429706603,
      -0.326466679573059,
      0.945208609104156,
      -0.0013005300424993
    ],
    [
      0.999987363815308,
      -0.00485841324552894,
      -0.00128385692369193,
      -3.74294140783604e-05
    ],
    [
      0.0050113508477807,
      0.945196151733398,
      0.326464414596558,
      0.11636770516634
    ],
    [
      0.0,
      0.0,
      0.0,
      1.0
    ]
  ],
  "view_adjust": [
    [
      0.999999940395355,
      0.0,
      0.0,
      0.0
    ],
    [
      0.0,
      -4.37113882867379e-08,
      1.0,
      0.0
    ],
    [
      0.0,
      -1.0,
      -4.37113882867379e-08,
      0.0
    ],
    [
      0.0,
      0.0,
      0.0,
      1.0
    ]
  ]
}