{
  "T_WB": [
    [
      0.999934640691072,
      -0.00235025654207072,
      0.0111888623283287,
      -0.0743634736101113
    ],
    [
      0.00233110248095547,
      0.999995795814132,
      0.00172462033054541,
      3.30385709508426e-05
    ],
    [
      -0.0111928685884863,
      -0.00169842522581981,
      0.999935915468843,
      0.296472351508849
    ],
    [
      0.0,
      0.0,
      0.0,
      1.0
    ]
  ],
  "T_WH": {
    "0": [
      [
        -0.0868850978029085,
        0.923252944416061,
        -0.374239202124594,
        -0.0342908797731222
      ],
      [
        -0.812405511677403,
        -0.283085751922921,
        -0.509764398182543,
        -0.0318735827958632
      ],
      [
        -0.576583267512989,
        0.259743060899243,
        0.774651713958432,
        0.296078986372536
      ],
      [
        0.0,
        0.0,
        0.0,
        1.0
      ]
    ],
    "1": [
      [
        -0.652548151600758,
        -0.755176337438671,
        0.0623667316375324,
        -0.1144360674471
      ],
      [
        0.75773846341665,
        -0.649930021474755,
        0.058509727779216,
        0.0319396599377648
      ],
      [
        -0.00365115069635032,
        0.0854380861123334,
        0.996336791722585,
        0.296865716645163
      ],
      [
        0.0,
        0.0,
        0.0,
        1.0
      ]
    ],
    "2": [
      [
        -0.0905763627599568,
        -0.921731603110754,
        -0.377103134879645,
        -0.0344412961918147
      ],
      [
        0.809546778550924,
        -0.288684650728938,
        0.511170407761769,
        0.0321261481362413
      ],
      [
        -0.580025806190551,
        -0.258982671737687,
        0.772332855634545,
        0.295970287158084
      ],
      [
        0.0,
        0.0,
        0.0,
        1.0
      ]
    ],
    "3": [
      [
        -0.649120282107618,
        0.758076156576317,
        0.0629555413526523,
        -0.114285651028408
      ],
      [
        -0.76068486629028,
        -0.646764181022723,
        -0.0552686922492799,
        -0.0320600709943396
      ],
      [
        -0.00118048865554309,
        -0.0837653566606462,
        0.996484807445677,
        0.296974415859615
      ],
      [
        0.0,
        0.0,
        0.0,
        1.0
      ]
    ]
  },
  "T_WP": {
    "0": [
      [
        0.374239202124594,
        0.923252944416061,
        -0.0868850978029085,
        -0.0403728366193258
      ],
      [
        0.509764398182543,
        -0.283085751922921,
        -0.812405511677403,
        -0.0887419686132814
      ],
      [
        -0.774651713958432,
        0.259743060899243,
        -0.576583267512989,
        0.255718157646627
      ],
      [
        0.0,
        0.0,
        0.0,
        1.0
      ]
    ],
    "1": [
      [
        -0.0623667316375324,
        -0.755176337438671,
        -0.652548151600758,
        -0.160114438059154
      ],
      [
        -0.058509727779216,
        -0.649930021474755,
        0.75773846341665,
        0.0849813523769304
      ],
      [
        -0.996336791722585,
        0.0854380861123334,
        -0.00365115069635026,
        0.296610136096418
      ],
      [
        0.0,
        0.0,
        0.0,
        1.0
      ]
    ],
    "2": [
      [
        0.377103134879645,
        -0.921731603110754,
        -0.0905763627599568,
        -0.0407816415850117
      ],
      [
        -0.511170407761769,
        -0.288684650728938,
        0.809546778550924,
        0.0887944226348059
      ],
      [
        -0.772332855634545,
        -0.258982671737687,
        -0.580025806190551,
        0.255368480724745
      ],
      [
        0.0,
        0.0,
        0.0,
        1.0
      ]
    ],
    "3": [
      [
        -0.0629555413526523,
        0.758076156576317,
        -0.649120282107618,
        -0.159724070775941
      ],
      [
        0.0552686922492799,
        -0.646764181022723,
        -0.76068486629028,
        -0.0853080116346592
      ],
      [
        -0.996484807445677,
        -0.0837653566606462,
        -0.00118048865554303,
        0.296891781653727
      ],
      [
        0.0,
        0.0,
        0.0,
        1.0
      ]
    ]
  },
  "simTime": 0.609999999999949,
  "state": [
    -0.0743634736101113,
    3.30385709508426e-05,
    0.296472351508849,
    0.999983293857208,
    -0.000855775685802111,
    0.00559552620886359,
    0.00117035930794626,
    -0.320777993610367,
    -0.000203388930788088,
    -1.10004673185132,
    -0.0117878164566042,
    -3.15760919270208,
    0.000401111308407167,
    0.826619792159153,
    0.272771764231551,
    0.202058802660031,
    -0.448851338548033,
    0.9985228991442,
    0.0381168876268548,
    0.00335737759623383,
    -0.0385726687951474,
    0.826433208811033,
    -0.273110883144961,
    0.202330558927853,
    0.448866284995902,
    0.998515921087641,
    -0.0383847215535302,
    0.00340549143474129,
    0.0384833875048168,
    -4.5128843794322,
    -2.34928660853383,
    -3.11783447039825,
    -0.341066294973854,
    0.150615579343995,
    -0.551274076808491,
    4.51470148899933,
    -2.35160908946471,
    3.12044876314326,
    0.33937453674165,
    0.150211882850868,
    0.553846060007947
  ]
}