{
  "T_WB": [
    [
      0.988626096717773,
      -0.00202409967118473,
      -0.150380663348387,
      -0.00239567175800592
    ],
    [
      0.00175065838685685,
      0.999996564994743,
      -0.00195069062853913,
      -5.78704400609212e-06
    ],
    [
      0.150384095182277,
      0.00166523849248463,
      0.988626244288999,
      0.136189169258943
    ],
    [
      0.0,
      0.0,
      0.0,
      1.0
    ]
  ],
  "T_WH": {
    "0": [
      [
        0.741418406881949,
        0.595400980788376,
        -0.3095099643192,
        0.0372141433001829
      ],
      [
        -0.665842765741844,
        0.710055889874149,
        -0.229072138341358,
        -0.0319356507883636
      ],
      [
        0.0833795972998507,
        0.375923270537047,
        0.922891942441175,
        0.142151245434475
      ],
      [
        0.0,
        0.0,
        0.0,
        1.0
      ]
    ],
    "1": [
      [
        -0.648082397566056,
        -0.738644525953889,
        -0.185454766030392,
        -0.0420054868161948
      ],
      [
        0.755404882917523,
        -0.654407694465388,
        -0.0333771222375376,
        0.0319240767003514
      ],
      [
        -0.0967091972327156,
        -0.161724561223243,
        0.98208578926067,
        0.130227093083412
      ],
      [
        0.0,
        0.0,
        0.0,
        1.0
      ]
    ],
    "2": [
      [
        0.738127316018543,
        -0.59892802885961,
        -0.310569286301149,
        0.0370846009212271
      ],
      [
        0.669229656350317,
        0.708290134838428,
        0.224625804287482,
        0.0320641293712999
      ],
      [
        0.0854384714780088,
        -0.373644618771507,
        0.92362869512299,
        0.142257820697994
      ],
      [
        0.0,
        0.0,
        0.0,
        1.0
      ]
    ],
    "3": [
      [
        -0.645129997240862,
        0.741228119520026,
        -0.18544045268714,
        -0.0418759444372389
      ],
      [
        -0.757602573746086,
        -0.652059671919816,
        0.0292664399804339,
        -0.0320757034593121
      ],
      [
        -0.0992251324680962,
        0.159370822576244,
        0.982219585427851,
        0.130120517819893
      ],
      [
        0.0,
        0.0,
        0.0,
        1.0
      ]
    ]
  },
  "T_WP": {
    "0": [
      [
        0.3095099643192,
        0.595400980788376,
        0.741418406881949,
        0.0891134317819193
      ],
      [
        0.229072138341358,
        0.710055889874149,
        -0.665842765741844,
        -0.0785446443902927
      ],
      [
        -0.922891942441175,
        0.375923270537047,
        0.0833795972998507,
        0.147987817245465
      ],
      [
        0.0,
        0.0,
        0.0,
        1.0
      ]
    ],
    "1": [
      [
        0.185454766030392,
        -0.738644525953889,
        -0.648082397566056,
        -0.0873712546458187
      ],
      [
        0.0333771222375376,
        -0.654407694465388,
        0.755404882917523,
        0.084802418504578
      ],
      [
        -0.98208578926067,
        -0.161724561223243,
        -0.0967091972327155,
        0.123457449277122
      ],
      [
        0.0,
        0.0,
        0.0,
        1.0
      ]
    ],
    "2": [
      [
        0.310569286301149,
        -0.59892802885961,
        0.738127316018543,
        0.0887535130425251
      ],
      [
        -0.224625804287482,
        0.708290134838428,
        0.669229656350317,
        0.0789102053158222
      ],
      [
        -0.92362869512299,
        -0.373644618771507,
        0.0854384714780089,
        0.148238513701455
      ],
      [
        0.0,
        0.0,
        0.0,
        1.0
      ]
    ],
    "3": [
      [
        0.18544045268714,
        0.741228119520026,
        -0.645129997240862,
        -0.0870350442440993
      ],
      [
        -0.0292664399804339,
        -0.652059671919816,
        -0.757602573746086,
        -0.0851078836215382
      ],
      [
        -0.982219585427851,
        0.159370822576244,
        -0.0992251324680961,
        0.123174758547126
      ],
      [
        0.0,
        0.0,
        0.0,
        1.0
      ]
    ]
  }
}