{
  "T_WB": [
    [
      0.382317278402422,
      0.0349686680824488,
      0.923369206161601,
      -0.155552943142039
    ],
    [
      0.0107748523942894,
      0.999047024499151,
      -0.0422959264619513,
      -0.000365438805187669
    ],
    [
      -0.923968290143578,
      0.0261196303942656,
      0.381576157165539,
      0.159505546577609
    ],
    [
      0.0,
      0.0,
      0.0,
      1.0
    ]
  ],
  "T_WH": {
    "0": [
      [
        -0.282993492848334,
        -0.208839335951598,
        0.93610940320285,
        -0.141379249384581
      ],
      [
        -0.839285491849621,
        0.526328245371619,
        -0.136302756005783,
        -0.0319039494933889
      ],
      [
        -0.464235442611009,
        -0.82423583389909,
        -0.324223293334134,
        0.121710986799249
      ],
      [
        0.0,
        0.0,
        0.0,
        1.0
      ]
    ],
    "1": [
      [
        -0.243890679181977,
        -0.49022093497246,
        0.836780001866011,
        -0.169726636899498
      ],
      [
        0.857465477738576,
        -0.512097725756976,
        -0.0500886590067039,
        0.0311730718830136
      ],
      [
        0.453067645164285,
        0.705293806997666,
        0.545243390346026,
        0.197300106355968
      ],
      [
        0.0,
        0.0,
        0.0,
        1.0
      ]
    ],
    "2": [
      [
        -0.219142548605521,
        0.243795658140844,
        0.944743468070751,
        -0.139141254627304
      ],
      [
        0.879716037891609,
        0.468155194091709,
        0.0832490655878087,
        0.0320350600745567
      ],
      [
        -0.421990800926946,
        0.84934939295712,
        -0.31706367281101,
        0.123382643144482
      ],
      [
        0.0,
        0.0,
        0.0,
        1.0
      ]
    ],
    "3": [
      [
        -0.302718458815193,
        0.46337472604132,
        0.832853767451817,
        -0.171964631656774
      ],
      [
        -0.868782216048157,
        -0.493475601003757,
        -0.0412224731479531,
        -0.0327659376849321
      ],
      [
        0.39189156123985,
        -0.736047345270746,
        0.551955894749644,
        0.195628450010735
      ],
      [
        0.0,
        0.0,
        0.0,
        1.0
      ]
    ]
  },
  "T_WP": {
    "0": [
      [
        -0.93610940320285,
        -0.208839335951598,
        -0.282993492848334,
        -0.161188793883964
      ],
      [
        0.136302756005783,
        0.526328245371619,
        -0.839285491849621,
        -0.0906539339228624
      ],
      [
        0.324223293334134,
        -0.82423583389909,
        -0.464235442611009,
        0.0892145058164784
      ],
      [
        0.0,
        0.0,
        0.0,
        1.0
      ]
    ],
    "1": [
      [
        -0.836780001866011,
        -0.49022093497246,
        -0.243890679181977,
        -0.186798984442236
      ],
      [
        0.050088659006704,
        -0.512097725756976,
        0.857465477738576,
        0.0911956553247139
      ],
      [
        -0.545243390346026,
        0.705293806997666,
        0.453067645164285,
        0.229014841517468
      ],
      [
        0.0,
        0.0,
        0.0,
        1.0
      ]
    ],
    "2": [
      [
        -0.944743468070751,
        0.243795658140844,
        -0.219142548605521,
        -0.15448123302969
      ],
      [
        -0.0832490655878087,
        0.468155194091709,
        0.879716037891609,
        0.0936151827269694
      ],
      [
        0.31706367281101,
        0.84934939295712,
        -0.421990800926946,
        0.0938432870795959
      ],
      [
        0.0,
        0.0,
        0.0,
        1.0
      ]
    ],
    "3": [
      [
        -0.832853767451817,
        0.46337472604132,
        -0.302718458815193,
        -0.193154923773838
      ],
      [
        0.0412224731479531,
        -0.493475601003757,
        -0.868782216048157,
        -0.0935806928083031
      ],
      [
        -0.551955894749644,
        -0.736047345270746,
        0.391891561239851,
        0.223060859297525
      ],
      [
        0.0,
        0.0,
        0.0,
        1.0
      ]
    ]
  },
  "simTime": 0.850999999999923,
  "state": [
    -0.155552943142039,
    -0.000365438805187669,
    0.159505546577609,
    0.831104755741885,
    0.0205797032153744,
    0.555687319661694,
    -0.00727760716113424,
    -0.413408430485619,
    -0.00211239391182937,
    0.809224566742712,
    0.487510485835878,
    13.0607494673096,
    -0.206335185682743,
    0.923687188737065,
    -0.247468483779226,
    0.256022391155157,
    -0.141470357765234,
    0.98797783875141,
    -0.0751267111552702,
    0.0542431776401044,
    -0.123747505375216,
    0.924274497851172,
    0.247836753555181,
    0.254275338206201,
    0.1401343947406,
    0.986535949954125,
    0.0773730400392357,
    0.0576131552390981,
    0.132064213421334,
    -2.18890716547237,
    -2.34941390365964,
    2.60937500561237,
    -1.34794693326414,
    -0.951636519075535,
    0.408703189220483,
    2.2150688926523,
    -2.31474692148412,
    -2.56183294380126,
    1.39392899774227,
    -0.985484065420703,
    -0.45942726885114
  ]
}