{
  "arms": {
    "0": [
      [
        -1.0,
        -3.45445281442599e-17,
        -5.74293566019887e-17,
        -8.88178565283913e-18
      ],
      [
        1.61820168637279e-17,
        0.70710676908493,
        -0.70710676908493,
        -0.0320000015199184
      ],
      [
        6.50353617437526e-17,
        -0.70710676908493,
        -0.70710676908493,
        0.41145732998848
      ],
      [
        0.0,
        0.0,
        0.0,
        1.0
      ]
    ],
    "1": [
      [
        -1.0,
        -1.57904477597188e-16,
        3.7905981704161e-16,
        8.88178234411668e-18
      ],
      [
        -1.56380440331951e-16,
        -0.70710676908493,
        -0.70710676908493,
        -0.0320000015199184
      ],
      [
        3.79691094815331e-16,
        -0.70710676908493,
        0.70710676908493,
        0.491457343101501
      ],
      [
        0.0,
        0.0,
        0.0,
        1.0
      ]
    ],
    "2": [
      [
        -1.0,
        1.56126859843366e-16,
        3.7904785270123e-16,
        8.88178565283913e-18
      ],
      [
        1.57628953661314e-16,
        -0.70710676908493,
        0.70710676908493,
        0.0320000015199184
      ],
      [
        3.78425654061913e-16,
        0.70710676908493,
        0.70710676908493,
        0.491457343101501
      ],
      [
        0.0,
        0.0,
        0.0,
        1.0
      ]
    ],
    "3": [
      [
        -1.0,
        2.79473968144465e-16,
        1.87500073472049e-16,
        -8.88178234411668e-18
      ],
      [
        3.30200521424259e-16,
        0.70710676908493,
        0.70710676908493,
        0.0320000015199184
      ],
      [
        6.50353617437526e-17,
        0.70710676908493,
        -0.70710676908493,
        0.41145732998848
      ],
      [
        0.0,
        0.0,
        0.0,
        1.0
      ]
    ]
  },
  "arms_in_parent_frame": {
    "0": [
      [
        2.22044604925031e-16,
        1.26880514983441e-08,
        0.999999940395355,
        2.98023223876953e-08
      ],
      [
        -3.80013151820596e-24,
        0.999999940395355,
        1.26880514983441e-08,
        0.0
      ],
      [
        -1.0,
        0.0,
        2.22044604925031e-16,
        0.0
      ],
      [
        0.0,
        0.0,
        0.0,
        1.0
      ]
    ],
    "1": [
      [
        2.22044591690142e-16,
        -1.26880514983441e-08,
        0.999999940395355,
        0.0
      ],
      [
        1.06316551245063e-23,
        0.999999940395355,
        -1.26880514983441e-08,
        0.0
      ],
      [
        -1.0,
        -1.61900037725734e-23,
        2.22044631394811e-16,
        0.0
      ],
      [
        0.0,
        0.0,
        0.0,
        1.0
      ]
    ],
    "2": [
      [
        2.22044591690142e-16,
        1.26880514983441e-08,
        0.999999940395355,
        0.0
      ],
      [
        -2.79246158157672e-23,
        0.999999940395355,
        1.26880514983441e-08,
        0.0
      ],
      [
        -1.0,
        1.53111590816157e-24,
        2.22044591690142e-16,
        -6.61744490042422e-24
      ],
      [
        0.0,
        0.0,
        0.0,
        1.0
      ]
    ],
    "3": [
      [
        2.22044604925031e-16,
        -1.26880514983441e-08,
        0.999999940395355,
        2.98023223876953e-08
      ],
      [
        4.91409067993851e-25,
        0.999999940395355,
        -1.26880514983441e-08,
        0.0
      ],
      [
        -1.0,
        1.32348898008484e-23,
        2.22044604925031e-16,
        0.0
      ],
      [
        0.0,
        0.0,
        0.0,
        1.0
      ]
    ]
  },
  "arms_link_world": {
    "0": [
      [
        -1.0,
        -3.45445281442599e-17,
        -5.74293566019887e-17,
        -8.88178565283913e-18
      ],
      [
        1.61820168637279e-17,
        0.70710676908493,
        -0.70710676908493,
        -0.0320000015199184
      ],
      [
        6.50353617437526e-17,
        -0.70710676908493,
        -0.70710676908493,
        0.41145732998848
      ],
      [
        0.0,
        0.0,
        0.0,
        1.0
      ]
    ],
    "1": [
      [
        -1.0,
        -1.57904477597188e-16,
        3.7905981704161e-16,
        8.88178234411668e-18
      ],
      [
        -1.56380440331951e-16,
        -0.70710676908493,
        -0.70710676908493,
        -0.0320000015199184
      ],
      [
        3.79691094815331e-16,
        -0.70710676908493,
        0.70710676908493,
        0.491457343101501
      ],
      [
        0.0,
        0.0,
        0.0,
        1.0
      ]
    ],
    "2": [
      [
        -1.0,
        1.56126859843366e-16,
        3.7904785270123e-16,
        8.88178565283913e-18
      ],
      [
        1.57628953661314e-16,
        -0.70710676908493,
        0.70710676908493,
        0.0320000015199184
      ],
      [
        3.78425654061913e-16,
        0.70710676908493,
        0.70710676908493,
        0.491457343101501
      ],
      [
        0.0,
        0.0,
        0.0,
        1.0
      ]
    ],
    "3": [
      [
        -1.0,
        2.79473968144465e-16,
        1.87500073472049e-16,
        -8.88178234411668e-18
      ],
      [
        3.30200521424259e-16,
        0.70710676908493,
        0.70710676908493,
        0.0320000015199184
      ],
      [
        6.50353617437526e-17,
        0.70710676908493,
        -0.70710676908493,
        0.41145732998848
      ],
      [
        0.0,
        0.0,
        0.0,
        1.0
      ]
    ]
  },
  "arms_relative_to_base": {
    "0": [
      [
        1.57009243181279e-16,
        0.70710676908493,
        0.70710676908493,
        0.0399999916553497
      ],
      [
        1.61819639241687e-17,
        0.70710676908493,
        -0.70710676908493,
        -0.0320000015199184
      ],
      [
        -1.0,
        1.22464685258517e-16,
        9.95799262839594e-17,
        0.0
      ],
      [
        0.0,
        0.0,
        0.0,
        1.0
      ]
    ],
    "1": [
      [
        -1.576464898903e-16,
        0.70710676908493,
        -0.70710676908493,
        -0.0400000214576721
      ],
      [
        -1.5638049327151e-16,
        -0.70710676908493,
        -0.70710676908493,
        -0.0320000015199184
      ],
      [
        -1.0,
        -8.95194711239588e-19,
        2.22050587095221e-16,
        -6.61744490042422e-24
      ],
      [
        0.0,
        0.0,
        0.0,
        1.0
      ]
    ],
    "2": [
      [
        -1.56381049136881e-16,
        -0.70710676908493,
        -0.70710676908493,
        -0.0400000214576721
      ],
      [
        1.57628900721754e-16,
        -0.70710676908493,
        0.70710676908493,
        0.0320000015199184
      ],
      [
        -1.0,
        -8.82343633242964e-19,
        2.22038583050172e-16,
        -6.61744490042422e-24
      ],
      [
        0.0,
        0.0,
        0.0,
        1.0
      ]
    ],
    "3": [
      [
        1.57009243181279e-16,
        -0.70710676908493,
        0.70710676908493,
        0.0399999916553497
      ],
      [
        3.302004684847e-16,
        0.70710676908493,
        0.70710676908493,
        0.0320000015199184
      ],
      [
        -1.0,
        1.22464698493407e-16,
        3.44509263713768e-16,
        0.0
      ],
      [
        0.0,
        0.0,
        0.0,
        1.0
      ]
    ]
  },
  "arms_view_frame": {
    "0": [
      [
        -0.999999940395355,
        -3.45445248355374e-17,
        -5.74293499845438e-17,
        -8.88178482565852e-18
      ],
      [
        6.50353617437526e-17,
        -0.707106828689575,
        -0.707106709480286,
        0.41145732998848
      ],
      [
        -1.61820201724503e-17,
        -0.707106709480286,
        0.707106828689575,
        0.0319999828934669
      ],
      [
        0.0,
        0.0,
        0.0,
        1.0
      ]
    ],
    "1": [
      [
        -0.999999940395355,
        -1.57904464362298e-16,
        3.79059790571831e-16,
        8.88178151693607e-18
      ],
      [
        3.79691094815331e-16,
        -0.707106709480286,
        0.707106828689575,
        0.491457343101501
      ],
      [
        1.56380427097061e-16,
        0.707106828689575,
        0.707106709480286,
        0.0319999791681767
      ],
      [
        0.0,
        0.0,
        0.0,
        1.0
      ]
    ],
    "2": [
      [
        -0.999999940395355,
        1.56126846608477e-16,
        3.79047826231451e-16,
        8.88178482565852e-18
      ],
      [
        3.78425654061913e-16,
        0.707106828689575,
        0.707106709480286,
        0.491457343101501
      ],
      [
        -1.57628966896203e-16,
        0.707106709480286,
        -0.707106828689575,
        -0.0320000238716602
      ],
      [
        0.0,
        0.0,
        0.0,
        1.0
      ]
    ],
    "3": [
      [
        -0.999999940395355,
        2.79473941674685e-16,
        1.87500060237159e-16,
        -8.88178151693607e-18
      ],
      [
        6.50353485088628e-17,
        0.707106709480286,
        -0.707106828689575,
        0.41145732998848
      ],
      [
        -3.30200521424259e-16,
        -0.707106828689575,
        -0.707106709480286,
        -0.0320000201463699
      ],
      [
        0.0,
        0.0,
        0.0,
        1.0
      ]
    ]
  },
  "arms_visual_world": {
    "0": [
      [
        -1.0,
        -3.45445281442599e-17,
        -5.74293566019887e-17,
        -8.88178565283913e-18
      ],
      [
        1.61820168637279e-17,
        0.70710676908493,
        -0.70710676908493,
        -0.0320000015199184
      ],
      [
        6.50353617437526e-17,
        -0.70710676908493,
        -0.70710676908493,
        0.41145732998848
      ],
      [
        0.0,
        0.0,
        0.0,
        1.0
      ]
    ],
    "1": [
      [
        -1.0,
        -1.57904477597188e-16,
        3.7905981704161e-16,
        8.88178234411668e-18
      ],
      [
        -1.56380440331951e-16,
        -0.70710676908493,
        -0.70710676908493,
        -0.0320000015199184
      ],
      [
        3.79691094815331e-16,
        -0.70710676908493,
        0.70710676908493,
        0.491457343101501
      ],
      [
        0.0,
        0.0,
        0.0,
        1.0
      ]
    ],
    "2": [
      [
        -1.0,
        1.56126859843366e-16,
        3.7904785270123e-16,
        8.88178565283913e-18
      ],
      [
        1.57628953661314e-16,
        -0.70710676908493,
        0.70710676908493,
        0.0320000015199184
      ],
      [
        3.78425654061913e-16,
        0.70710676908493,
        0.70710676908493,
        0.491457343101501
      ],
      [
        0.0,
        0.0,
        0.0,
        1.0
      ]
    ],
    "3": [
      [
        -1.0,
        2.79473968144465e-16,
        1.87500073472049e-16,
        -8.88178234411668e-18
      ],
      [
        3.30200521424259e-16,
        0.70710676908493,
        0.70710676908493,
        0.0320000015199184
      ],
      [
        6.50353617437526e-17,
        0.70710676908493,
        -0.70710676908493,
        0.41145732998848
      ],
      [
        0.0,
        0.0,
        0.0,
        1.0
      ]
    ]
  },
  "base": [
    [
      -2.22044604925031e-16,
      5.2199361549694e-23,
      1.0,
      5.59263858179132e-36
    ],
    [
      2.58001329518652e-19,
      1.0,
      -5.2199361549694e-23,
      6.32866248677326e-23
    ],
    [
      -1.0,
      2.58001329518652e-19,
      -2.22044604925031e-16,
      0.451457321643829
    ],
    [
      0.0,
      0.0,
      0.0,
      1.0
    ]
  ],
  "base_link_world": [
    [
      -2.22044604925031e-16,
      5.2199361549694e-23,
      1.0,
      5.59263858179132e-36
    ],
    [
      2.58001329518652e-19,
      1.0,
      -5.2199361549694e-23,
      6.32866248677326e-23
    ],
    [
      -1.0,
      2.58001329518652e-19,
      -2.22044604925031e-16,
      0.451457321643829
    ],
    [
      0.0,
      0.0,
      0.0,
      1.0
    ]
  ],
  "base_view_frame": [
    [
      -2.22044591690142e-16,
      5.21993583942504e-23,
      0.999999940395355,
      5.59263822305892e-36
    ],
    [
      -1.0,
      -4.37113882867379e-08,
      -2.22044604925031e-16,
      0.451457321643829
    ],
    [
      4.37113882867379e-08,
      -1.0,
      6.19052410702692e-23,
      -1.97338270169212e-08
    ],
    [
      0.0,
      0.0,
      0.0,
      1.0
    ]
  ],
  "base_visual_world": [
    [
      -1.3374641117156e-21,
      2.22044591690142e-16,
      1.0,
      5.59263858179132e-36
    ],
    [
      0.999999940395355,
      6.25848770141602e-06,
      -5.2199361549694e-23,
      6.32866248677326e-23
    ],
    [
      -6.25848770141602e-06,
      0.999999940395355,
      -2.22044604925031e-16,
      0.451457321643829
    ],
    [
      0.0,
      0.0,
      0.0,
      1.0
    ]
  ],
  "view_adjust": [
    [
      0.999999940395355,
      0.0,
      0.0,
      0.0
    ],
    [
      0.0,
      -4.37113882867379e-08,
      1.0,
      0.0
    ],
    [
      0.0,
      -1.0,
      -4.37113882867379e-08,
      0.0
    ],
    [
      0.0,
      0.0,
      0.0,
      1.0
    ]
  ]
}