{
  "T_WB": [
    [
      0.956238802746437,
      -0.00215661114368498,
      0.2925793929012,
      -0.0501337996580277
    ],
    [
      0.00183171181693737,
      0.999997364108835,
      0.00138441583418285,
      4.23657961249017e-05
    ],
    [
      -0.292581607340379,
      -0.000787911008412733,
      0.956240232495142,
      0.352088845179259
    ],
    [
      0.0,
      0.0,
      0.0,
      1.0
    ]
  ],
  "T_WH": {
    "0": [
      [
        0.110884408548469,
        0.891650071050828,
        -0.438935984781278,
        -0.0118152359915723
      ],
      [
        -0.801155904905471,
        -0.181152336685878,
        -0.570379739251267,
        -0.0318842813826803
      ],
      [
        -0.58809341432799,
        0.414902376117926,
        0.694263749821166,
        0.340410794037913
      ],
      [
        0.0,
        0.0,
        0.0,
        1.0
      ]
    ],
    "1": [
      [
        -0.653453626688288,
        -0.664062111891299,
        0.363345385712261,
        -0.0884523633244831
      ],
      [
        0.72741536967845,
        -0.683683071877979,
        0.0586884757260965,
        0.0319690129749301
      ],
      [
        0.209440296322095,
        0.302653215376869,
        0.929804169434917,
        0.363766896320605
      ],
      [
        0.0,
        0.0,
        0.0,
        1.0
      ]
    ],
    "2": [
      [
        0.107712248925672,
        -0.890509118257067,
        -0.442031199953573,
        -0.0119532591047681
      ],
      [
        0.800286285250748,
        -0.186135518589543,
        0.569995991528854,
        0.0321155499202851
      ],
      [
        -0.589864334462538,
        -0.415147057101967,
        0.692613158919641,
        0.340360367733375
      ],
      [
        0.0,
        0.0,
        0.0,
        1.0
      ]
    ],
    "3": [
      [
        -0.650583424493717,
        0.666660218453295,
        0.36373803884916,
        -0.0883143402112873
      ],
      [
        -0.729663198364537,
        -0.681509281532499,
        -0.056006393719749,
        -0.0320308183280353
      ],
      [
        0.210553614850142,
        -0.30184309221326,
        0.929816069422698,
        0.363817322625144
      ],
      [
        0.0,
        0.0,
        0.0,
        1.0
      ]
    ]
  },
  "T_WP": {
    "0": [
      [
        0.438935984781278,
        0.891650071050828,
        0.110884408548469,
        -0.00405332739317943
      ],
      [
        0.570379739251267,
        -0.181152336685878,
        -0.801155904905471,
        -0.0879651947260633
      ],
      [
        -0.694263749821166,
        0.414902376117926,
        -0.58809341432799,
        0.299244255034954
      ],
      [
        0.0,
        0.0,
        0.0,
        1.0
      ]
    ],
    "1": [
      [
        -0.363345385712262,
        -0.664062111891299,
        -0.653453626688288,
        -0.134194117192663
      ],
      [
        -0.0586884757260964,
        -0.683683071877979,
        0.72741536967845,
        0.0828880888524217
      ],
      [
        -0.929804169434917,
        0.302653215376869,
        0.209440296322095,
        0.378427717063152
      ],
      [
        0.0,
        0.0,
        0.0,
        1.0
      ]
    ],
    "2": [
      [
        0.442031199953573,
        -0.890509118257067,
        0.107712248925672,
        -0.00441340167997104
      ],
      [
        -0.569995991528854,
        -0.186135518589543,
        0.800286285250748,
        0.0881355898878375
      ],
      [
        -0.692613158919641,
        -0.415147057101967,
        -0.589864334462538,
        0.299069864320997
      ],
      [
        0.0,
        0.0,
        0.0,
        1.0
      ]
    ],
    "3": [
      [
        -0.36373803884916,
        0.666660218453295,
        -0.650583424493717,
        -0.133855179925848
      ],
      [
        0.056006393719749,
        -0.681509281532499,
        -0.729663198364537,
        -0.0831072422135529
      ],
      [
        -0.929816069422698,
        -0.30184309221326,
        0.210553614850142,
        0.378556075664654
      ],
      [
        0.0,
        0.0,
        0.0,
        1.0
      ]
    ]
  },
  "simTime": 0.529999999999958,
  "state": [
    -0.0501337996580277,
    4.23657961249017e-05,
    0.352088845179259,
    0.988999039351204,
    -0.000549122586615621,
    0.1479174844865,
    0.00100817159621276,
    -0.282517552598478,
    -2.41559921491653e-05,
    -0.291624139781415,
    -0.0114972824303105,
    -3.98669038923797,
    0.00115079287740957,
    0.81910973514714,
    0.458294674652149,
    0.150436563908737,
    -0.31047394932908,
    0.998759112130935,
    0.0470562444912518,
    -0.00577247490842309,
    -0.0152520268567168,
    0.818866854790924,
    -0.458730530936501,
    0.150612317737682,
    0.310385733978253,
    0.998753541219393,
    -0.0472362233136972,
    -0.00571076038535814,
    0.0150827823892795,
    -2.86051033755343,
    -1.80156077046318,
    -4.93868457823405,
    -0.116345686460183,
    0.241901929423478,
    -0.614755106582506,
    2.86076082424436,
    -1.80266794281212,
    4.943452150701,
    0.113576544143866,
    0.241354956595797,
    0.61620317898658
  ]
}