{
  "T_WB": [
    [
      -2.22044604925031e-16,
      1.14113347617147e-20,
      1.0,
      7.60868243615433e-37
    ],
    [
      -9.41141271410703e-20,
      1.0,
      -1.14113347617147e-20,
      3.47851221929823e-21
    ],
    [
      -1.0,
      -9.41141271410703e-20,
      -2.22044604925031e-16,
      0.4701683228
    ],
    [
      0.0,
      0.0,
      0.0,
      1.0
    ]
  ],
  "T_WH": {
    "0": [
      [
        -1.57043320959746e-16,
        -1.55525970369653e-16,
        1.0,
        -8.88214935971363e-18
      ],
      [
        -0.707106779455507,
        0.707106782917588,
        -1.07292835062218e-18,
        -0.032
      ],
      [
        -0.707106782917588,
        -0.707106779455507,
        -2.21019865492318e-16,
        0.4301683228
      ],
      [
        0.0,
        0.0,
        0.0,
        1.0
      ]
    ],
    "1": [
      [
        1.57043320959746e-16,
        1.5553369152547e-16,
        1.0,
        8.88214935971363e-18
      ],
      [
        0.707106779455507,
        -0.707106782917588,
        -1.06746866897228e-18,
        0.032
      ],
      [
        0.707106782917588,
        0.707106779455507,
        -2.21025325173942e-16,
        0.5101683228
      ],
      [
        0.0,
        0.0,
        0.0,
        1.0
      ]
    ],
    "2": [
      [
        -1.57035221845603e-16,
        1.56261469354166e-16,
        1.0,
        -8.88141903428888e-18
      ],
      [
        0.707106779455507,
        0.707106782917588,
        5.47125091326008e-19,
        0.032
      ],
      [
        -0.707106782917588,
        0.707106779455507,
        -2.21534214872004e-16,
        0.4301683228
      ],
      [
        0.0,
        0.0,
        0.0,
        1.0
      ]
    ],
    "3": [
      [
        1.57035221845603e-16,
        -1.55540057228902e-16,
        1.0,
        8.88141903428888e-18
      ],
      [
        -0.707106779455507,
        -0.707106782917588,
        1.05724049837932e-18,
        -0.032
      ],
      [
        0.707106782917588,
        -0.707106779455507,
        -2.21024099467448e-16,
        0.5101683228
      ],
      [
        0.0,
        0.0,
        0.0,
        1.0
      ]
    ]
  },
  "T_WP": {
    "0": [
      [
        -1.0,
        -1.55525970369653e-16,
        -9.58109810023785e-17,
        -1.98751818268959e-17
      ],
      [
        -4.22248743551568e-17,
        0.707106782917588,
        -0.707106779455507,
        -0.0814974745618855
      ],
      [
        1.77722062574548e-16,
        -0.707106779455507,
        -0.707106782917588,
        0.380670847995769
      ],
      [
        0.0,
        0.0,
        0.0,
        1.0
      ]
    ],
    "1": [
      [
        -1.0,
        1.5553369152547e-16,
        2.18275660917114e-16,
        1.98751818268959e-17
      ],
      [
        4.43652713747513e-17,
        -0.707106782917588,
        0.707106779455507,
        0.0814974745618855
      ],
      [
        2.64323128091712e-16,
        0.707106779455507,
        0.707106782917588,
        0.559665797604231
      ],
      [
        0.0,
        0.0,
        0.0,
        1.0
      ]
    ],
    "2": [
      [
        -1.0,
        1.56261469354166e-16,
        -9.58028818882353e-17,
        -1.98738845634811e-17
      ],
      [
        4.2750677614453e-17,
        0.707106782917588,
        0.707106779455507,
        0.0814974745618855
      ],
      [
        1.78236411954233e-16,
        0.707106779455507,
        -0.707106782917588,
        0.380670847995769
      ],
      [
        0.0,
        0.0,
        0.0,
        1.0
      ]
    ],
    "3": [
      [
        -1.0,
        -1.55540057228902e-16,
        2.18267561802971e-16,
        1.98738845634811e-17
      ],
      [
        -4.43550432041583e-17,
        -0.707106782917588,
        -0.707106779455507,
        -0.0814974745618855
      ],
      [
        2.64321902385218e-16,
        -0.707106779455507,
        0.707106782917588,
        0.559665797604231
      ],
      [
        0.0,
        0.0,
        0.0,
        1.0
      ]
    ]
  },
  "simTime": 0.0780000000000012,
  "state": [
    7.60868243615433e-37,
    3.47851221929823e-21,
    0.4701683228,
    0.707106781186548,
    -2.92398526572527e-20,
    0.707106781186548,
    -3.7308884849651e-20,
    -6.5053986452147e-36,
    5.58006796211244e-20,
    -0.764914799999996,
    4.32491787371869e-19,
    -3.09790807091923e-18,
    -4.62079297568467e-18,
    1.0,
    7.37603041072015e-19,
    1.30028374139648e-20,
    -8.12641822576064e-20,
    1.0,
    -7.33742463163703e-19,
    -1.30028374139645e-20,
    8.0054409855127e-20,
    1.0,
    -3.77922581027814e-19,
    1.70223125150086e-20,
    4.96000657468656e-20,
    1.0,
    7.38628643659915e-19,
    -1.70223125150083e-20,
    -7.74872987241426e-20,
    2.51801212275256e-17,
    5.97541487274323e-19,
    -5.86291429580798e-18,
    -2.52849074409586e-17,
    -5.97541487274317e-19,
    5.81526246410407e-18,
    -1.38861577724578e-17,
    8.14176786188323e-19,
    3.23747545998634e-18,
    2.51959803517059e-17,
    -8.14176786188315e-19,
    -5.65158557681732e-18
  ]
}