{
  "T_WB": [
    [
      -0.276956176645378,
      0.0598563382650846,
      0.959016420603668,
      -0.17815157739207
    ],
    [
      0.0326505584992973,
      0.998067776915668,
      -0.0528644844134484,
      -0.000448701858734368
    ],
    [
      -0.960327661398785,
      0.0166712762592289,
      -0.278375378401593,
      0.188954868076859
    ],
    [
      0.0,
      0.0,
      0.0,
      1.0
    ]
  ],
  "T_WH": {
    "0": [
      [
        -0.556771636097085,
        -0.634810345797669,
        0.535743567489167,
        -0.191145227282368
      ],
      [
        -0.74588853482302,
        0.665925729361833,
        0.0139002371735062,
        -0.0310808483800639
      ],
      [
        -0.365589440297917,
        -0.391865726802122,
        -0.844266316573451,
        0.150008280780612
      ],
      [
        0.0,
        0.0,
        0.0,
        1.0
      ]
    ],
    "1": [
      [
        0.150410908597404,
        -0.0220386245235981,
        0.988377892106057,
        -0.165157927501772
      ],
      [
        0.825794503751797,
        -0.546861296792956,
        -0.137862829084745,
        0.0301834446625951
      ],
      [
        0.543543922924566,
        0.836933104315414,
        -0.0640545295255461,
        0.227901455373106
      ],
      [
        0.0,
        0.0,
        0.0,
        1.0
      ]
    ],
    "2": [
      [
        -0.461472059600883,
        0.710689957238137,
        0.531002187272872,
        -0.187314421633403
      ],
      [
        0.818881770940874,
        0.571489388693079,
        -0.0532214602575783,
        0.0327954893425389
      ],
      [
        -0.341286072713872,
        0.410267794607456,
        -0.845697436013304,
        0.151075242461203
      ],
      [
        0.0,
        0.0,
        0.0,
        1.0
      ]
    ],
    "3": [
      [
        0.0419596945715076,
        -0.0352699874451491,
        0.99849657586648,
        -0.168988733150738
      ],
      [
        -0.862154592881728,
        -0.506313039886934,
        0.0183456701538672,
        -0.0336928930600076
      ],
      [
        0.504904785087652,
        -0.86162818757633,
        -0.0516529221779434,
        0.226834493692515
      ],
      [
        0.0,
        0.0,
        0.0,
        1.0
      ]
    ]
  },
  "T_WP": {
    "0": [
      [
        -0.535743567489167,
        -0.634810345797669,
        -0.556771636097085,
        -0.230119241809164
      ],
      [
        -0.0139002371735062,
        0.665925729361833,
        -0.74588853482302,
        -0.0832930458176753
      ],
      [
        0.844266316573451,
        -0.391865726802122,
        -0.365589440297917,
        0.124417019959758
      ],
      [
        0.0,
        0.0,
        0.0,
        1.0
      ]
    ],
    "1": [
      [
        -0.988377892106057,
        -0.0220386245235981,
        0.150410908597404,
        -0.154629163899954
      ],
      [
        0.137862829084745,
        -0.546861296792956,
        0.825794503751797,
        0.0879890599252209
      ],
      [
        0.0640545295255461,
        0.836933104315414,
        0.543543922924566,
        0.265949529977825
      ],
      [
        0.0,
        0.0,
        0.0,
        1.0
      ]
    ],
    "2": [
      [
        -0.531002187272872,
        0.710689957238137,
        -0.461472059600883,
        -0.219617465805464
      ],
      [
        0.0532214602575784,
        0.571489388693079,
        0.818881770940874,
        0.0901172133084001
      ],
      [
        0.845697436013304,
        0.410267794607456,
        -0.341286072713872,
        0.127185217371232
      ],
      [
        0.0,
        0.0,
        0.0,
        1.0
      ]
    ],
    "3": [
      [
        -0.99849657586648,
        -0.0352699874451491,
        0.0419596945715076,
        -0.166051554530732
      ],
      [
        -0.0183456701538673,
        -0.506313039886934,
        -0.862154592881728,
        -0.0940437145617286
      ],
      [
        0.0516529221779434,
        -0.86162818757633,
        0.504904785087652,
        0.262177828648651
      ],
      [
        0.0,
        0.0,
        0.0,
        1.0
      ]
    ]
  },
  "simTime": 0.902499999999917,
  "state": [
    -0.17815157739207,
    -0.000448701858734368,
    0.188954868076859,
    0.600569775685702,
    0.0289457459765123,
    0.798967979953302,
    -0.0113249870652936,
    -0.45905339623593,
    -0.00138520714858087,
    0.339189976811926,
    0.478185139794332,
    13.0654338965249,
    -0.2231987520787,
    0.933635406965824,
    -0.27477242559903,
    0.224638847185321,
    -0.0486048282111581,
    0.987634543760577,
    -0.110028790816544,
    0.0373995375452442,
    -0.105228074931016,
    0.933499872770244,
    0.276179528101544,
    0.223578901871756,
    0.0481178805992712,
    0.98640491774701,
    0.113402110403812,
    0.0405970637885564,
    0.111790777849621,
    -1.05383247960999,
    -2.21320316103284,
    2.9445737531187,
    -1.24894972669737,
    -0.795933155192643,
    0.770914681656984,
    1.09771810771694,
    -2.18227275559895,
    -2.92592430311903,
    1.28173581811616,
    -0.821370846652549,
    -0.834113070307451
  ]
}