{
  "T_WB": [
    [
      0.0420488390245883,
      0.10502609107971,
      -0.993580100107284,
      -0.280863652480528
    ],
    [
      -0.156230272663698,
      0.982917741627056,
      0.0972872812766129,
      -0.00361514008939032
    ],
    [
      0.986825210987291,
      0.151136472723445,
      0.0577388047382734,
      0.154163354335579
    ],
    [
      0.0,
      0.0,
      0.0,
      1.0
    ]
  ],
  "T_WH": {
    "0": [
      [
        0.299959433893427,
        0.262845937898962,
        -0.917025818038047,
        -0.282542533834096
      ],
      [
        -0.476505339532014,
        0.874060106411138,
        0.0946656842685344,
        -0.041317718728004
      ],
      [
        0.826418174664507,
        0.408571833721519,
        0.387430067591069,
        0.188799995647921
      ],
      [
        0.0,
        0.0,
        0.0,
        1.0
      ]
    ],
    "1": [
      [
        0.345030745033163,
        0.213063704969403,
        -0.914088421656555,
        -0.279184771126961
      ],
      [
        0.72823128884307,
        -0.675183700131548,
        0.11749962138932,
        0.0340874385492234
      ],
      [
        -0.592142698115769,
        -0.706208771328552,
        -0.388118791566184,
        0.119526713023238
      ],
      [
        0.0,
        0.0,
        0.0,
        1.0
      ]
    ],
    "2": [
      [
        0.34584978472083,
        0.00967452143015823,
        -0.938240017289634,
        -0.275820864004994
      ],
      [
        0.209981985936094,
        0.973787025279309,
        0.087443667466593,
        0.0215890167361275
      ],
      [
        0.914491931069318,
        -0.227255875683714,
        0.3347525578339,
        0.198472729902221
      ],
      [
        0.0,
        0.0,
        0.0,
        1.0
      ]
    ],
    "3": [
      [
        -0.0266435863163561,
        -0.395445550781595,
        -0.918102900374051,
        -0.285906440956063
      ],
      [
        -0.369436244737705,
        -0.849512589237918,
        0.376623448288063,
        -0.0288192969149082
      ],
      [
        -0.928874039029139,
        0.349215087150211,
        -0.123457857280794,
        0.109853978768937
      ],
      [
        0.0,
        0.0,
        0.0,
        1.0
      ]
    ]
  },
  "T_WP": {
    "0": [
      [
        0.917025818038047,
        0.262845937898962,
        0.299959433893427,
        -0.261545373461556
      ],
      [
        -0.0946656842685344,
        0.874060106411138,
        -0.476505339532014,
        -0.074673092495245
      ],
      [
        -0.387430067591069,
        0.408571833721519,
        0.826418174664507,
        0.246649267874436
      ],
      [
        0.0,
        0.0,
        0.0,
        1.0
      ]
    ],
    "1": [
      [
        0.914088421656555,
        0.213063704969403,
        0.345030745033163,
        -0.25503261897464
      ],
      [
        -0.11749962138932,
        -0.675183700131548,
        0.72823128884307,
        0.0850636287682383
      ],
      [
        0.388118791566184,
        -0.706208771328552,
        -0.592142698115769,
        0.0780767241551342
      ],
      [
        0.0,
        0.0,
        0.0,
        1.0
      ]
    ],
    "2": [
      [
        0.938240017289634,
        0.00967452143015823,
        0.34584978472083,
        -0.251611379074536
      ],
      [
        -0.087443667466593,
        0.973787025279309,
        0.209981985936094,
        0.0362877557516541
      ],
      [
        -0.3347525578339,
        -0.227255875683714,
        0.914491931069318,
        0.262487165077073
      ],
      [
        0.0,
        0.0,
        0.0,
        1.0
      ]
    ],
    "3": [
      [
        0.918102900374051,
        -0.395445550781595,
        -0.0266435863163562,
        -0.287771491998208
      ],
      [
        -0.376623448288063,
        -0.849512589237918,
        -0.369436244737705,
        -0.0546798340465475
      ],
      [
        0.123457857280794,
        0.349215087150211,
        -0.928874039029139,
        0.0448327960368978
      ],
      [
        0.0,
        0.0,
        0.0,
        1.0
      ]
    ]
  },
  "simTime": 1.14949999999989,
  "state": [
    -0.280863652480528,
    -0.00361514008939032,
    0.154163354335579,
    -0.721579064515788,
    -0.0186567190259905,
    0.68613593730838,
    0.0905155015544704,
    -0.304836563648417,
    -0.0197462068945881,
    0.283918502110598,
    -1.85828917760463,
    8.80385213456949,
    -2.80746767357705,
    0.957675238827724,
    -0.110750388716336,
    0.127965977189449,
    0.232845865364605,
    0.973381863637586,
    -0.168700506705802,
    0.151391064768497,
    0.033891475135879,
    0.971304174995977,
    0.0620714742515617,
    0.126969060444052,
    -0.191296077872961,
    0.976745448718874,
    0.170428864863217,
    0.00966618193513804,
    -0.129726232332547,
    2.16394424453588,
    -1.3439834267196,
    0.917581850974394,
    -0.0362598001510038,
    -1.12876474448492,
    1.71151849305324,
    -2.08030922300102,
    -1.28752551034911,
    -0.445389140224192,
    -0.686154206427839,
    -0.223522992158956,
    -2.04880382696764
  ]
}