{
  "arms": {
    "0": [
      [
        -0.999999940395355,
        -3.45445612314844e-17,
        -5.74293168973193e-17,
        -8.88178317129729e-18
      ],
      [
        6.50353617437526e-17,
        -0.707106828689575,
        -0.707106709480286,
        0.459558695554733
      ],
      [
        -1.61819688872524e-17,
        -0.707106709480286,
        0.707106828689575,
        0.0319999828934669
      ],
      [
        0.0,
        0.0,
        0.0,
        1.0
      ]
    ],
    "1": [
      [
        -0.999999940395355,
        -1.57050602211906e-16,
        3.7905383487142e-16,
        8.88178317129729e-18
      ],
      [
        3.7908311044766e-16,
        -0.707106709480286,
        0.707106828689575,
        0.539558708667755
      ],
      [
        1.56979980839929e-16,
        0.707106828689575,
        0.707106709480286,
        0.0319999791681767
      ],
      [
        0.0,
        0.0,
        0.0,
        1.0
      ]
    ],
    "2": [
      [
        -0.999999940395355,
        1.56968188553116e-16,
        3.7905383487142e-16,
        8.88178317129729e-18
      ],
      [
        3.79024823992977e-16,
        0.707106828689575,
        0.707106709480286,
        0.539558708667755
      ],
      [
        -1.57038280529502e-16,
        0.707106709480286,
        -0.707106828689575,
        -0.0320000238716602
      ],
      [
        0.0,
        0.0,
        0.0,
        1.0
      ]
    ],
    "3": [
      [
        -0.999999940395355,
        2.79473888735126e-16,
        1.8750002053249e-16,
        -8.88178317129729e-18
      ],
      [
        6.50353485088628e-17,
        0.707106709480286,
        -0.707106828689575,
        0.459558695554733
      ],
      [
        -3.302004684847e-16,
        -0.707106828689575,
        -0.707106709480286,
        -0.0320000201463699
      ],
      [
        0.0,
        0.0,
        0.0,
        1.0
      ]
    ]
  },
  "base": [
    [
      -2.22044591690142e-16,
      2.89610887237355e-27,
      0.999999940395355,
      2.27089160246254e-37
    ],
    [
      -1.0,
      -4.37113882867379e-08,
      -2.22044604925031e-16,
      0.499558717012405
    ],
    [
      4.37113882867379e-08,
      -1.0,
      9.70877385123643e-24,
      -2.18364046844499e-08
    ],
    [
      0.0,
      0.0,
      0.0,
      1.0
    ]
  ]
}