{
  "T_WB": [
    [
      0.736445976035532,
      -0.000558891526408363,
      0.676496128607795,
      -0.00241004169742671
    ],
    [
      0.00118314813890934,
      0.999999193431387,
      -0.000461840943528666,
      -1.56623727758214e-05
    ],
    [
      -0.676495324848261,
      0.00114051603997183,
      0.736446043292792,
      0.531211740013495
    ],
    [
      0.0,
      0.0,
      0.0,
      1.0
    ]
  ],
  "T_WH": {
    "0": [
      [
        0.632384362955944,
        0.382776328943341,
        0.67347776465854,
        0.0294757235702664
      ],
      [
        -0.516941872554776,
        0.85601976213231,
        -0.00112571688470945,
        -0.031952648264248
      ],
      [
        -0.576941173680962,
        -0.347436971031585,
        0.739206624207353,
        -0.0270963095072095
      ],
      [
        0.0,
        0.0,
        0.0,
        1.0
      ]
    ],
    "1": [
      [
        -0.485440273238402,
        -0.504179721076161,
        0.714248241141545,
        -0.0294757235702664
      ],
      [
        0.744711505033418,
        -0.666429968186208,
        0.0357193473371551,
        0.031952648264248
      ],
      [
        0.457987462043545,
        0.549248492359237,
        0.698980384740529,
        0.0270963095072095
      ],
      [
        0.0,
        0.0,
        0.0,
        1.0
      ]
    ],
    "2": [
      [
        0.631940453166126,
        -0.384356278440583,
        0.672994438963278,
        0.0294399545125762
      ],
      [
        0.519101329659565,
        0.854712416940766,
        0.000702760945295735,
        0.0320473001153608
      ],
      [
        -0.575486814095565,
        0.348908205049093,
        0.739647207289771,
        -0.0270233164806513
      ],
      [
        0.0,
        0.0,
        0.0,
        1.0
      ]
    ],
    "3": [
      [
        -0.484718735950507,
        0.504883885947557,
        0.714240861844964,
        -0.0294399545125762
      ],
      [
        -0.74615715456029,
        -0.664770517921586,
        -0.036464492328253,
        -0.0320473001153608
      ],
      [
        0.456395933063644,
        -0.550610951773356,
        0.698949448866086,
        0.0270233164806513
      ],
      [
        0.0,
        0.0,
        0.0,
        1.0
      ]
    ]
  },
  "T_WP": {
    "0": [
      [
        -0.67347776465854,
        0.382776328943341,
        0.632384362955944,
        0.0737426289771825
      ],
      [
        0.00112571688470942,
        0.85601976213231,
        -0.516941872554776,
        -0.0681385793430823
      ],
      [
        -0.739206624207353,
        -0.347436971031585,
        -0.576941173680962,
        -0.0674821916648769
      ],
      [
        0.0,
        0.0,
        0.0,
        1.0
      ]
    ],
    "1": [
      [
        -0.714248241141545,
        -0.504179721076161,
        -0.485440273238402,
        -0.0634565426969545
      ],
      [
        -0.035719347337155,
        -0.666429968186208,
        0.744711505033418,
        0.0840824536165872
      ],
      [
        -0.698980384740529,
        0.549248492359237,
        0.457987462043545,
        0.0591554318502577
      ],
      [
        0.0,
        0.0,
        0.0,
        1.0
      ]
    ],
    "2": [
      [
        -0.672994438963278,
        -0.384356278440583,
        0.631940453166126,
        0.073675786234205
      ],
      [
        -0.000702760945295703,
        0.854712416940766,
        0.519101329659565,
        0.0683843931915303
      ],
      [
        -0.739647207289771,
        0.348908205049093,
        -0.575486814095565,
        -0.0673073934673409
      ],
      [
        0.0,
        0.0,
        0.0,
        1.0
      ]
    ],
    "3": [
      [
        -0.714240861844964,
        0.504883885947557,
        -0.484718735950507,
        -0.0633702660291117
      ],
      [
        0.036464492328253,
        -0.664770517921586,
        -0.74615715456029,
        -0.0842783009345811
      ],
      [
        -0.698949448866086,
        -0.550610951773356,
        0.456395933063644,
        0.0589710317951064
      ],
      [
        0.0,
        0.0,
        0.0,
        1.0
      ]
    ]
  }
}