{
  "T_WB": [
    [
      0.670271107129868,
      -0.00126812195098342,
      0.742115243620301,
      -0.0208790874428227
    ],
    [
      0.000967069602903778,
      0.999999183487399,
      0.000835344789727956,
      2.8785429402073e-05
    ],
    [
      -0.742115696992918,
      0.0001577696169106,
      0.670271786207255,
      0.316582605456769
    ],
    [
      0.0,
      0.0,
      0.0,
      1.0
    ]
  ],
  "T_WH": {
    "0": [
      [
        0.438610001687921,
        0.884278867077216,
        -0.16022531529055,
        0.00597233674480354
      ],
      [
        -0.71710184272218,
        0.236923227087978,
        -0.655463447974539,
        -0.0319325056580786
      ],
      [
        -0.541651376425626,
        0.402390692868079,
        0.73803490209432,
        0.286892928949311
      ],
      [
        0.0,
        0.0,
        0.0,
        1.0
      ]
    ],
    "1": [
      [
        -0.45066819504853,
        -0.387979953093142,
        0.803971227078149,
        -0.0477305116304489
      ],
      [
        0.680660453616216,
        -0.73205329799146,
        0.0282721732944769,
        0.0319900765168827
      ],
      [
        0.577580751804168,
        0.55997278942612,
        0.593995749351511,
        0.346272281964227
      ],
      [
        0.0,
        0.0,
        0.0,
        1.0
      ]
    ],
    "2": [
      [
        0.437315691197867,
        -0.884477256020877,
        -0.162649838038385,
        0.0058911769399406
      ],
      [
        0.718220968164555,
        0.234652422490721,
        0.655054869081977,
        0.032067442085115
      ],
      [
        -0.541214954635311,
        -0.40328429699285,
        0.737867297471626,
        0.286903026204793
      ],
      [
        0.0,
        0.0,
        0.0,
        1.0
      ]
    ],
    "3": [
      [
        -0.449259371031179,
        0.389659459912453,
        0.80394746273709,
        -0.0476493518255859
      ],
      [
        -0.681701338214369,
        -0.731147895760451,
        -0.0265714132443777,
        -0.0320098712263109
      ],
      [
        0.577450693148262,
        -0.559989517603499,
        0.594106419050317,
        0.346262184708744
      ],
      [
        0.0,
        0.0,
        0.0,
        1.0
      ]
    ]
  },
  "T_WP": {
    "0": [
      [
        0.16022531529055,
        0.884278867077216,
        0.438610001687921,
        0.036675036862958
      ],
      [
        0.655463447974539,
        0.236923227087978,
        -0.71710184272218,
        -0.0821296346486312
      ],
      [
        -0.73803490209432,
        0.402390692868079,
        -0.541651376425626,
        0.248977332599517
      ],
      [
        0.0,
        0.0,
        0.0,
        1.0
      ]
    ],
    "1": [
      [
        -0.803971227078149,
        -0.387979953093142,
        -0.45066819504853,
        -0.0792772852838459
      ],
      [
        -0.0282721732944769,
        -0.73205329799146,
        0.680660453616216,
        0.0796363082700178
      ],
      [
        -0.593995749351511,
        0.55997278942612,
        0.577580751804168,
        0.386702934590518
      ],
      [
        0.0,
        0.0,
        0.0,
        1.0
      ]
    ],
    "2": [
      [
        0.162649838038385,
        -0.884477256020877,
        0.437315691197867,
        0.0365032753237913
      ],
      [
        -0.655054869081977,
        0.234652422490721,
        0.718220968164555,
        0.0823429098566338
      ],
      [
        -0.737867297471626,
        -0.40328429699285,
        -0.541214954635311,
        0.249017979380321
      ],
      [
        0.0,
        0.0,
        0.0,
        1.0
      ]
    ],
    "3": [
      [
        -0.80394746273709,
        0.389659459912453,
        -0.449259371031179,
        -0.0790975077977684
      ],
      [
        0.0265714132443777,
        -0.731147895760451,
        -0.681701338214369,
        -0.0797289649013167
      ],
      [
        -0.594106419050317,
        -0.559989517603499,
        0.577450693148262,
        0.386683733229123
      ],
      [
        0.0,
        0.0,
        0.0,
        1.0
      ]
    ]
  },
  "simTime": 0.411499999999971,
  "state": [
    -0.0208790874428227,
    2.8785429402073e-05,
    0.316582605456769,
    0.913857493926778,
    -0.00018536127824095,
    0.40603457061877,
    0.00061147158302624,
    -0.210370573876366,
    0.000239981400558562,
    0.88605092335076,
    -0.0103363265864588,
    -5.05758994303086,
    0.00361117419443011,
    0.829046195827125,
    0.55879793033786,
    0.0113789467285357,
    -0.0172568191172683,
    0.99853022710359,
    0.0439383855545508,
    -0.0258585051085419,
    0.0183886255294996,
    0.828804972452762,
    -0.559166442883264,
    0.0112221734773812,
    0.0170079279542735,
    0.998529329072262,
    -0.043935149171832,
    -0.0257600831228924,
    -0.0185822433319655,
    0.437706122533343,
    -0.128044053920855,
    -5.64625767034198,
    0.197205797686785,
    0.375445425167989,
    -0.518620705279432,
    -0.440556982483018,
    -0.124935968083123,
    5.65066373216986,
    -0.200562744134947,
    0.374548449235689,
    0.518080425390705
  ]
}