{
  "T_WB": [
    [
      -0.342018629270481,
      0.0400372738570474,
      -0.938839855318274,
      -0.2660404515794
    ],
    [
      -0.00230423149488009,
      0.99905318344633,
      0.0434445297243684,
      -0.00263988052896177
    ],
    [
      0.939690346736179,
      0.0170221428689022,
      -0.341602545223234,
      0.131345360686691
    ],
    [
      0.0,
      0.0,
      0.0,
      1.0
    ]
  ],
  "T_WH": {
    "0": [
      [
        -0.00565967230443209,
        0.162983821989456,
        -0.986612508474891,
        -0.281002389513645
      ],
      [
        -0.384118498557869,
        0.910581076567351,
        0.152627265136646,
        -0.0347017516590395
      ],
      [
        0.92326645513365,
        0.379839935719182,
        0.0574515104918248,
        0.168388265984333
      ],
      [
        0.0,
        0.0,
        0.0,
        1.0
      ]
    ],
    "1": [
      [
        0.498021271737511,
        0.500630233497828,
        -0.708056623586605,
        -0.251078513645155
      ],
      [
        0.703227536347824,
        -0.710919513695984,
        -0.00802976764514037,
        0.029421990601116
      ],
      [
        -0.50739121496053,
        -0.493925919905177,
        -0.706110006037801,
        0.0943024553890488
      ],
      [
        0.0,
        0.0,
        0.0,
        1.0
      ]
    ],
    "2": [
      [
        0.016867587798311,
        -0.0121936212711758,
        -0.999783376578228,
        -0.278440003986794
      ],
      [
        0.37969079946037,
        0.925100595884889,
        -0.00487691486183572,
        0.0292376520815256
      ],
      [
        0.924959664681121,
        -0.379526287750558,
        0.0202340213321279,
        0.169477683127943
      ],
      [
        0.0,
        0.0,
        0.0,
        1.0
      ]
    ],
    "3": [
      [
        0.285869039288659,
        -0.554354808607757,
        -0.781645468578714,
        -0.253640899172006
      ],
      [
        -0.600244787864337,
        -0.73942587342333,
        0.304886162942569,
        -0.0345174131394491
      ],
      [
        -0.746983993816385,
        0.382021103979353,
        -0.544127548555043,
        0.093213038245439
      ],
      [
        0.0,
        0.0,
        0.0,
        1.0
      ]
    ]
  },
  "T_WP": {
    "0": [
      [
        0.986612508474891,
        0.162983821989456,
        -0.00565967230443215,
        -0.281398566574955
      ],
      [
        -0.152627265136646,
        0.910581076567351,
        -0.384118498557869,
        -0.0615900465580903
      ],
      [
        -0.0574515104918247,
        0.379839935719182,
        0.92326645513365,
        0.233016917843689
      ],
      [
        0.0,
        0.0,
        0.0,
        1.0
      ]
    ],
    "1": [
      [
        0.708056623586605,
        0.500630233497828,
        0.498021271737511,
        -0.216217024623529
      ],
      [
        0.00802976764514042,
        -0.710919513695984,
        0.703227536347824,
        0.0786479181454637
      ],
      [
        0.706110006037801,
        -0.493925919905177,
        -0.50739121496053,
        0.0587850703418117
      ],
      [
        0.0,
        0.0,
        0.0,
        1.0
      ]
    ],
    "2": [
      [
        0.999783376578228,
        -0.0121936212711758,
        0.0168675877983109,
        -0.277259272840912
      ],
      [
        0.00487691486183574,
        0.925100595884889,
        0.37969079946037,
        0.0558160080437515
      ],
      [
        -0.0202340213321278,
        -0.379526287750558,
        0.924959664681121,
        0.234224859655622
      ],
      [
        0.0,
        0.0,
        0.0,
        1.0
      ]
    ],
    "3": [
      [
        0.781645468578714,
        -0.554354808607757,
        0.285869039288659,
        -0.2336300664218
      ],
      [
        -0.304886162942569,
        -0.73942587342333,
        -0.600244787864337,
        -0.0765345482899527
      ],
      [
        0.544127548555043,
        0.382021103979353,
        -0.746983993816385,
        0.0409241586782921
      ],
      [
        0.0,
        0.0,
        0.0,
        1.0
      ]
    ]
  },
  "simTime": 1.10449999999989,
  "state": [
    -0.2660404515794,
    -0.00263988052896177,
    0.131345360686691,
    -0.573461421752287,
    0.0115188161981015,
    0.818943581380922,
    0.0184587418376582,
    -0.364655459562151,
    -0.0279141329757159,
    0.718820612354011,
    -1.88830771786854,
    9.03923004540337,
    -2.71098410753894,
    0.955653202773597,
    -0.15704529485428,
    0.136742766665093,
    0.208243000260454,
    0.976117795203391,
    -0.170143066550954,
    0.135075478850004,
    -4.24894158950924e-05,
    0.964443399891474,
    0.121322755262374,
    0.139730036059912,
    -0.188693493486171,
    0.980428224471238,
    0.182967039136377,
    0.00652744466550449,
    -0.0723944177128495,
    0.97867015723596,
    -0.311523271959091,
    1.52464903406246,
    -0.0101275822760383,
    3.6664833185858,
    1.30069297921946,
    -3.20529290984678,
    -0.608817466748957,
    -0.0377494376400851,
    -0.531890280752582,
    -0.668438693588653,
    -3.4380860366895
  ]
}