{
  "arms": {
    "0": [
      [
        0.808970093727112,
        0.535749614238739,
        0.241949513554573,
        0.0113689601421356
      ],
      [
        -0.481357157230377,
        0.367455273866653,
        0.795783817768097,
        0.633871972560883
      ],
      [
        0.337435305118561,
        -0.760229468345642,
        0.555147230625153,
        0.0320462770760059
      ],
      [
        0.0,
        0.0,
        0.0,
        1.0
      ]
    ],
    "1": [
      [
        0.874895334243774,
        0.298926621675491,
        -0.381052285432816,
        -0.025708531960845
      ],
      [
        -0.472808927297592,
        0.697636783123016,
        -0.538288593292236,
        0.562982976436615
      ],
      [
        0.104927286505699,
        0.651111125946045,
        0.75169438123703,
        0.0321007817983627
      ],
      [
        0.0,
        0.0,
        0.0,
        1.0
      ]
    ],
    "2": [
      [
        0.67388790845871,
        -0.621382117271423,
        -0.399698793888092,
        -0.025959525257349
      ],
      [
        -0.737374722957611,
        -0.531662404537201,
        -0.416669726371765,
        0.563065052032471
      ],
      [
        0.0464063137769699,
        0.575516521930695,
        -0.816472411155701,
        -0.0318986736238003
      ],
      [
        0.0,
        0.0,
        0.0,
        1.0
      ]
    ],
    "3": [
      [
        0.931049346923828,
        -0.251214236021042,
        0.264647603034973,
        0.0111179668456316
      ],
      [
        -0.364447087049484,
        -0.6043581366539,
        0.708469927310944,
        0.633954048156738
      ],
      [
        -0.0180357713252306,
        -0.756070554256439,
        -0.654241621494293,
        -0.0319531783461571
      ],
      [
        0.0,
        0.0,
        0.0,
        1.0
      ]
    ]
  },
  "base": [
    [
      0.463468670845032,
      -0.00392177142202854,
      -0.886104583740234,
      -0.00729528209194541
    ],
    [
      0.886113047599792,
      0.00128230324480683,
      0.463467419147491,
      0.598468482494354
    ],
    [
      -0.000681358738802373,
      -0.999991476535797,
      0.00406944053247571,
      7.38006419851445e-05
    ],
    [
      0.0,
      0.0,
      0.0,
      1.0
    ]
  ]
}