{
  "T_WB": [
    [
      0.992708262691156,
      -0.00233463826722866,
      -0.120519104912326,
      -0.0891362424610877
    ],
    [
      0.00258634074179993,
      0.999994788889805,
      0.00193210631225294,
      2.19832150557105e-05
    ],
    [
      0.120513966104657,
      -0.00222972137177124,
      0.992709127749075,
      0.236686851295293
    ],
    [
      0.0,
      0.0,
      0.0,
      1.0
    ]
  ],
  "T_WH": {
    "0": [
      [
        -0.153491089245148,
        0.951993803973209,
        -0.264855210858607,
        -0.0493532035288901
      ],
      [
        -0.835466485062888,
        -0.268154395856513,
        -0.4796759034176,
        -0.031874396399746
      ],
      [
        -0.527670577026046,
        0.147651675166413,
        0.836518227513036,
        0.241578761023376
      ],
      [
        0.0,
        0.0,
        0.0,
        1.0
      ]
    ],
    "1": [
      [
        -0.628470745314814,
        -0.772981552908463,
        -0.0867412309496666,
        -0.128919281393285
      ],
      [
        0.772039091137664,
        -0.633484489509545,
        0.0515077014257152,
        0.0319183628298575
      ],
      [
        -0.094763727442374,
        -0.0345965376020706,
        0.994898444841068,
        0.23179494156721
      ],
      [
        0.0,
        0.0,
        0.0,
        1.0
      ]
    ],
    "2": [
      [
        -0.157317958845912,
        -0.950645006552929,
        -0.267441827956171,
        -0.0495026203779927
      ],
      [
        0.831957869850583,
        -0.273488222669546,
        0.482752829981072,
        0.0321252700892015
      ],
      [
        -0.532068757416029,
        -0.146554643655652,
        0.833921203594637,
        0.241436058855582
      ],
      [
        0.0,
        0.0,
        0.0,
        1.0
      ]
    ],
    "3": [
      [
        -0.624890874490487,
        0.775946635105602,
        -0.0861290569251065,
        -0.128769864544183
      ],
      [
        -0.775339536573228,
        -0.629722768638916,
        -0.0479357662309847,
        -0.03208130365909
      ],
      [
        -0.0914330246952781,
        0.0368246402023497,
        0.995130116049675,
        0.231937643735003
      ],
      [
        0.0,
        0.0,
        0.0,
        1.0
      ]
    ]
  },
  "T_WP": {
    "0": [
      [
        0.264855210858607,
        0.951993803973209,
        -0.153491089245148,
        -0.0600975797760505
      ],
      [
        0.4796759034176,
        -0.268154395856513,
        -0.835466485062888,
        -0.0903570503541482
      ],
      [
        -0.836518227513036,
        0.147651675166413,
        -0.527670577026046,
        0.204641820631552
      ],
      [
        0.0,
        0.0,
        0.0,
        1.0
      ]
    ],
    "1": [
      [
        0.0867412309496666,
        -0.772981552908463,
        -0.628470745314814,
        -0.172912233565322
      ],
      [
        -0.0515077014257152,
        -0.633484489509545,
        0.772039091137664,
        0.0859610992094939
      ],
      [
        -0.994898444841068,
        -0.0345965376020706,
        -0.0947637274423739,
        0.225161480646244
      ],
      [
        0.0,
        0.0,
        0.0,
        1.0
      ]
    ],
    "2": [
      [
        0.267441827956171,
        -0.950645006552929,
        -0.157317958845912,
        -0.0605148774972066
      ],
      [
        -0.482752829981072,
        -0.273488222669546,
        0.831957869850583,
        0.0903623209787422
      ],
      [
        -0.833921203594637,
        -0.146554643655652,
        -0.532068757416029,
        0.20419124583646
      ],
      [
        0.0,
        0.0,
        0.0,
        1.0
      ]
    ],
    "3": [
      [
        0.0861290569251065,
        0.775946635105602,
        -0.624890874490487,
        -0.172512225758517
      ],
      [
        0.0479357662309846,
        -0.629722768638916,
        -0.775339536573228,
        -0.086355071219216
      ],
      [
        -0.995130116049675,
        0.0368246402023497,
        -0.0914330246952781,
        0.225537332006334
      ],
      [
        0.0,
        0.0,
        0.0,
        1.0
      ]
    ]
  },
  "simTime": 0.654999999999944,
  "state": [
    -0.0891362424610877,
    2.19832150557105e-05,
    0.236686851295293,
    0.998174856842482,
    -0.00104235937608899,
    -0.0603684488155315,
    0.00123249423066893,
    -0.334726675343827,
    -0.000285245261212465,
    -1.55726598113064,
    -0.0118393092153059,
    -2.71468855597949,
    0.000276061935174871,
    0.834532576267785,
    0.145858061580743,
    0.219132658063479,
    -0.48400587102823,
    0.998301723375283,
    0.0291931440324026,
    0.00697350119441723,
    -0.0499279453666392,
    0.834392969692411,
    -0.146127450162713,
    0.219417144355835,
    0.484036421356446,
    0.998294092601145,
    -0.0294889237175263,
    0.00701702944327526,
    0.0499005947202161,
    -4.99696238469226,
    -2.50895211579464,
    -1.83741654950999,
    -0.456969194683989,
    0.101083121381674,
    -0.466946495526967,
    4.99883133643692,
    -2.51146001878898,
    1.83867624083592,
    0.45607575839674,
    0.100760088380829,
    0.469934313152804
  ]
}