{
  "T_WB": [
    [
      -0.55379597542973,
      0.0676962277901978,
      0.829895920185665,
      -0.189062673332445
    ],
    [
      0.0435256850428204,
      0.997680449158799,
      -0.0523377120998832,
      -0.000483678526584593
    ],
    [
      -0.831514000086221,
      0.00713737411620766,
      -0.555457942198452,
      0.194485221831812
    ],
    [
      0.0,
      0.0,
      0.0,
      1.0
    ]
  ],
  "T_WH": {
    "0": [
      [
        -0.680465802135539,
        -0.678489244095487,
        0.276800718515637,
        -0.213380791638921
      ],
      [
        -0.689692033219296,
        0.720623914538671,
        0.0708948031155741,
        -0.0306684254979533
      ],
      [
        -0.247570578700039,
        -0.142665761280331,
        -0.958308556322248,
        0.160996265856644
      ],
      [
        0.0,
        0.0,
        0.0,
        1.0
      ]
    ],
    "1": [
      [
        0.333014513079491,
        0.195656141705921,
        0.922399050460907,
        -0.16474455502597
      ],
      [
        0.805531375889216,
        -0.567510614326991,
        -0.170443260600783,
        0.0297010684447842
      ],
      [
        0.490122981032777,
        0.799781455673332,
        -0.346596431927092,
        0.227974177806979
      ],
      [
        0.0,
        0.0,
        0.0,
        1.0
      ]
    ],
    "2": [
      [
        -0.580131986055638,
        0.77078753429743,
        0.263312467852988,
        -0.209048233060348
      ],
      [
        0.77886388436872,
        0.619552414335847,
        -0.0976004893260934,
        0.0331831232482098
      ],
      [
        -0.238365115696931,
        0.148463405801943,
        -0.959760745580104,
        0.161453057800082
      ],
      [
        0.0,
        0.0,
        0.0,
        1.0
      ]
    ],
    "3": [
      [
        0.211091932580396,
        -0.264722934714789,
        0.94093674805242,
        -0.169077113604542
      ],
      [
        -0.856040213536664,
        -0.514747265730536,
        0.0472271662397786,
        -0.034150480301379
      ],
      [
        0.471842504240108,
        -0.815448968519139,
        -0.335272472674834,
        0.227517385863542
      ],
      [
        0.0,
        0.0,
        0.0,
        1.0
      ]
    ]
  },
  "T_WP": {
    "0": [
      [
        -0.276800718515637,
        -0.678489244095487,
        -0.680465802135539,
        -0.261013397788408
      ],
      [
        -0.0708948031155741,
        0.720623914538671,
        -0.689692033219296,
        -0.078946867823304
      ],
      [
        0.958308556322248,
        -0.142665761280331,
        -0.247570578700039,
        0.143666325347642
      ],
      [
        0.0,
        0.0,
        0.0,
        1.0
      ]
    ],
    "1": [
      [
        -0.922399050460907,
        0.195656141705921,
        0.333014513079491,
        -0.141433539110405
      ],
      [
        0.170443260600783,
        -0.567510614326991,
        0.805531375889216,
        0.0860882647570293
      ],
      [
        0.346596431927092,
        0.799781455673332,
        0.490122981032777,
        0.262282786479274
      ],
      [
        0.0,
        0.0,
        0.0,
        1.0
      ]
    ],
    "2": [
      [
        -0.263312467852988,
        0.77078753429743,
        -0.580131986055638,
        -0.249657472084243
      ],
      [
        0.0976004893260935,
        0.619552414335847,
        0.77886388436872,
        0.0877035951540202
      ],
      [
        0.959760745580104,
        0.148463405801943,
        -0.238365115696931,
        0.144767499701297
      ],
      [
        0.0,
        0.0,
        0.0,
        1.0
      ]
    ],
    "3": [
      [
        -0.94093674805242,
        -0.264722934714789,
        0.211091932580396,
        -0.154300678323915
      ],
      [
        -0.0472271662397786,
        -0.514747265730536,
        -0.856040213536664,
        -0.0940732952489455
      ],
      [
        0.335272472674834,
        -0.815448968519139,
        0.471842504240108,
        0.26054636116035
      ],
      [
        0.0,
        0.0,
        0.0,
        1.0
      ]
    ]
  },
  "simTime": 0.925999999999914,
  "state": [
    -0.189062673332445,
    -0.000483678526584593,
    0.194485221831812,
    0.471281903835331,
    0.0315496339516103,
    0.881324906998971,
    -0.0128217010618674,
    -0.468168001579412,
    -0.00166374191817793,
    0.13187091050884,
    0.474080399688003,
    13.032385840343,
    -0.232776085048659,
    0.937605508841368,
    -0.27656049125599,
    0.210621907052448,
    -0.00697257026890048,
    0.987256964702712,
    -0.124756939644959,
    0.0311115099759967,
    -0.0937628156756489,
    0.937190273828322,
    0.278510732239755,
    0.20991270351673,
    0.00654366649268511,
    0.986116278090397,
    0.128469345128098,
    0.0343051777829983,
    0.0994659148893636,
    -0.522178091248894,
    -2.13457059699228,
    2.96348707039855,
    -1.19089918008438,
    -0.739513659381828,
    0.937710922417946,
    0.57035620646103,
    -2.10981567354238,
    -2.96233269780574,
    1.21550253772652,
    -0.760009491882676,
    -1.00343912747666
  ]
}