{
  "T_WB": [
    [
      -0.548551481947319,
      0.0322084935404526,
      -0.835496190653947,
      -0.256304173416628
    ],
    [
      0.0605737302939966,
      0.998162890988781,
      -0.00129083352525306,
      -0.0015196960068812
    ],
    [
      0.833919717269997,
      -0.0513172095575585,
      -0.549494721677611,
      0.11141002675683
    ],
    [
      0.0,
      0.0,
      0.0,
      1.0
    ]
  ],
  "T_WH": {
    "0": [
      [
        -0.22100747717147,
        0.0717539521303033,
        -0.972628945378444,
        -0.279276904487815
      ],
      [
        -0.34788222349546,
        0.925885966321244,
        0.147353778184446,
        -0.0310379593067623
      ],
      [
        0.9111167069098,
        0.370926606922526,
        -0.17966579715345,
        0.146408966153471
      ],
      [
        0.0,
        0.0,
        0.0,
        1.0
      ]
    ],
    "1": [
      [
        0.46548192971247,
        0.626474785616772,
        -0.625184705585137,
        -0.233331442345441
      ],
      [
        0.647800117456491,
        -0.722471006143524,
        -0.241641579835342,
        0.0279985672929999
      ],
      [
        -0.603060180193081,
        -0.292514936829529,
        -0.742127637807073,
        0.0764110873601878
      ],
      [
        0.0,
        0.0,
        0.0,
        1.0
      ]
    ],
    "2": [
      [
        -0.19322427806092,
        -0.0213058613555695,
        -0.980923258282591,
        -0.277215560901226
      ],
      [
        0.445880524778147,
        0.888658104687641,
        -0.10713230416888,
        0.0328444657165196
      ],
      [
        0.873987949568757,
        -0.458075139300167,
        -0.162210452079183,
        0.143124664741788
      ],
      [
        0.0,
        0.0,
        0.0,
        1.0
      ]
    ],
    "3": [
      [
        0.404420685252786,
        -0.678003636168573,
        -0.613803697188166,
        -0.23539278593203
      ],
      [
        -0.722440616372535,
        -0.648373503114773,
        0.240190250164216,
        -0.035883857730282
      ],
      [
        -0.560823916354268,
        0.346298815765909,
        -0.75203302124587,
        0.0796953887718716
      ],
      [
        0.0,
        0.0,
        0.0,
        1.0
      ]
    ]
  },
  "T_WP": {
    "0": [
      [
        0.972628945378444,
        0.0717539521303033,
        -0.22100747717147,
        -0.294747427889818
      ],
      [
        -0.147353778184446,
        0.925885966321244,
        -0.34788222349546,
        -0.0553897149514445
      ],
      [
        0.17966579715345,
        0.370926606922526,
        0.9111167069098,
        0.210187135637157
      ],
      [
        0.0,
        0.0,
        0.0,
        1.0
      ]
    ],
    "1": [
      [
        0.625184705585137,
        0.626474785616772,
        0.46548192971247,
        -0.200747707265568
      ],
      [
        0.241641579835342,
        -0.722471006143524,
        0.647800117456491,
        0.0733445755149543
      ],
      [
        0.742127637807073,
        -0.292514936829529,
        -0.603060180193081,
        0.0341968747466721
      ],
      [
        0.0,
        0.0,
        0.0,
        1.0
      ]
    ],
    "2": [
      [
        0.980923258282591,
        -0.0213058613555695,
        -0.19322427806092,
        -0.290741260365491
      ],
      [
        0.10713230416888,
        0.888658104687641,
        0.445880524778147,
        0.06405610245099
      ],
      [
        0.162210452079183,
        -0.458075139300167,
        0.873987949568757,
        0.204303821211601
      ],
      [
        0.0,
        0.0,
        0.0,
        1.0
      ]
    ],
    "3": [
      [
        0.613803697188166,
        -0.678003636168573,
        0.404420685252786,
        -0.207083337964335
      ],
      [
        -0.240190250164216,
        -0.648373503114773,
        -0.722440616372535,
        -0.0864547008763595
      ],
      [
        0.75203302124587,
        0.346298815765909,
        -0.560823916354268,
        0.0404377146270728
      ],
      [
        0.0,
        0.0,
        0.0,
        1.0
      ]
    ]
  },
  "simTime": 1.0799999999999,
  "state": [
    -0.256304173416628,
    -0.0015196960068812,
    0.11141002675683,
    -0.474372397848951,
    0.0263645061660158,
    0.879802406028437,
    -0.014948823372822,
    -0.435983282716603,
    -0.0763454859043868,
    0.859465401422085,
    0.0529275859605348,
    11.7053077019952,
    -0.837902900779058,
    0.958527628697009,
    -0.16456868827374,
    0.131664947672868,
    0.191849611463383,
    0.982349485580954,
    -0.184524978748054,
    0.026967439868875,
    0.014586897675101,
    0.957075863509327,
    0.167353070579501,
    0.132582383309312,
    -0.196011869261814,
    0.981028511145243,
    0.192383161645716,
    0.0104560352394018,
    -0.0215046683866232,
    1.73320218587724,
    -1.1318273021961,
    1.39750054484764,
    3.75967921161053,
    18.6199960042554,
    -1.33957307446108,
    -3.29519090512508,
    -1.10401618409528,
    -1.08976344868377,
    0.365165374773043,
    -1.79836962894136,
    -2.64814409289297
  ]
}