{
  "T_WB": [
    [
      0.264996758293192,
      0.0399748894487026,
      0.963420326912228,
      -0.159531487158049
    ],
    [
      0.0142493927455682,
      0.998868838910046,
      -0.045365156903511,
      -0.000384311592352306
    ],
    [
      -0.964144010457194,
      0.0257497741361284,
      0.264127386371531,
      0.166769586584415
    ],
    [
      0.0,
      0.0,
      0.0,
      1.0
    ]
  ],
  "T_WH": {
    "0": [
      [
        -0.328130859444549,
        -0.317453811782272,
        0.889692765208916,
        -0.15021081328868
      ],
      [
        -0.825851693608716,
        0.553634440760611,
        -0.10704151609213,
        -0.031778138727651
      ],
      [
        -0.458583819212799,
        -0.769877901610763,
        -0.443834312967813,
        0.127379833393771
      ],
      [
        0.0,
        0.0,
        0.0,
        1.0
      ]
    ],
    "1": [
      [
        -0.177896702763188,
        -0.410788587325576,
        0.894206631416387,
        -0.168852161027418
      ],
      [
        0.853142099953702,
        -0.517242440785338,
        -0.0678882518335384,
        0.0310095155429464
      ],
      [
        0.490409339666949,
        0.750808227161559,
        0.442476762772852,
        0.206159339775059
      ],
      [
        0.0,
        0.0,
        0.0,
        1.0
      ]
    ],
    "2": [
      [
        -0.257018571510914,
        0.359610186540821,
        0.897007228306754,
        -0.147652420363963
      ],
      [
        0.871610218136306,
        0.487167672398191,
        0.0544360782065408,
        0.0321494669625919
      ],
      [
        -0.417417155300149,
        0.795831748993595,
        -0.438651052380963,
        0.129027818938483
      ],
      [
        0.0,
        0.0,
        0.0,
        1.0
      ]
    ],
    "3": [
      [
        -0.247162841669956,
        0.378225255620986,
        0.892107720910469,
        -0.171410553952135
      ],
      [
        -0.868073663377867,
        -0.495502082025834,
        -0.0304269889701973,
        -0.0329180901472965
      ],
      [
        0.43053297742143,
        -0.781935638475765,
        0.450797085875824,
        0.204511354230347
      ],
      [
        0.0,
        0.0,
        0.0,
        1.0
      ]
    ]
  },
  "T_WP": {
    "0": [
      [
        -0.889692765208916,
        -0.317453811782272,
        -0.328130859444549,
        -0.173179973449798
      ],
      [
        0.10704151609213,
        0.553634440760611,
        -0.825851693608716,
        -0.0895877572802611
      ],
      [
        0.443834312967813,
        -0.769877901610763,
        -0.458583819212799,
        0.0952789660488751
      ],
      [
        0.0,
        0.0,
        0.0,
        1.0
      ]
    ],
    "1": [
      [
        -0.894206631416387,
        -0.410788587325576,
        -0.177896702763188,
        -0.181304930220841
      ],
      [
        0.0678882518335385,
        -0.517242440785338,
        0.853142099953702,
        0.0907294625397056
      ],
      [
        -0.442476762772852,
        0.750808227161559,
        0.490409339666949,
        0.240487993551745
      ],
      [
        0.0,
        0.0,
        0.0,
        1.0
      ]
    ],
    "2": [
      [
        -0.897007228306754,
        0.359610186540821,
        -0.257018571510914,
        -0.165643720369727
      ],
      [
        -0.0544360782065408,
        0.487167672398191,
        0.871610218136306,
        0.0931621822321334
      ],
      [
        0.438651052380963,
        0.795831748993595,
        -0.417417155300149,
        0.0998086180674728
      ],
      [
        0.0,
        0.0,
        0.0,
        1.0
      ]
    ],
    "3": [
      [
        -0.892107720910469,
        0.378225255620986,
        -0.247162841669956,
        -0.188711952869032
      ],
      [
        0.0304269889701972,
        -0.495502082025834,
        -0.868073663377867,
        -0.0936832465837472
      ],
      [
        -0.450797085875824,
        -0.781935638475765,
        0.43053297742143,
        0.234648662649847
      ],
      [
        0.0,
        0.0,
        0.0,
        1.0
      ]
    ]
  },
  "simTime": 0.860499999999922,
  "state": [
    -0.159531487158049,
    -0.000384311592352306,
    0.166769586584415,
    0.794983173339972,
    0.0223636592020129,
    0.606165137203824,
    -0.00808995006619246,
    -0.424036637580564,
    -0.00186724214478974,
    0.720242348193752,
    0.485825101464745,
    13.0695643349406,
    -0.208965327518485,
    0.925681334688185,
    -0.254943120672344,
    0.250232649376694,
    -0.124505795116803,
    0.987968642585781,
    -0.0818325614677519,
    0.0507938309410314,
    -0.121001569779776,
    0.926125647942113,
    0.255478697908854,
    0.248591562522972,
    0.123386199313313,
    0.986567680514842,
    0.084319236524158,
    0.0541185706502893,
    0.129018054652507,
    -1.99244818036644,
    -2.33078419552091,
    2.69667776787281,
    -1.32581172826672,
    -0.919587948736611,
    0.471601399589999,
    2.02179488908585,
    -2.2948191689989,
    -2.65262532660378,
    1.37067064143114,
    -0.952574620962522,
    -0.525902492838537
  ]
}