{
  "T_WB": [
    [
      0.833009608962362,
      -0.00173746778801824,
      0.553255793084951,
      -0.0325307398336613
    ],
    [
      0.00136009643765257,
      0.999998478171489,
      0.00109260806622468,
      3.85763309235734e-05
    ],
    [
      -0.553256849495831,
      -0.000157671784709451,
      0.833010704388338,
      0.349152924145351
    ],
    [
      0.0,
      0.0,
      0.0,
      1.0
    ]
  ],
  "T_WH": {
    "0": [
      [
        0.305017708944231,
        0.890789207852781,
        -0.336836435682702,
        0.000845243494049817
      ],
      [
        -0.774002386662382,
        0.0258002294829578,
        -0.632656821349113,
        -0.031906971113058
      ],
      [
        -0.554873411393399,
        0.453683739329107,
        0.697342499778273,
        0.327027695662629
      ],
      [
        0.0,
        0.0,
        0.0,
        1.0
      ]
    ],
    "1": [
      [
        -0.576301385357308,
        -0.526321189863752,
        0.625190145744198,
        -0.0659067231613723
      ],
      [
        0.70038853648603,
        -0.712279148773663,
        0.0459816504838899,
        0.0319841237749051
      ],
      [
        0.42110878783778,
        0.464375300078148,
        0.779116788089645,
        0.371278152628074
      ],
      [
        0.0,
        0.0,
        0.0,
        1.0
      ]
    ],
    "2": [
      [
        0.302745526763751,
        -0.890457102839452,
        -0.339751812397385,
        0.000734045555616646
      ],
      [
        0.774615793449291,
        0.0222065846140464,
        0.632042118959412,
        0.0320929314899173
      ],
      [
        -0.555261666751329,
        -0.45452504397728,
        0.696485079405143,
        0.327017604668407
      ],
      [
        0.0,
        0.0,
        0.0,
        1.0
      ]
    ],
    "3": [
      [
        -0.574177833243857,
        0.528467733181381,
        0.625333247794744,
        -0.0657955252229392
      ],
      [
        -0.701973273897618,
        -0.710854774421482,
        -0.0438065339377893,
        -0.0320157788280702
      ],
      [
        0.421370785110749,
        -0.46411996796983,
        0.779127278938964,
        0.371288243622295
      ],
      [
        0.0,
        0.0,
        0.0,
        1.0
      ]
    ]
  },
  "T_WP": {
    "0": [
      [
        0.336836435682702,
        0.890789207852781,
        0.305017708944231,
        0.022196483120146
      ],
      [
        0.632656821349113,
        0.0258002294829578,
        -0.774002386662382,
        -0.0860871381794247
      ],
      [
        -0.697342499778273,
        0.453683739329107,
        -0.554873411393399,
        0.288186556865091
      ],
      [
        0.0,
        0.0,
        0.0,
        1.0
      ]
    ],
    "1": [
      [
        -0.625190145744198,
        -0.526321189863752,
        -0.576301385357308,
        -0.106247820136384
      ],
      [
        -0.0459816504838898,
        -0.712279148773663,
        0.70038853648603,
        0.0810113213289272
      ],
      [
        -0.779116788089645,
        0.464375300078148,
        0.42110878783778,
        0.400755767776718
      ],
      [
        0.0,
        0.0,
        0.0,
        1.0
      ]
    ],
    "2": [
      [
        0.339751812397385,
        -0.890457102839452,
        0.302745526763751,
        0.0219262324290792
      ],
      [
        -0.632042118959412,
        0.0222065846140464,
        0.774615793449291,
        0.0863160370313677
      ],
      [
        -0.696485079405143,
        -0.45452504397728,
        -0.555261666751329,
        0.288149287995814
      ],
      [
        0.0,
        0.0,
        0.0,
        1.0
      ]
    ],
    "3": [
      [
        -0.625333247794744,
        0.528467733181381,
        -0.574177833243857,
        -0.105987973550009
      ],
      [
        0.0438065339377892,
        -0.710854774421482,
        -0.701973273897618,
        -0.0811539080009035
      ],
      [
        -0.779127278938964,
        -0.46411996796983,
        0.421370785110749,
        0.400784198580048
      ],
      [
        0.0,
        0.0,
        0.0,
        1.0
      ]
    ]
  },
  "simTime": 0.462999999999965,
  "state": [
    -0.0325307398336613,
    3.85763309235734e-05,
    0.349152924145351,
    0.957342518579713,
    -0.00032649752483286,
    0.288954219912423,
    0.000808896545790703,
    -0.242250499353471,
    0.000135637458285021,
    0.377837293198422,
    -0.0109295771247206,
    -4.63579393273995,
    0.00233095794992907,
    0.82185582030265,
    0.544386147832332,
    0.0819805844881094,
    -0.146546635750948,
    0.998726923536696,
    0.0475651526136633,
    -0.0161582522495948,
    0.0045825041193114,
    0.821604214191006,
    -0.544817982123475,
    0.0819947870939349,
    0.146344581272775,
    0.998723446776002,
    -0.0476455543312669,
    -0.0160788726141044,
    -0.00477994432891843,
    -1.0038908633935,
    -0.993807231278665,
    -5.69514560329833,
    0.0679713665903642,
    0.320594851278502,
    -0.586161209063933,
    1.00211263417734,
    -0.992791087335377,
    5.70036554406586,
    -0.0712699531868484,
    0.319862373798406,
    0.586477645579893
  ]
}