{
  "T_WB": [
    [
      -2.22044604925031e-16,
      4.75306192414394e-20,
      1.0,
      -1.53337245114726e-36
    ],
    [
      -6.007416053739e-19,
      1.0,
      -4.75306192414394e-20,
      5.33016006977629e-21
    ],
    [
      -1.0,
      -6.007416053739e-19,
      -2.22044604925031e-16,
      0.405943673575001
    ],
    [
      0.0,
      0.0,
      0.0,
      1.0
    ]
  ],
  "T_WH": {
    "0": [
      [
        -1.57105576457099e-16,
        -1.54051351607274e-16,
        1.0,
        -8.88330517681698e-18
      ],
      [
        -0.707106779455507,
        0.707106782917588,
        -2.15966256395429e-18,
        -0.032
      ],
      [
        -0.707106782917588,
        -0.707106779455507,
        -2.2002117385278e-16,
        0.365943673575001
      ],
      [
        0.0,
        0.0,
        0.0,
        1.0
      ]
    ],
    "1": [
      [
        1.57105576457099e-16,
        1.54057896713695e-16,
        1.0,
        8.88330517681698e-18
      ],
      [
        0.707106779455507,
        -0.707106782917588,
        -2.15503447480911e-18,
        0.032
      ],
      [
        0.707106782917588,
        0.707106779455507,
        -2.20025801941903e-16,
        0.445943673575001
      ],
      [
        0.0,
        0.0,
        0.0,
        1.0
      ]
    ],
    "2": [
      [
        -1.57054594394753e-16,
        1.55218448437204e-16,
        1.0,
        -8.88026321718553e-18
      ],
      [
        0.707106779455507,
        0.707106782917588,
        1.2983507172737e-18,
        0.032
      ],
      [
        -0.707106782917588,
        0.707106779455507,
        -2.20810386171412e-16,
        0.365943673575001
      ],
      [
        0.0,
        0.0,
        0.0,
        1.0
      ]
    ],
    "3": [
      [
        1.57054594394753e-16,
        -1.54112546628052e-16,
        1.0,
        8.88026321718553e-18
      ],
      [
        -0.707106779455507,
        -0.707106782917588,
        2.08034138776589e-18,
        -0.032
      ],
      [
        0.707106782917588,
        -0.707106779455507,
        -2.20028395504749e-16,
        0.445943673575001
      ],
      [
        0.0,
        0.0,
        0.0,
        1.0
      ]
    ]
  },
  "T_WP": {
    "0": [
      [
        -1.0,
        -1.54051351607274e-16,
        -9.58732364997313e-17,
        -1.98806955288139e-17
      ],
      [
        -4.11381401418247e-17,
        0.707106782917588,
        -0.707106779455507,
        -0.0814974745618855
      ],
      [
        1.7672337093501e-16,
        -0.707106779455507,
        -0.707106782917588,
        0.31644619877077
      ],
      [
        0.0,
        0.0,
        0.0,
        1.0
      ]
    ],
    "1": [
      [
        -1.0,
        1.54057896713695e-16,
        2.18337916414467e-16,
        1.98806955288139e-17
      ],
      [
        4.54528371805881e-17,
        -0.707106782917588,
        0.707106779455507,
        0.0814974745618855
      ],
      [
        2.63323604859673e-16,
        0.707106779455507,
        0.707106782917588,
        0.495441148379232
      ],
      [
        0.0,
        0.0,
        0.0,
        1.0
      ]
    ],
    "2": [
      [
        -1.0,
        1.55218448437204e-16,
        -9.58222544373851e-17,
        -1.98740848248182e-17
      ],
      [
        4.19994519885053e-17,
        0.707106782917588,
        0.707106779455507,
        0.0814974745618855
      ],
      [
        1.77512583253642e-16,
        0.707106779455507,
        -0.707106782917588,
        0.31644619877077
      ],
      [
        0.0,
        0.0,
        0.0,
        1.0
      ]
    ],
    "3": [
      [
        -1.0,
        -1.54112546628052e-16,
        2.1828693435212e-16,
        1.98740848248182e-17
      ],
      [
        -4.53781440935449e-17,
        -0.707106782917588,
        -0.707106779455507,
        -0.0814974745618855
      ],
      [
        2.63326198422519e-16,
        -0.707106779455507,
        0.707106782917588,
        0.495441148379232
      ],
      [
        0.0,
        0.0,
        0.0,
        1.0
      ]
    ]
  },
  "simTime": 0.138500000000001,
  "state": [
    -1.53337245114726e-36,
    5.33016006977629e-21,
    0.405943673575001,
    0.707106781186548,
    -1.9558961986058e-19,
    0.707106781186548,
    -2.29198843040198e-19,
    -6.31997437820275e-35,
    3.89951115530363e-21,
    -1.35821409999998,
    6.94290191107835e-19,
    -6.52479438318964e-18,
    -1.21837344350436e-17,
    1.0,
    1.46214232673656e-18,
    3.13604906279939e-20,
    -3.69576264517914e-19,
    1.0,
    -1.45886977352607e-18,
    -3.13604906279934e-20,
    3.67150198423883e-19,
    1.0,
    -9.1220313503355e-19,
    3.94786825522384e-20,
    2.13902732207601e-19,
    1.0,
    1.46515403960954e-18,
    -3.94786825522379e-20,
    -3.61204335812995e-19,
    2.2279501634762e-17,
    5.85304527530687e-19,
    -1.3130622858421e-17,
    -2.23693426663709e-17,
    -5.85304527530682e-19,
    1.30958271348045e-17,
    -2.14953478187834e-17,
    6.14087388871667e-19,
    7.97845034772146e-18,
    2.23580275208627e-17,
    -6.14087388871662e-19,
    -1.30663171074678e-17
  ]
}