{
  "arms": {
    "0": [
      [
        0.150307044386864,
        0.62737900018692,
        0.764070153236389,
        0.0323530286550522
      ],
      [
        -0.929232776165009,
        -0.174215123057365,
        0.325845927000046,
        0.68721866607666
      ],
      [
        0.337541490793228,
        -0.75897604227066,
        0.556795418262482,
        0.0319766961038113
      ],
      [
        0.0,
        0.0,
        0.0,
        1.0
      ]
    ],
    "1": [
      [
        0.197463616728783,
        0.72771430015564,
        -0.656840860843658,
        -0.0458594039082527
      ],
      [
        -0.974014341831207,
        0.221457719802856,
        -0.0474611818790436,
        0.67040228843689
      ],
      [
        0.110924303531647,
        0.649144291877747,
        0.752534031867981,
        0.0321280993521214
      ],
      [
        0.0,
        0.0,
        0.0,
        1.0
      ]
    ],
    "2": [
      [
        -0.134662985801697,
        -0.80340176820755,
        -0.580009698867798,
        -0.046012956649065
      ],
      [
        -0.9898521900177,
        0.135869950056076,
        0.0416170582175255,
        0.6705402135849
      ],
      [
        0.0453706718981266,
        0.579728245735168,
        -0.813545763492584,
        -0.0318715684115887
      ],
      [
        0.0,
        0.0,
        0.0,
        1.0
      ]
    ],
    "3": [
      [
        0.319405078887939,
        -0.624143242835999,
        0.713039577007294,
        0.0321994759142399
      ],
      [
        -0.947498261928558,
        -0.198372319340706,
        0.250789731740952,
        0.687356650829315
      ],
      [
        -0.0150813981890678,
        -0.755707323551178,
        -0.654735803604126,
        -0.0320229716598988
      ],
      [
        0.0,
        0.0,
        0.0,
        1.0
      ]
    ]
  },
  "base": [
    [
      0.977655410766602,
      -0.00239925016649067,
      -0.210199862718582,
      -0.00682996260002255
    ],
    [
      0.210205048322678,
      0.00215547322295606,
      0.977654933929443,
      0.67887943983078
    ],
    [
      -0.00189255876466632,
      -0.999994814395905,
      0.00261164479888976,
      5.25632094650064e-05
    ],
    [
      0.0,
      0.0,
      0.0,
      1.0
    ]
  ]
}