{
  "T_WB": [
    [
      -2.22044604925031e-16,
      4.66841174725606e-20,
      1.0,
      -2.05254657772738e-37
    ],
    [
      -7.18034186387433e-19,
      1.0,
      -4.66841174725606e-20,
      4.51358230954287e-21
    ],
    [
      -1.0,
      -7.18034186387433e-19,
      -2.22044604925031e-16,
      0.3969081175
    ],
    [
      0.0,
      0.0,
      0.0,
      1.0
    ]
  ],
  "T_WH": {
    "0": [
      [
        -1.57111005248203e-16,
        -1.53894453364033e-16,
        1.0,
        -8.88327808876037e-18
      ],
      [
        -0.707106779455507,
        0.707106782917588,
        -2.27444511097229e-18,
        -0.032
      ],
      [
        -0.707106782917588,
        -0.707106779455507,
        -2.19914068776312e-16,
        -0.04
      ],
      [
        0.0,
        0.0,
        0.0,
        1.0
      ]
    ],
    "1": [
      [
        1.57111005248203e-16,
        1.53922528351606e-16,
        1.0,
        8.88327808876037e-18
      ],
      [
        0.707106779455507,
        -0.707106782917588,
        -2.25459309682917e-18,
        0.032
      ],
      [
        0.707106782917588,
        0.707106779455507,
        -2.19933920790358e-16,
        0.04
      ],
      [
        0.0,
        0.0,
        0.0,
        1.0
      ]
    ],
    "2": [
      [
        -1.57059147674781e-16,
        1.54914933388084e-16,
        1.0,
        -8.88029030524213e-18
      ],
      [
        0.707106779455507,
        0.707106782917588,
        1.5161879224012e-18,
        0.032
      ],
      [
        -0.707106782917588,
        0.707106779455507,
        -2.20598988277705e-16,
        -0.04
      ],
      [
        0.0,
        0.0,
        0.0,
        1.0
      ]
    ],
    "3": [
      [
        1.57059147674781e-16,
        -1.53954825498034e-16,
        1.0,
        8.88029030524213e-18
      ],
      [
        -0.707106779455507,
        -0.707106782917588,
        2.19508672378808e-18,
        -0.032
      ],
      [
        0.707106782917588,
        -0.707106779455507,
        -2.19920089479643e-16,
        0.04
      ],
      [
        0.0,
        0.0,
        0.0,
        1.0
      ]
    ]
  },
  "T_WP": {
    "0": [
      [
        -1.0,
        -1.53894453364033e-16,
        -9.58786652908354e-17,
        -1.98810484561346e-17
      ],
      [
        -4.10233575948067e-17,
        0.707106782917588,
        -0.707106779455507,
        -0.0814974745618855
      ],
      [
        1.76616265858542e-16,
        -0.707106779455507,
        -0.707106782917588,
        -0.0894974748042311
      ],
      [
        0.0,
        0.0,
        0.0,
        1.0
      ]
    ],
    "1": [
      [
        -1.0,
        1.53922528351606e-16,
        2.18343345205571e-16,
        1.98810484561346e-17
      ],
      [
        4.55523958026082e-17,
        -0.707106782917588,
        0.707106779455507,
        0.0814974745618855
      ],
      [
        2.63231723708128e-16,
        0.707106779455507,
        0.707106782917588,
        0.0894974748042311
      ],
      [
        0.0,
        0.0,
        0.0,
        1.0
      ]
    ],
    "2": [
      [
        -1.0,
        1.54914933388084e-16,
        -9.58268077174137e-17,
        -1.98744306424768e-17
      ],
      [
        4.17816147833778e-17,
        0.707106782917588,
        0.707106779455507,
        0.0814974745618855
      ],
      [
        1.77301185359935e-16,
        0.707106779455507,
        -0.707106782917588,
        -0.0894974748042311
      ],
      [
        0.0,
        0.0,
        0.0,
        1.0
      ]
    ],
    "3": [
      [
        -1.0,
        -1.53954825498034e-16,
        2.18291487632149e-16,
        1.98744306424768e-17
      ],
      [
        -4.54928894295671e-17,
        -0.707106782917588,
        -0.707106779455507,
        -0.0814974745618855
      ],
      [
        2.63217892397413e-16,
        -0.707106779455507,
        0.707106782917588,
        0.0894974748042311
      ],
      [
        0.0,
        0.0,
        0.0,
        1.0
      ]
    ]
  }
}