{
  "T_WB": [
    [
      0.740763617703384,
      -0.00146312486494682,
      0.671764186268235,
      -0.0252090420614184
    ],
    [
      0.0011223757236599,
      0.999998927986095,
      0.000940371945823888,
      3.32221749556761e-05
    ],
    [
      -0.671764842009263,
      5.73784901163403e-05,
      0.740764465770314,
      0.332338409372365
    ],
    [
      0.0,
      0.0,
      0.0,
      1.0
    ]
  ],
  "T_WH": {
    "0": [
      [
        0.390260322246571,
        0.889374295201728,
        -0.23813912722279,
        0.00446832264239529
      ],
      [
        -0.743165818799872,
        0.151602462974577,
        -0.65170642085801,
        -0.031921848491653
      ],
      [
        -0.543508460511443,
        0.431312017285018,
        0.720117002366984,
        0.305465979580311
      ],
      [
        0.0,
        0.0,
        0.0,
        1.0
      ]
    ],
    "1": [
      [
        -0.50669912045039,
        -0.444477330980933,
        0.738712328026862,
        -0.054886406765232
      ],
      [
        0.688108710035427,
        -0.724717374504991,
        0.0359323011227054,
        0.0319882928415643
      ],
      [
        0.519386565583074,
        0.526521252500465,
        0.673062379098075,
        0.359210839164419
      ],
      [
        0.0,
        0.0,
        0.0,
        1.0
      ]
    ],
    "2": [
      [
        0.388566310145858,
        -0.889401936066774,
        -0.240791234766358,
        0.0043746826510387
      ],
      [
        0.74416668028202,
        0.148811294817073,
        0.651207455802607,
        0.0320780828994571
      ],
      [
        -0.543352716545773,
        -0.43222609205778,
        0.71968634193431,
        0.305469651803678
      ],
      [
        0.0,
        0.0,
        0.0,
        1.0
      ]
    ],
    "3": [
      [
        -0.5050015011321,
        0.446349940910979,
        0.738745703272169,
        -0.0547927667738754
      ],
      [
        -0.689362627850245,
        -0.723616477406893,
        -0.03403470212361,
        -0.0320116385495458
      ],
      [
        0.519377176219489,
        -0.526451254983787,
        0.673124375541598,
        0.359207166941052
      ],
      [
        0.0,
        0.0,
        0.0,
        1.0
      ]
    ]
  },
  "T_WP": {
    "0": [
      [
        0.23813912722279,
        0.889374295201728,
        0.390260322246571,
        0.0317865451996553
      ],
      [
        0.65170642085801,
        0.151602462974577,
        -0.743165818799872,
        -0.083943455807644
      ],
      [
        -0.720117002366984,
        0.431312017285018,
        -0.543508460511443,
        0.26742038734451
      ],
      [
        0.0,
        0.0,
        0.0,
        1.0
      ]
    ],
    "1": [
      [
        -0.738712328026862,
        -0.444477330980933,
        -0.50669912045039,
        -0.0903553451967594
      ],
      [
        -0.0359323011227054,
        -0.724717374504991,
        0.688108710035427,
        0.0801559025440442
      ],
      [
        -0.673062379098075,
        0.526521252500465,
        0.519386565583074,
        0.395567898755235
      ],
      [
        0.0,
        0.0,
        0.0,
        1.0
      ]
    ],
    "2": [
      [
        0.240791234766358,
        -0.889401936066774,
        0.388566310145858,
        0.0315743243612488
      ],
      [
        -0.651207455802607,
        0.148811294817073,
        0.74416668028202,
        0.0841697505191985
      ],
      [
        -0.71968634193431,
        -0.43222609205778,
        -0.543352716545773,
        0.267434961645474
      ],
      [
        0.0,
        0.0,
        0.0,
        1.0
      ]
    ],
    "3": [
      [
        -0.738745703272169,
        0.446349940910979,
        -0.5050015011321,
        -0.0901428718531224
      ],
      [
        0.03403470212361,
        -0.723616477406893,
        -0.689362627850245,
        -0.0802670224990629
      ],
      [
        -0.673124375541598,
        -0.526451254983787,
        0.519377176219489,
        0.395563569276416
      ],
      [
        0.0,
        0.0,
        0.0,
        1.0
      ]
    ]
  },
  "simTime": 0.431499999999969,
  "state": [
    -0.0252090420614184,
    3.32221749556761e-05,
    0.332338409372365,
    0.932942523880731,
    -0.000236615180760168,
    0.360024597948667,
    0.000692834907409917,
    -0.222649853458985,
    0.000202833246798108,
    0.689384158466987,
    -0.0105734920045041,
    -4.90349131261213,
    0.00307703655198913,
    0.825858085345489,
    0.558497762783458,
    0.0406792012813575,
    -0.0662108330899579,
    0.998624969411918,
    0.0457348976433487,
    -0.0219279381294628,
    0.0132534951612081,
    0.825612099459485,
    -0.558895758810695,
    0.0405927556509355,
    0.0659728747151663,
    0.99862296486459,
    -0.0457642316014872,
    -0.0218374772819643,
    -0.0134511611744732,
    -0.11467808749482,
    -0.486075790637297,
    -5.7430786306313,
    0.148462448955121,
    0.357020774334529,
    -0.549902769783503,
    0.11214850486664,
    -0.48377167257846,
    5.74791999351134,
    -0.151850079079982,
    0.356174186309321,
    0.549692364895479
  ]
}