{
  "T_WB": [
    [
      0.204710647972574,
      -0.000210261180915794,
      0.978822510160491,
      -0.00395996722065088
    ],
    [
      0.000198323977113427,
      0.999999965311652,
      0.000173332899476305,
      1.26766085928479e-06
    ],
    [
      -0.978822512651936,
      0.000158640882936417,
      0.204710682571334,
      0.182158535110911
    ],
    [
      0.0,
      0.0,
      0.0,
      1.0
    ]
  ],
  "T_WH": {
    "0": [
      [
        0.443304970575643,
        0.75702264626726,
        0.479997308431457,
        0.0042351870560414
      ],
      [
        -0.588783712814927,
        0.649688115853479,
        -0.480873259438104,
        -0.0319907982700291
      ],
      [
        -0.675880494308571,
        -0.0694410912736227,
        0.73373257543599,
        0.143000558096579
      ],
      [
        0.0,
        0.0,
        0.0,
        1.0
      ]
    ],
    "1": [
      [
        -0.0751393600517971,
        -0.0868882304918395,
        0.993380346077475,
        -0.0121551214973432
      ],
      [
        0.657415842589819,
        -0.753354526574497,
        -0.016166855032293,
        0.0319933335917476
      ],
      [
        0.74977228975398,
        0.651849210087512,
        0.113728276278863,
        0.221316512125242
      ],
      [
        0.0,
        0.0,
        0.0,
        1.0
      ]
    ],
    "2": [
      [
        0.443822105750528,
        -0.757224795001205,
        0.479199904301483,
        0.00422173034046278
      ],
      [
        0.589044059049593,
        0.649511871161545,
        0.480792497568971,
        0.0320091995099167
      ],
      [
        -0.67531402691307,
        0.0688835180258055,
        0.734306493229388,
        0.143010711113087
      ],
      [
        0.0,
        0.0,
        0.0,
        1.0
      ]
    ],
    "3": [
      [
        -0.0750506764368345,
        0.0873856702849647,
        0.993343415237259,
        -0.0121416647817645
      ],
      [
        -0.657550410603695,
        -0.753228047127577,
        0.0165821149220771,
        -0.0320066641881981
      ],
      [
        0.749663160013406,
        -0.651928871618081,
        0.113990757824878,
        0.221306359108734
      ],
      [
        0.0,
        0.0,
        0.0,
        1.0
      ]
    ]
  },
  "T_WP": {
    "0": [
      [
        -0.479997308431457,
        0.75702264626726,
        0.443304970575643,
        0.0352665349963364
      ],
      [
        0.480873259438104,
        0.649688115853479,
        -0.588783712814927,
        -0.073205658167074
      ],
      [
        -0.73373257543599,
        -0.0694410912736227,
        -0.675880494308571,
        0.0956889234949795
      ],
      [
        0.0,
        0.0,
        0.0,
        1.0
      ]
    ],
    "1": [
      [
        -0.993380346077475,
        -0.0868882304918395,
        -0.075139360051797,
        -0.0174148767009689
      ],
      [
        0.0161668550322931,
        -0.753354526574497,
        0.657415842589819,
        0.0780124425730349
      ],
      [
        -0.113728276278863,
        0.651849210087512,
        0.74977228975398,
        0.273800572408021
      ],
      [
        0.0,
        0.0,
        0.0,
        1.0
      ]
    ],
    "2": [
      [
        -0.479199904301483,
        -0.757224795001205,
        0.443822105750528,
        0.0352892777429997
      ],
      [
        -0.480792497568971,
        0.649511871161545,
        0.589044059049593,
        0.0732422836433882
      ],
      [
        -0.734306493229388,
        0.0688835180258055,
        -0.67531402691307,
        0.0957387292291724
      ],
      [
        0.0,
        0.0,
        0.0,
        1.0
      ]
    ],
    "3": [
      [
        -0.993343415237259,
        0.0873856702849647,
        -0.0750506764368344,
        -0.017395212132343
      ],
      [
        -0.0165821149220772,
        -0.753228047127577,
        -0.657550410603695,
        -0.0780351929304568
      ],
      [
        -0.113990757824878,
        -0.651928871618081,
        0.749663160013406,
        0.273782780309673
      ],
      [
        0.0,
        0.0,
        0.0,
        1.0
      ]
    ]
  },
  "simTime": 0.312999999999982,
  "state": [
    -0.00395996722065088,
    1.26766085928479e-06,
    0.182158535110911,
    0.776115535190406,
    -4.73254814319756e-06,
    0.630590722015426,
    0.000131612221216839,
    -0.10528697943988,
    0.000216290453165792,
    1.82855461755706,
    -0.00904009665002959,
    -5.77438839769314,
    0.00651527798769159,
    0.892373878437354,
    0.421721337719829,
    -0.110341540519546,
    0.116810610948863,
    0.998344954687209,
    0.0254851687300992,
    -0.0392388687470505,
    0.0334390311588924,
    0.892209893874158,
    -0.421919214772268,
    -0.110709029920013,
    -0.117000821250046,
    0.998347773547694,
    -0.0253810048270437,
    -0.0391581023978264,
    -0.0335286543561472,
    10.859288280897,
    -1.74796460002373,
    1.79439741136277,
    0.776941712938553,
    -0.458502938369412,
    0.287521440679138,
    -10.8654029068036,
    -1.75838042488483,
    -1.79631314702883,
    -0.775072132569924,
    -0.453675057793569,
    -0.293458535902528
  ]
}