{
  "T_WB": [
    [
      -0.379543785327185,
      0.0365567845431487,
      -0.924451251566776,
      -0.264376617572347
    ],
    [
      0.011437576566525,
      0.999328082400785,
      0.0348219121740135,
      -0.00250620964777796
    ],
    [
      0.925103073641958,
      0.00264295838704102,
      -0.37970688420039,
      0.128024880050669
    ],
    [
      0.0,
      0.0,
      0.0,
      1.0
    ]
  ],
  "T_WH": {
    "0": [
      [
        -0.0419031634805247,
        0.148509831116875,
        -0.988022750219833,
        -0.280728186090815
      ],
      [
        -0.375895492622785,
        0.913892119789725,
        0.153309399620887,
        -0.0340272052219421
      ],
      [
        0.925714158645205,
        0.377817447251818,
        0.0175292052278923,
        0.164944428327962
      ],
      [
        0.0,
        0.0,
        0.0,
        1.0
      ]
    ],
    "1": [
      [
        0.500026434855585,
        0.525145462209686,
        -0.688618768235509,
        -0.248025049053878
      ],
      [
        0.700171427003103,
        -0.713096765852449,
        -0.0353973917007319,
        0.0290147859263862
      ],
      [
        -0.509640596159737,
        -0.464451554041272,
        -0.724259081195808,
        0.091105331773376
      ],
      [
        0.0,
        0.0,
        0.0,
        1.0
      ]
    ],
    "2": [
      [
        -0.0191417130182149,
        -0.014529410615644,
        -0.99971120382333,
        -0.278388551880053
      ],
      [
        0.394280036262138,
        0.918752606786183,
        -0.0209021656466537,
        0.0299297920517082
      ],
      [
        0.918790970693474,
        -0.394566272951396,
        -0.0118578421894343,
        0.165113577664733
      ],
      [
        0.0,
        0.0,
        0.0,
        1.0
      ]
    ],
    "3": [
      [
        0.31060238275978,
        -0.574286037237183,
        -0.757444194154501,
        -0.25036468326464
      ],
      [
        -0.623809177234559,
        -0.72440322000862,
        0.293431568238806,
        -0.0349422113472641
      ],
      [
        -0.717208665746511,
        0.381360095284701,
        -0.583246266599757,
        0.0909361824366054
      ],
      [
        0.0,
        0.0,
        0.0,
        1.0
      ]
    ]
  },
  "T_WP": {
    "0": [
      [
        0.988022750219833,
        0.148509831116875,
        -0.0419031634805248,
        -0.283661407534452
      ],
      [
        -0.153309399620887,
        0.913892119789725,
        -0.375895492622785,
        -0.060339889705537
      ],
      [
        -0.0175292052278922,
        0.377817447251818,
        0.925714158645205,
        0.229744419433126
      ],
      [
        0.0,
        0.0,
        0.0,
        1.0
      ]
    ],
    "1": [
      [
        0.688618768235509,
        0.525145462209686,
        0.500026434855585,
        -0.213023198613987
      ],
      [
        0.035397391700732,
        -0.713096765852449,
        0.700171427003103,
        0.0780267858166034
      ],
      [
        0.724259081195808,
        -0.464451554041272,
        -0.509640596159737,
        0.0554304900421945
      ],
      [
        0.0,
        0.0,
        0.0,
        1.0
      ]
    ],
    "2": [
      [
        0.99971120382333,
        -0.014529410615644,
        -0.0191417130182149,
        -0.279728471791328
      ],
      [
        0.0209021656466537,
        0.918752606786183,
        0.394280036262138,
        0.0575293945900578
      ],
      [
        0.0118578421894343,
        -0.394566272951396,
        0.918790970693474,
        0.229428945613276
      ],
      [
        0.0,
        0.0,
        0.0,
        1.0
      ]
    ],
    "3": [
      [
        0.757444194154501,
        -0.574286037237183,
        0.31060238275978,
        -0.228622516471455
      ],
      [
        -0.293431568238806,
        -0.72440322000862,
        -0.623809177234559,
        -0.0786088537536832
      ],
      [
        0.583246266599757,
        0.381360095284701,
        -0.717208665746511,
        0.0407315758343497
      ],
      [
        0.0,
        0.0,
        0.0,
        1.0
      ]
    ]
  },
  "simTime": 1.0999999999999,
  "state": [
    -0.264376617572347,
    -0.00250620964777796,
    0.128024880050669,
    -0.55679381571485,
    0.0144483257889902,
    0.83044848604961,
    0.0112785052867254,
    -0.375013167391924,
    -0.0317195247473619,
    0.756649995271609,
    -1.86034214819083,
    9.084159356523,
    -2.68954203474912,
    0.956008029333594,
    -0.15941883200401,
    0.136216440708025,
    0.205132555029697,
    0.9773345830568,
    -0.170709726196918,
    0.125196530315649,
    -0.00106345657472299,
    0.963330557958302,
    0.128785757765879,
    0.139408630792424,
    -0.189667336041284,
    0.980730610229149,
    0.184408903578218,
    0.00655775775878688,
    -0.0641702598858573,
    0.700335263466259,
    -0.067529970820987,
    1.54182292887376,
    0.208130894364539,
    4.94197940961149,
    1.13748334838996,
    -3.49569754048419,
    -0.393223574222442,
    0.0994343159535398,
    -0.632754471697493,
    -0.791070974690944,
    -3.75892065243671
  ]
}