{
  "T_WB": [
    [
      0.431681892921571,
      -0.000679755191797224,
      0.902025654433691,
      -0.0102687209330072
    ],
    [
      0.000531376260809221,
      0.999999734175946,
      0.000499286798295092,
      1.35088154691628e-05
    ],
    [
      -0.902025754046368,
      0.000263781949208189,
      0.431682139375913,
      0.253063153880446
    ],
    [
      0.0,
      0.0,
      0.0,
      1.0
    ]
  ],
  "T_WH": {
    "0": [
      [
        0.52566093106784,
        0.843388032455504,
        0.111252920230101,
        0.00702030694999318
      ],
      [
        -0.62972878967622,
        0.473706494812467,
        -0.615665337846309,
        -0.0319652276277287
      ],
      [
        -0.571946008817104,
        0.253572047914041,
        0.780114722021617,
        0.216973682696216
      ],
      [
        0.0,
        0.0,
        0.0,
        1.0
      ]
    ],
    "1": [
      [
        -0.253821327650679,
        -0.220458932735451,
        0.941792223692038,
        -0.0275577488160076
      ],
      [
        0.662776876302607,
        -0.748809494883294,
        0.00333955254251803,
        0.0319922452586671
      ],
      [
        0.704486725118512,
        0.625045757804796,
        0.33617890294012,
        0.289152625064675
      ],
      [
        0.0,
        0.0,
        0.0,
        1.0
      ]
    ],
    "2": [
      [
        0.525482202748199,
        -0.843712936199875,
        0.109621785626244,
        0.00697680261771816
      ],
      [
        0.630659569007094,
        0.472751693413568,
        0.615446459405195,
        0.0320347553595318
      ],
      [
        -0.5710840241284,
        -0.254272133084987,
        0.780518237917426,
        0.216990564740966
      ],
      [
        0.0,
        0.0,
        0.0,
        1.0
      ]
    ],
    "3": [
      [
        -0.253227596489881,
        0.221534787287545,
        0.941699592437748,
        -0.0275142444837325
      ],
      [
        -0.6632498662755,
        -0.74839452475089,
        -0.00229133332822533,
        -0.0320077377285935
      ],
      [
        0.704255208899081,
        -0.625162357587493,
        0.33644706477269,
        0.289135743019926
      ],
      [
        0.0,
        0.0,
        0.0,
        1.0
      ]
    ]
  },
  "T_WP": {
    "0": [
      [
        -0.111252920230101,
        0.843388032455504,
        0.52566093106784,
        0.043816572124742
      ],
      [
        0.615665337846309,
        0.473706494812467,
        -0.62972878967622,
        -0.0760462429050641
      ],
      [
        -0.780114722021617,
        0.253572047914041,
        -0.571946008817104,
        0.176937462079019
      ],
      [
        0.0,
        0.0,
        0.0,
        1.0
      ]
    ],
    "1": [
      [
        -0.941792223692038,
        -0.220458932735451,
        -0.253821327650679,
        -0.0453252417515551
      ],
      [
        -0.00333955254251799,
        -0.748809494883294,
        0.662776876302607,
        0.0783866265998495
      ],
      [
        -0.33617890294012,
        0.625045757804796,
        0.704486725118512,
        0.338466695822971
      ],
      [
        0.0,
        0.0,
        0.0,
        1.0
      ]
    ],
    "2": [
      [
        -0.109621785626244,
        -0.843712936199875,
        0.525482202748199,
        0.0437605568100921
      ],
      [
        -0.615446459405195,
        0.472751693413568,
        0.630659569007094,
        0.0761809251900284
      ],
      [
        -0.780518237917426,
        -0.254272133084987,
        -0.5710840241284,
        0.177014683051978
      ],
      [
        0.0,
        0.0,
        0.0,
        1.0
      ]
    ],
    "3": [
      [
        -0.941699592437748,
        0.221534787287545,
        -0.253227596489881,
        -0.0452401762380242
      ],
      [
        0.00229133332822529,
        -0.74839452475089,
        -0.6632498662755,
        -0.0784352283678785
      ],
      [
        -0.33644706477269,
        -0.625162357587493,
        0.704255208899081,
        0.338433607642862
      ],
      [
        0.0,
        0.0,
        0.0,
        1.0
      ]
    ]
  },
  "simTime": 0.356499999999977,
  "state": [
    -0.0102687209330072,
    1.35088154691628e-05,
    0.253063153880446,
    0.846073839341672,
    -6.95875578868353e-05,
    0.533065592089393,
    0.000357868130501714,
    -0.173318634981788,
    0.000302670936185372,
    1.42278031363214,
    -0.00973689533345183,
    -5.39953653893515,
    0.00518839298257133,
    0.842312263684938,
    0.525208132024496,
    -0.0758473774987677,
    0.0944120957709075,
    0.998202831061168,
    0.0364688804887882,
    -0.0367096660750458,
    0.0302246461355893,
    0.842084371181561,
    -0.525482553592698,
    -0.0761952812231222,
    -0.0946376077507366,
    0.998205226738992,
    -0.0363848031120394,
    -0.0365927341220703,
    -0.0303882086166068,
    2.44430927860474,
    0.660677746517609,
    -4.20969141338922,
    0.349080515836492,
    0.322459312014565,
    -0.367687644194525,
    -2.4475945428969,
    0.66372814296918,
    4.21197182329334,
    -0.351640483317794,
    0.322253584482274,
    0.36589025958809
  ]
}