{
  "T_WB": [
    [
      -0.507801549170975,
      0.0309010519029824,
      -0.86091968943151,
      -0.258232442152551
    ],
    [
      0.053458951658564,
      0.998560749099285,
      0.00430939042568857,
      -0.00182908550417159
    ],
    [
      0.859813774690267,
      -0.0438355489250778,
      -0.508722633173826,
      0.115379899274015
    ],
    [
      0.0,
      0.0,
      0.0,
      1.0
    ]
  ],
  "T_WH": {
    "0": [
      [
        -0.178165301276,
        0.0882855363656311,
        -0.980032034930423,
        -0.279533337780285
      ],
      [
        -0.350028508379692,
        0.925137128461131,
        0.146973932600921,
        -0.0316446714090062
      ],
      [
        0.919639695066889,
        0.369224806332572,
        -0.133924880608328,
        0.151175187827228
      ],
      [
        0.0,
        0.0,
        0.0,
        1.0
      ]
    ],
    "1": [
      [
        0.480491052400827,
        0.603857960865903,
        -0.63599049651832,
        -0.236931546524816
      ],
      [
        0.669897469721066,
        -0.720745414500663,
        -0.178222971408236,
        0.027986500400663
      ],
      [
        -0.566008594125619,
        -0.340413881290321,
        -0.750834642781485,
        0.0795846107208017
      ],
      [
        0.0,
        0.0,
        0.0,
        1.0
      ]
    ],
    "2": [
      [
        -0.15199060036582,
        -0.0249009228761608,
        -0.988068216997366,
        -0.277555670458494
      ],
      [
        0.436363048285782,
        0.895289661603463,
        -0.089686743260626,
        0.0322632165333481
      ],
      [
        0.886840542313655,
        -0.444788001036306,
        -0.125209770557051,
        0.148369712696023
      ],
      [
        0.0,
        0.0,
        0.0,
        1.0
      ]
    ],
    "3": [
      [
        0.382169654414607,
        -0.654063107463304,
        -0.652799974494536,
        -0.238909213846607
      ],
      [
        -0.704978771037589,
        -0.663082188500773,
        0.251648452566981,
        -0.0359213875416913
      ],
      [
        -0.597454004615377,
        0.364037721601034,
        -0.714510496508328,
        0.0823900858520067
      ],
      [
        0.0,
        0.0,
        0.0,
        1.0
      ]
    ]
  },
  "T_WP": {
    "0": [
      [
        0.980032034930423,
        0.0882855363656311,
        -0.178165301276,
        -0.292004908869605
      ],
      [
        -0.146973932600921,
        0.925137128461131,
        -0.350028508379692,
        -0.0561466669955846
      ],
      [
        0.133924880608328,
        0.369224806332572,
        0.919639695066889,
        0.21554996648191
      ],
      [
        0.0,
        0.0,
        0.0,
        1.0
      ]
    ],
    "1": [
      [
        0.63599049651832,
        0.603857960865903,
        0.480491052400827,
        -0.203297172856759
      ],
      [
        0.178222971408236,
        -0.720745414500663,
        0.669897469721066,
        0.0748793232811376
      ],
      [
        0.750834642781485,
        -0.340413881290321,
        -0.566008594125619,
        0.0399640091320083
      ],
      [
        0.0,
        0.0,
        0.0,
        1.0
      ]
    ],
    "2": [
      [
        0.988068216997366,
        -0.0249009228761608,
        -0.15199060036582,
        -0.288195012484102
      ],
      [
        0.089686743260626,
        0.895289661603463,
        0.436363048285782,
        0.0628086299133529
      ],
      [
        0.125209770557051,
        -0.444788001036306,
        0.886840542313655,
        0.210448550657979
      ],
      [
        0.0,
        0.0,
        0.0,
        1.0
      ]
    ],
    "3": [
      [
        0.652799974494536,
        -0.654063107463304,
        0.382169654414607,
        -0.212157338037585
      ],
      [
        -0.251648452566981,
        -0.663082188500773,
        -0.704978771037589,
        -0.0852699015143225
      ],
      [
        0.714510496508328,
        0.364037721601034,
        -0.597454004615377,
        0.0405683055289303
      ],
      [
        0.0,
        0.0,
        0.0,
        1.0
      ]
    ]
  },
  "simTime": 1.0844999999999,
  "state": [
    -0.258232442152551,
    -0.00182908550417159,
    0.115379899274015,
    -0.495488790679084,
    0.0242916390120461,
    0.868199995888633,
    -0.0113816397968687,
    -0.420515358155851,
    -0.0610609073483547,
    0.869953757802082,
    -1.12533665543942,
    10.0362416508476,
    -2.08158237854695,
    0.958302309146867,
    -0.162370208011074,
    0.131869196530342,
    0.194687223105845,
    0.982002565117834,
    -0.178495511608458,
    0.0614142481026355,
    0.0062132574079875,
    0.958455269428993,
    0.158555972617496,
    0.133719997748965,
    -0.195812313844491,
    0.981005976163203,
    0.191412808764709,
    0.00842049086129134,
    -0.030290373166084,
    0.182408753051994,
    0.243306030993423,
    1.38343486832596,
    2.19929956538701,
    13.1057725291212,
    -0.258170354019323,
    -4.31752434601425,
    0.0987462726024148,
    0.0685514668370726,
    -0.809804028568162,
    -1.49208734371157,
    -4.29182975234411
  ]
}