{
  "T_WB": [
    [
      -0.490875776987281,
      0.0308807590901687,
      -0.870682117816341,
      -0.25906661948229
    ],
    [
      0.0489284438714034,
      0.998771526335842,
      0.00783872190445413,
      -0.00194524515613892
    ],
    [
      0.869854573447456,
      -0.0387532824259753,
      -0.491783696510729,
      0.117107079873284
    ],
    [
      0.0,
      0.0,
      0.0,
      1.0
    ]
  ],
  "T_WH": {
    "0": [
      [
        -0.159527441731765,
        0.0965349490239722,
        -0.982462212480184,
        -0.279689834852666
      ],
      [
        -0.35265056452501,
        0.923969160534238,
        0.148049213850824,
        -0.0319487962440297
      ],
      [
        0.922056709034054,
        0.370083766191648,
        -0.113355332149377,
        0.153141367848814
      ],
      [
        0.0,
        0.0,
        0.0,
        1.0
      ]
    ],
    "1": [
      [
        0.485604192598721,
        0.594044288870134,
        -0.641326711584136,
        -0.238443404111913
      ],
      [
        0.676898771136599,
        -0.719753906037628,
        -0.154150473166124,
        0.0280583059317519
      ],
      [
        -0.553169613919914,
        -0.359257146907831,
        -0.751623363548086,
        0.0810727918977549
      ],
      [
        0.0,
        0.0,
        0.0,
        1.0
      ]
    ],
    "2": [
      [
        -0.133963087857942,
        -0.0241505882723349,
        -0.990692000663004,
        -0.277713466270895
      ],
      [
        0.431744858169173,
        0.898415889908286,
        -0.080282415289921,
        0.0319725814414642
      ],
      [
        0.891992302957849,
        -0.438481057568514,
        -0.109927674484414,
        0.150661157773551
      ],
      [
        0.0,
        0.0,
        0.0,
        1.0
      ]
    ],
    "3": [
      [
        0.373611767127431,
        -0.642936132994004,
        -0.668616015628279,
        -0.240419772693684
      ],
      [
        -0.695225916706102,
        -0.671272608881016,
        0.257009745547194,
        -0.035863071753742
      ],
      [
        -0.614064469094311,
        0.368817317186693,
        -0.69778120807251,
        0.0835530019730173
      ],
      [
        0.0,
        0.0,
        0.0,
        1.0
      ]
    ]
  },
  "T_WP": {
    "0": [
      [
        0.982462212480184,
        0.0965349490239722,
        -0.159527441731765,
        -0.29085675577389
      ],
      [
        -0.148049213850824,
        0.923969160534238,
        -0.35265056452501,
        -0.0566343357607804
      ],
      [
        0.113355332149377,
        0.370083766191648,
        0.922056709034054,
        0.217685337481198
      ],
      [
        0.0,
        0.0,
        0.0,
        1.0
      ]
    ],
    "1": [
      [
        0.641326711584136,
        0.594044288870134,
        0.485604192598721,
        -0.204451110630003
      ],
      [
        0.154150473166124,
        -0.719753906037628,
        0.676898771136599,
        0.0754412199113138
      ],
      [
        0.751623363548086,
        -0.359257146907831,
        -0.553169613919914,
        0.0423509189233609
      ],
      [
        0.0,
        0.0,
        0.0,
        1.0
      ]
    ],
    "2": [
      [
        0.990692000663004,
        -0.0241505882723349,
        -0.133963087857942,
        -0.287090882420951
      ],
      [
        0.080282415289921,
        0.898415889908286,
        0.431744858169173,
        0.0621947215133062
      ],
      [
        0.109927674484414,
        -0.438481057568514,
        0.891992302957849,
        0.213100618980601
      ],
      [
        0.0,
        0.0,
        0.0,
        1.0
      ]
    ],
    "3": [
      [
        0.668616015628279,
        -0.642936132994004,
        0.373611767127431,
        -0.214266948994764
      ],
      [
        -0.257009745547194,
        -0.671272608881016,
        -0.695225916706102,
        -0.0845288859231692
      ],
      [
        0.69778120807251,
        0.368817317186693,
        -0.614064469094311,
        0.0405684891364155
      ],
      [
        0.0,
        0.0,
        0.0,
        1.0
      ]
    ]
  },
  "simTime": 1.0864999999999,
  "state": [
    -0.25906661948229,
    -0.00194524515613892,
    0.117107079873284,
    -0.504011917725621,
    0.0231105667801856,
    0.863341039195093,
    -0.00895201291205365,
    -0.413707397889416,
    -0.0552283368151589,
    0.857125576180703,
    -1.37956279362054,
    9.69547991647437,
    -2.31648770719992,
    0.957997189952426,
    -0.162170262980249,
    0.132443404694021,
    0.1959615635813,
    0.981526944034749,
    -0.176637937963024,
    0.0734118684926388,
    0.00382028407270794,
    0.95914771810204,
    0.154435426927672,
    0.134703864085011,
    -0.195039028837521,
    0.981043201451603,
    0.190461977066361,
    0.00788708777347286,
    -0.0348750057206499,
    0.0210706502925621,
    0.418456035021882,
    1.41795451717389,
    1.73956909663191,
    11.4086314739556,
    0.0620357131509722,
    -4.36960471644351,
    0.208138333882865,
    0.249487446047894,
    -0.937764570053773,
    -1.37002100667707,
    -4.47905105308724
  ]
}