{
  "arms": {
    "0": [
      [
        -0.928812503814697,
        0.1469616740942,
        0.340161055326462,
        0.0145308328792453
      ],
      [
        -0.112081199884415,
        0.763567209243774,
        -0.635926842689514,
        -0.0317046009004116
      ],
      [
        -0.353192687034607,
        -0.628782451152802,
        -0.692739129066467,
        0.0755199119448662
      ],
      [
        0.0,
        0.0,
        0.0,
        1.0
      ]
    ],
    "1": [
      [
        -0.900893211364746,
        0.349551528692245,
        -0.257303684949875,
        -0.0172610152512789
      ],
      [
        -0.0610503293573856,
        -0.688966035842896,
        -0.722217857837677,
        -0.0324169285595417
      ],
      [
        -0.429725855588913,
        -0.634932696819305,
        0.642025053501129,
        0.148928165435791
      ],
      [
        0.0,
        0.0,
        0.0,
        1.0
      ]
    ],
    "2": [
      [
        -0.95123678445816,
        -0.193449839949608,
        -0.240261867642403,
        -0.0173127595335245
      ],
      [
        -0.0537042766809464,
        -0.663143932819366,
        0.746562778949738,
        0.0315802544355392
      ],
      [
        -0.30375063419342,
        0.723061084747314,
        0.620417773723602,
        0.149526759982109
      ],
      [
        0.0,
        0.0,
        0.0,
        1.0
      ]
    ],
    "3": [
      [
        -0.890997767448425,
        -0.337491720914841,
        0.303681284189224,
        0.0144790895283222
      ],
      [
        -0.0285281538963318,
        0.709186911582947,
        0.704443097114563,
        0.0322925820946693
      ],
      [
        -0.45311051607132,
        0.618993759155273,
        -0.641511976718903,
        0.0761185064911842
      ],
      [
        0.0,
        0.0,
        0.0,
        1.0
      ]
    ]
  },
  "arms_in_parent_frame": {
    "0": [
      [
        3.32623528720433e-09,
        -4.2772803965363e-08,
        1.0,
        3.72529029846191e-09
      ],
      [
        2.81723089301522e-10,
        1.0,
        -4.2772803965363e-08,
        7.45058059692383e-09
      ],
      [
        -0.999999940395355,
        -2.81723089301522e-10,
        -3.32623528720433e-09,
        -3.72529029846191e-09
      ],
      [
        0.0,
        0.0,
        0.0,
        1.0
      ]
    ],
    "1": [
      [
        2.54625422968502e-08,
        -3.61198537746077e-08,
        1.0,
        0.0
      ],
      [
        -4.0215830665602e-10,
        1.0,
        -3.61198537746077e-08,
        0.0
      ],
      [
        -1.0,
        4.0215830665602e-10,
        -2.54625422968502e-08,
        0.0
      ],
      [
        0.0,
        0.0,
        0.0,
        1.0
      ]
    ],
    "2": [
      [
        1.11761622179074e-08,
        -1.59151625211962e-08,
        0.999999940395355,
        -7.45058059692383e-09
      ],
      [
        8.14378608993138e-09,
        1.0,
        -1.59151625211962e-08,
        0.0
      ],
      [
        -1.0,
        -8.14378608993138e-09,
        -1.11761622179074e-08,
        -3.72529029846191e-09
      ],
      [
        0.0,
        0.0,
        0.0,
        1.0
      ]
    ],
    "3": [
      [
        3.3719221192996e-08,
        -1.46704906001105e-08,
        1.0,
        1.86264514923096e-09
      ],
      [
        -5.03757746628253e-09,
        1.0,
        -1.46704906001105e-08,
        0.0
      ],
      [
        -1.0,
        5.03757746628253e-09,
        -3.3719221192996e-08,
        0.0
      ],
      [
        0.0,
        0.0,
        0.0,
        1.0
      ]
    ]
  },
  "arms_link_world": {
    "0": [
      [
        -0.928812503814697,
        0.1469616740942,
        0.340161055326462,
        0.0145308328792453
      ],
      [
        -0.112081199884415,
        0.763567209243774,
        -0.635926842689514,
        -0.0317046009004116
      ],
      [
        -0.353192687034607,
        -0.628782451152802,
        -0.692739129066467,
        0.0755199119448662
      ],
      [
        0.0,
        0.0,
        0.0,
        1.0
      ]
    ],
    "1": [
      [
        -0.900893211364746,
        0.349551528692245,
        -0.257303684949875,
        -0.0172610152512789
      ],
      [
        -0.0610503293573856,
        -0.688966035842896,
        -0.722217857837677,
        -0.0324169285595417
      ],
      [
        -0.429725855588913,
        -0.634932696819305,
        0.642025053501129,
        0.148928165435791
      ],
      [
        0.0,
        0.0,
        0.0,
        1.0
      ]
    ],
    "2": [
      [
        -0.95123678445816,
        -0.193449839949608,
        -0.240261867642403,
        -0.0173127595335245
      ],
      [
        -0.0537042766809464,
        -0.663143932819366,
        0.746562778949738,
        0.0315802544355392
      ],
      [
        -0.30375063419342,
        0.723061084747314,
        0.620417773723602,
        0.149526759982109
      ],
      [
        0.0,
        0.0,
        0.0,
        1.0
      ]
    ],
    "3": [
      [
        -0.890997767448425,
        -0.337491720914841,
        0.303681284189224,
        0.0144790895283222
      ],
      [
        -0.0285281538963318,
        0.709186911582947,
        0.704443097114563,
        0.0322925820946693
      ],
      [
        -0.45311051607132,
        0.618993759155273,
        -0.641511976718903,
        0.0761185064911842
      ],
      [
        0.0,
        0.0,
        0.0,
        1.0
      ]
    ]
  },
  "arms_relative_to_base": {
    "0": [
      [
        -0.0460156239569187,
        0.642173886299133,
        0.765176594257355,
        0.0399999991059303
      ],
      [
        -0.114628754556179,
        0.757533669471741,
        -0.642653107643127,
        -0.0320000015199184
      ],
      [
        -0.992342054843903,
        -0.117283314466476,
        0.0387532114982605,
        0.0
      ],
      [
        0.0,
        0.0,
        0.0,
        1.0
      ]
    ],
    "1": [
      [
        0.0357609242200851,
        0.715392708778381,
        -0.697806894779205,
        -0.0400000065565109
      ],
      [
        -0.0643385201692581,
        -0.695156872272491,
        -0.715973079204559,
        -0.0320000052452087
      ],
      [
        -0.997287154197693,
        0.0704997181892395,
        0.02116784080863,
        3.72529029846191e-09
      ],
      [
        0.0,
        0.0,
        0.0,
        1.0
      ]
    ],
    "2": [
      [
        -0.0997753366827965,
        -0.746264398097992,
        -0.658129453659058,
        -0.0400000065565109
      ],
      [
        -0.0557738356292248,
        -0.656195461750031,
        0.752526938915253,
        0.0320000015199184
      ],
      [
        -0.993445575237274,
        0.111790053546429,
        0.023850092664361,
        3.72529029846191e-09
      ],
      [
        0.0,
        0.0,
        0.0,
        1.0
      ]
    ],
    "3": [
      [
        0.0614407993853092,
        -0.695794522762299,
        0.715608179569244,
        0.0399999991059303
      ],
      [
        -0.0320445001125336,
        0.715218067169189,
        0.69816642999649,
        0.0320000015199184
      ],
      [
        -0.997596144676208,
        -0.0658271536231041,
        0.0216471273452044,
        0.0
      ],
      [
        0.0,
        0.0,
        0.0,
        1.0
      ]
    ]
  },
  "arms_view_frame": {
    "0": [
      [
        -0.928812444210052,
        0.146961659193039,
        0.340161025524139,
        0.0145308319479227
      ],
      [
        -0.353192687034607,
        -0.628782510757446,
        -0.692739129066467,
        0.0755199119448662
      ],
      [
        0.112081214785576,
        -0.763567209243774,
        0.635926902294159,
        0.0317045971751213
      ],
      [
        0.0,
        0.0,
        0.0,
        1.0
      ]
    ],
    "1": [
      [
        -0.900893151760101,
        0.349551498889923,
        -0.257303655147552,
        -0.0172610133886337
      ],
      [
        -0.429725855588913,
        -0.634932637214661,
        0.642025113105774,
        0.148928165435791
      ],
      [
        0.0610503479838371,
        0.688966035842896,
        0.722217857837677,
        0.0324169211089611
      ],
      [
        0.0,
        0.0,
        0.0,
        1.0
      ]
    ],
    "2": [
      [
        -0.951236724853516,
        -0.193449825048447,
        -0.240261852741241,
        -0.0173127576708794
      ],
      [
        -0.30375063419342,
        0.723061084747314,
        0.620417714118958,
        0.149526759982109
      ],
      [
        0.0537042915821075,
        0.663143873214722,
        -0.746562778949738,
        -0.0315802618861198
      ],
      [
        0.0,
        0.0,
        0.0,
        1.0
      ]
    ],
    "3": [
      [
        -0.890997707843781,
        -0.337491691112518,
        0.303681254386902,
        0.0144790885969996
      ],
      [
        -0.45311051607132,
        0.618993699550629,
        -0.641512036323547,
        0.0761185064911842
      ],
      [
        0.0285281743854284,
        -0.709186911582947,
        -0.704443097114563,
        -0.0322925858199596
      ],
      [
        0.0,
        0.0,
        0.0,
        1.0
      ]
    ]
  },
  "arms_visual_world": {
    "0": [
      [
        -0.928812503814697,
        0.1469616740942,
        0.340161055326462,
        0.0145308328792453
      ],
      [
        -0.112081199884415,
        0.763567209243774,
        -0.635926842689514,
        -0.0317046009004116
      ],
      [
        -0.353192687034607,
        -0.628782451152802,
        -0.692739129066467,
        0.0755199119448662
      ],
      [
        0.0,
        0.0,
        0.0,
        1.0
      ]
    ],
    "1": [
      [
        -0.900893211364746,
        0.349551528692245,
        -0.257303684949875,
        -0.0172610152512789
      ],
      [
        -0.0610503293573856,
        -0.688966035842896,
        -0.722217857837677,
        -0.0324169285595417
      ],
      [
        -0.429725855588913,
        -0.634932696819305,
        0.642025053501129,
        0.148928165435791
      ],
      [
        0.0,
        0.0,
        0.0,
        1.0
      ]
    ],
    "2": [
      [
        -0.95123678445816,
        -0.193449839949608,
        -0.240261867642403,
        -0.0173127595335245
      ],
      [
        -0.0537042766809464,
        -0.663143932819366,
        0.746562778949738,
        0.0315802544355392
      ],
      [
        -0.30375063419342,
        0.723061084747314,
        0.620417773723602,
        0.149526759982109
      ],
      [
        0.0,
        0.0,
        0.0,
        1.0
      ]
    ],
    "3": [
      [
        -0.890997767448425,
        -0.337491720914841,
        0.303681284189224,
        0.0144790895283222
      ],
      [
        -0.0285281538963318,
        0.709186911582947,
        0.704443097114563,
        0.0322925820946693
      ],
      [
        -0.45311051607132,
        0.618993759155273,
        -0.641511976718903,
        0.0761185064911842
      ],
      [
        0.0,
        0.0,
        0.0,
        1.0
      ]
    ]
  },
  "base": [
    [
      0.397398114204407,
      -0.000808499695267528,
      0.917645931243896,
      -0.00139096309430897
    ],
    [
      0.00890409294515848,
      0.999955952167511,
      -0.00297500984743237,
      -6.21732033323497e-05
    ],
    [
      -0.917603135108948,
      0.00935306865721941,
      0.397387802600861,
      0.112523339688778
    ],
    [
      0.0,
      0.0,
      0.0,
      1.0
    ]
  ],
  "base_link_world": [
    [
      0.397398114204407,
      -0.000808499695267528,
      0.917645931243896,
      -0.00139096309430897
    ],
    [
      0.00890409294515848,
      0.999955952167511,
      -0.00297500984743237,
      -6.21732033323497e-05
    ],
    [
      -0.917603135108948,
      0.00935306865721941,
      0.397387802600861,
      0.112523339688778
    ],
    [
      0.0,
      0.0,
      0.0,
      1.0
    ]
  ],
  "base_view_frame": [
    [
      0.397398084402084,
      -0.000808499637059867,
      0.917645871639252,
      -0.00139096297789365
    ],
    [
      -0.917603135108948,
      0.0093530248850584,
      0.397387802600861,
      0.112523339688778
    ],
    [
      -0.00890405289828777,
      -0.999955952167511,
      0.0029749923851341,
      6.21682847850025e-05
    ],
    [
      0.0,
      0.0,
      0.0,
      1.0
    ]
  ],
  "base_visual_world": [
    [
      -0.000806012540124357,
      -0.397398084402084,
      0.917645931243896,
      -0.00139096309430897
    ],
    [
      0.999955952167511,
      -0.00889783352613449,
      -0.00297500984743237,
      -6.21732033323497e-05
    ],
    [
      0.00934732519090176,
      0.917603135108948,
      0.397387802600861,
      0.112523339688778
    ],
    [
      0.0,
      0.0,
      0.0,
      1.0
    ]
  ],
  "view_adjust": [
    [
      0.999999940395355,
      0.0,
      0.0,
      0.0
    ],
    [
      0.0,
      -4.37113882867379e-08,
      1.0,
      0.0
    ],
    [
      0.0,
      -1.0,
      -4.37113882867379e-08,
      0.0
    ],
    [
      0.0,
      0.0,
      0.0,
      1.0
    ]
  ]
}