{
  "T_WB": [
    [
      0.261796909564027,
      -6.50005356358218e-05,
      0.965122983830379,
      -0.00220857398846641
    ],
    [
      0.00039811253868539,
      0.999999919927332,
      -4.06415581357273e-05,
      -7.79884144750047e-06
    ],
    [
      -0.965122903908684,
      0.000394867395556131,
      0.261796914478779,
      0.340364996133916
    ],
    [
      0.0,
      0.0,
      0.0,
      1.0
    ]
  ],
  "T_WH": {
    "0": [
      [
        0.262168579073529,
        0.00157150233000824,
        0.965020811447605,
        0.00826538241123504
      ],
      [
        -0.60271907877333,
        0.781238394009417,
        0.162469331900564,
        -0.0319918717775747
      ],
      [
        -0.753655987987355,
        -0.624230808360188,
        0.205763334111767,
        0.301747444220911
      ],
      [
        0.0,
        0.0,
        0.0,
        1.0
      ]
    ],
    "1": [
      [
        -0.152749267913493,
        -0.106114995206446,
        0.982551407787006,
        -0.0126825303881679
      ],
      [
        0.694760787308215,
        -0.718598115142752,
        0.0304006140094738,
        0.0319762740946797
      ],
      [
        0.702833628656712,
        0.687281861178964,
        0.183489873626909,
        0.378982548046921
      ],
      [
        0.0,
        0.0,
        0.0,
        1.0
      ]
    ],
    "2": [
      [
        0.262620099093341,
        -0.00212186467010675,
        0.964896979600686,
        0.00826122237695434
      ],
      [
        0.6029287371347,
        0.781094344794379,
        -0.162383996955966,
        0.0320081230977745
      ],
      [
        -0.753331017209141,
        0.624409418747477,
        0.206410407417066,
        0.301772715734226
      ],
      [
        0.0,
        0.0,
        0.0,
        1.0
      ]
    ],
    "3": [
      [
        -0.152673025747631,
        0.106382138173669,
        0.982534369824619,
        -0.0126783703538872
      ],
      [
        -0.695294031984812,
        -0.718086847869052,
        -0.0302900644401928,
        -0.0320237207806695
      ],
      [
        0.702322686729801,
        -0.687774759347191,
        0.183599357595683,
        0.378957276533606
      ],
      [
        0.0,
        0.0,
        0.0,
        1.0
      ]
    ]
  },
  "T_WP": {
    "0": [
      [
        -0.965020811447605,
        0.00157150233000824,
        0.262168579073529,
        0.0266171829463821
      ],
      [
        -0.162469331900564,
        0.781238394009417,
        -0.60271907877333,
        -0.0741822072917078
      ],
      [
        -0.205763334111767,
        -0.624230808360188,
        -0.753655987987355,
        0.248991525061796
      ],
      [
        0.0,
        0.0,
        0.0,
        1.0
      ]
    ],
    "1": [
      [
        -0.982551407787006,
        -0.106114995206446,
        -0.152749267913493,
        -0.0233749791421124
      ],
      [
        -0.0304006140094738,
        -0.718598115142752,
        0.694760787308215,
        0.0806095292062548
      ],
      [
        -0.183489873626909,
        0.687281861178964,
        0.702833628656712,
        0.428180902052891
      ],
      [
        0.0,
        0.0,
        0.0,
        1.0
      ]
    ],
    "2": [
      [
        -0.964896979600686,
        -0.00212186467010675,
        0.262620099093341,
        0.0266446293134882
      ],
      [
        0.162383996955966,
        0.781094344794379,
        0.6029287371347,
        0.0742131346972036
      ],
      [
        -0.206410407417066,
        0.624409418747477,
        -0.753331017209141,
        0.249039544529587
      ],
      [
        0.0,
        0.0,
        0.0,
        1.0
      ]
    ],
    "3": [
      [
        -0.982534369824619,
        0.106382138173669,
        -0.152673025747631,
        -0.0233654821562213
      ],
      [
        0.0302900644401927,
        -0.718086847869052,
        -0.695294031984812,
        -0.0806943030196064
      ],
      [
        -0.183599357595683,
        -0.687774759347191,
        0.702322686729801,
        0.428119864604692
      ],
      [
        0.0,
        0.0,
        0.0,
        1.0
      ]
    ]
  }
}