{
  "T_WB": [
    [
      -0.681117081359412,
      0.0704925892182132,
      0.728773158359821,
      -0.194926160812703
    ],
    [
      0.048986447541634,
      0.99751162317389,
      -0.0507039405790272,
      -0.000506387214291573
    ],
    [
      -0.73053394817605,
      0.0011646880711363,
      -0.682875386922102,
      0.195447871711768
    ],
    [
      0.0,
      0.0,
      0.0,
      1.0
    ]
  ],
  "T_WH": {
    "0": [
      [
        -0.735043821088345,
        -0.664669915009246,
        0.133882355676342,
        -0.224426606922062
      ],
      [
        -0.657778532285167,
        0.746947915484116,
        0.0969340704742452,
        -0.0304673012541907
      ],
      [
        -0.164432306876163,
        -0.0168141498606287,
        -0.986245051100308,
        0.16618924376645
      ],
      [
        0.0,
        0.0,
        0.0,
        1.0
      ]
    ],
    "1": [
      [
        0.421663434384679,
        0.303624407202518,
        0.854407494965861,
        -0.165425714703344
      ],
      [
        0.793612388660363,
        -0.579367961731812,
        -0.18577443710995,
        0.0294545268256075
      ],
      [
        0.438610675505864,
        0.756402660141836,
        -0.485258375571865,
        0.224706499657086
      ],
      [
        0.0,
        0.0,
        0.0,
        1.0
      ]
    ],
    "2": [
      [
        -0.634891700322073,
        0.76382883846479,
        0.116094936976928,
        -0.219915081212097
      ],
      [
        0.755051986702983,
        0.645270685838062,
        -0.116285164032022,
        0.0333734426289383
      ],
      [
        -0.163734621378696,
        0.013829227296066,
        -0.98640748488359,
        0.166263783803002
      ],
      [
        0.0,
        0.0,
        0.0,
        1.0
      ]
    ],
    "3": [
      [
        0.295801976085287,
        -0.377815716481183,
        0.877357666703751,
        -0.169937240413309
      ],
      [
        -0.851694550988091,
        -0.520222461461384,
        0.0631267170717191,
        -0.0343862170575214
      ],
      [
        0.432570899115085,
        -0.765913751652802,
        -0.475666419108914,
        0.224631959620534
      ],
      [
        0.0,
        0.0,
        0.0,
        1.0
      ]
    ]
  },
  "T_WP": {
    "0": [
      [
        -0.133882355676342,
        -0.664669915009246,
        -0.735043821088345,
        -0.275879674398246
      ],
      [
        -0.0969340704742452,
        0.746947915484116,
        -0.657778532285167,
        -0.0765117985141524
      ],
      [
        0.986245051100308,
        -0.0168141498606287,
        -0.164432306876164,
        0.154678982285118
      ],
      [
        0.0,
        0.0,
        0.0,
        1.0
      ]
    ],
    "1": [
      [
        -0.854407494965861,
        0.303624407202518,
        0.421663434384679,
        -0.135909274296416
      ],
      [
        0.18577443710995,
        -0.579367961731812,
        0.793612388660363,
        0.085007394031833
      ],
      [
        0.485258375571865,
        0.756402660141836,
        0.438610675505864,
        0.255409246942497
      ],
      [
        0.0,
        0.0,
        0.0,
        1.0
      ]
    ],
    "2": [
      [
        -0.116094936976928,
        0.76382883846479,
        -0.634891700322073,
        -0.264357500234642
      ],
      [
        0.116285164032022,
        0.645270685838062,
        0.755051986702983,
        0.0862270816981471
      ],
      [
        0.98640748488359,
        0.013829227296066,
        -0.163734621378696,
        0.154802360306494
      ],
      [
        0.0,
        0.0,
        0.0,
        1.0
      ]
    ],
    "3": [
      [
        -0.877357666703751,
        -0.377815716481183,
        0.295801976085287,
        -0.149231102087339
      ],
      [
        -0.0631267170717191,
        -0.520222461461384,
        -0.851694550988091,
        -0.0940048356266878
      ],
      [
        0.475666419108914,
        -0.765913751652802,
        0.432570899115085,
        0.25491192255859
      ],
      [
        0.0,
        0.0,
        0.0,
        1.0
      ]
    ]
  },
  "simTime": 0.938499999999913,
  "state": [
    -0.194926160812703,
    -0.000506387214291573,
    0.195447871711768,
    0.397969582660653,
    0.032583287084023,
    0.916720253329145,
    -0.013509915464392,
    -0.469591371805063,
    -0.00199038340551268,
    0.0221627619119525,
    0.472054756512528,
    13.0065867342089,
    -0.238227781295227,
    0.939605600876879,
    -0.274943904655641,
    0.203315395223527,
    0.0144918652564057,
    0.987003817934653,
    -0.132217023280254,
    0.0280853331927182,
    -0.0869099315198302,
    0.939054704350036,
    0.277179186715532,
    0.202789316857586,
    -0.0149817775386033,
    0.985908501049901,
    0.136062787173389,
    0.0312969761704375,
    0.0921512061056872,
    -0.247332721950793,
    -2.09018135070522,
    2.93882727849324,
    -1.15237363445764,
    -0.711970650055729,
    1.02434223117267,
    0.296093811652549,
    -2.06917299017574,
    -2.94711604211853,
    1.17269581586476,
    -0.72997021576068,
    -1.09081807951949
  ]
}