{
  "T_WB": [
    [
      0.99247403745431,
      -0.00230739533109413,
      0.122433495849493,
      -0.0638471488901788
    ],
    [
      0.00213001421922143,
      0.999996483849255,
      0.00157966089767045,
      3.86872712541627e-05
    ],
    [
      -0.122436710257045,
      -0.00130698734185128,
      0.992475462550848,
      0.327635573412516
    ],
    [
      0.0,
      0.0,
      0.0,
      1.0
    ]
  ],
  "T_WH": {
    "0": [
      [
        -0.0131960414875954,
        0.905534651291631,
        -0.424067046349044,
        -0.0240743507414114
      ],
      [
        -0.805492613083094,
        -0.26091293014017,
        -0.532077149626104,
        -0.0318759996431532
      ],
      [
        -0.592458871785736,
        0.334561561145053,
        0.732844490356964,
        0.322779928597173
      ],
      [
        0.0,
        0.0,
        0.0,
        1.0
      ]
    ],
    "1": [
      [
        -0.661807241391129,
        -0.726771784799089,
        0.183885692924192,
        -0.103619947038946
      ],
      [
        0.745604030089681,
        -0.663630840619636,
        0.0605701056008701,
        0.0319533741856615
      ],
      [
        0.0780115732201924,
        0.177191648218593,
        0.981079667634229,
        0.332491218227858
      ],
      [
        0.0,
        0.0,
        0.0,
        1.0
      ]
    ],
    "2": [
      [
        -0.0167251497667982,
        -0.904063763339751,
        -0.427070229799788,
        -0.0242220240426014
      ],
      [
        0.803396451808684,
        -0.266418643402093,
        0.532517837888089,
        0.0321237753231992
      ],
      [
        -0.595209551827333,
        -0.334200266702099,
        0.730777511387529,
        0.322696281407295
      ],
      [
        0.0,
        0.0,
        0.0,
        1.0
      ]
    ],
    "3": [
      [
        -0.658567205226624,
        0.729575738043726,
        0.18441387870208,
        -0.103472273737756
      ],
      [
        -0.74827025427227,
        -0.660891828175853,
        -0.0575640340984814,
        -0.0320464007806909
      ],
      [
        0.0798803027742439,
        -0.175901204965548,
        0.981161507255744,
        0.332574865417737
      ],
      [
        0.0,
        0.0,
        0.0,
        1.0
      ]
    ]
  },
  "T_WP": {
    "0": [
      [
        0.424067046349044,
        0.905534651291631,
        -0.0131960414875954,
        -0.024998073645543
      ],
      [
        0.532077149626104,
        -0.26091293014017,
        -0.805492613083094,
        -0.0882604825589697
      ],
      [
        -0.732844490356964,
        0.334561561145053,
        -0.592458871785736,
        0.281307807572171
      ],
      [
        0.0,
        0.0,
        0.0,
        1.0
      ]
    ],
    "1": [
      [
        -0.183885692924192,
        -0.726771784799089,
        -0.661807241391129,
        -0.149946453936325
      ],
      [
        -0.06057010560087,
        -0.663630840619636,
        0.745604030089681,
        0.0841456562919392
      ],
      [
        -0.981079667634229,
        0.177191648218593,
        0.0780115732201925,
        0.337952028353272
      ],
      [
        0.0,
        0.0,
        0.0,
        1.0
      ]
    ],
    "2": [
      [
        0.427070229799788,
        -0.904063763339751,
        -0.0167251497667982,
        -0.0253927845262773
      ],
      [
        -0.532517837888089,
        -0.266418643402093,
        0.803396451808684,
        0.0883615269498071
      ],
      [
        -0.730777511387529,
        -0.334200266702099,
        -0.595209551827333,
        0.281031612779381
      ],
      [
        0.0,
        0.0,
        0.0,
        1.0
      ]
    ],
    "3": [
      [
        -0.18441387870208,
        0.729575738043726,
        -0.658567205226624,
        -0.14957197810362
      ],
      [
        0.0575640340984814,
        -0.660891828175853,
        -0.74827025427227,
        -0.0844253185797498
      ],
      [
        -0.981161507255744,
        -0.175901204965548,
        0.079880302774244,
        0.338166486611934
      ],
      [
        0.0,
        0.0,
        0.0,
        1.0
      ]
    ]
  },
  "simTime": 0.576499999999953,
  "state": [
    -0.0638471488901788,
    3.86872712541627e-05,
    0.327635573412516,
    0.998116474146982,
    -0.000723023894077276,
    0.0613330739570778,
    0.00111144582452361,
    -0.306569306573946,
    -0.000132583315911576,
    -0.760618587004839,
    -0.0117080896487136,
    -3.50357884408716,
    0.000632548467000843,
    0.822228686203501,
    0.358954615873334,
    0.184029216931004,
    -0.4015281044249,
    0.998652055052073,
    0.0429712208539042,
    -3.85573292046931e-05,
    -0.0291126369799775,
    0.82201311814367,
    -0.359342906199702,
    0.184273039934793,
    0.401510343723376,
    0.998645591041886,
    -0.0432074914533505,
    1.44049066105975e-05,
    0.0289844090401832,
    -3.93103923131941,
    -2.16666057786741,
    -3.97476884933353,
    -0.248277365580718,
    0.188638550417332,
    -0.591499432448418,
    3.93241351460793,
    -2.16863187753557,
    3.978402254076,
    0.246078980464914,
    0.188176625554636,
    0.593651117656736
  ]
}