{
  "arms": {
    "0": [
      [
        -1.0,
        -3.4544485130868e-17,
        -5.7429402924103e-17,
        -8.88178813438097e-18
      ],
      [
        1.61820780750932e-17,
        0.70710676908493,
        -0.70710676908493,
        -0.0320000015199184
      ],
      [
        6.50353617437526e-17,
        -0.70710676908493,
        -0.70710676908493,
        0.371299296617508
      ],
      [
        0.0,
        0.0,
        0.0,
        1.0
      ]
    ],
    "1": [
      [
        -1.0,
        -1.58233854299661e-16,
        3.79063019884942e-16,
        8.88178068975546e-18
      ],
      [
        -1.56149809142281e-16,
        -0.70710676908493,
        -0.70710676908493,
        -0.0320000015199184
      ],
      [
        3.79926278807092e-16,
        -0.70710676908493,
        0.70710676908493,
        0.45129930973053
      ],
      [
        0.0,
        0.0,
        0.0,
        1.0
      ]
    ],
    "2": [
      [
        -1.0,
        1.55804021176454e-16,
        3.79044623388119e-16,
        8.88178813438097e-18
      ],
      [
        1.57854939404663e-16,
        -0.70710676908493,
        0.70710676908493,
        0.0320000015199184
      ],
      [
        3.78195102281582e-16,
        0.70710676908493,
        0.70710676908493,
        0.45129930973053
      ],
      [
        0.0,
        0.0,
        0.0,
        1.0
      ]
    ],
    "3": [
      [
        -1.0,
        2.79473994614245e-16,
        1.87500113176718e-16,
        -8.88178068975546e-18
      ],
      [
        3.30200574363818e-16,
        0.70710676908493,
        0.70710676908493,
        0.0320000015199184
      ],
      [
        6.50353617437526e-17,
        0.70710676908493,
        -0.70710676908493,
        0.371299296617508
      ],
      [
        0.0,
        0.0,
        0.0,
        1.0
      ]
    ]
  },
  "arms_in_parent_frame": {
    "0": [
      [
        2.22044591690142e-16,
        1.26880514983441e-08,
        0.999999940395355,
        1.49011611938477e-08
      ],
      [
        -3.80013151820596e-24,
        0.999999940395355,
        1.26880514983441e-08,
        2.98023223876953e-08
      ],
      [
        -1.0,
        0.0,
        2.22044591690142e-16,
        0.0
      ],
      [
        0.0,
        0.0,
        0.0,
        1.0
      ]
    ],
    "1": [
      [
        2.22044604925031e-16,
        -1.26880514983441e-08,
        0.999999940395355,
        0.0
      ],
      [
        -6.4054416875897e-24,
        0.999999940395355,
        -1.26880514983441e-08,
        0.0
      ],
      [
        -1.0,
        8.47093039522616e-25,
        2.22044604925031e-16,
        -6.61744490042422e-24
      ],
      [
        0.0,
        0.0,
        0.0,
        1.0
      ]
    ],
    "2": [
      [
        2.22044591690142e-16,
        1.26880514983441e-08,
        0.999999940395355,
        0.0
      ],
      [
        1.19323258295911e-24,
        0.999999940395355,
        1.26880514983441e-08,
        0.0
      ],
      [
        -1.0,
        8.24152569968337e-24,
        2.22044604925031e-16,
        0.0
      ],
      [
        0.0,
        0.0,
        0.0,
        1.0
      ]
    ],
    "3": [
      [
        2.22044604925031e-16,
        -1.26880514983441e-08,
        0.999999940395355,
        1.49011611938477e-08
      ],
      [
        1.04175764186302e-23,
        0.999999940395355,
        -1.26880514983441e-08,
        -2.98023223876953e-08
      ],
      [
        -1.0,
        0.0,
        2.22044604925031e-16,
        0.0
      ],
      [
        0.0,
        0.0,
        0.0,
        1.0
      ]
    ]
  },
  "arms_link_world": {
    "0": [
      [
        -1.0,
        -3.4544485130868e-17,
        -5.7429402924103e-17,
        -8.88178813438097e-18
      ],
      [
        1.61820780750932e-17,
        0.70710676908493,
        -0.70710676908493,
        -0.0320000015199184
      ],
      [
        6.50353617437526e-17,
        -0.70710676908493,
        -0.70710676908493,
        0.371299296617508
      ],
      [
        0.0,
        0.0,
        0.0,
        1.0
      ]
    ],
    "1": [
      [
        -1.0,
        -1.58233854299661e-16,
        3.79063019884942e-16,
        8.88178068975546e-18
      ],
      [
        -1.56149809142281e-16,
        -0.70710676908493,
        -0.70710676908493,
        -0.0320000015199184
      ],
      [
        3.79926278807092e-16,
        -0.70710676908493,
        0.70710676908493,
        0.45129930973053
      ],
      [
        0.0,
        0.0,
        0.0,
        1.0
      ]
    ],
    "2": [
      [
        -1.0,
        1.55804021176454e-16,
        3.79044623388119e-16,
        8.88178813438097e-18
      ],
      [
        1.57854939404663e-16,
        -0.70710676908493,
        0.70710676908493,
        0.0320000015199184
      ],
      [
        3.78195102281582e-16,
        0.70710676908493,
        0.70710676908493,
        0.45129930973053
      ],
      [
        0.0,
        0.0,
        0.0,
        1.0
      ]
    ],
    "3": [
      [
        -1.0,
        2.79473994614245e-16,
        1.87500113176718e-16,
        -8.88178068975546e-18
      ],
      [
        3.30200574363818e-16,
        0.70710676908493,
        0.70710676908493,
        0.0320000015199184
      ],
      [
        6.50353617437526e-17,
        0.70710676908493,
        -0.70710676908493,
        0.371299296617508
      ],
      [
        0.0,
        0.0,
        0.0,
        1.0
      ]
    ]
  },
  "arms_relative_to_base": {
    "0": [
      [
        1.57009243181279e-16,
        0.70710676908493,
        0.70710676908493,
        0.0399999916553497
      ],
      [
        1.61819655785299e-17,
        0.70710676908493,
        -0.70710676908493,
        -0.0320000015199184
      ],
      [
        -1.0,
        1.22464685258517e-16,
        9.95799196665145e-17,
        0.0
      ],
      [
        0.0,
        0.0,
        0.0,
        1.0
      ]
    ],
    "1": [
      [
        -1.57881673882061e-16,
        0.70710676908493,
        -0.70710676908493,
        -0.0400000214576721
      ],
      [
        -1.56149928256289e-16,
        -0.70710676908493,
        -0.70710676908493,
        -0.0320000015199184
      ],
      [
        -1.0,
        -1.2245317090439e-18,
        2.22053869347892e-16,
        -6.61744490042422e-24
      ],
      [
        0.0,
        0.0,
        0.0,
        1.0
      ]
    ],
    "2": [
      [
        -1.56150497356551e-16,
        -0.70710676908493,
        -0.70710676908493,
        -0.0400000214576721
      ],
      [
        1.57854820290655e-16,
        -0.70710676908493,
        0.70710676908493,
        0.0320000015199184
      ],
      [
        -1.0,
        -1.20514259548566e-18,
        2.22035300797501e-16,
        -6.61744490042422e-24
      ],
      [
        0.0,
        0.0,
        0.0,
        1.0
      ]
    ],
    "3": [
      [
        1.57009243181279e-16,
        -0.70710676908493,
        0.70710676908493,
        0.0399999916553497
      ],
      [
        3.302004684847e-16,
        0.70710676908493,
        0.70710676908493,
        0.0320000015199184
      ],
      [
        -1.0,
        1.22464672023627e-16,
        3.44509263713768e-16,
        0.0
      ],
      [
        0.0,
        0.0,
        0.0,
        1.0
      ]
    ]
  },
  "arms_view_frame": {
    "0": [
      [
        -0.999999940395355,
        -3.45444818221456e-17,
        -5.74293963066581e-17,
        -8.88178730720036e-18
      ],
      [
        6.50353617437526e-17,
        -0.707106828689575,
        -0.707106709480286,
        0.371299296617508
      ],
      [
        -1.61820813838157e-17,
        -0.707106709480286,
        0.707106828689575,
        0.0319999866187572
      ],
      [
        0.0,
        0.0,
        0.0,
        1.0
      ]
    ],
    "1": [
      [
        -0.999999940395355,
        -1.58233841064772e-16,
        3.79062993415162e-16,
        8.88177986257484e-18
      ],
      [
        3.79926278807092e-16,
        -0.707106709480286,
        0.707106828689575,
        0.45129930973053
      ],
      [
        1.56149795907391e-16,
        0.707106828689575,
        0.707106709480286,
        0.0319999828934669
      ],
      [
        0.0,
        0.0,
        0.0,
        1.0
      ]
    ],
    "2": [
      [
        -0.999999940395355,
        1.55804007941564e-16,
        3.79044596918339e-16,
        8.88178730720036e-18
      ],
      [
        3.78195102281582e-16,
        0.707106828689575,
        0.707106709480286,
        0.45129930973053
      ],
      [
        -1.57854952639553e-16,
        0.707106709480286,
        -0.707106828689575,
        -0.0320000201463699
      ],
      [
        0.0,
        0.0,
        0.0,
        1.0
      ]
    ],
    "3": [
      [
        -0.999999940395355,
        2.79473968144465e-16,
        1.87500099941829e-16,
        -8.88177986257484e-18
      ],
      [
        6.50353485088628e-17,
        0.707106709480286,
        -0.707106828689575,
        0.371299296617508
      ],
      [
        -3.30200574363818e-16,
        -0.707106828689575,
        -0.707106709480286,
        -0.0320000164210796
      ],
      [
        0.0,
        0.0,
        0.0,
        1.0
      ]
    ]
  },
  "arms_visual_world": {
    "0": [
      [
        -1.0,
        -3.4544485130868e-17,
        -5.7429402924103e-17,
        -8.88178813438097e-18
      ],
      [
        1.61820780750932e-17,
        0.70710676908493,
        -0.70710676908493,
        -0.0320000015199184
      ],
      [
        6.50353617437526e-17,
        -0.70710676908493,
        -0.70710676908493,
        0.371299296617508
      ],
      [
        0.0,
        0.0,
        0.0,
        1.0
      ]
    ],
    "1": [
      [
        -1.0,
        -1.58233854299661e-16,
        3.79063019884942e-16,
        8.88178068975546e-18
      ],
      [
        -1.56149809142281e-16,
        -0.70710676908493,
        -0.70710676908493,
        -0.0320000015199184
      ],
      [
        3.79926278807092e-16,
        -0.70710676908493,
        0.70710676908493,
        0.45129930973053
      ],
      [
        0.0,
        0.0,
        0.0,
        1.0
      ]
    ],
    "2": [
      [
        -1.0,
        1.55804021176454e-16,
        3.79044623388119e-16,
        8.88178813438097e-18
      ],
      [
        1.57854939404663e-16,
        -0.70710676908493,
        0.70710676908493,
        0.0320000015199184
      ],
      [
        3.78195102281582e-16,
        0.70710676908493,
        0.70710676908493,
        0.45129930973053
      ],
      [
        0.0,
        0.0,
        0.0,
        1.0
      ]
    ],
    "3": [
      [
        -1.0,
        2.79473994614245e-16,
        1.87500113176718e-16,
        -8.88178068975546e-18
      ],
      [
        3.30200574363818e-16,
        0.70710676908493,
        0.70710676908493,
        0.0320000015199184
      ],
      [
        6.50353617437526e-17,
        0.70710676908493,
        -0.70710676908493,
        0.371299296617508
      ],
      [
        0.0,
        0.0,
        0.0,
        1.0
      ]
    ]
  },
  "base": [
    [
      -2.22044604925031e-16,
      1.12602750295942e-22,
      1.0,
      7.51643187291537e-36
    ],
    [
      4.55650269075727e-19,
      1.0,
      -1.12602750295942e-22,
      9.55974840213714e-23
    ],
    [
      -1.0,
      4.55650269075727e-19,
      -2.22044604925031e-16,
      0.411299288272858
    ],
    [
      0.0,
      0.0,
      0.0,
      1.0
    ]
  ],
  "base_link_world": [
    [
      -2.22044604925031e-16,
      1.12602750295942e-22,
      1.0,
      7.51643187291537e-36
    ],
    [
      4.55650269075727e-19,
      1.0,
      -1.12602750295942e-22,
      9.55974840213714e-23
    ],
    [
      -1.0,
      4.55650269075727e-19,
      -2.22044604925031e-16,
      0.411299288272858
    ],
    [
      0.0,
      0.0,
      0.0,
      1.0
    ]
  ],
  "base_view_frame": [
    [
      -2.22044591690142e-16,
      1.12602737674167e-22,
      0.999999940395355,
      7.51643115545056e-36
    ],
    [
      -1.0,
      -4.37113882867379e-08,
      -2.22044604925031e-16,
      0.411299288272858
    ],
    [
      4.37113882867379e-08,
      -1.0,
      1.22308629816517e-22,
      -1.79784631626489e-08
    ],
    [
      0.0,
      0.0,
      0.0,
      1.0
    ]
  ],
  "base_visual_world": [
    [
      -1.27706064092782e-21,
      2.22044591690142e-16,
      1.0,
      7.51643187291537e-36
    ],
    [
      0.999999940395355,
      6.25848770141602e-06,
      -1.12602750295942e-22,
      9.55974840213714e-23
    ],
    [
      -6.25848770141602e-06,
      0.999999940395355,
      -2.22044604925031e-16,
      0.411299288272858
    ],
    [
      0.0,
      0.0,
      0.0,
      1.0
    ]
  ],
  "view_adjust": [
    [
      0.999999940395355,
      0.0,
      0.0,
      0.0
    ],
    [
      0.0,
      -4.37113882867379e-08,
      1.0,
      0.0
    ],
    [
      0.0,
      -1.0,
      -4.37113882867379e-08,
      0.0
    ],
    [
      0.0,
      0.0,
      0.0,
      1.0
    ]
  ]
}