{
  "T_WB": [
    [
      0.998893729709198,
      -0.00235298246176096,
      -0.0469657345432022,
      -0.0805232689098547
    ],
    [
      0.00244068391828296,
      0.999995383305249,
      0.00181009121314907,
      2.88225764463105e-05
    ],
    [
      0.0469612586038633,
      -0.00192271727602626,
      0.998894861008213,
      0.273739155444983
    ],
    [
      0.0,
      0.0,
      0.0,
      1.0
    ]
  ],
  "T_WH": {
    "0": [
      [
        -0.120213099187643,
        0.935120482884124,
        -0.333314406040701,
        -0.0404922242827104
      ],
      [
        -0.819944048763358,
        -0.282808964775797,
        -0.497705581985971,
        -0.0318734023325903
      ],
      [
        -0.559678986278075,
        0.213468433106643,
        0.800743816951302,
        0.27567913274197
      ],
      [
        0.0,
        0.0,
        0.0,
        1.0
      ]
    ],
    "1": [
      [
        -0.643552507396957,
        -0.765397201711367,
        -0.00270071018399986,
        -0.120554313536999
      ],
      [
        0.764096007082977,
        -0.642656486721319,
        0.0561242553167739,
        0.0319310474854829
      ],
      [
        -0.0446929768860949,
        0.0340553033670142,
        0.998420139084564,
        0.271799178147996
      ],
      [
        0.0,
        0.0,
        0.0,
        1.0
      ]
    ],
    "2": [
      [
        -0.123971698500315,
        -0.933640784001582,
        -0.336074254324633,
        -0.0406428151602631
      ],
      [
        0.816748969918705,
        -0.288350056859627,
        0.499775314362148,
        0.0321263021989456
      ],
      [
        -0.563517646669278,
        -0.212530306445837,
        0.798297394918935,
        0.275556078836305
      ],
      [
        0.0,
        0.0,
        0.0,
        1.0
      ]
    ],
    "3": [
      [
        -0.6400467929619,
        0.768333078333087,
        -0.00209369491315119,
        -0.120403722659446
      ],
      [
        -0.767194510278531,
        -0.639242060984248,
        -0.0527462877091393,
        -0.032068657046053
      ],
      [
        -0.0418650954575607,
        -0.0321538210453126,
        0.998605750821872,
        0.271922232053661
      ],
      [
        0.0,
        0.0,
        0.0,
        1.0
      ]
    ]
  },
  "T_WP": {
    "0": [
      [
        0.333314406040701,
        0.935120482884124,
        -0.120213099187644,
        -0.0489071412258455
      ],
      [
        0.497705581985971,
        -0.282808964775797,
        -0.819944048763358,
        -0.0892694857460254
      ],
      [
        -0.800743816951302,
        0.213468433106643,
        -0.559678986278075,
        0.236501603702505
      ],
      [
        0.0,
        0.0,
        0.0,
        1.0
      ]
    ],
    "1": [
      [
        0.00270071018399982,
        -0.765397201711367,
        -0.643552507396957,
        -0.165602989054786
      ],
      [
        -0.0561242553167738,
        -0.642656486721319,
        0.764096007082977,
        0.0854177679812913
      ],
      [
        -0.998420139084564,
        0.0340553033670142,
        -0.0446929768860948,
        0.268670669765969
      ],
      [
        0.0,
        0.0,
        0.0,
        1.0
      ]
    ],
    "2": [
      [
        0.336074254324633,
        -0.933640784001582,
        -0.123971698500315,
        -0.0493208340552852
      ],
      [
        -0.499775314362148,
        -0.288350056859627,
        0.816748969918705,
        0.0892987300932549
      ],
      [
        -0.798297394918935,
        -0.212530306445837,
        -0.563517646669278,
        0.236109843569455
      ],
      [
        0.0,
        0.0,
        0.0,
        1.0
      ]
    ],
    "3": [
      [
        0.00209369491315115,
        0.768333078333087,
        -0.6400467929619,
        -0.165206998166779
      ],
      [
        0.0527462877091393,
        -0.639242060984248,
        -0.767194510278531,
        -0.0857722727655502
      ],
      [
        -0.998605750821872,
        -0.0321538210453126,
        -0.0418650954575606,
        0.268991675371632
      ],
      [
        0.0,
        0.0,
        0.0,
        1.0
      ]
    ]
  },
  "simTime": 0.628999999999947,
  "state": [
    -0.0805232689098547,
    2.88225764463105e-05,
    0.273739155444983,
    0.999722958376802,
    -0.000933460729769598,
    -0.0234882555111993,
    0.00119874869829616,
    -0.327441810640606,
    -0.000239933000544561,
    -1.29296088954526,
    -0.0118151822276628,
    -2.96656495848267,
    0.000322144611557581,
    0.829729604095775,
    0.220241191044119,
    0.210208573071288,
    -0.467819364351102,
    0.998434843653615,
    0.0346737751442761,
    0.00501406605654976,
    -0.0435941674677578,
    0.8295620075017,
    -0.220550468393144,
    0.210488958524991,
    0.467844808606849,
    0.998427590906664,
    -0.0349555745979207,
    0.00505997096063397,
    0.0435298772651934,
    -4.76048833239137,
    -2.42758569925636,
    -2.59012997096773,
    -0.391583914861813,
    0.129390876801963,
    -0.519791028181777,
    4.76240137496939,
    -2.43002237315431,
    2.59215505239777,
    0.390213596739939,
    0.129021157873188,
    0.522560920794047
  ]
}