{
  "T_WB": [
    [
      0.307634007212186,
      -0.00041116647077435,
      0.95150467605194,
      -0.00634643259165539
    ],
    [
      0.000341261257624393,
      0.999999889996589,
      0.000321788074259196,
      6.17969171327723e-06
    ],
    [
      -0.951504703691646,
      0.000225718727627527,
      0.307634113686582,
      0.215311156300175
    ],
    [
      0.0,
      0.0,
      0.0,
      1.0
    ]
  ],
  "T_WH": {
    "0": [
      [
        0.513856308390631,
        0.810606593326219,
        0.280835619505815,
        0.00597208502389682
      ],
      [
        -0.596709389237455,
        0.572923586396228,
        -0.561868729283581,
        -0.0319801663378726
      ],
      [
        -0.616351846856174,
        0.121142540038359,
        0.778096964311029,
        0.177243745153225
      ],
      [
        0.0,
        0.0,
        0.0,
        1.0
      ]
    ],
    "1": [
      [
        -0.152695212143938,
        -0.144148272770019,
        0.97770417184634,
        -0.0186649502072076
      ],
      [
        0.657457973469545,
        -0.753444343795387,
        -0.00840439908962654,
        0.0319925257212991
      ],
      [
        0.737857157795218,
        0.641516091972882,
        0.209818775208998,
        0.253378567447125
      ],
      [
        0.0,
        0.0,
        0.0,
        1.0
      ]
    ],
    "2": [
      [
        0.514120102870284,
        -0.810856646983466,
        0.279628356693988,
        0.00594577036976726
      ],
      [
        0.597317344973139,
        0.572437893005073,
        0.561717765471373,
        0.0320198266219091
      ],
      [
        -0.61554245119154,
        -0.121763527768554,
        0.778640567968602,
        0.177258191151793
      ],
      [
        0.0,
        0.0,
        0.0,
        1.0
      ]
    ],
    "3": [
      [
        -0.152422670623315,
        0.144917738343045,
        0.97763294676151,
        -0.018638635553078
      ],
      [
        -0.657717303155495,
        -0.753209816619031,
        0.00910611215546155,
        -0.0320074672384825
      ],
      [
        0.737682369729628,
        -0.641618127286209,
        0.210121155831152,
        0.253364121448557
      ],
      [
        0.0,
        0.0,
        0.0,
        1.0
      ]
    ]
  },
  "T_WP": {
    "0": [
      [
        -0.280835619505815,
        0.810606593326219,
        0.513856308390631,
        0.041942026611241
      ],
      [
        0.561868729283581,
        0.572923586396228,
        -0.596709389237455,
        -0.0737498235844945
      ],
      [
        -0.778096964311029,
        0.121142540038359,
        -0.616351846856174,
        0.134099115873293
      ],
      [
        0.0,
        0.0,
        0.0,
        1.0
      ]
    ],
    "1": [
      [
        -0.97770417184634,
        -0.144148272770019,
        -0.152695212143938,
        -0.0293536150572833
      ],
      [
        0.00840439908962658,
        -0.753444343795387,
        0.657457973469545,
        0.0780145838641673
      ],
      [
        -0.209818775208998,
        0.641516091972882,
        0.737857157795218,
        0.30502856849279
      ],
      [
        0.0,
        0.0,
        0.0,
        1.0
      ]
    ],
    "2": [
      [
        -0.279628356693987,
        -0.810856646983466,
        0.514120102870284,
        0.0419341775706871
      ],
      [
        -0.561717765471373,
        0.572437893005073,
        0.597317344973139,
        0.0738320407700288
      ],
      [
        -0.778640567968602,
        -0.121763527768554,
        -0.61554245119154,
        0.134170219568385
      ],
      [
        0.0,
        0.0,
        0.0,
        1.0
      ]
    ],
    "3": [
      [
        -0.97763294676151,
        0.144917738343045,
        -0.152422670623315,
        -0.0293082224967101
      ],
      [
        -0.00910611215546159,
        -0.753209816619031,
        -0.657717303155495,
        -0.0780476784593672
      ],
      [
        -0.210121155831152,
        -0.641618127286209,
        0.737682369729628,
        0.305001887329631
      ],
      [
        0.0,
        0.0,
        0.0,
        1.0
      ]
    ]
  },
  "simTime": 0.33199999999998,
  "state": [
    -0.00634643259165539,
    6.17969171327723e-06,
    0.215311156300175,
    0.808589514354372,
    -2.97027555163068e-05,
    0.588373131842758,
    0.000232635878601372,
    -0.14378782466118,
    0.000287122508923994,
    1.65789499161732,
    -0.00949535762031077,
    -5.51300683194465,
    0.00583399905099283,
    0.859473790121103,
    0.485345671142709,
    -0.106005628441793,
    0.120445798335016,
    0.99814456682038,
    0.0313750133431766,
    -0.0399776015871583,
    0.0335383904803298,
    0.859265035531352,
    -0.485578915244548,
    -0.106398754934779,
    -0.120648334972192,
    0.998147821535942,
    -0.031268370901646,
    -0.0398678559562071,
    -0.0336714924775398,
    5.12056865427169,
    0.141591327869911,
    -1.86772655380694,
    0.498046941629885,
    0.124833330498721,
    -0.195232353710913,
    -5.12464936112561,
    0.140111389588039,
    1.86838004662599,
    -0.499328587659249,
    0.126505963769507,
    0.191858608529325
  ]
}