{
  "T_WB": [
    [
      -0.940828766654046,
      0.0723167546685425,
      0.331076303637752,
      -0.212190399019099
    ],
    [
      0.0621627110561403,
      0.997216468017355,
      -0.0411717532920616,
      -0.000607745866186017
    ],
    [
      -0.333132149739976,
      -0.0181549692701864,
      -0.94270534521685,
      0.190235554274946
    ],
    [
      0.0,
      0.0,
      0.0,
      1.0
    ]
  ],
  "T_WH": {
    "0": [
      [
        -0.815121279079223,
        -0.510046049701326,
        -0.274645822062385,
        -0.252137685834654
      ],
      [
        -0.560865970945182,
        0.813481598385727,
        0.153873492595447,
        -0.0300321644004958
      ],
      [
        0.144936755269217,
        0.279465053757846,
        -0.949153633876074,
        0.177491227301993
      ],
      [
        0.0,
        0.0,
        0.0,
        1.0
      ]
    ],
    "1": [
      [
        0.622184441722396,
        0.565786149568016,
        0.541084608389104,
        -0.172243112203543
      ],
      [
        0.754870193627122,
        -0.6167677287216,
        -0.223088680978999,
        0.0288166726681237
      ],
      [
        0.207503039139048,
        0.547250949532843,
        -0.810838385242991,
        0.202979881247899
      ],
      [
        0.0,
        0.0,
        0.0,
        1.0
      ]
    ],
    "2": [
      [
        -0.725859221391409,
        0.61867778406954,
        -0.300609697481402,
        -0.247509413535867
      ],
      [
        0.676780934609575,
        0.72043577806766,
        -0.151459090942194,
        0.033789689552615
      ],
      [
        0.122865606538394,
        -0.313384889838117,
        -0.94164428185547,
        0.176329309268701
      ],
      [
        0.0,
        0.0,
        0.0,
        1.0
      ]
    ],
    "3": [
      [
        0.498688388141685,
        -0.648863453714868,
        0.574705237461658,
        -0.17687138450233
      ],
      [
        -0.833299410837438,
        -0.541393969455069,
        0.111824244847269,
        -0.035005181284987
      ],
      [
        0.238583284055329,
        -0.534666988200036,
        -0.810684419671722,
        0.204141799281191
      ],
      [
        0.0,
        0.0,
        0.0,
        1.0
      ]
    ]
  },
  "T_WP": {
    "0": [
      [
        0.274645822062385,
        -0.510046049701326,
        -0.815121279079223,
        -0.309196175370199
      ],
      [
        -0.153873492595447,
        0.813481598385727,
        -0.560865970945182,
        -0.0692927823666585
      ],
      [
        0.949153633876074,
        0.279465053757846,
        0.144936755269217,
        0.187636800170838
      ],
      [
        0.0,
        0.0,
        0.0,
        1.0
      ]
    ],
    "1": [
      [
        -0.541084608389104,
        0.565786149568016,
        0.622184441722396,
        -0.128690201282976
      ],
      [
        0.223088680979,
        -0.6167677287216,
        0.754870193627122,
        0.0816575862220223
      ],
      [
        0.810838385242991,
        0.547250949532843,
        0.207503039139048,
        0.217505093987632
      ],
      [
        0.0,
        0.0,
        0.0,
        1.0
      ]
    ],
    "2": [
      [
        0.300609697481402,
        0.61867778406954,
        -0.725859221391409,
        -0.298319559033266
      ],
      [
        0.151459090942194,
        0.72043577806766,
        0.676780934609575,
        0.0811643549752852
      ],
      [
        0.94164428185547,
        -0.313384889838117,
        0.122865606538394,
        0.184929901726389
      ],
      [
        0.0,
        0.0,
        0.0,
        1.0
      ]
    ],
    "3": [
      [
        -0.574705237461658,
        -0.648863453714868,
        0.498688388141686,
        -0.141963197332412
      ],
      [
        -0.111824244847269,
        -0.541393969455069,
        -0.833299410837438,
        -0.0933361400436077
      ],
      [
        0.810684419671722,
        -0.534666988200036,
        0.238583284055329,
        0.220842629165064
      ],
      [
        0.0,
        0.0,
        0.0,
        1.0
      ]
    ]
  },
  "simTime": 0.975499999999909,
  "state": [
    -0.212190399019099,
    -0.000607745866186017,
    0.190235554274946,
    0.168584071123623,
    0.0341325011735494,
    0.984981037874366,
    -0.0150578336742091,
    -0.460451500512447,
    -0.00365400421013506,
    -0.304981227748806,
    0.46713484078882,
    12.9015117934724,
    -0.255293266616033,
    0.945146546436747,
    -0.260676876546248,
    0.182464918593282,
    0.0738385080803281,
    0.986050649044457,
    -0.152422569134666,
    0.020344492190088,
    -0.0636991332352372,
    0.944244905675764,
    0.263655775481892,
    0.182437766739433,
    -0.07485754088626,
    0.985080813011414,
    0.156484340596774,
    0.0236799610250255,
    0.0675847795780844,
    0.507275419041005,
    -1.95036292775927,
    2.73971473911442,
    -1.0057327059226,
    -0.636986542167749,
    1.26806875243948,
    -0.463749603323679,
    -1.94154261069011,
    -2.77409084475033,
    1.014276588065,
    -0.64863282652869,
    -1.33434691869652
  ]
}