{
  "T_WB": [
    [
      0.476202552211974,
      -0.111787249101714,
      0.872201089316606,
      -0.0385703056038741
    ],
    [
      -0.134566401395924,
      0.970938999935251,
      0.197912460497273,
      0.00266290251990782
    ],
    [
      -0.868978142925444,
      -0.211615380686294,
      0.447320821977741,
      0.536995533101346
    ],
    [
      0.0,
      0.0,
      0.0,
      1.0
    ]
  ],
  "T_WH": {
    "0": [
      [
        0.168319135923247,
        -0.33653363671797,
        0.9265062222346,
        0.0226252940597338
      ],
      [
        -0.610285304738722,
        0.702536456925726,
        0.366052419074389,
        -0.036452704053765
      ],
      [
        -0.77409335050885,
        -0.62704675905998,
        -0.0871312036549391,
        -0.0279874335350564
      ],
      [
        0.0,
        0.0,
        0.0,
        1.0
      ]
    ],
    "1": [
      [
        -0.49276527543177,
        -0.0783041711772117,
        0.866631894234745,
        -0.0226252940597338
      ],
      [
        0.732792773533787,
        -0.574423955262248,
        0.364762759444457,
        0.036452704053765
      ],
      [
        0.469251674888125,
        0.814804011034019,
        0.340436909305622,
        0.0279874335350564
      ],
      [
        0.0,
        0.0,
        0.0,
        1.0
      ]
    ],
    "2": [
      [
        0.01945660191632,
        0.183528715676196,
        0.98282177996019,
        0.0154709101172241
      ],
      [
        0.162057041861124,
        0.969430011618367,
        -0.184236173855285,
        0.0256873919420911
      ],
      [
        -0.986589557934348,
        0.162857800230321,
        -0.0108803069372636,
        -0.0415308178989792
      ],
      [
        0.0,
        0.0,
        0.0,
        1.0
      ]
    ],
    "3": [
      [
        -0.374267176371269,
        0.185350625036384,
        0.908608401067093,
        -0.0154709101172241
      ],
      [
        -0.537153556904871,
        -0.842031293595439,
        -0.0494909780711349,
        -0.0256873919420911
      ],
      [
        0.755903523603061,
        -0.506585083085373,
        0.414706422183046,
        0.0415308178989792
      ],
      [
        0.0,
        0.0,
        0.0,
        1.0
      ]
    ]
  },
  "T_WP": {
    "0": [
      [
        -0.9265062222346,
        -0.33653363671797,
        0.168319135923247,
        0.0344076335743611
      ],
      [
        -0.366052419074389,
        0.702536456925726,
        -0.610285304738722,
        -0.0791726753854755
      ],
      [
        0.0871312036549391,
        -0.62704675905998,
        -0.77409335050885,
        -0.0821739680706759
      ],
      [
        0.0,
        0.0,
        0.0,
        1.0
      ]
    ],
    "1": [
      [
        -0.866631894234745,
        -0.0783041711772117,
        -0.49276527543177,
        -0.0571188633399578
      ],
      [
        -0.364762759444457,
        -0.574423955262248,
        0.732792773533787,
        0.0877481982011301
      ],
      [
        -0.340436909305622,
        0.814804011034019,
        0.469251674888125,
        0.0608350507772251
      ],
      [
        0.0,
        0.0,
        0.0,
        1.0
      ]
    ],
    "2": [
      [
        -0.98282177996019,
        0.183528715676196,
        0.01945660191632,
        0.0168328722513665
      ],
      [
        0.184236173855285,
        0.969430011618367,
        0.162057041861124,
        0.0370313848723698
      ],
      [
        0.0108803069372635,
        0.162857800230321,
        -0.986589557934348,
        -0.110592086954384
      ],
      [
        0.0,
        0.0,
        0.0,
        1.0
      ]
    ],
    "3": [
      [
        -0.908608401067093,
        0.185350625036384,
        -0.374267176371269,
        -0.0416696124632129
      ],
      [
        0.0494909780711348,
        -0.842031293595439,
        -0.537153556904871,
        -0.0632881409254321
      ],
      [
        -0.414706422183046,
        -0.506585083085373,
        0.755903523603061,
        0.0944440645511934
      ],
      [
        0.0,
        0.0,
        0.0,
        1.0
      ]
    ]
  }
}