{
  "T_WB": [
    [
      0.999870248542604,
      -0.00234940932605729,
      0.0159363218833697,
      -0.0738827342816119
    ],
    [
      0.00232232244547392,
      0.999995827659895,
      0.00171798756142275,
      3.33414043999092e-05
    ],
    [
      -0.0159402916476137,
      -0.00168075537202482,
      0.999871532829877,
      0.298111006868184
    ],
    [
      0.0,
      0.0,
      0.0,
      1.0
    ]
  ],
  "T_WH": {
    "0": [
      [
        -0.0839667310431755,
        0.922357409918601,
        -0.377102633836165,
        -0.0338127432414739
      ],
      [
        -0.811937287388173,
        -0.282718104835369,
        -0.510713534720819,
        -0.0318736321828978
      ],
      [
        -0.577674155062055,
        0.263300743573859,
        0.772635288481438,
        0.297527179374184
      ],
      [
        0.0,
        0.0,
        0.0,
        1.0
      ]
    ],
    "1": [
      [
        -0.653161243920733,
        -0.754192748354345,
        0.0676290453107233,
        -0.11395272532175
      ],
      [
        0.757218811225877,
        -0.650521737054311,
        0.0586612439819641,
        0.0319403149916976
      ],
      [
        -0.000247720789785871,
        0.0895252363837241,
        0.995984523315924,
        0.298694834362184
      ],
      [
        0.0,
        0.0,
        0.0,
        1.0
      ]
    ],
    "2": [
      [
        -0.087651998719902,
        -0.920834885055087,
        -0.379974001197438,
        -0.0339631054383416
      ],
      [
        0.809108503225276,
        -0.288318148479766,
        0.512070381164302,
        0.0321261007873355
      ],
      [
        -0.581085671075239,
        -0.262556202979065,
        0.770326997546013,
        0.297419611030375
      ],
      [
        0.0,
        0.0,
        0.0,
        1.0
      ]
    ],
    "3": [
      [
        -0.649740393303186,
        0.757089170181499,
        0.0682159050670089,
        -0.113802363124882
      ],
      [
        -0.760153012566082,
        -0.647375327886041,
        -0.0554308788596256,
        -0.0320594179785357
      ],
      [
        0.00219517583153284,
        -0.0878702067730031,
        0.996129513650077,
        0.298802402705994
      ],
      [
        0.0,
        0.0,
        0.0,
        1.0
      ]
    ]
  },
  "T_WP": {
    "0": [
      [
        0.377102633836165,
        0.922357409918601,
        -0.0839667310431755,
        -0.0396904144144962
      ],
      [
        0.510713534720819,
        -0.282718104835369,
        -0.811937287388173,
        -0.0887092423000699
      ],
      [
        -0.772635288481438,
        0.263300743573859,
        -0.577674155062055,
        0.257089988519841
      ],
      [
        0.0,
        0.0,
        0.0,
        1.0
      ]
    ],
    "1": [
      [
        -0.0676290453107233,
        -0.754192748354345,
        -0.653161243920733,
        -0.159674012396201
      ],
      [
        -0.058661243981964,
        -0.650521737054311,
        0.757218811225877,
        0.084945631777509
      ],
      [
        -0.995984523315924,
        0.0895252363837241,
        -0.00024772078978581,
        0.298677493906899
      ],
      [
        0.0,
        0.0,
        0.0,
        1.0
      ]
    ],
    "2": [
      [
        0.379974001197438,
        -0.920834885055087,
        -0.087651998719902,
        -0.0400987453487347
      ],
      [
        -0.512070381164302,
        -0.288318148479766,
        0.809108503225276,
        0.0887636960131048
      ],
      [
        -0.770326997546013,
        -0.262556202979065,
        -0.581085671075239,
        0.256743614055108
      ],
      [
        0.0,
        0.0,
        0.0,
        1.0
      ]
    ],
    "3": [
      [
        -0.068215905067009,
        0.757089170181499,
        -0.649740393303186,
        -0.159284190656105
      ],
      [
        0.0554308788596256,
        -0.647375327886041,
        -0.760153012566082,
        -0.0852701288581614
      ],
      [
        -0.996129513650077,
        -0.0878702067730031,
        0.0021951758315329,
        0.298956065014201
      ],
      [
        0.0,
        0.0,
        0.0,
        1.0
      ]
    ]
  },
  "simTime": 0.608499999999949,
  "state": [
    -0.0738827342816119,
    3.33414043999092e-05,
    0.298111006868184,
    0.999967200591146,
    -0.000849713603465782,
    0.00796941477483937,
    0.00116797125164942,
    -0.320206712579755,
    -0.000200386222971259,
    -1.08482736567904,
    -0.0117851947522738,
    -3.17289144216092,
    0.000408961734315555,
    0.826391454913613,
    0.27682525912861,
    0.201353606946022,
    -0.447103639130758,
    0.998529444227874,
    0.0383677919698709,
    0.00321835002372303,
    -0.0381641686985856,
    0.82620344080197,
    -0.277166709887333,
    0.201624467127472,
    0.447117505352653,
    0.998522488116139,
    -0.0386343963226865,
    0.00326665508334687,
    0.0380729971463092,
    -4.49071537609555,
    -2.34236926124494,
    -3.1584058808324,
    -0.336999696549349,
    0.152304998458484,
    -0.553495365856875,
    4.49252011386176,
    -2.34468026920589,
    3.1610669611104,
    0.335283589445354,
    0.151898649645865,
    0.556050410981925
  ]
}