{
  "T_WB": [
    [
      0.977670123254024,
      -0.00224192055645939,
      0.2101335382291,
      -0.0564820128630001
    ],
    [
      0.00197576938168329,
      0.999996958130791,
      0.00147650415318371,
      4.12553217743442e-05
    ],
    [
      -0.210136209235373,
      -0.00102835858653037,
      0.977671578827371,
      0.343237679986065
    ],
    [
      0.0,
      0.0,
      0.0,
      1.0
    ]
  ],
  "T_WH": {
    "0": [
      [
        0.0498413322382741,
        0.896490575760701,
        -0.440250484580042,
        -0.0173034664750324
      ],
      [
        -0.803310636775348,
        -0.225943432922928,
        -0.551036828136366,
        -0.0318796165631436
      ],
      [
        -0.593471029153318,
        0.381122306735318,
        0.708899093570059,
        0.334865139091419
      ],
      [
        0.0,
        0.0,
        0.0,
        1.0
      ]
    ],
    "1": [
      [
        -0.661113391931355,
        -0.697169188591031,
        0.277280012781921,
        -0.0956605592509678
      ],
      [
        0.736162099743916,
        -0.674115633135005,
        0.06027832167223,
        0.0319621272066923
      ],
      [
        0.144894602762309,
        0.243973842127216,
        0.958896406525771,
        0.351610220880711
      ],
      [
        0.0,
        0.0,
        0.0,
        1.0
      ]
    ],
    "2": [
      [
        0.0464771994709714,
        -0.895158370616613,
        -0.44331857782451,
        -0.0174469493906459
      ],
      [
        0.801854334889436,
        -0.231227742018685,
        0.550965840084448,
        0.032120188757227
      ],
      [
        -0.595709237420704,
        -0.381084272616899,
        0.707039802002471,
        0.334799324141881
      ],
      [
        0.0,
        0.0,
        0.0,
        1.0
      ]
    ],
    "3": [
      [
        -0.658052408685611,
        0.699875534391082,
        0.277743161542932,
        -0.0955170763353543
      ],
      [
        -0.738612335774343,
        -0.671678654358509,
        -0.0574421684924222,
        -0.0320376781136783
      ],
      [
        0.146351784632218,
        -0.242944482629139,
        0.95893645957124,
        0.351676035830249
      ],
      [
        0.0,
        0.0,
        0.0,
        1.0
      ]
    ]
  },
  "T_WP": {
    "0": [
      [
        0.440250484580042,
        0.896490575760701,
        0.0498413322382741,
        -0.0138145732183533
      ],
      [
        0.551036828136366,
        -0.225943432922928,
        -0.803310636775348,
        -0.088111361137418
      ],
      [
        -0.708899093570059,
        0.381122306735318,
        -0.593471029153318,
        0.293322167050687
      ],
      [
        0.0,
        0.0,
        0.0,
        1.0
      ]
    ],
    "1": [
      [
        -0.277280012781921,
        -0.697169188591031,
        -0.661113391931355,
        -0.141938496686163
      ],
      [
        -0.06027832167223,
        -0.674115633135005,
        0.736162099743916,
        0.0834934741887664
      ],
      [
        -0.958896406525771,
        0.243973842127216,
        0.144894602762309,
        0.361752843074072
      ],
      [
        0.0,
        0.0,
        0.0,
        1.0
      ]
    ],
    "2": [
      [
        0.44331857782451,
        -0.895158370616613,
        0.0464771994709714,
        -0.0141935454276779
      ],
      [
        -0.550965840084448,
        -0.231227742018685,
        0.801854334889436,
        0.0882499921994875
      ],
      [
        -0.707039802002471,
        -0.381084272616899,
        -0.595709237420704,
        0.293099677522432
      ],
      [
        0.0,
        0.0,
        0.0,
        1.0
      ]
    ],
    "3": [
      [
        -0.277743161542932,
        0.699875534391082,
        -0.658052408685611,
        -0.141580744943347
      ],
      [
        0.0574421684924221,
        -0.671678654358509,
        -0.738612335774343,
        -0.0837405416178823
      ],
      [
        -0.95893645957124,
        -0.242944482629139,
        0.146351784632218,
        0.361920660754504
      ],
      [
        0.0,
        0.0,
        0.0,
        1.0
      ]
    ]
  },
  "simTime": 0.551999999999956,
  "state": [
    -0.0564820128630001,
    4.12553217743442e-05,
    0.343237679986065,
    0.994401661831398,
    -0.000629741189063595,
    0.105658951406632,
    0.00106035873129348,
    -0.294444633942451,
    -7.65521992108753e-05,
    -0.513147007882475,
    -0.0116141874335813,
    -3.75918823834968,
    0.000876556409267995,
    0.820104236757895,
    0.414757282695643,
    0.167641428440438,
    -0.356793762239653,
    0.9987202136268,
    0.045510747475503,
    -0.00291107111964838,
    -0.021868525839585,
    0.81987216934755,
    -0.415174713191628,
    0.167853795763993,
    0.356741764730751,
    0.998714182702769,
    -0.045718976254999,
    -0.00285379945332351,
    0.0217166366460204,
    -3.40012487615342,
    -1.99200960090204,
    -4.52090316724145,
    -0.178843313193072,
    0.216652876478136,
    -0.608420685735508,
    3.40096923424255,
    -1.99358493650122,
    4.52519492744029,
    0.17632473717471,
    0.216148016850838,
    0.610215949909066
  ]
}