{
  "T_WB": [
    [
      0.967990013513147,
      -0.00220247629267629,
      0.250979048601666,
      -0.0532750961435393
    ],
    [
      0.00190440927511669,
      0.999997163469976,
      0.00143048149768548,
      4.19547077221357e-05
    ],
    [
      -0.250981487293645,
      -0.0009067249762579,
      0.967991462196691,
      0.34827245672148
    ],
    [
      0.0,
      0.0,
      0.0,
      1.0
    ]
  ],
  "T_WH": {
    "0": [
      [
        0.0799489989913782,
        0.893682109956794,
        -0.441520604166385,
        -0.0144850163616478
      ],
      [
        -0.802386804216522,
        -0.2051076283084,
        -0.560451850946092,
        -0.0318817781523124
      ],
      [
        -0.591425036652553,
        0.399077871038819,
        0.700680582624958,
        0.338262212428974
      ],
      [
        0.0,
        0.0,
        0.0,
        1.0
      ]
    ],
    "1": [
      [
        -0.658203021278173,
        -0.68138943154686,
        0.320120641878233,
        -0.0920651759254308
      ],
      [
        0.731812974735403,
        -0.678890741954068,
        0.0596416842315444,
        0.0319656875677567
      ],
      [
        0.176687726764497,
        0.273524775962438,
        0.945497564325521,
        0.358282701013985
      ],
      [
        0.0,
        0.0,
        0.0,
        1.0
      ]
    ],
    "2": [
      [
        0.0766751207235747,
        -0.892438303998596,
        -0.444606342080424,
        -0.0146259748443791
      ],
      [
        0.8012249636636,
        -0.210252879841023,
        0.560207358145909,
        0.032118040309766
      ],
      [
        -0.593430268409261,
        -0.399183667094067,
        0.69892268274899,
        0.338204182030494
      ],
      [
        0.0,
        0.0,
        0.0,
        1.0
      ]
    ],
    "3": [
      [
        -0.655233905930387,
        0.684044122896628,
        0.320549787786221,
        -0.0919242174426995
      ],
      [
        -0.73416301276374,
        -0.67658634572062,
        -0.0568822245880565,
        -0.0320341308943218
      ],
      [
        0.177969658113053,
        -0.272606960136751,
        0.945522208134808,
        0.358340731412466
      ],
      [
        0.0,
        0.0,
        0.0,
        1.0
      ]
    ]
  },
  "T_WP": {
    "0": [
      [
        0.441520604166385,
        0.893682109956794,
        0.0799489989913781,
        -0.00888858643225132
      ],
      [
        0.560451850946092,
        -0.2051076283084,
        -0.802386804216522,
        -0.088048854447469
      ],
      [
        -0.700680582624958,
        0.399077871038819,
        -0.591425036652553,
        0.296862459863295
      ],
      [
        0.0,
        0.0,
        0.0,
        1.0
      ]
    ],
    "1": [
      [
        -0.320120641878233,
        -0.68138943154686,
        -0.658203021278173,
        -0.138139387414903
      ],
      [
        -0.0596416842315444,
        -0.678890741954068,
        0.731812974735403,
        0.0831925957992349
      ],
      [
        -0.945497564325521,
        0.273524775962438,
        0.176687726764497,
        0.3706508418875
      ],
      [
        0.0,
        0.0,
        0.0,
        1.0
      ]
    ],
    "2": [
      [
        0.444606342080424,
        -0.892438303998596,
        0.0766751207235747,
        -0.00925871639372884
      ],
      [
        -0.560207358145909,
        -0.210252879841023,
        0.8012249636636,
        0.088203787766218
      ],
      [
        -0.69892268274899,
        -0.399183667094067,
        -0.593430268409261,
        0.296664063241845
      ],
      [
        0.0,
        0.0,
        0.0,
        1.0
      ]
    ],
    "3": [
      [
        -0.320549787786221,
        0.684044122896628,
        -0.655233905930387,
        -0.137790590857827
      ],
      [
        0.0568822245880564,
        -0.67658634572062,
        -0.73416301276374,
        -0.0834255417877836
      ],
      [
        -0.945522208134808,
        -0.272606960136751,
        0.177969658113053,
        0.370798607480379
      ],
      [
        0.0,
        0.0,
        0.0,
        1.0
      ]
    ]
  },
  "simTime": 0.540999999999957,
  "state": [
    -0.0532750961435393,
    4.19547077221357e-05,
    0.34827245672148,
    0.991965049684188,
    -0.000589034481277208,
    0.126506608286028,
    0.00103503786980713,
    -0.288592187315333,
    -5.0537235733422e-05,
    -0.402295744678692,
    -0.0115598871208015,
    -3.87338860678255,
    0.00100703921609776,
    0.819493453788157,
    0.437367582108368,
    0.159343201468139,
    -0.334290025972839,
    0.998742455517932,
    0.046370337568531,
    -0.00430832511265116,
    -0.0185671127134979,
    0.819255483648919,
    -0.437795273231845,
    0.159538268625426,
    0.334220424407354,
    0.998736644451731,
    -0.0465647777963717,
    -0.00424890265018615,
    0.0184060675957696,
    -3.13692323018808,
    -1.9009779062786,
    -4.73908216426653,
    -0.147564089633487,
    0.229262420073372,
    -0.612619707057909,
    3.13748230145224,
    -1.90233303489686,
    4.743628066439,
    0.144915819222449,
    0.228737160903453,
    0.614244094961679
  ]
}