{
  "T_WB": [
    [
      0.976722613204075,
      -0.00227054044538573,
      -0.21449424584797,
      -0.101824326553324
    ],
    [
      0.00279026656525053,
      0.999993859373107,
      0.00212028973786917,
      1.02102120230321e-05
    ],
    [
      0.21448811451523,
      -0.00266943105614958,
      0.976722950928019,
      0.171135841791415
    ],
    [
      0.0,
      0.0,
      0.0,
      1.0
    ]
  ],
  "T_WH": {
    "0": [
      [
        -0.171860922851168,
        0.97404577715061,
        -0.147304606892687,
        -0.0626827647309084
      ],
      [
        -0.86786964082701,
        -0.220454459961208,
        -0.445198964075623,
        -0.0318779826253064
      ],
      [
        -0.466118128512013,
        0.0513288914576999,
        0.883232265700355,
        0.179800788165821
      ],
      [
        0.0,
        0.0,
        0.0,
        1.0
      ]
    ],
    "1": [
      [
        -0.603983162898245,
        -0.77216836948345,
        -0.197383758462296,
        -0.140965888375739
      ],
      [
        0.781682465590812,
        -0.622239937518432,
        0.0423081924091026,
        0.0318984030493525
      ],
      [
        -0.155489105481062,
        -0.128737987114632,
        0.97941292045305,
        0.162470895417009
      ],
      [
        0.0,
        0.0,
        0.0,
        1.0
      ]
    ],
    "2": [
      [
        -0.175736915169031,
        -0.973007349255713,
        -0.149576852959422,
        -0.0628280793194131
      ],
      [
        0.864242937934339,
        -0.225243858103514,
        0.449832578430316,
        0.0321216243745725
      ],
      [
        -0.471381672190907,
        -0.0502185491727489,
        0.880498390936343,
        0.179629944578227
      ],
      [
        0.0,
        0.0,
        0.0,
        1.0
      ]
    ],
    "3": [
      [
        -0.60035840545081,
        0.775137539487089,
        -0.196803404143483,
        -0.140820573787234
      ],
      [
        -0.785266729920522,
        -0.617963241360667,
        -0.0384395006074249,
        -0.0321012039505264
      ],
      [
        -0.151413169455272,
        0.131465688317981,
        0.979689147082169,
        0.162641739004602
      ],
      [
        0.0,
        0.0,
        0.0,
        1.0
      ]
    ]
  },
  "T_WP": {
    "0": [
      [
        0.147304606892687,
        0.97404577715061,
        -0.171860922851168,
        -0.0747130293304901
      ],
      [
        0.445198964075623,
        -0.220454459961208,
        -0.86786964082701,
        -0.0926288574831971
      ],
      [
        -0.883232265700355,
        0.0513288914576999,
        -0.466118128512012,
        0.14717251916998
      ],
      [
        0.0,
        0.0,
        0.0,
        1.0
      ]
    ],
    "1": [
      [
        0.197383758462296,
        -0.77216836948345,
        -0.603983162898245,
        -0.183244709778616
      ],
      [
        -0.0423081924091025,
        -0.622239937518432,
        0.781682465590812,
        0.0866161756407093
      ],
      [
        -0.97941292045305,
        -0.128737987114632,
        -0.155489105481061,
        0.151586658033334
      ],
      [
        0.0,
        0.0,
        0.0,
        1.0
      ]
    ],
    "2": [
      [
        0.149576852959422,
        -0.973007349255713,
        -0.175736915169031,
        -0.0751296633812452
      ],
      [
        -0.449832578430316,
        -0.225243858103514,
        0.864242937934339,
        0.0926186300299762
      ],
      [
        -0.880498390936343,
        -0.0502185491727489,
        -0.471381672190907,
        0.146633227524863
      ],
      [
        0.0,
        0.0,
        0.0,
        1.0
      ]
    ],
    "3": [
      [
        0.196803404143483,
        0.775137539487089,
        -0.60035840545081,
        -0.182845662168791
      ],
      [
        0.0384395006074248,
        -0.617963241360667,
        -0.785266729920522,
        -0.087069875044963
      ],
      [
        -0.979689147082169,
        0.131465688317981,
        -0.151413169455272,
        0.152042817142733
      ],
      [
        0.0,
        0.0,
        0.0,
        1.0
      ]
    ]
  },
  "simTime": 0.69249999999994,
  "state": [
    -0.101824326553324,
    1.02102120230321e-05,
    0.171135841791415,
    0.994162892023385,
    -0.00120446076604972,
    -0.107875269687975,
    0.00127263023274188,
    -0.341127675011111,
    -0.000340699462255303,
    -1.93882986673284,
    -0.0118581937392816,
    -2.37670648237108,
    0.000337304014262889,
    0.842209538877228,
    0.0372914904785214,
    0.227918214273838,
    -0.487181408680916,
    0.998094193042815,
    0.019851330321203,
    0.00920286604334984,
    -0.0576993392967176,
    0.842112351885289,
    -0.0375110895462358,
    0.228194763270043,
    0.487203094180867,
    0.998085975719207,
    -0.0201558669543751,
    0.009244253647029,
    0.0577292809106884,
    -5.126676692485,
    -2.58116335699801,
    -0.727891766241246,
    -0.540872955926137,
    0.0625298081479395,
    -0.372352282059065,
    5.12817422949845,
    -2.58362884748082,
    0.728223267947274,
    0.540731362633792,
    0.0622682830893455,
    0.3755384345922
  ]
}