{
  "T_WB": [
    [
      0.997098784851537,
      -0.00234877488069173,
      -0.0760821694232514,
      -0.0838132621373206
    ],
    [
      0.0024972379738397,
      0.999995159010855,
      0.00185627512955082,
      2.6332147770887e-05
    ],
    [
      0.0760774411378991,
      -0.00204088495864111,
      0.997099823356967,
      0.260301490270252
    ],
    [
      0.0,
      0.0,
      0.0,
      1.0
    ]
  ],
  "T_WH": {
    "0": [
      [
        -0.134814740453746,
        0.941606515479667,
        -0.308548465824463,
        -0.0438541499470769
      ],
      [
        -0.825186685723965,
        -0.27907336282551,
        -0.491105886612205,
        -0.0318736234216229
      ],
      [
        -0.548536160576755,
        0.188401773259972,
        0.814624362741632,
        0.263409896234444
      ],
      [
        0.0,
        0.0,
        0.0,
        1.0
      ]
    ],
    "1": [
      [
        -0.638055677970976,
        -0.769161116420148,
        -0.0357229449557186,
        -0.123772374327564
      ],
      [
        0.767261309408964,
        -0.639012250768479,
        0.0545291339729884,
        0.0319262877171647
      ],
      [
        -0.0647690890243198,
        0.00738379002363626,
        0.997872960226825,
        0.257193084306059
      ],
      [
        0.0,
        0.0,
        0.0,
        1.0
      ]
    ],
    "2": [
      [
        -0.138602763005687,
        -0.940167650608347,
        -0.311245984450837,
        -0.0440044715394412
      ],
      [
        0.821849685883472,
        -0.284552025015023,
        0.493551657755385,
        0.0321260667550718
      ],
      [
        -0.552586977679016,
        -0.187389791102479,
        0.812116185216217,
        0.263279279597091
      ],
      [
        0.0,
        0.0,
        0.0,
        1.0
      ]
    ],
    "3": [
      [
        -0.634517095466836,
        0.772110909397161,
        -0.0351112396565412,
        -0.1236220527352
      ],
      [
        -0.770438221349604,
        -0.635465207207417,
        -0.0510775636898727,
        -0.0320734024595301
      ],
      [
        -0.0617495153340322,
        -0.005358546325655,
        0.998077293268055,
        0.257323700943412
      ],
      [
        0.0,
        0.0,
        0.0,
        1.0
      ]
    ]
  },
  "T_WP": {
    "0": [
      [
        0.308548465824463,
        0.941606515479667,
        -0.134814740453746,
        -0.0532911817788391
      ],
      [
        0.491105886612205,
        -0.27907336282551,
        -0.825186685723965,
        -0.0896366914223004
      ],
      [
        -0.814624362741632,
        0.188401773259972,
        -0.548536160576755,
        0.225012364994071
      ],
      [
        0.0,
        0.0,
        0.0,
        1.0
      ]
    ],
    "1": [
      [
        0.0357229449557186,
        -0.769161116420148,
        -0.638055677970976,
        -0.168436271785532
      ],
      [
        -0.0545291339729883,
        -0.639012250768479,
        0.767261309408964,
        0.0856345793757921
      ],
      [
        -0.997872960226825,
        0.00738379002363626,
        -0.0647690890243198,
        0.252659248074357
      ],
      [
        0.0,
        0.0,
        0.0,
        1.0
      ]
    ],
    "2": [
      [
        0.311245984450837,
        -0.940167650608347,
        -0.138602763005687,
        -0.0537066649498393
      ],
      [
        -0.493551657755385,
        -0.284552025015023,
        0.821849685883472,
        0.0896555447669149
      ],
      [
        -0.812116185216217,
        -0.187389791102479,
        -0.552586977679016,
        0.22459819115956
      ],
      [
        0.0,
        0.0,
        0.0,
        1.0
      ]
    ],
    "3": [
      [
        0.0351112396565412,
        0.772110909397161,
        -0.634517095466836,
        -0.168038249417878
      ],
      [
        0.0510775636898726,
        -0.635465207207417,
        -0.770438221349604,
        -0.0860040779540024
      ],
      [
        -0.998077293268055,
        -0.005358546325655,
        -0.0617495153340322,
        0.25300123487003
      ],
      [
        0.0,
        0.0,
        0.0,
        1.0
      ]
    ]
  },
  "simTime": 0.638999999999946,
  "state": [
    -0.0838132621373206,
    2.6332147770887e-05,
    0.260301490270252,
    0.999273957333443,
    -0.000974997912131994,
    -0.038067541299482,
    0.00121238345574996,
    -0.330504007321588,
    -0.000258017675503557,
    -1.39458072708218,
    -0.0118259538360059,
    -2.86822658906409,
    0.000295900672109937,
    0.831510981974241,
    0.191883205430551,
    0.213935099675794,
    -0.475396776868163,
    0.998385125767818,
    0.0326684394435482,
    0.0058091965079912,
    -0.0461103778539484,
    0.831353925937808,
    -0.192176859108122,
    0.214218075140165,
    0.475425410484519,
    0.998377728871544,
    -0.0329563420915479,
    0.00585409876317325,
    0.0460599558935376,
    -4.86560143481449,
    -2.46222284912163,
    -2.30388549154473,
    -0.417309644961371,
    0.11838400254143,
    -0.500772499027782,
    4.86752065934719,
    -2.46469784580518,
    2.30560813134944,
    0.416117890134674,
    0.118032323890885,
    0.503633670163803
  ]
}