{
  "T_WB": [
    [
      -0.875076241104521,
      0.0728151963928858,
      0.47847624750728,
      -0.206400325407844
    ],
    [
      0.0583341904848967,
      0.997278710750535,
      -0.0450809860608963,
      -0.000566378177051687
    ],
    [
      -0.480456756092423,
      -0.0115377752628663,
      -0.876942521073719,
      0.193351067762776
    ],
    [
      0.0,
      0.0,
      0.0,
      1.0
    ]
  ],
  "T_WH": {
    "0": [
      [
        -0.804159097180455,
        -0.577336284038166,
        -0.141460105877659,
        -0.243733461336597
      ],
      [
        -0.593530612006221,
        0.792864826300876,
        0.138154912422264,
        -0.0301459293016729
      ],
      [
        0.0323968985157054,
        0.195059432860565,
        -0.98025622090282,
        0.174502006327491
      ],
      [
        0.0,
        0.0,
        0.0,
        1.0
      ]
    ],
    "1": [
      [
        0.566821945125026,
        0.488679380886234,
        0.663253605509484,
        -0.169067189479091
      ],
      [
        0.768442409300145,
        -0.603849702589593,
        -0.211806043991783,
        0.0290131729475696
      ],
      [
        0.29700024598251,
        0.629728512439375,
        -0.717797223808522,
        0.212200129198061
      ],
      [
        0.0,
        0.0,
        0.0,
        1.0
      ]
    ],
    "2": [
      [
        -0.709697167972596,
        0.68476374629649,
        -0.165615643976269,
        -0.239073288767453
      ],
      [
        0.704294348236889,
        0.695374245553013,
        -0.142913014323935,
        0.0336799081863613
      ],
      [
        0.0173032023987926,
        -0.218067123564223,
        -0.975780369144191,
        0.173763588710668
      ],
      [
        0.0,
        0.0,
        0.0,
        1.0
      ]
    ],
    "3": [
      [
        0.440202936223819,
        -0.569923388720131,
        0.693836224140604,
        -0.173727362048236
      ],
      [
        -0.840527388336892,
        -0.533343103059368,
        0.0951779589745817,
        -0.0348126645404647
      ],
      [
        0.315808619887886,
        -0.625085966414834,
        -0.7138154174545,
        0.212938546814885
      ],
      [
        0.0,
        0.0,
        0.0,
        1.0
      ]
    ]
  },
  "T_WP": {
    "0": [
      [
        0.141460105877659,
        -0.577336284038166,
        -0.804159097180455,
        -0.300024598139229
      ],
      [
        -0.138154912422264,
        0.792864826300876,
        -0.593530612006221,
        -0.0716930721421084
      ],
      [
        0.98025622090282,
        0.195059432860565,
        0.0323968985157054,
        0.17676978922359
      ],
      [
        0.0,
        0.0,
        0.0,
        1.0
      ]
    ],
    "1": [
      [
        -0.663253605509484,
        0.488679380886234,
        0.566821945125026,
        -0.129389653320339
      ],
      [
        0.211806043991783,
        -0.603849702589593,
        0.768442409300145,
        0.0828041415985797
      ],
      [
        0.717797223808522,
        0.629728512439375,
        0.29700024598251,
        0.232990146416837
      ],
      [
        0.0,
        0.0,
        0.0,
        1.0
      ]
    ],
    "2": [
      [
        0.165615643976269,
        0.68476374629649,
        -0.709697167972596,
        -0.288752090525534
      ],
      [
        0.142913014323935,
        0.695374245553013,
        0.704294348236889,
        0.0829805125629435
      ],
      [
        0.975780369144191,
        -0.218067123564223,
        0.0173032023987925,
        0.174974812878583
      ],
      [
        0.0,
        0.0,
        0.0,
        1.0
      ]
    ],
    "3": [
      [
        -0.693836224140604,
        -0.569923388720131,
        0.440202936223819,
        -0.142913156512568
      ],
      [
        -0.0951779589745818,
        -0.533343103059368,
        -0.840527388336892,
        -0.0936495817240471
      ],
      [
        0.7138154174545,
        -0.625085966414834,
        0.315808619887886,
        0.235045150207037
      ],
      [
        0.0,
        0.0,
        0.0,
        1.0
      ]
    ]
  },
  "simTime": 0.96299999999991,
  "state": [
    -0.206400325407844,
    -0.000566378177051687,
    0.193351067762776,
    0.247618632463459,
    0.0338657984501429,
    0.9681551364488,
    -0.0146202708616102,
    -0.46563229838962,
    -0.00298216908723318,
    -0.19368160406222,
    0.468580781445939,
    12.9413641470277,
    -0.249418312057089,
    0.943332793389722,
    -0.266988463402952,
    0.189366601432543,
    0.0545957103366552,
    0.98640611938746,
    -0.145940805344645,
    0.022761084966375,
    -0.0720151510550528,
    0.942541409751738,
    0.269739592774361,
    0.18918020443469,
    -0.0553813438188036,
    0.985395488429137,
    0.149958129108283,
    0.0260441029339674,
    0.0763544078636684,
    0.264064662508588,
    -1.99883433134575,
    2.82648178871523,
    -1.06068176036649,
    -0.661428192058165,
    1.18818536655508,
    -0.217662526063463,
    -1.98576500817969,
    -2.85253504220818,
    1.07302591327429,
    -0.675027119738832,
    -1.25492551416866
  ]
}