{
  "T_WB": [
    [
      0.720582585543067,
      -0.00140613663007363,
      0.693367694799698,
      -0.0238842510556506
    ],
    [
      0.00107610047671405,
      0.999999007279638,
      0.000909641414056128,
      3.1969935835698e-05
    ],
    [
      -0.693368285559582,
      9.06615448544606e-05,
      0.720583383350359,
      0.328024788674457
    ],
    [
      0.0,
      0.0,
      0.0,
      1.0
    ]
  ],
  "T_WH": {
    "0": [
      [
        0.405347956975709,
        0.888291765251288,
        -0.215941597572977,
        0.0049840487382344
      ],
      [
        -0.735843426208134,
        0.176883706022898,
        -0.653641038070499,
        -0.0319249542780442
      ],
      [
        -0.542427401485114,
        0.423851264396316,
        0.725343104873653,
        0.300287156082639
      ],
      [
        0.0,
        0.0,
        0.0,
        1.0
      ]
    ],
    "1": [
      [
        -0.490849865533817,
        -0.427860831051339,
        0.758947639009103,
        -0.0527525508495356
      ],
      [
        0.685839852089218,
        -0.726970231161926,
        0.0337339634584372,
        0.0319888941497156
      ],
      [
        0.537298898930263,
        0.537074847908961,
        0.650277249295939,
        0.355762421266276
      ],
      [
        0.0,
        0.0,
        0.0,
        1.0
      ]
    ],
    "2": [
      [
        0.403771940147596,
        -0.888376532066174,
        -0.218529992503373,
        0.00489405599390969
      ],
      [
        0.736890359716897,
        0.174248864578931,
        0.653169144210943,
        0.0320749821878527
      ],
      [
        -0.542181536116593,
        -0.424764017387338,
        0.724992904397843,
        0.300292958421509
      ],
      [
        0.0,
        0.0,
        0.0,
        1.0
      ]
    ],
    "3": [
      [
        -0.489237636103845,
        0.429677035180139,
        0.758962568812407,
        -0.0526625581052109
      ],
      [
        -0.687029969298071,
        -0.725928801666651,
        -0.0318935134018064,
        -0.0320110423161813
      ],
      [
        0.537248877807868,
        -0.537033537453319,
        0.650352691194987,
        0.355756618927405
      ],
      [
        0.0,
        0.0,
        0.0,
        1.0
      ]
    ]
  },
  "T_WP": {
    "0": [
      [
        0.215941597572977,
        0.888291765251288,
        0.405347956975709,
        0.033358405726534
      ],
      [
        0.653641038070499,
        0.176883706022898,
        -0.735843426208134,
        -0.0834339941126136
      ],
      [
        -0.725343104873653,
        0.423851264396316,
        -0.542427401485114,
        0.262317237978681
      ],
      [
        0.0,
        0.0,
        0.0,
        1.0
      ]
    ],
    "1": [
      [
        -0.758947639009103,
        -0.427860831051339,
        -0.490849865533817,
        -0.0871120414369028
      ],
      [
        -0.0337339634584371,
        -0.726970231161926,
        0.685839852089218,
        0.0799976837959608
      ],
      [
        -0.650277249295939,
        0.537074847908961,
        0.537298898930263,
        0.393373344191394
      ],
      [
        0.0,
        0.0,
        0.0,
        1.0
      ]
    ],
    "2": [
      [
        0.218529992503373,
        -0.888376532066174,
        0.403771940147596,
        0.0331580918042414
      ],
      [
        -0.653169144210943,
        0.174248864578931,
        0.736890359716897,
        0.0836573073680354
      ],
      [
        -0.724992904397843,
        -0.424764017387338,
        -0.542181536116593,
        0.262340250893348
      ],
      [
        0.0,
        0.0,
        0.0,
        1.0
      ]
    ],
    "3": [
      [
        -0.758962568812407,
        0.429677035180139,
        -0.489237636103845,
        -0.0869091926324801
      ],
      [
        0.0318935134018064,
        -0.725928801666651,
        -0.687029969298071,
        -0.0801031401670463
      ],
      [
        -0.650352691194987,
        -0.537033537453319,
        0.537248877807868,
        0.393364040373956
      ],
      [
        0.0,
        0.0,
        0.0,
        1.0
      ]
    ]
  },
  "simTime": 0.425499999999969,
  "state": [
    -0.0238842510556506,
    3.1969935835698e-05,
    0.328024788674457,
    0.927518864521507,
    -0.000220744801137863,
    0.373775680852237,
    0.000669052997662811,
    -0.218949680509576,
    0.000214509570011158,
    0.748476102210644,
    -0.0105025695550088,
    -4.95108772529593,
    0.00323273755714045,
    0.826768243102116,
    0.5592792281998,
    0.0321310433028118,
    -0.0512700025194909,
    0.998598937168357,
    0.0452462771110731,
    -0.02308795852935,
    0.0148284613080084,
    0.826523654969598,
    -0.559668912609276,
    0.0320239285863017,
    0.0510276790805399,
    0.998597251484457,
    -0.0452658062339355,
    -0.0229951719237242,
    -0.0150252514747228,
    0.051614227544829,
    -0.380915861505796,
    -5.72598478168234,
    0.163248258389843,
    0.363225366373739,
    -0.541277636861048,
    -0.0542541770277005,
    -0.378362947986495,
    5.73071150507706,
    -0.166635393774559,
    0.36235975792193,
    0.540968425388985
  ]
}