{
  "T_WB": [
    [
      0.97727315587316,
      -0.00224026529161069,
      0.211972073682215,
      -0.0563348557451113
    ],
    [
      0.0019725545134754,
      0.999996967566082,
      0.001474410842,
      4.12933047204532e-05
    ],
    [
      -0.211974733962344,
      -0.00102277566594235,
      0.977274611402307,
      0.343492992876878
    ],
    [
      0.0,
      0.0,
      0.0,
      1.0
    ]
  ],
  "T_WH": {
    "0": [
      [
        0.0511889970507258,
        0.89634582107488,
        -0.440390571677618,
        -0.0171722410208533
      ],
      [
        -0.803271832638672,
        -0.225064841485312,
        -0.551452790378742,
        -0.0318797074768552
      ],
      [
        -0.593408838382317,
        0.381981656848585,
        0.708488506865821,
        0.335046732339695
      ],
      [
        0.0,
        0.0,
        0.0,
        1.0
      ]
    ],
    "1": [
      [
        -0.661018725167362,
        -0.696485519121552,
        0.279217060066354,
        -0.0954974704693692
      ],
      [
        0.735965661426943,
        -0.674332064161364,
        0.0602562232825516,
        0.0319622940862961
      ],
      [
        0.14631742951036,
        0.245324660191053,
        0.958335547146001,
        0.351939253414062
      ],
      [
        0.0,
        0.0,
        0.0,
        1.0
      ]
    ],
    "2": [
      [
        0.0478287318903656,
        -0.895017299843054,
        -0.443459632195996,
        -0.0173156179995164
      ],
      [
        0.801828896997394,
        -0.230343346332362,
        0.551373161062771,
        0.0321200984473741
      ],
      [
        -0.595636493463674,
        -0.3819502268386,
        0.706633704172282,
        0.334981274697074
      ],
      [
        0.0,
        0.0,
        0.0,
        1.0
      ]
    ],
    "3": [
      [
        -0.657961763966376,
        0.699189623307308,
        0.279678722497154,
        -0.0953540934907061
      ],
      [
        -0.738411386689391,
        -0.671901153736149,
        -0.0574235458281933,
        -0.0320375118379332
      ],
      [
        0.147766508944706,
        -0.244300450812963,
        0.958374847628462,
        0.352004711056682
      ],
      [
        0.0,
        0.0,
        0.0,
        1.0
      ]
    ]
  },
  "T_WP": {
    "0": [
      [
        0.440390571677618,
        0.89634582107488,
        0.0511889970507258,
        -0.0135890112273025
      ],
      [
        0.551452790378742,
        -0.225064841485312,
        -0.803271832638672,
        -0.0881087357615622
      ],
      [
        -0.708488506865821,
        0.381981656848585,
        -0.593408838382317,
        0.293508113652933
      ],
      [
        0.0,
        0.0,
        0.0,
        1.0
      ]
    ],
    "1": [
      [
        -0.279217060066354,
        -0.696485519121552,
        -0.661018725167362,
        -0.141768781231084
      ],
      [
        -0.0602562232825516,
        -0.674332064161364,
        0.735965661426943,
        0.0834798903861821
      ],
      [
        -0.958335547146001,
        0.245324660191053,
        0.14631742951036,
        0.362181473479787
      ],
      [
        0.0,
        0.0,
        0.0,
        1.0
      ]
    ],
    "2": [
      [
        0.443459632195996,
        -0.895017299843054,
        0.0478287318903656,
        -0.0139676067671908
      ],
      [
        -0.551373161062771,
        -0.230343346332362,
        0.801828896997394,
        0.0882481212371917
      ],
      [
        -0.706633704172282,
        -0.3819502268386,
        -0.595636493463674,
        0.293286720154617
      ],
      [
        0.0,
        0.0,
        0.0,
        1.0
      ]
    ],
    "3": [
      [
        -0.279678722497155,
        0.699189623307308,
        -0.657961763966376,
        -0.141411416968352
      ],
      [
        0.0574235458281932,
        -0.671901153736149,
        -0.738411386689391,
        -0.0837263089061906
      ],
      [
        -0.958374847628462,
        -0.244300450812963,
        0.147766508944706,
        0.362348366682812
      ],
      [
        0.0,
        0.0,
        0.0,
        1.0
      ]
    ]
  },
  "simTime": 0.551499999999956,
  "state": [
    -0.0563348557451113,
    4.12933047204532e-05,
    0.343492992876878,
    0.994301857440882,
    -0.000627874344509816,
    0.106594090233248,
    0.00105924065553115,
    -0.294183756858222,
    -7.53794242911947e-05,
    -0.508104610319358,
    -0.0116118924966225,
    -3.76439312934908,
    0.000882203001271011,
    0.820071676713376,
    0.415819932448522,
    0.16727717717654,
    -0.355801313694688,
    0.998721341957188,
    0.0455535940307057,
    -0.00297313412270286,
    -0.0217189240895676,
    0.819839319950484,
    -0.416237871543223,
    0.167488801419488,
    0.355748542028436,
    0.998715320633225,
    -0.0457612113587561,
    -0.00291576766468232,
    0.0215665983961301,
    -3.38847101550562,
    -1.9880480314341,
    -4.53120585750127,
    -0.177421435155842,
    0.217225559780775,
    -0.608656827066697,
    3.38930297886919,
    -1.98961394639866,
    4.53550980883766,
    0.174896773816847,
    0.216719794753621,
    0.610444455576938
  ]
}