{
  "T_WB": [
    [
      0.8612920971722,
      -0.000850166576705773,
      0.50810943758752,
      -0.00229786943569772
    ],
    [
      0.00141994574193208,
      0.999998722685661,
      -0.000733744598277381,
      -1.53820711656696e-05
    ],
    [
      -0.508108164766917,
      0.001353456256177,
      0.861292204221865,
      0.50823256701787
    ],
    [
      0.0,
      0.0,
      0.0,
      1.0
    ]
  ],
  "T_WH": {
    "0": [
      [
        0.734819023312213,
        0.490189592640933,
        0.468780509668439,
        0.0344788892173426
      ],
      [
        -0.520045833928276,
        0.850877926565936,
        -0.0745592696899416,
        -0.0319431612962639
      ],
      [
        -0.435423166118122,
        -0.188999781347411,
        0.880162342445018,
        -0.0203676371908743
      ],
      [
        0.0,
        0.0,
        0.0,
        1.0
      ]
    ],
    "1": [
      [
        -0.560527193775461,
        -0.630187161542669,
        0.537283357703365,
        -0.0344788892173426
      ],
      [
        0.756670533181454,
        -0.653390472885817,
        0.0230346295160694,
        0.0319431612962639
      ],
      [
        0.336539699371562,
        0.419458020985226,
        0.843087183734906,
        0.0203676371908743
      ],
      [
        0.0,
        0.0,
        0.0,
        1.0
      ]
    ],
    "2": [
      [
        0.733847037973379,
        -0.492265475877455,
        0.468127361000017,
        0.0344244785564334
      ],
      [
        0.522837922144043,
        0.849262604392337,
        0.0734406968161742,
        0.0320567569556185
      ],
      [
        -0.433715381357172,
        0.190860498898773,
        0.880603905245891,
        -0.020281015990479
      ],
      [
        0.0,
        0.0,
        0.0,
        1.0
      ]
    ],
    "3": [
      [
        -0.559385301754516,
        0.631180875585366,
        0.537306976016783,
        -0.0344244785564334
      ],
      [
        -0.758381262264999,
        -0.651354750844435,
        -0.0243895386945245,
        -0.0320567569556185
      ],
      [
        0.334583241102055,
        -0.421126692157687,
        0.843034022994309,
        0.020281015990479
      ],
      [
        0.0,
        0.0,
        0.0,
        1.0
      ]
    ]
  },
  "T_WP": {
    "0": [
      [
        -0.468780509668439,
        0.490189592640933,
        0.734819023312213,
        0.0859162208491975
      ],
      [
        0.0745592696899416,
        0.850877926565936,
        -0.520045833928276,
        -0.0683463696712432
      ],
      [
        -0.880162342445018,
        -0.188999781347411,
        -0.435423166118122,
        -0.0508472588191429
      ],
      [
        0.0,
        0.0,
        0.0,
        1.0
      ]
    ],
    "1": [
      [
        -0.537283357703365,
        -0.630187161542669,
        -0.560527193775461,
        -0.0737157927816248
      ],
      [
        -0.0230346295160694,
        -0.653390472885817,
        0.756670533181454,
        0.0849100986189656
      ],
      [
        -0.843087183734906,
        0.419458020985226,
        0.336539699371563,
        0.0439254161468837
      ],
      [
        0.0,
        0.0,
        0.0,
        1.0
      ]
    ],
    "2": [
      [
        -0.468127361000017,
        -0.492265475877455,
        0.733847037973379,
        0.08579377121457
      ],
      [
        -0.0734406968161742,
        0.849262604392337,
        0.522837922144043,
        0.0686554115057015
      ],
      [
        -0.880603905245891,
        0.190860498898773,
        -0.433715381357172,
        -0.050641092685481
      ],
      [
        0.0,
        0.0,
        0.0,
        1.0
      ]
    ],
    "3": [
      [
        -0.537306976016783,
        0.631180875585366,
        -0.559385301754516,
        -0.0735814496792495
      ],
      [
        0.0243895386945245,
        -0.651354750844435,
        -0.758381262264999,
        -0.0851434453141684
      ],
      [
        -0.843034022994309,
        -0.421126692157687,
        0.334583241102055,
        0.0437018428676229
      ],
      [
        0.0,
        0.0,
        0.0,
        1.0
      ]
    ]
  }
}