{
  "T_WB": [
    [
      -0.184771085851701,
      0.0606215375867923,
      -0.980910125859549,
      -0.272463180312303
    ],
    [
      -0.0626737059892793,
      0.995337308722031,
      0.0733188137080322,
      -0.0030790780567198
    ],
    [
      0.980781143992253,
      0.07502446965222,
      -0.180110178897947,
      0.143099745728641
    ],
    [
      0.0,
      0.0,
      0.0,
      1.0
    ]
  ],
  "T_WH": {
    "0": [
      [
        0.131023891447084,
        0.210667885153487,
        -0.968737209998161,
        -0.281793912949148
      ],
      [
        -0.41959647030582,
        0.897107031281761,
        0.13833935279494,
        -0.037436820175396
      ],
      [
        0.898204621440438,
        0.388352953625672,
        0.205937955300272,
        0.17993020845946
      ],
      [
        0.0,
        0.0,
        0.0,
        1.0
      ]
    ],
    "1": [
      [
        0.460314541040038,
        0.391334324681753,
        -0.796848774632286,
        -0.263132447675458
      ],
      [
        0.710899458619055,
        -0.70011040805521,
        0.0668384340623068,
        0.0312786640619564
      ],
      [
        -0.531725947309545,
        -0.597246065586576,
        -0.600470360716599,
        0.106269282997822
      ],
      [
        0.0,
        0.0,
        0.0,
        1.0
      ]
    ],
    "2": [
      [
        0.157527242947518,
        -0.00527895538647908,
        -0.987500531827392,
        -0.277914134543594
      ],
      [
        0.312914146176724,
        0.948722131668754,
        0.044844776779312,
        0.026264767582814
      ],
      [
        0.936626876003377,
        -0.316067159812472,
        0.151101441542536,
        0.184731774517202
      ],
      [
        0.0,
        0.0,
        0.0,
        1.0
      ]
    ],
    "3": [
      [
        0.168414220907745,
        -0.482546599529152,
        -0.859526282017536,
        -0.267012226081012
      ],
      [
        -0.505579547134353,
        -0.790834694285634,
        0.344920002078119,
        -0.0324229236962536
      ],
      [
        -0.846183178582191,
        0.376469474987016,
        -0.377153500166101,
        0.10146771694008
      ],
      [
        0.0,
        0.0,
        0.0,
        1.0
      ]
    ]
  },
  "T_WP": {
    "0": [
      [
        0.968737209998161,
        0.210667885153487,
        0.131023891447084,
        -0.272622240547853
      ],
      [
        -0.13833935279494,
        0.897107031281761,
        -0.41959647030582,
        -0.0668085730968034
      ],
      [
        -0.205937955300272,
        0.388352953625672,
        0.898204621440438,
        0.242804531960291
      ],
      [
        0.0,
        0.0,
        0.0,
        1.0
      ]
    ],
    "1": [
      [
        0.796848774632286,
        0.391334324681753,
        0.460314541040038,
        -0.230910429802655
      ],
      [
        -0.0668384340623067,
        -0.70011040805521,
        0.710899458619055,
        0.0810416261652903
      ],
      [
        0.600470360716599,
        -0.597246065586576,
        -0.531725947309545,
        0.0690484666861534
      ],
      [
        0.0,
        0.0,
        0.0,
        1.0
      ]
    ],
    "2": [
      [
        0.987500531827392,
        -0.00527895538647908,
        0.157527242947518,
        -0.266887227537268
      ],
      [
        -0.044844776779312,
        0.948722131668754,
        0.312914146176724,
        0.0481687578151847
      ],
      [
        -0.151101441542536,
        -0.316067159812472,
        0.936626876003377,
        0.250295655837438
      ],
      [
        0.0,
        0.0,
        0.0,
        1.0
      ]
    ],
    "3": [
      [
        0.859526282017536,
        -0.482546599529152,
        0.168414220907745,
        -0.25522323061747
      ],
      [
        -0.344920002078119,
        -0.790834694285634,
        -0.505579547134353,
        -0.0678134919956584
      ],
      [
        0.377153500166101,
        0.376469474987016,
        -0.846183178582191,
        0.0422348944393262
      ],
      [
        0.0,
        0.0,
        0.0,
        1.0
      ]
    ]
  },
  "simTime": 1.12299999999989,
  "state": [
    -0.272463180312303,
    -0.0030790780567198,
    0.143099745728641,
    -0.63844656079667,
    -0.000667892995640644,
    0.768150143766126,
    0.0482793906126695,
    -0.33209596893721,
    -0.0212314078189013,
    0.548693715207626,
    -1.90963216863362,
    8.92060698714049,
    -2.76188237457371,
    0.955616971749454,
    -0.141489906950404,
    0.135398889606147,
    0.220099864218477,
    0.973256576125208,
    -0.170017883976007,
    0.15410948649244,
    0.0107620783492255,
    0.967960744881972,
    0.0945906209311659,
    0.136716677358758,
    -0.188183848752692,
    0.978873246155592,
    0.178266180225953,
    0.00727992920437844,
    -0.0998766217852915,
    1.72656042756835,
    -0.988929579911496,
    1.31866429784985,
    -0.278057849735959,
    0.481273137886839,
    1.61411834974989,
    -2.45873100992105,
    -1.11328281960832,
    -0.389327585104326,
    -0.446077813281337,
    -0.375321781121572,
    -2.55732422759015
  ]
}