{
  "T_WB": [
    [
      0.911658448972446,
      0.00713242979438012,
      0.410886846786779,
      -0.13386485936818
    ],
    [
      -0.000403460137413818,
      0.999864425693301,
      -0.0164610890563957,
      -0.000188512325539953
    ],
    [
      -0.410948548649428,
      0.0148411144538849,
      0.911537729161386,
      0.0962261949818359
    ],
    [
      0.0,
      0.0,
      0.0,
      1.0
    ]
  ],
  "T_WH": {
    "0": [
      [
        -0.0710679630535234,
        0.550475730872966,
        0.831820782589193,
        -0.0976267591627025
      ],
      [
        -0.885151678218032,
        0.34964495535124,
        -0.307009628098586,
        -0.0322003123532221
      ],
      [
        -0.459843289801238,
        -0.758106110592246,
        0.462405962231751,
        0.0793133373733345
      ],
      [
        0.0,
        0.0,
        0.0,
        1.0
      ]
    ],
    "1": [
      [
        -0.487076196269425,
        -0.826708270508954,
        0.281620692598756,
        -0.170102959573658
      ],
      [
        0.869885036491726,
        -0.48795868912082,
        0.0720856504394503,
        0.0318232877021422
      ],
      [
        0.0778254605864752,
        0.280088830879749,
        0.956814216293277,
        0.113139052590337
      ],
      [
        0.0,
        0.0,
        0.0,
        1.0
      ]
    ],
    "2": [
      [
        -0.0524953510980509,
        -0.546706104304463,
        0.835677374127917,
        -0.0971702836558621
      ],
      [
        0.898956048877043,
        0.338554317848693,
        0.277955025234985,
        0.0317910108911491
      ],
      [
        -0.434881892357532,
        0.765828577021153,
        0.473692231641272,
        0.0802631686983831
      ],
      [
        0.0,
        0.0,
        0.0,
        1.0
      ]
    ],
    "3": [
      [
        -0.486645661909961,
        0.829095345797589,
        0.275276056570477,
        -0.170559435080498
      ],
      [
        -0.872706904670311,
        -0.475622720233299,
        -0.110298171057556,
        -0.032168035542229
      ],
      [
        0.0394798465673395,
        -0.293911441721233,
        0.955016966414925,
        0.112189221265289
      ],
      [
        0.0,
        0.0,
        0.0,
        1.0
      ]
    ]
  },
  "T_WP": {
    "0": [
      [
        -0.831820782589193,
        0.550475730872966,
        -0.0710679630535233,
        -0.102601516576449
      ],
      [
        0.307009628098586,
        0.34964495535124,
        -0.885151678218032,
        -0.0941609298284844
      ],
      [
        -0.462405962231751,
        -0.758106110592246,
        -0.459843289801238,
        0.0471243070872478
      ],
      [
        0.0,
        0.0,
        0.0,
        1.0
      ]
    ],
    "1": [
      [
        -0.281620692598756,
        -0.826708270508954,
        -0.487076196269425,
        -0.204198293312518
      ],
      [
        -0.0720856504394503,
        -0.48795868912082,
        0.869885036491726,
        0.0927152402565631
      ],
      [
        -0.956814216293277,
        0.280088830879749,
        0.0778254605864753,
        0.118586834831391
      ],
      [
        0.0,
        0.0,
        0.0,
        1.0
      ]
    ],
    "2": [
      [
        -0.835677374127917,
        -0.546706104304463,
        -0.0524953510980508,
        -0.100844958232726
      ],
      [
        -0.277955025234985,
        0.338554317848693,
        0.898956048877043,
        0.0947179343125422
      ],
      [
        -0.473692231641272,
        0.765828577021153,
        -0.434881892357531,
        0.0498214362333559
      ],
      [
        0.0,
        0.0,
        0.0,
        1.0
      ]
    ],
    "3": [
      [
        -0.275276056570477,
        0.829095345797589,
        -0.486645661909961,
        -0.204624631414195
      ],
      [
        0.110298171057556,
        -0.475622720233299,
        -0.872706904670311,
        -0.0932575188691508
      ],
      [
        -0.955016966414925,
        -0.293911441721233,
        0.0394798465673396,
        0.114952810525002
      ],
      [
        0.0,
        0.0,
        0.0,
        1.0
      ]
    ]
  },
  "simTime": 0.792999999999929,
  "state": [
    -0.13386485936818,
    -0.000188512325539953,
    0.0962261949818359,
    0.977632421187423,
    0.00800459427078462,
    0.210159610510363,
    -0.001927076518862,
    -0.327099341060312,
    -0.0040371658020892,
    1.38319084686328,
    0.497580593668025,
    12.9747437185092,
    -0.194594715472438,
    0.908910489318563,
    -0.182786889421279,
    0.28708839585473,
    -0.240937602768727,
    0.987083035135319,
    -0.02796750405886,
    0.0766020542279742,
    -0.13790223258823,
    0.910123898819636,
    0.182160754828618,
    0.285528614053349,
    0.238674168594733,
    0.985472961593818,
    0.0289298954020203,
    0.0802159165344455,
    0.14687242714028,
    -3.00443518286725,
    -2.05455479267269,
    2.42527458107932,
    -1.91111774443059,
    -0.910029796216428,
    0.532176520860161,
    3.03250229797306,
    -2.11834907985594,
    -2.43789590912069,
    1.92273397916375,
    -0.931843525066469,
    -0.446183854305656
  ]
}