{
  "T_WB": [
    [
      -0.207295604310108,
      0.057603288375143,
      0.976580971349574,
      -0.175635678435299
    ],
    [
      0.0300828211841954,
      0.998168180474336,
      -0.0524910216908934,
      -0.000441103995705847
    ],
    [
      -0.97781570671743,
      0.0184971526707283,
      -0.208648745598359,
      0.186954792794645
    ],
    [
      0.0,
      0.0,
      0.0,
      1.0
    ]
  ],
  "T_WH": {
    "0": [
      [
        -0.52583508314319,
        -0.610494060751807,
        0.592279044980121,
        -0.185770807835708
      ],
      [
        -0.75805222903684,
        0.652193407001034,
        -0.000760208301586072,
        -0.0311791729235168
      ],
      [
        -0.385816385587851,
        -0.449378194454462,
        -0.805732557962488,
        0.147250255640485
      ],
      [
        0.0,
        0.0,
        0.0,
        1.0
      ]
    ],
    "1": [
      [
        0.106182204772517,
        -0.0743140935841427,
        0.991565809658852,
        -0.16550054903489
      ],
      [
        0.830072713058006,
        -0.542400955662012,
        -0.129539547372444,
        0.0302969649321051
      ],
      [
        0.547452856807021,
        0.836826516544322,
        0.0040927719369234,
        0.226659329948806
      ],
      [
        0.0,
        0.0,
        0.0,
        1.0
      ]
    ],
    "2": [
      [
        -0.432700348004646,
        0.682077829215197,
        0.589525439425427,
        -0.182084197379699
      ],
      [
        0.827243071762252,
        0.56033696957842,
        -0.0411263996117663,
        0.0327035906268407
      ],
      [
        -0.358384303587661,
        0.469885427968092,
        -0.806702160357359,
        0.148434073411412
      ],
      [
        0.0,
        0.0,
        0.0,
        1.0
      ]
    ],
    "3": [
      [
        0.00191260714469319,
        0.020061395177396,
        0.999796920558094,
        -0.169187159490899
      ],
      [
        -0.863251581238563,
        -0.504636508654977,
        0.0117771652631623,
        -0.0335857986182524
      ],
      [
        0.504770293720848,
        -0.863098797679647,
        0.0163528597168124,
        0.225475512177879
      ],
      [
        0.0,
        0.0,
        0.0,
        1.0
      ]
    ]
  },
  "T_WP": {
    "0": [
      [
        -0.592279044980121,
        -0.610494060751807,
        -0.52583508314319,
        -0.222579263655731
      ],
      [
        0.000760208301586025,
        0.652193407001034,
        -0.75805222903684,
        -0.0842428289560956
      ],
      [
        0.805732557962488,
        -0.449378194454462,
        -0.385816385587851,
        0.120243108649335
      ],
      [
        0.0,
        0.0,
        0.0,
        1.0
      ]
    ],
    "1": [
      [
        -0.991565809658852,
        -0.0743140935841427,
        0.106182204772517,
        -0.158067794700814
      ],
      [
        0.129539547372445,
        -0.542400955662012,
        0.830072713058006,
        0.0884020548461655
      ],
      [
        -0.00409277193692337,
        0.836826516544322,
        0.547452856807021,
        0.264981029925297
      ],
      [
        0.0,
        0.0,
        0.0,
        1.0
      ]
    ],
    "2": [
      [
        -0.589525439425427,
        0.682077829215197,
        -0.432700348004646,
        -0.212373221740024
      ],
      [
        0.0411263996117663,
        0.56033696957842,
        0.827243071762252,
        0.0906106056501983
      ],
      [
        0.806702160357359,
        0.469885427968092,
        -0.358384303587661,
        0.123347172160275
      ],
      [
        0.0,
        0.0,
        0.0,
        1.0
      ]
    ],
    "3": [
      [
        -0.999796920558094,
        0.020061395177396,
        0.00191260714469325,
        -0.169053276990771
      ],
      [
        -0.0117771652631624,
        -0.504636508654977,
        -0.863251581238563,
        -0.0940134093049518
      ],
      [
        -0.0163528597168123,
        -0.863098797679647,
        0.504770293720848,
        0.260809432738339
      ],
      [
        0.0,
        0.0,
        0.0,
        1.0
      ]
    ]
  },
  "simTime": 0.896999999999918,
  "state": [
    -0.175635678435299,
    -0.000441103995705847,
    0.186954792794645,
    0.628932395128019,
    0.0282177285315269,
    0.776870730942865,
    -0.0109393582697175,
    -0.455747850495282,
    -0.00138138706246188,
    0.3881465082449,
    0.479180543271294,
    13.0700672848161,
    -0.221107873611402,
    0.932661936766931,
    -0.273407099520375,
    0.227962364426618,
    -0.0585100849686502,
    0.987703815971835,
    -0.106464959552552,
    0.0389898176514237,
    -0.107639111951267,
    0.93259659091079,
    0.274689905074747,
    0.226820882268968,
    0.0579770820094105,
    0.986452687062182,
    0.109742016516362,
    0.0421955619411227,
    0.114399827583771,
    -1.17943793064792,
    -2.23057039549519,
    2.92743226138699,
    -1.26013628411967,
    -0.810261087906809,
    0.731386733836977,
    1.22177912005384,
    -2.19841992012779,
    -2.90487675149692,
    1.29480415223854,
    -0.836854982602876,
    -0.793779398677791
  ]
}