{
  "T_WB": [
    [
      -2.22044604925031e-16,
      1.15906486865851e-19,
      1.0,
      -9.54633596032648e-36
    ],
    [
      -2.46774641985138e-18,
      1.0,
      -1.15906486865851e-19,
      3.8315410703659e-21
    ],
    [
      -1.0,
      -2.46774641985138e-18,
      -2.22044604925031e-16,
      0.199642229375003
    ],
    [
      0.0,
      0.0,
      0.0,
      1.0
    ]
  ],
  "T_WH": {
    "0": [
      [
        -1.57199000346705e-16,
        -1.52075356668907e-16,
        1.0,
        -8.88549320458096e-18
      ],
      [
        -0.707106779455507,
        0.707106782917588,
        -3.62296265358872e-18,
        -0.032
      ],
      [
        -0.707106782917588,
        -0.707106779455507,
        -2.18689995101718e-16,
        0.159642229375003
      ],
      [
        0.0,
        0.0,
        0.0,
        1.0
      ]
    ],
    "1": [
      [
        1.57199000346705e-16,
        1.52072901700084e-16,
        1.0,
        8.88549320458096e-18
      ],
      [
        0.707106779455507,
        -0.707106782917588,
        -3.62469857869476e-18,
        0.032
      ],
      [
        0.707106782917588,
        0.707106779455507,
        -2.1868825917662e-16,
        0.239642229375003
      ],
      [
        0.0,
        0.0,
        0.0,
        1.0
      ]
    ],
    "2": [
      [
        -1.57041943953408e-16,
        1.53032923394738e-16,
        1.0,
        -8.87807518942155e-18
      ],
      [
        0.707106779455507,
        0.707106782917588,
        2.83480508619989e-18,
        0.032
      ],
      [
        -0.707106782917588,
        0.707106779455507,
        -2.19256041384333e-16,
        0.159642229375003
      ],
      [
        0.0,
        0.0,
        0.0,
        1.0
      ]
    ],
    "3": [
      [
        1.57041943953408e-16,
        -1.52224771636256e-16,
        1.0,
        8.87807518942155e-18
      ],
      [
        -0.707106779455507,
        -0.707106782917588,
        3.40625467624941e-18,
        -0.032
      ],
      [
        0.707106782917588,
        -0.707106779455507,
        -2.18684591797082e-16,
        0.239642229375003
      ],
      [
        0.0,
        0.0,
        0.0,
        1.0
      ]
    ]
  },
  "T_WP": {
    "0": [
      [
        -1.0,
        -1.52075356668907e-16,
        -9.59666603893376e-17,
        -1.98894232288503e-17
      ],
      [
        -3.96748400521903e-17,
        0.707106782917588,
        -0.707106779455507,
        -0.0814974745618855
      ],
      [
        1.75392192183947e-16,
        -0.707106779455507,
        -0.707106782917588,
        0.110144754570772
      ],
      [
        0.0,
        0.0,
        0.0,
        1.0
      ]
    ],
    "1": [
      [
        -1.0,
        1.52072901700084e-16,
        2.18431340304073e-16,
        1.98894232288503e-17
      ],
      [
        4.69225012844738e-17,
        -0.707106782917588,
        0.707106779455507,
        0.0814974745618855
      ],
      [
        2.6198606209439e-16,
        0.707106779455507,
        0.707106782917588,
        0.289139704179234
      ],
      [
        0.0,
        0.0,
        0.0,
        1.0
      ]
    ],
    "2": [
      [
        -1.0,
        1.53032923394738e-16,
        -9.58096039960407e-17,
        -1.98710112661601e-17
      ],
      [
        4.04629976195791e-17,
        0.707106782917588,
        0.707106779455507,
        0.0814974745618855
      ],
      [
        1.75958238466563e-16,
        0.707106779455507,
        -0.707106782917588,
        0.110144754570772
      ],
      [
        0.0,
        0.0,
        0.0,
        1.0
      ]
    ],
    "3": [
      [
        -1.0,
        -1.52224771636256e-16,
        2.18274283910776e-16,
        1.98710112661601e-17
      ],
      [
        -4.67040573820284e-17,
        -0.707106782917588,
        -0.707106779455507,
        -0.0814974745618855
      ],
      [
        2.61982394714852e-16,
        -0.707106779455507,
        0.707106782917588,
        0.289139704179234
      ],
      [
        0.0,
        0.0,
        0.0,
        1.0
      ]
    ]
  },
  "simTime": 0.247499999999989,
  "state": [
    -9.54633596032648e-36,
    3.8315410703659e-21,
    0.199642229375003,
    0.707106781186548,
    -8.31500982439692e-19,
    0.707106781186548,
    -9.13459245286044e-19,
    -6.85586043591295e-35,
    -2.0736455321371e-20,
    -2.42713350000004,
    5.16016578403046e-19,
    -1.17289330381676e-17,
    -2.12979000494954e-17,
    1.0,
    2.42596527602792e-18,
    5.38979156569496e-20,
    -1.38762037647332e-18,
    1.0,
    -2.42719276043904e-18,
    -5.3897915656949e-20,
    1.3841299365514e-18,
    1.0,
    -2.02914017615905e-18,
    5.73279816542461e-20,
    9.58798842659705e-19,
    1.0,
    2.43321605540013e-18,
    -5.73279816542454e-20,
    -1.38269866752371e-18,
    1.2241629494847e-17,
    1.62738510468917e-19,
    -2.33655983114168e-17,
    -1.21699833614618e-17,
    -1.62738510468914e-19,
    2.33689631852614e-17,
    -1.63731215844577e-17,
    4.60668940272818e-20,
    1.90821885502736e-17,
    1.22685616361584e-17,
    -4.60668940272802e-20,
    -2.34963863329367e-17
  ]
}