{
  "T_WB": [
    [
      -2.22044604925031e-16,
      4.43139101377562e-23,
      1.0,
      -1.78296919237067e-37
    ],
    [
      -6.9209516551612e-21,
      1.0,
      -4.43139101377564e-23,
      1.03654363096157e-22
    ],
    [
      -1.0,
      -6.9209516551612e-21,
      -2.22044604925031e-16,
      0.499106373575
    ],
    [
      0.0,
      0.0,
      0.0,
      1.0
    ]
  ],
  "T_WH": {
    "0": [
      [
        -1.57009616343038e-16,
        -1.56920263827534e-16,
        1.0,
        -8.88178561504638e-18
      ],
      [
        -0.707106779455507,
        0.707106782917588,
        -6.31812262041586e-20,
        -0.032
      ],
      [
        -0.707106782917588,
        -0.707106779455507,
        -2.21981947085846e-16,
        0.459106373575
      ],
      [
        0.0,
        0.0,
        0.0,
        1.0
      ]
    ],
    "1": [
      [
        1.57009616343038e-16,
        1.56911684862726e-16,
        1.0,
        8.88178561504638e-18
      ],
      [
        0.707106779455507,
        -0.707106782917588,
        -6.92474704103952e-20,
        0.032
      ],
      [
        0.707106782917588,
        0.707106779455507,
        -2.2197588084167e-16,
        0.539106373575
      ],
      [
        0.0,
        0.0,
        0.0,
        1.0
      ]
    ],
    "2": [
      [
        -1.57009609817478e-16,
        1.56933252212235e-16,
        1.0,
        -8.88178277895613e-18
      ],
      [
        0.707106779455507,
        0.707106782917588,
        5.39924370150758e-20,
        0.032
      ],
      [
        -0.707106782917588,
        0.707106779455507,
        -2.21991126646455e-16,
        0.459106373575
      ],
      [
        0.0,
        0.0,
        0.0,
        1.0
      ]
    ],
    "3": [
      [
        1.57009609817478e-16,
        -1.56919966474382e-16,
        1.0,
        8.88178277895613e-18
      ],
      [
        -0.707106779455507,
        -0.707106782917588,
        6.33868723664063e-20,
        -0.032
      ],
      [
        0.707106782917588,
        -0.707106779455507,
        -2.21981732211149e-16,
        0.539106373575
      ],
      [
        0.0,
        0.0,
        0.0,
        1.0
      ]
    ]
  },
  "T_WP": {
    "0": [
      [
        -1.0,
        -1.56920263827534e-16,
        -9.57772763856706e-17,
        -1.98724587590591e-17
      ],
      [
        -4.32346214795749e-17,
        0.707106782917588,
        -0.707106779455507,
        -0.0814974745618855
      ],
      [
        1.78684144168076e-16,
        -0.707106779455507,
        -0.707106782917588,
        0.409608898770769
      ],
      [
        0.0,
        0.0,
        0.0,
        1.0
      ]
    ],
    "1": [
      [
        -1.0,
        1.56911684862726e-16,
        2.18241956300406e-16,
        1.98724587590591e-17
      ],
      [
        4.33670501761894e-17,
        -0.707106782917588,
        0.707106779455507,
        0.0814974745618855
      ],
      [
        2.6527368375944e-16,
        0.707106779455507,
        0.707106782917588,
        0.588603848379231
      ],
      [
        0.0,
        0.0,
        0.0,
        1.0
      ]
    ],
    "2": [
      [
        -1.0,
        1.56933252212235e-16,
        -9.57772698601103e-17,
        -1.98724554661796e-17
      ],
      [
        4.32438102687639e-17,
        0.707106782917588,
        0.707106779455507,
        0.0814974745618855
      ],
      [
        1.78693323728684e-16,
        0.707106779455507,
        -0.707106782917588,
        0.409608898770769
      ],
      [
        0.0,
        0.0,
        0.0,
        1.0
      ]
    ],
    "3": [
      [
        -1.0,
        -1.56919966474382e-16,
        2.18241949774846e-16,
        1.98724554661796e-17
      ],
      [
        -4.33611895781454e-17,
        -0.707106782917588,
        -0.707106779455507,
        -0.0814974745618855
      ],
      [
        2.6527953512892e-16,
        -0.707106779455507,
        0.707106782917588,
        0.588603848379231
      ],
      [
        0.0,
        0.0,
        0.0,
        1.0
      ]
    ]
  },
  "simTime": 0.0135,
  "state": [
    -1.78296919237067e-37,
    1.03654363096157e-22,
    0.499106373575,
    0.707106781186548,
    -2.43125859063472e-21,
    0.707106781186548,
    -2.46259325699402e-21,
    -6.62077538093007e-36,
    1.05969536952841e-20,
    -0.1323891,
    9.5517842224724e-21,
    -1.4188785833091e-19,
    -4.18625207148653e-19,
    1.0,
    4.44751609046216e-20,
    1.69377813197529e-22,
    -3.54058326479506e-22,
    1.0,
    -4.87646433086842e-20,
    -1.69377813197524e-22,
    3.75757238507057e-22,
    1.0,
    -3.80123032206322e-20,
    1.97449699301679e-22,
    2.97160057217912e-22,
    1.0,
    4.46551721467145e-20,
    -1.9744969930167e-22,
    -3.2723962474039e-22,
    1.10578019644623e-17,
    8.19526567164408e-20,
    -1.80049803674003e-19,
    -1.10392263138517e-17,
    -8.1952656716438e-20,
    1.91309490281284e-19,
    -8.80883967399067e-18,
    9.32944861765619e-20,
    1.54833803739579e-19,
    1.11264951476417e-17,
    -9.3294486176559e-20,
    -1.69403499994988e-19
  ]
}