{
  "T_WB": [
    [
      0.989978563730347,
      -0.00149440064430072,
      0.141209808870043,
      -0.00209681323398103
    ],
    [
      0.00170685176732807,
      0.999997586428084,
      -0.00138339981638627,
      -1.08817608016158e-05
    ],
    [
      -0.141207400696438,
      0.00161056037512479,
      0.989978725066268,
      0.347286009346757
    ],
    [
      0.0,
      0.0,
      0.0,
      1.0
    ]
  ],
  "T_WH": {
    "0": [
      [
        0.801556758197169,
        0.597640336658813,
        0.0182425707285224,
        0.0375501501358505
      ],
      [
        -0.584446760932555,
        0.789571928956766,
        -0.187077931993427,
        -0.0319425304558072
      ],
      [
        -0.126209140017236,
        0.139291769325514,
        0.982175674700956,
        0.341586175386895
      ],
      [
        0.0,
        0.0,
        0.0,
        1.0
      ]
    ],
    "1": [
      [
        -0.63911029983592,
        -0.757245267831222,
        0.134601742153887,
        -0.0417437766038125
      ],
      [
        0.763371901854899,
        -0.645895398196844,
        -0.00908152226087414,
        0.0319207669342039
      ],
      [
        0.0938155856032247,
        0.0969470934858816,
        0.990858161879168,
        0.352985843306618
      ],
      [
        0.0,
        0.0,
        0.0,
        1.0
      ]
    ],
    "2": [
      [
        0.799345766915365,
        -0.600622057506921,
        0.017305749063269,
        0.0374545084946152
      ],
      [
        0.587888702428578,
        0.787705053912142,
        0.184140222651417,
        0.0320573150755902
      ],
      [
        -0.124230505397549,
        -0.137017853133903,
        0.982747622460236,
        0.341689251250903
      ],
      [
        0.0,
        0.0,
        0.0,
        1.0
      ]
    ],
    "3": [
      [
        -0.636979416408211,
        0.759028431946099,
        0.134659060481278,
        -0.0416481349625773
      ],
      [
        -0.765444720094457,
        -0.643471380790247,
        0.00624200155485105,
        -0.0320790785971934
      ],
      [
        0.0913871082361891,
        -0.0990980403506464,
        0.990872330245874,
        0.35288276744261
      ],
      [
        0.0,
        0.0,
        0.0,
        1.0
      ]
    ]
  },
  "T_WP": {
    "0": [
      [
        -0.0182425707285224,
        0.597640336658813,
        0.801556758197169,
        0.0936591232096523
      ],
      [
        0.187077931993427,
        0.789571928956766,
        -0.584446760932555,
        -0.072853803721086
      ],
      [
        -0.982175674700956,
        0.139291769325514,
        -0.126209140017236,
        0.332751535585689
      ],
      [
        0.0,
        0.0,
        0.0,
        1.0
      ]
    ],
    "1": [
      [
        -0.134601742153887,
        -0.757245267831222,
        -0.63911029983592,
        -0.0864814975923269
      ],
      [
        0.00908152226087418,
        -0.645895398196844,
        0.763371901854899,
        0.0853568000640468
      ],
      [
        -0.990858161879168,
        0.0969470934858816,
        0.0938155856032248,
        0.359552934298844
      ],
      [
        0.0,
        0.0,
        0.0,
        1.0
      ]
    ],
    "2": [
      [
        -0.017305749063269,
        -0.600622057506921,
        0.799345766915365,
        0.0934087121786907
      ],
      [
        -0.184140222651417,
        0.787705053912142,
        0.587888702428578,
        0.0732095242455906
      ],
      [
        -0.982747622460236,
        -0.137017853133903,
        -0.124230505397549,
        0.332993115873075
      ],
      [
        0.0,
        0.0,
        0.0,
        1.0
      ]
    ],
    "3": [
      [
        -0.134659060481278,
        0.759028431946099,
        -0.636979416408211,
        -0.086236694111152
      ],
      [
        -0.00624200155485109,
        -0.643471380790247,
        -0.765444720094457,
        -0.0856602090038054
      ],
      [
        -0.990872330245874,
        -0.0990980403506464,
        0.0913871082361892,
        0.359279865019144
      ],
      [
        0.0,
        0.0,
        0.0,
        1.0
      ]
    ]
  }
}