{
  "T_WB": [
    [
      0.989711787104177,
      -0.00232368955527387,
      -0.143056558514131,
      -0.0919896315416894
    ],
    [
      0.0026330789734405,
      0.999994586216932,
      0.00197343151547745,
      1.95004142665243e-05
    ],
    [
      0.143051198394756,
      -0.00232980764814721,
      0.989712547477371,
      0.223082639022353
    ],
    [
      0.0,
      0.0,
      0.0,
      1.0
    ]
  ],
  "T_WH": {
    "0": [
      [
        -0.160898861274933,
        0.957384581637949,
        -0.239846449384515,
        -0.0523268019917536
      ],
      [
        -0.841852794444459,
        -0.259971625065919,
        -0.472967891771356,
        -0.0318750031857377
      ],
      [
        -0.515165438404485,
        0.125815408446319,
        0.847806023846847,
        0.228879240802884
      ],
      [
        0.0,
        0.0,
        0.0,
        1.0
      ]
    ],
    "1": [
      [
        -0.623089767763309,
        -0.773956045885372,
        -0.112921124445986,
        -0.131652461091625
      ],
      [
        0.774423772001477,
        -0.63071402107357,
        0.0496753961253754,
        0.0319140040142707
      ],
      [
        -0.109667509626462,
        -0.0564965720967982,
        0.992361413333691,
        0.217286037241822
      ],
      [
        0.0,
        0.0,
        0.0,
        1.0
      ]
    ],
    "2": [
      [
        -0.164742207471623,
        -0.956094937491531,
        -0.242368470681403,
        -0.0524755181232911
      ],
      [
        0.838282073382114,
        -0.265206573181933,
        0.476391266699212,
        0.032124650332146
      ],
      [
        -0.519752989913056,
        -0.124691395229028,
        0.845167962852519,
        0.228730133113403
      ],
      [
        0.0,
        0.0,
        0.0,
        1.0
      ]
    ],
    "3": [
      [
        -0.619493479129397,
        0.77692586640243,
        -0.112312187366239,
        -0.131503744960088
      ],
      [
        -0.777789073052716,
        -0.626837022444029,
        -0.0460380835102895,
        -0.0320856495036129
      ],
      [
        -0.106169615031568,
        0.0588348995778714,
        0.992605897340788,
        0.217435144931304
      ],
      [
        0.0,
        0.0,
        0.0,
        1.0
      ]
    ]
  },
  "T_WP": {
    "0": [
      [
        0.239846449384515,
        0.957384581637949,
        -0.160898861274933,
        -0.0635897222809989
      ],
      [
        0.472967891771356,
        -0.259971625065919,
        -0.841852794444459,
        -0.0908046987968498
      ],
      [
        -0.847806023846847,
        0.125815408446319,
        -0.515165438404485,
        0.19281766011457
      ],
      [
        0.0,
        0.0,
        0.0,
        1.0
      ]
    ],
    "1": [
      [
        0.112921124445986,
        -0.773956045885372,
        -0.623089767763309,
        -0.175268744835057
      ],
      [
        -0.0496753961253753,
        -0.63071402107357,
        0.774423772001477,
        0.0861236680543741
      ],
      [
        -0.992361413333691,
        -0.0564965720967982,
        -0.109667509626462,
        0.20960931156797
      ],
      [
        0.0,
        0.0,
        0.0,
        1.0
      ]
    ],
    "2": [
      [
        0.242368470681403,
        -0.956094937491531,
        -0.164742207471623,
        -0.0640074726463047
      ],
      [
        -0.476391266699212,
        -0.265206573181933,
        0.838282073382114,
        0.090804395468894
      ],
      [
        -0.845167962852519,
        -0.124691395229028,
        -0.519752989913056,
        0.192347423819489
      ],
      [
        0.0,
        0.0,
        0.0,
        1.0
      ]
    ],
    "3": [
      [
        0.112312187366239,
        0.77692586640243,
        -0.619493479129397,
        -0.174868288499146
      ],
      [
        0.0460380835102894,
        -0.626837022444029,
        -0.777789073052716,
        -0.0865308846173031
      ],
      [
        -0.992605897340788,
        0.0588348995778714,
        -0.106169615031568,
        0.210003271879094
      ],
      [
        0.0,
        0.0,
        0.0,
        1.0
      ]
    ]
  },
  "simTime": 0.663499999999943,
  "state": [
    -0.0919896315416894,
    1.95004142665243e-05,
    0.223082639022353,
    0.997424047333741,
    -0.00107858818301199,
    -0.0717116650820917,
    0.00124239247639069,
    -0.336617321680649,
    -0.000298842390891025,
    -1.64372862442629,
    -0.0118448757114563,
    -2.63523998520805,
    0.00027667590185041,
    0.836210190458785,
    0.121220310284263,
    0.221527397000573,
    -0.486809784336367,
    0.998255861259502,
    0.0272180381956671,
    0.00753909629135106,
    -0.0518418352774853,
    0.836080071454061,
    -0.121477389072933,
    0.221811435097024,
    0.486839855929642,
    0.998248103285293,
    -0.0275170218424134,
    0.00758200899296216,
    0.0518271254833837,
    -5.04820958501193,
    -2.52969413172642,
    -1.58676932645493,
    -0.477184486686378,
    0.0920761304262632,
    -0.44733107351321,
    5.05002354998222,
    -2.53220631625928,
    1.58779696394845,
    0.476455436297181,
    0.0917679708073524,
    0.4503761599257
  ]
}