{
  "T_WB": [
    [
      0.523745160789167,
      -0.000257150295345742,
      0.851874955861278,
      -0.0023859442372134
    ],
    [
      0.000814804885420346,
      0.999999648227994,
      -0.000199090147763928,
      -1.32179065485911e-05
    ],
    [
      -0.851874604999426,
      0.000798384377255169,
      0.523745186077599,
      0.485138130741482
    ],
    [
      0.0,
      0.0,
      0.0,
      1.0
    ]
  ],
  "T_WH": {
    "0": [
      [
        0.454758030661177,
        0.204182211088732,
        0.866893741022557,
        0.0209580352410178
      ],
      [
        -0.546539366060704,
        0.832515867184425,
        0.0906203742661018,
        -0.031967396547879
      ],
      [
        -0.703199726176804,
        -0.515001898599492,
        0.49018689246428,
        -0.0341005325000492
      ],
      [
        0.0,
        0.0,
        0.0,
        1.0
      ]
    ],
    "1": [
      [
        -0.346224265420512,
        -0.308089540785432,
        0.88612052955151,
        -0.0209580352410178
      ],
      [
        0.721826928751682,
        -0.690807150704023,
        0.0418493185739294,
        0.031967396547879
      ],
      [
        0.599245060858194,
        0.654114909931588,
        0.461561525305403,
        0.0341005325000492
      ],
      [
        0.0,
        0.0,
        0.0,
        1.0
      ]
    ],
    "2": [
      [
        0.454846536805067,
        -0.205179679139639,
        0.866611751146147,
        0.0209415776221156
      ],
      [
        0.547724818590012,
        0.831743818142716,
        -0.0905524382991151,
        0.0320325809387126
      ],
      [
        -0.702219446510117,
        0.515852227144103,
        0.490697797726354,
        -0.0340494358999049
      ],
      [
        0.0,
        0.0,
        0.0,
        1.0
      ]
    ],
    "3": [
      [
        -0.3459085267636,
        0.3085280576327,
        0.886091264354654,
        -0.0209415776221156
      ],
      [
        -0.722858381673292,
        -0.689716537097839,
        -0.0420340159684414,
        -0.0320325809387126
      ],
      [
        0.598183125102092,
        -0.655058421903847,
        0.461600923673183,
        0.0340494358999049
      ],
      [
        0.0,
        0.0,
        0.0,
        1.0
      ]
    ]
  },
  "T_WP": {
    "0": [
      [
        -0.866893741022557,
        0.204182211088732,
        0.454758030661177,
        0.0527910973873002
      ],
      [
        -0.0906203742661018,
        0.832515867184425,
        -0.546539366060704,
        -0.0702251521721283
      ],
      [
        -0.49018689246428,
        -0.515001898599492,
        -0.703199726176804,
        -0.0833245133324255
      ],
      [
        0.0,
        0.0,
        0.0,
        1.0
      ]
    ],
    "1": [
      [
        -0.88612052955151,
        -0.308089540785432,
        -0.346224265420512,
        -0.0451937338204536
      ],
      [
        -0.0418493185739293,
        -0.690807150704023,
        0.721826928751682,
        0.0824952815604968
      ],
      [
        -0.461561525305403,
        0.654114909931588,
        0.599245060858194,
        0.0760476867601228
      ],
      [
        0.0,
        0.0,
        0.0,
        1.0
      ]
    ],
    "2": [
      [
        -0.866611751146147,
        -0.205179679139639,
        0.454846536805067,
        0.0527808351984703
      ],
      [
        0.0905524382991151,
        0.831743818142716,
        0.547724818590012,
        0.0703733182400134
      ],
      [
        -0.490697797726354,
        0.515852227144103,
        -0.702219446510117,
        -0.0832047971556131
      ],
      [
        0.0,
        0.0,
        0.0,
        1.0
      ]
    ],
    "3": [
      [
        -0.886091264354654,
        0.3085280576327,
        -0.3459085267636,
        -0.0451551744955676
      ],
      [
        0.0420340159684413,
        -0.689716537097839,
        -0.722858381673292,
        -0.0826326676558431
      ],
      [
        -0.461600923673183,
        -0.655058421903847,
        0.598183125102092,
        0.0759222546570514
      ],
      [
        0.0,
        0.0,
        0.0,
        1.0
      ]
    ]
  }
}