{
  "T_WB": [
    [
      -2.22044604925031e-16,
      1.75564724836431e-21,
      1.0,
      4.6583984968571e-37
    ],
    [
      -3.9739155819275e-21,
      1.0,
      -1.75564724836431e-21,
      1.25030864174459e-21
    ],
    [
      -1.0,
      -3.9739155819275e-21,
      -2.22044604925031e-16,
      0.490290240175
    ],
    [
      0.0,
      0.0,
      0.0,
      1.0
    ]
  ],
  "T_WH": {
    "0": [
      [
        -1.57018910021929e-16,
        -1.56370909851224e-16,
        1.0,
        -8.8818403777132e-18
      ],
      [
        -0.707106779455507,
        0.707106782917588,
        -4.58204772425601e-19,
        -0.032
      ],
      [
        -0.707106782917588,
        -0.707106779455507,
        -2.21600066788259e-16,
        0.450290240175
      ],
      [
        0.0,
        0.0,
        0.0,
        1.0
      ]
    ],
    "1": [
      [
        1.57018910021929e-16,
        1.56395607004294e-16,
        1.0,
        8.8818403777132e-18
      ],
      [
        0.707106779455507,
        -0.707106782917588,
        -4.40741247970999e-19,
        0.032
      ],
      [
        0.707106782917588,
        0.707106779455507,
        -2.21617530312628e-16,
        0.530290240175
      ],
      [
        0.0,
        0.0,
        0.0,
        1.0
      ]
    ],
    "2": [
      [
        -1.57018102285417e-16,
        1.56654652875544e-16,
        1.0,
        -8.8817280162893e-18
      ],
      [
        0.707106779455507,
        0.707106782917588,
        2.56996999359322e-19,
        0.032
      ],
      [
        -0.707106782917588,
        0.707106779455507,
        -2.21800132248413e-16,
        0.450290240175
      ],
      [
        0.0,
        0.0,
        0.0,
        1.0
      ]
    ],
    "3": [
      [
        1.57018102285417e-16,
        -1.56371882622793e-16,
        1.0,
        8.8817280162893e-18
      ],
      [
        -0.707106779455507,
        -0.707106782917588,
        4.56945763086956e-19,
        -0.032
      ],
      [
        0.707106782917588,
        -0.707106779455507,
        -2.21600183485664e-16,
        0.530290240175
      ],
      [
        0.0,
        0.0,
        0.0,
        1.0
      ]
    ]
  },
  "T_WP": {
    "0": [
      [
        -1.0,
        -1.56370909851224e-16,
        -9.57865700645617e-17,
        -1.98731640792483e-17
      ],
      [
        -4.28395979333534e-17,
        0.707106782917588,
        -0.707106779455507,
        -0.0814974745618855
      ],
      [
        1.78302263870489e-16,
        -0.707106779455507,
        -0.707106782917588,
        0.400792765370768
      ],
      [
        0.0,
        0.0,
        0.0,
        1.0
      ]
    ],
    "1": [
      [
        -1.0,
        1.56395607004294e-16,
        2.18251249979297e-16,
        1.98731640792483e-17
      ],
      [
        4.373854395375e-17,
        -0.707106782917588,
        0.707106779455507,
        0.0814974745618855
      ],
      [
        2.64915333230398e-16,
        0.707106779455507,
        0.707106782917588,
        0.579787714979231
      ],
      [
        0.0,
        0.0,
        0.0,
        1.0
      ]
    ],
    "2": [
      [
        -1.0,
        1.56654652875544e-16,
        -9.57857623280496e-17,
        -1.98729951762685e-17
      ],
      [
        4.30408057064197e-17,
        0.707106782917588,
        0.707106779455507,
        0.0814974745618855
      ],
      [
        1.78502329330642e-16,
        0.707106779455507,
        -0.707106782917588,
        0.400792765370768
      ],
      [
        0.0,
        0.0,
        0.0,
        1.0
      ]
    ],
    "3": [
      [
        -1.0,
        -1.56371882622793e-16,
        2.18250442242785e-16,
        1.98729951762685e-17
      ],
      [
        -4.3754748468866e-17,
        -0.707106782917588,
        -0.707106779455507,
        -0.0814974745618855
      ],
      [
        2.64897986403434e-16,
        -0.707106779455507,
        0.707106782917588,
        0.579787714979231
      ],
      [
        0.0,
        0.0,
        0.0,
        1.0
      ]
    ]
  },
  "simTime": 0.0445000000000002,
  "state": [
    4.6583984968571e-37,
    1.25030864174459e-21,
    0.490290240175,
    0.707106781186548,
    -7.84276290576957e-22,
    0.707106781186548,
    -2.02570636526686e-21,
    2.63054107757435e-35,
    6.67937324761776e-20,
    -0.436393700000003,
    1.37410424680936e-19,
    -1.26566788913208e-18,
    -1.36287794817552e-18,
    1.0,
    3.18547101353954e-19,
    4.21116955602396e-21,
    -1.56676140049282e-20,
    1.0,
    -3.06198524818918e-19,
    -4.21116955602385e-21,
    1.54868340236094e-20,
    1.0,
    -1.77917019271429e-19,
    5.04873137163989e-21,
    1.14679606767514e-20,
    1.0,
    3.19302145646987e-19,
    -5.04873137163978e-21,
    -1.49038244745722e-20,
    2.22529268556833e-17,
    4.15012888398294e-19,
    -2.1234706019076e-18,
    -2.42314408795316e-17,
    -4.15012888398285e-19,
    2.05164713383054e-18,
    -1.06046619014644e-17,
    5.33689463753206e-19,
    1.38468751853464e-18,
    2.22543207851284e-17,
    -5.33689463753198e-19,
    -2.01432892787743e-18
  ]
}