{
  "arms": {
    "0": [
      [
        -0.879739940166473,
        0.201410621404648,
        0.430687069892883,
        0.0186169426888227
      ],
      [
        -0.119168117642403,
        0.783520877361298,
        -0.609831094741821,
        -0.0313551761209965
      ],
      [
        -0.460278779268265,
        -0.587816953659058,
        -0.665292918682098,
        0.0706662908196449
      ],
      [
        0.0,
        0.0,
        0.0,
        1.0
      ]
    ],
    "1": [
      [
        -0.841395318508148,
        0.427725940942764,
        -0.330309629440308,
        -0.021432813256979
      ],
      [
        -0.0607259683310986,
        -0.682168185710907,
        -0.728669285774231,
        -0.0328353382647038
      ],
      [
        -0.536997497081757,
        -0.593040525913239,
        0.599947154521942,
        0.139903753995895
      ],
      [
        0.0,
        0.0,
        0.0,
        1.0
      ]
    ],
    "2": [
      [
        -0.908927261829376,
        -0.271337538957596,
        -0.31658673286438,
        -0.0215794946998358
      ],
      [
        -0.0594291388988495,
        -0.667224764823914,
        0.742481827735901,
        0.031151631847024
      ],
      [
        -0.412697732448578,
        0.693676471710205,
        0.590333461761475,
        0.141186818480492
      ],
      [
        0.0,
        0.0,
        0.0,
        1.0
      ]
    ],
    "3": [
      [
        -0.83105194568634,
        -0.410953134298325,
        0.374793499708176,
        0.0184702593833208
      ],
      [
        -0.0260109473019838,
        0.701831579208374,
        0.711867868900299,
        0.0326317921280861
      ],
      [
        -0.555586218833923,
        0.581850409507751,
        -0.59394782781601,
        0.0719493627548218
      ],
      [
        0.0,
        0.0,
        0.0,
        1.0
      ]
    ]
  },
  "arms_in_parent_frame": {
    "0": [
      [
        8.82874040541992e-09,
        1.43792533435771e-09,
        1.0,
        1.86264514923096e-09
      ],
      [
        1.32242661265991e-09,
        1.0,
        1.43792533435771e-09,
        3.72529029846191e-09
      ],
      [
        -0.999999940395355,
        -1.32242661265991e-09,
        -8.82874040541992e-09,
        -3.72529029846191e-09
      ],
      [
        0.0,
        0.0,
        0.0,
        1.0
      ]
    ],
    "1": [
      [
        -1.18028573581341e-08,
        2.32297345803545e-08,
        1.0,
        0.0
      ],
      [
        -2.08591082184739e-08,
        1.0,
        2.32297345803545e-08,
        7.45058059692383e-09
      ],
      [
        -1.0,
        2.08591082184739e-08,
        1.18028573581341e-08,
        0.0
      ],
      [
        0.0,
        0.0,
        0.0,
        1.0
      ]
    ],
    "2": [
      [
        -4.30500790571386e-09,
        4.25959569838597e-08,
        1.0,
        0.0
      ],
      [
        -4.18619663378195e-08,
        1.0,
        4.25959569838597e-08,
        0.0
      ],
      [
        -1.0,
        4.18619663378195e-08,
        4.30500790571386e-09,
        0.0
      ],
      [
        0.0,
        0.0,
        0.0,
        1.0
      ]
    ],
    "3": [
      [
        3.16860138127595e-09,
        1.64503362043433e-08,
        1.0,
        0.0
      ],
      [
        4.65750957800992e-08,
        0.999999940395355,
        1.64503362043433e-08,
        0.0
      ],
      [
        -1.0,
        -4.65750957800992e-08,
        -3.16860138127595e-09,
        -3.72529029846191e-09
      ],
      [
        0.0,
        0.0,
        0.0,
        1.0
      ]
    ]
  },
  "arms_link_world": {
    "0": [
      [
        -0.879739940166473,
        0.201410621404648,
        0.430687069892883,
        0.0186169426888227
      ],
      [
        -0.119168117642403,
        0.783520877361298,
        -0.609831094741821,
        -0.0313551761209965
      ],
      [
        -0.460278779268265,
        -0.587816953659058,
        -0.665292918682098,
        0.0706662908196449
      ],
      [
        0.0,
        0.0,
        0.0,
        1.0
      ]
    ],
    "1": [
      [
        -0.841395318508148,
        0.427725940942764,
        -0.330309629440308,
        -0.021432813256979
      ],
      [
        -0.0607259683310986,
        -0.682168185710907,
        -0.728669285774231,
        -0.0328353382647038
      ],
      [
        -0.536997497081757,
        -0.593040525913239,
        0.599947154521942,
        0.139903753995895
      ],
      [
        0.0,
        0.0,
        0.0,
        1.0
      ]
    ],
    "2": [
      [
        -0.908927261829376,
        -0.271337538957596,
        -0.31658673286438,
        -0.0215794946998358
      ],
      [
        -0.0594291388988495,
        -0.667224764823914,
        0.742481827735901,
        0.031151631847024
      ],
      [
        -0.412697732448578,
        0.693676471710205,
        0.590333461761475,
        0.141186818480492
      ],
      [
        0.0,
        0.0,
        0.0,
        1.0
      ]
    ],
    "3": [
      [
        -0.83105194568634,
        -0.410953134298325,
        0.374793499708176,
        0.0184702593833208
      ],
      [
        -0.0260109473019838,
        0.701831579208374,
        0.711867868900299,
        0.0326317921280861
      ],
      [
        -0.555586218833923,
        0.581850409507751,
        -0.59394782781601,
        0.0719493627548218
      ],
      [
        0.0,
        0.0,
        0.0,
        1.0
      ]
    ]
  },
  "arms_relative_to_base": {
    "0": [
      [
        -0.0442652404308319,
        0.624064207077026,
        0.78011816740036,
        0.0400000028312206
      ],
      [
        -0.126355215907097,
        0.771115243434906,
        -0.624031782150269,
        -0.0319999977946281
      ],
      [
        -0.990996897220612,
        -0.126194953918457,
        0.0447201021015644,
        0.0
      ],
      [
        0.0,
        0.0,
        0.0,
        1.0
      ]
    ],
    "1": [
      [
        0.0424098148941994,
        0.714765250682831,
        -0.698077321052551,
        -0.0399999916553497
      ],
      [
        -0.0695508942008018,
        -0.694898843765259,
        -0.715736210346222,
        -0.0320000015199184
      ],
      [
        -0.996676564216614,
        0.0789061263203621,
        0.020242040976882,
        0.0
      ],
      [
        0.0,
        0.0,
        0.0,
        1.0
      ]
    ],
    "2": [
      [
        -0.0989516600966454,
        -0.748537480831146,
        -0.655667722225189,
        -0.0399999916553497
      ],
      [
        -0.0656075999140739,
        -0.652560234069824,
        0.754891216754913,
        0.0319999977946281
      ],
      [
        -0.992927134037018,
        0.117714583873749,
        0.0154622131958604,
        0.0
      ],
      [
        0.0,
        0.0,
        0.0,
        1.0
      ]
    ],
    "3": [
      [
        0.0643181875348091,
        -0.696319937705994,
        0.714843809604645,
        0.0399999991059303
      ],
      [
        -0.0352393165230751,
        0.714295446872711,
        0.698956489562988,
        0.0319999977946281
      ],
      [
        -0.997307062149048,
        -0.0701462104916573,
        0.0214043259620667,
        0.0
      ],
      [
        0.0,
        0.0,
        0.0,
        1.0
      ]
    ]
  },
  "arms_view_frame": {
    "0": [
      [
        -0.879739880561829,
        0.201410606503487,
        0.430687040090561,
        0.0186169408261776
      ],
      [
        -0.460278779268265,
        -0.587817013263702,
        -0.665292918682098,
        0.0706662908196449
      ],
      [
        0.119168139994144,
        -0.783520877361298,
        0.609831094741821,
        0.0313551723957062
      ],
      [
        0.0,
        0.0,
        0.0,
        1.0
      ]
    ],
    "1": [
      [
        -0.841395258903503,
        0.427725911140442,
        -0.330309599637985,
        -0.0214328113943338
      ],
      [
        -0.536997497081757,
        -0.593040466308594,
        0.599947214126587,
        0.139903753995895
      ],
      [
        0.0607259906828403,
        0.682168185710907,
        0.728669285774231,
        0.0328353308141232
      ],
      [
        0.0,
        0.0,
        0.0,
        1.0
      ]
    ],
    "2": [
      [
        -0.908927202224731,
        -0.271337509155273,
        -0.316586703062057,
        -0.0215794928371906
      ],
      [
        -0.412697732448578,
        0.693676471710205,
        0.59033340215683,
        0.141186818480492
      ],
      [
        0.059429157525301,
        0.667224705219269,
        -0.742481827735901,
        -0.0311516374349594
      ],
      [
        0.0,
        0.0,
        0.0,
        1.0
      ]
    ],
    "3": [
      [
        -0.831051886081696,
        -0.410953104496002,
        0.374793469905853,
        0.0184702575206757
      ],
      [
        -0.555586218833923,
        0.581850349903107,
        -0.593947887420654,
        0.0719493627548218
      ],
      [
        0.0260109715163708,
        -0.701831579208374,
        -0.711867868900299,
        -0.0326317958533764
      ],
      [
        0.0,
        0.0,
        0.0,
        1.0
      ]
    ]
  },
  "arms_visual_world": {
    "0": [
      [
        -0.879739940166473,
        0.201410621404648,
        0.430687069892883,
        0.0186169426888227
      ],
      [
        -0.119168117642403,
        0.783520877361298,
        -0.609831094741821,
        -0.0313551761209965
      ],
      [
        -0.460278779268265,
        -0.587816953659058,
        -0.665292918682098,
        0.0706662908196449
      ],
      [
        0.0,
        0.0,
        0.0,
        1.0
      ]
    ],
    "1": [
      [
        -0.841395318508148,
        0.427725940942764,
        -0.330309629440308,
        -0.021432813256979
      ],
      [
        -0.0607259683310986,
        -0.682168185710907,
        -0.728669285774231,
        -0.0328353382647038
      ],
      [
        -0.536997497081757,
        -0.593040525913239,
        0.599947154521942,
        0.139903753995895
      ],
      [
        0.0,
        0.0,
        0.0,
        1.0
      ]
    ],
    "2": [
      [
        -0.908927261829376,
        -0.271337538957596,
        -0.31658673286438,
        -0.0215794946998358
      ],
      [
        -0.0594291388988495,
        -0.667224764823914,
        0.742481827735901,
        0.031151631847024
      ],
      [
        -0.412697732448578,
        0.693676471710205,
        0.590333461761475,
        0.141186818480492
      ],
      [
        0.0,
        0.0,
        0.0,
        1.0
      ]
    ],
    "3": [
      [
        -0.83105194568634,
        -0.410953134298325,
        0.374793499708176,
        0.0184702593833208
      ],
      [
        -0.0260109473019838,
        0.701831579208374,
        0.711867868900299,
        0.0326317921280861
      ],
      [
        -0.555586218833923,
        0.581850409507751,
        -0.59394782781601,
        0.0719493627548218
      ],
      [
        0.0,
        0.0,
        0.0,
        1.0
      ]
    ]
  },
  "base": [
    [
      0.500621914863586,
      -0.0022919112816453,
      0.86566299200058,
      -0.00148127635475248
    ],
    [
      0.0185020100325346,
      0.999796390533447,
      -0.00805286597460508,
      -0.000101772617199458
    ],
    [
      -0.865468263626099,
      0.0200479477643967,
      0.500562429428101,
      0.105926558375359
    ],
    [
      0.0,
      0.0,
      0.0,
      1.0
    ]
  ],
  "base_link_world": [
    [
      0.500621914863586,
      -0.0022919112816453,
      0.86566299200058,
      -0.00148127635475248
    ],
    [
      0.0185020100325346,
      0.999796390533447,
      -0.00805286597460508,
      -0.000101772617199458
    ],
    [
      -0.865468263626099,
      0.0200479477643967,
      0.500562429428101,
      0.105926558375359
    ],
    [
      0.0,
      0.0,
      0.0,
      1.0
    ]
  ],
  "base_view_frame": [
    [
      0.500621855258942,
      -0.00229191104881465,
      0.865662932395935,
      -0.00148127623833716
    ],
    [
      -0.865468263626099,
      0.0200479049235582,
      0.500562429428101,
      0.105926558375359
    ],
    [
      -0.0185019727796316,
      -0.999796390533447,
      0.00805284455418587,
      0.000101767989690416
    ],
    [
      0.0,
      0.0,
      0.0,
      1.0
    ]
  ],
  "base_visual_world": [
    [
      -0.00228877807967365,
      -0.500621855258942,
      0.86566299200058,
      -0.00148127635475248
    ],
    [
      0.999796450138092,
      -0.0184957515448332,
      -0.00805286597460508,
      -0.000101772617199458
    ],
    [
      0.0200425293296576,
      0.865468323230743,
      0.500562429428101,
      0.105926558375359
    ],
    [
      0.0,
      0.0,
      0.0,
      1.0
    ]
  ],
  "view_adjust": [
    [
      0.999999940395355,
      0.0,
      0.0,
      0.0
    ],
    [
      0.0,
      -4.37113882867379e-08,
      1.0,
      0.0
    ],
    [
      0.0,
      -1.0,
      -4.37113882867379e-08,
      0.0
    ],
    [
      0.0,
      0.0,
      0.0,
      1.0
    ]
  ]
}