{
  "arms": {
    "0": [
      [
        -0.999999940395355,
        -3.45445612314844e-17,
        -5.74293168973193e-17,
        -8.88178317129729e-18
      ],
      [
        6.50353617437526e-17,
        -0.707106828689575,
        -0.707106709480286,
        0.424990445375443
      ],
      [
        -1.61819721959748e-17,
        -0.707106709480286,
        0.707106828689575,
        0.0319999828934669
      ],
      [
        0.0,
        0.0,
        0.0,
        1.0
      ]
    ],
    "1": [
      [
        -0.999999940395355,
        -1.57762520169184e-16,
        3.79054284857673e-16,
        8.88178317129729e-18
      ],
      [
        3.7958683035348e-16,
        -0.707106709480286,
        0.707106828689575,
        0.504990458488464
      ],
      [
        1.56476909443709e-16,
        0.707106828689575,
        0.707106709480286,
        0.0319999791681767
      ],
      [
        0.0,
        0.0,
        0.0,
        1.0
      ]
    ],
    "2": [
      [
        -0.999999940395355,
        1.56263298322323e-16,
        3.79053358415387e-16,
        8.88178317129729e-18
      ],
      [
        3.78526053935942e-16,
        0.707106828689575,
        0.707106709480286,
        0.504990458488464
      ],
      [
        -1.57536375607157e-16,
        0.707106709480286,
        -0.707106828689575,
        -0.0320000238716602
      ],
      [
        0.0,
        0.0,
        0.0,
        1.0
      ]
    ],
    "3": [
      [
        -0.999999940395355,
        2.79473888735126e-16,
        1.8750003376738e-16,
        -8.88178317129729e-18
      ],
      [
        6.50353485088628e-17,
        0.707106709480286,
        -0.707106828689575,
        0.424990445375443
      ],
      [
        -3.302004684847e-16,
        -0.707106828689575,
        -0.707106709480286,
        -0.0320000201463699
      ],
      [
        0.0,
        0.0,
        0.0,
        1.0
      ]
    ]
  },
  "base": [
    [
      -2.22044591690142e-16,
      3.50882727401319e-24,
      0.999999940395355,
      5.31869509041407e-36
    ],
    [
      -1.0,
      -4.37113882867379e-08,
      -2.22044604925031e-16,
      0.464990437030792
    ],
    [
      4.37113882867379e-08,
      -1.0,
      1.32147060057275e-23,
      -2.03253769370804e-08
    ],
    [
      0.0,
      0.0,
      0.0,
      1.0
    ]
  ]
}