{
  "arms": {
    "0": [
      [
        -0.932387948036194,
        0.142126649618149,
        0.332344383001328,
        0.0141751542687416
      ],
      [
        -0.111240603029728,
        0.761999130249023,
        -0.637952029705048,
        -0.0317264720797539
      ],
      [
        -0.343916118144989,
        -0.631788969039917,
        -0.694668531417847,
        0.0759020447731018
      ],
      [
        0.0,
        0.0,
        0.0,
        1.0
      ]
    ],
    "1": [
      [
        -0.905363976955414,
        0.342591464519501,
        -0.250892728567123,
        -0.0168894752860069
      ],
      [
        -0.0608600936830044,
        -0.689429700374603,
        -0.721791326999664,
        -0.0323882550001144
      ],
      [
        -0.420252442359924,
        -0.638214528560638,
        0.645034968852997,
        0.149621441960335
      ],
      [
        0.0,
        0.0,
        0.0,
        1.0
      ]
    ],
    "2": [
      [
        -0.954216003417969,
        -0.186718940734863,
        -0.233683183789253,
        -0.0169364809989929
      ],
      [
        -0.053117711097002,
        -0.663046717643738,
        0.746691107749939,
        0.0316093228757381
      ],
      [
        -0.294364243745804,
        0.72491729259491,
        0.622771680355072,
        0.150176152586937
      ],
      [
        0.0,
        0.0,
        0.0,
        1.0
      ]
    ],
    "3": [
      [
        -0.895583391189575,
        -0.330954313278198,
        0.297320753335953,
        0.0141281494870782
      ],
      [
        -0.0285549089312553,
        0.709678709506989,
        0.703946590423584,
        0.0322711057960987
      ],
      [
        -0.44397634267807,
        0.621952891349792,
        -0.645026803016663,
        0.0764567479491234
      ],
      [
        0.0,
        0.0,
        0.0,
        1.0
      ]
    ]
  },
  "arms_in_parent_frame": {
    "0": [
      [
        -3.47973667658152e-08,
        1.46465595207701e-08,
        0.999999940395355,
        -1.86264514923096e-09
      ],
      [
        -4.71730743356602e-09,
        0.999999940395355,
        1.46465595207701e-08,
        0.0
      ],
      [
        -1.0,
        4.71730743356602e-09,
        3.47973667658152e-08,
        0.0
      ],
      [
        0.0,
        0.0,
        0.0,
        1.0
      ]
    ],
    "1": [
      [
        -7.37326644184577e-09,
        -3.73718833657222e-09,
        1.0,
        -7.45058059692383e-09
      ],
      [
        -1.3572858392763e-09,
        1.0,
        -3.73718833657222e-09,
        0.0
      ],
      [
        -1.0,
        1.3572858392763e-09,
        7.37326644184577e-09,
        0.0
      ],
      [
        0.0,
        0.0,
        0.0,
        1.0
      ]
    ],
    "2": [
      [
        -3.12779135924757e-10,
        -4.66694629608355e-08,
        1.0,
        0.0
      ],
      [
        -6.11992945209749e-09,
        1.0,
        -4.66694629608355e-08,
        -7.45058059692383e-09
      ],
      [
        -1.0,
        6.11992945209749e-09,
        3.12779135924757e-10,
        1.86264514923096e-09
      ],
      [
        0.0,
        0.0,
        0.0,
        1.0
      ]
    ],
    "3": [
      [
        -1.41691103294761e-08,
        4.82931028500388e-08,
        1.0,
        0.0
      ],
      [
        4.98237540114133e-09,
        1.0,
        4.82931028500388e-08,
        -7.45058059692383e-09
      ],
      [
        -1.0,
        -4.98237540114133e-09,
        1.41691103294761e-08,
        0.0
      ],
      [
        0.0,
        0.0,
        0.0,
        1.0
      ]
    ]
  },
  "arms_link_world": {
    "0": [
      [
        -0.932387948036194,
        0.142126649618149,
        0.332344383001328,
        0.0141751542687416
      ],
      [
        -0.111240603029728,
        0.761999130249023,
        -0.637952029705048,
        -0.0317264720797539
      ],
      [
        -0.343916118144989,
        -0.631788969039917,
        -0.694668531417847,
        0.0759020447731018
      ],
      [
        0.0,
        0.0,
        0.0,
        1.0
      ]
    ],
    "1": [
      [
        -0.905363976955414,
        0.342591464519501,
        -0.250892728567123,
        -0.0168894752860069
      ],
      [
        -0.0608600936830044,
        -0.689429700374603,
        -0.721791326999664,
        -0.0323882550001144
      ],
      [
        -0.420252442359924,
        -0.638214528560638,
        0.645034968852997,
        0.149621441960335
      ],
      [
        0.0,
        0.0,
        0.0,
        1.0
      ]
    ],
    "2": [
      [
        -0.954216003417969,
        -0.186718940734863,
        -0.233683183789253,
        -0.0169364809989929
      ],
      [
        -0.053117711097002,
        -0.663046717643738,
        0.746691107749939,
        0.0316093228757381
      ],
      [
        -0.294364243745804,
        0.72491729259491,
        0.622771680355072,
        0.150176152586937
      ],
      [
        0.0,
        0.0,
        0.0,
        1.0
      ]
    ],
    "3": [
      [
        -0.895583391189575,
        -0.330954313278198,
        0.297320753335953,
        0.0141281494870782
      ],
      [
        -0.0285549089312553,
        0.709678709506989,
        0.703946590423584,
        0.0322711057960987
      ],
      [
        -0.44397634267807,
        0.621952891349792,
        -0.645026803016663,
        0.0764567479491234
      ],
      [
        0.0,
        0.0,
        0.0,
        1.0
      ]
    ]
  },
  "arms_relative_to_base": {
    "0": [
      [
        -0.0460576303303242,
        0.643681228160858,
        0.763906478881836,
        0.0399999991059303
      ],
      [
        -0.113532401621342,
        0.756390035152435,
        -0.644192814826965,
        -0.0320000015199184
      ],
      [
        -0.992466151714325,
        -0.116398133337498,
        0.0382411442697048,
        0.0
      ],
      [
        0.0,
        0.0,
        0.0,
        1.0
      ]
    ],
    "1": [
      [
        0.0351960882544518,
        0.715437769889832,
        -0.697789430618286,
        -0.0399999916553497
      ],
      [
        -0.0638352632522583,
        -0.695186793804169,
        -0.715989053249359,
        -0.0319999977946281
      ],
      [
        -0.997339606285095,
        0.0697435811161995,
        0.0212022941559553,
        -3.72529029846191e-09
      ],
      [
        0.0,
        0.0,
        0.0,
        1.0
      ]
    ],
    "2": [
      [
        -0.099714532494545,
        -0.745995283126831,
        -0.658443629741669,
        -0.0400000065565109
      ],
      [
        -0.0549661926925182,
        -0.656601428985596,
        0.752232193946838,
        0.0319999977946281
      ],
      [
        -0.993496716022491,
        0.111200615763664,
        0.0244681686162949,
        0.0
      ],
      [
        0.0,
        0.0,
        0.0,
        1.0
      ]
    ],
    "3": [
      [
        0.0611226111650467,
        -0.695766448974609,
        0.715662658214569,
        0.0399999991059303
      ],
      [
        -0.0317441076040268,
        0.71528548002243,
        0.698110938072205,
        0.0319999977946281
      ],
      [
        -0.997625350952148,
        -0.0653884336352348,
        0.0216336529701948,
        0.0
      ],
      [
        0.0,
        0.0,
        0.0,
        1.0
      ]
    ]
  },
  "arms_view_frame": {
    "0": [
      [
        -0.932387888431549,
        0.142126634716988,
        0.332344353199005,
        0.014175153337419
      ],
      [
        -0.343916118144989,
        -0.631789028644562,
        -0.694668531417847,
        0.0759020447731018
      ],
      [
        0.111240617930889,
        -0.761999130249023,
        0.637952089309692,
        0.0317264683544636
      ],
      [
        0.0,
        0.0,
        0.0,
        1.0
      ]
    ],
    "1": [
      [
        -0.905363917350769,
        0.342591434717178,
        -0.250892698764801,
        -0.0168894734233618
      ],
      [
        -0.420252442359924,
        -0.638214468955994,
        0.645035028457642,
        0.149621441960335
      ],
      [
        0.0608601123094559,
        0.689429700374603,
        0.721791326999664,
        0.0323882475495338
      ],
      [
        0.0,
        0.0,
        0.0,
        1.0
      ]
    ],
    "2": [
      [
        -0.954215943813324,
        -0.186718925833702,
        -0.233683168888092,
        -0.0169364791363478
      ],
      [
        -0.294364243745804,
        0.72491729259491,
        0.622771620750427,
        0.150176152586937
      ],
      [
        0.0531177222728729,
        0.663046658039093,
        -0.746691107749939,
        -0.0316093303263187
      ],
      [
        0.0,
        0.0,
        0.0,
        1.0
      ]
    ],
    "3": [
      [
        -0.89558333158493,
        -0.330954283475876,
        0.29732072353363,
        0.0141281485557556
      ],
      [
        -0.44397634267807,
        0.621952831745148,
        -0.645026862621307,
        0.0764567479491234
      ],
      [
        0.0285549275577068,
        -0.709678709506989,
        -0.703946590423584,
        -0.032271109521389
      ],
      [
        0.0,
        0.0,
        0.0,
        1.0
      ]
    ]
  },
  "arms_visual_world": {
    "0": [
      [
        -0.932387948036194,
        0.142126649618149,
        0.332344383001328,
        0.0141751542687416
      ],
      [
        -0.111240603029728,
        0.761999130249023,
        -0.637952029705048,
        -0.0317264720797539
      ],
      [
        -0.343916118144989,
        -0.631788969039917,
        -0.694668531417847,
        0.0759020447731018
      ],
      [
        0.0,
        0.0,
        0.0,
        1.0
      ]
    ],
    "1": [
      [
        -0.905363976955414,
        0.342591464519501,
        -0.250892728567123,
        -0.0168894752860069
      ],
      [
        -0.0608600936830044,
        -0.689429700374603,
        -0.721791326999664,
        -0.0323882550001144
      ],
      [
        -0.420252442359924,
        -0.638214528560638,
        0.645034968852997,
        0.149621441960335
      ],
      [
        0.0,
        0.0,
        0.0,
        1.0
      ]
    ],
    "2": [
      [
        -0.954216003417969,
        -0.186718940734863,
        -0.233683183789253,
        -0.0169364809989929
      ],
      [
        -0.053117711097002,
        -0.663046717643738,
        0.746691107749939,
        0.0316093228757381
      ],
      [
        -0.294364243745804,
        0.72491729259491,
        0.622771680355072,
        0.150176152586937
      ],
      [
        0.0,
        0.0,
        0.0,
        1.0
      ]
    ],
    "3": [
      [
        -0.895583391189575,
        -0.330954313278198,
        0.297320753335953,
        0.0141281494870782
      ],
      [
        -0.0285549089312553,
        0.709678709506989,
        0.703946590423584,
        0.0322711057960987
      ],
      [
        -0.44397634267807,
        0.621952891349792,
        -0.645026803016663,
        0.0764567479491234
      ],
      [
        0.0,
        0.0,
        0.0,
        1.0
      ]
    ]
  },
  "base": [
    [
      0.388307869434357,
      -0.000734457455109805,
      0.921529412269592,
      -0.00138066289946437
    ],
    [
      0.00827230233699083,
      0.999962151050568,
      -0.00268875900655985,
      -5.85738598601893e-05
    ],
    [
      -0.921492576599121,
      0.00866723619401455,
      0.388299256563187,
      0.113039098680019
    ],
    [
      0.0,
      0.0,
      0.0,
      1.0
    ]
  ],
  "base_link_world": [
    [
      0.388307869434357,
      -0.000734457455109805,
      0.921529412269592,
      -0.00138066289946437
    ],
    [
      0.00827230233699083,
      0.999962151050568,
      -0.00268875900655985,
      -5.85738598601893e-05
    ],
    [
      -0.921492576599121,
      0.00866723619401455,
      0.388299256563187,
      0.113039098680019
    ],
    [
      0.0,
      0.0,
      0.0,
      1.0
    ]
  ],
  "base_view_frame": [
    [
      0.388307839632034,
      -0.000734457396902144,
      0.921529352664948,
      -0.00138066278304905
    ],
    [
      -0.921492576599121,
      0.00866719242185354,
      0.388299256563187,
      0.113039098680019
    ],
    [
      -0.00827226229012012,
      -0.999962151050568,
      0.00268874200992286,
      5.85689194849692e-05
    ],
    [
      0.0,
      0.0,
      0.0,
      1.0
    ]
  ],
  "base_visual_world": [
    [
      -0.000732027168851346,
      -0.388307839632034,
      0.921529412269592,
      -0.00138066289946437
    ],
    [
      0.999962151050568,
      -0.00826604291796684,
      -0.00268875900655985,
      -5.85738598601893e-05
    ],
    [
      0.00866146851330996,
      0.921492576599121,
      0.388299256563187,
      0.113039098680019
    ],
    [
      0.0,
      0.0,
      0.0,
      1.0
    ]
  ],
  "view_adjust": [
    [
      0.999999940395355,
      0.0,
      0.0,
      0.0
    ],
    [
      0.0,
      -4.37113882867379e-08,
      1.0,
      0.0
    ],
    [
      0.0,
      -1.0,
      -4.37113882867379e-08,
      0.0
    ],
    [
      0.0,
      0.0,
      0.0,
      1.0
    ]
  ]
}