{
  "T_WB": [
    [
      0.921471796283603,
      -0.00486856863473975,
      0.388414759880877,
      -0.0149481098984404
    ],
    [
      0.0007611069520202,
      0.999942162729153,
      0.0107280898930127,
      -5.46109192872886e-05
    ],
    [
      -0.388444525473172,
      -0.00959000709039378,
      0.921422206371177,
      0.346396522781589
    ],
    [
      0.0,
      0.0,
      0.0,
      1.0
    ]
  ],
  "T_WH": {
    "0": [
      [
        0.395690879898868,
        0.763778148737226,
        0.509972221867422,
        0.0220665561492154
      ],
      [
        -0.896265356181036,
        0.442288107856608,
        0.0330097100608597,
        -0.0320223158485394
      ],
      [
        -0.200342553828536,
        -0.470132076293628,
        0.859557265087849,
        0.331165621989555
      ],
      [
        0.0,
        0.0,
        0.0,
        1.0
      ]
    ],
    "1": [
      [
        -0.763945621569346,
        -0.55423109337827,
        0.330476901488974,
        -0.0519627759460961
      ],
      [
        0.587075419346679,
        -0.809532071205241,
        -0.000526962118044512,
        0.0319130940099648
      ],
      [
        0.267823709338712,
        0.193612295123217,
        0.943813932877224,
        0.361627423573624
      ],
      [
        0.0,
        0.0,
        0.0,
        1.0
      ]
    ],
    "2": [
      [
        0.388769315202927,
        -0.766807924908933,
        0.510748495693823,
        0.0217549677565921
      ],
      [
        0.895252072542844,
        0.445376645979301,
        -0.0127816205534309,
        0.0319739825661264
      ],
      [
        -0.217674404017539,
        0.462217751187776,
        0.859635157681749,
        0.33055186153577
      ],
      [
        0.0,
        0.0,
        0.0,
        1.0
      ]
    ],
    "3": [
      [
        -0.756870565609117,
        0.562073823853612,
        0.333496571876105,
        -0.0516511875534728
      ],
      [
        -0.59078824231434,
        -0.806610741627175,
        0.0186645180701486,
        -0.032083204404701
      ],
      [
        0.279492754213179,
        -0.182899229167967,
        0.942566534687125,
        0.362241184027409
      ],
      [
        0.0,
        0.0,
        0.0,
        1.0
      ]
    ]
  },
  "T_WP": {
    "0": [
      [
        -0.509972221867422,
        0.763778148737226,
        0.395690879898868,
        0.0497649177421362
      ],
      [
        -0.0330097100608598,
        0.442288107856608,
        -0.896265356181036,
        -0.0947608907812119
      ],
      [
        -0.859557265087849,
        -0.470132076293628,
        -0.200342553828536,
        0.317141643221557
      ],
      [
        0.0,
        0.0,
        0.0,
        1.0
      ]
    ],
    "1": [
      [
        -0.330476901488974,
        -0.55423109337827,
        -0.763945621569346,
        -0.10543896945595
      ],
      [
        0.000526962118044548,
        -0.809532071205241,
        0.587075419346679,
        0.0730083733642323
      ],
      [
        -0.943813932877224,
        0.193612295123217,
        0.267823709338712,
        0.380375083227333
      ],
      [
        0.0,
        0.0,
        0.0,
        1.0
      ]
    ],
    "2": [
      [
        -0.510748495693823,
        -0.766807924908933,
        0.388769315202927,
        0.048968819820797
      ],
      [
        0.0127816205534309,
        0.445376645979301,
        0.895252072542844,
        0.0946416276441255
      ],
      [
        -0.859635157681749,
        0.462217751187776,
        -0.217674404017538,
        0.315314653254542
      ],
      [
        0.0,
        0.0,
        0.0,
        1.0
      ]
    ],
    "3": [
      [
        -0.333496571876105,
        0.562073823853612,
        -0.756870565609117,
        -0.104632127146111
      ],
      [
        -0.0186645180701486,
        -0.806610741627175,
        -0.59078824231434,
        -0.0734383813667048
      ],
      [
        -0.942566534687125,
        -0.182899229167967,
        0.279492754213179,
        0.381805676822331
      ],
      [
        0.0,
        0.0,
        0.0,
        1.0
      ]
    ]
  }
}