{
  "T_WB": [
    [
      -0.965346846494051,
      0.0716082042951133,
      0.250953643212486,
      -0.215172420908446
    ],
    [
      0.0638541788009885,
      0.997200148475601,
      -0.0389166767580549,
      -0.000632746811197837
    ],
    [
      -0.253037763611762,
      -0.021543652379967,
      -0.967216501734999,
      0.188063744555181
    ],
    [
      0.0,
      0.0,
      0.0,
      1.0
    ]
  ],
  "T_WH": {
    "0": [
      [
        -0.81352039387442,
        -0.471033434984682,
        -0.341045556893707,
        -0.256077757305651
      ],
      [
        -0.544128817986455,
        0.82348903922191,
        0.160591505746845,
        -0.0299889844103775
      ],
      [
        0.205203309396002,
        0.316217180760165,
        -0.926227993749391,
        0.178631630886869
      ],
      [
        0.0,
        0.0,
        0.0,
        1.0
      ]
    ],
    "1": [
      [
        0.645175268399303,
        0.600542330739252,
        0.472332279265513,
        -0.17426708451124
      ],
      [
        0.74765925521682,
        -0.623554221176798,
        -0.228442052479897,
        0.0287234907879819
      ],
      [
        0.157335663898933,
        0.500528762652921,
        -0.851302793735941,
        0.197495858223492
      ],
      [
        0.0,
        0.0,
        0.0,
        1.0
      ]
    ],
    "2": [
      [
        -0.72744562090667,
        0.57944432599135,
        -0.367514818340893,
        -0.251494832230764
      ],
      [
        0.662161592163712,
        0.733242543843124,
        -0.154587831868104,
        0.0338318250920609
      ],
      [
        0.179902458257043,
        -0.355808438594272,
        -0.917079855049809,
        0.177252837134551
      ],
      [
        0.0,
        0.0,
        0.0,
        1.0
      ]
    ],
    "3": [
      [
        0.524188650886185,
        -0.684059830211447,
        0.507236046602769,
        -0.178850009586127
      ],
      [
        -0.829093558155314,
        -0.545968424557847,
        0.120508718403206,
        -0.0350973187144566
      ],
      [
        0.194499691792769,
        -0.483715441222325,
        -0.853340050516563,
        0.19887465197581
      ],
      [
        0.0,
        0.0,
        0.0,
        1.0
      ]
    ]
  },
  "T_WP": {
    "0": [
      [
        0.341045556893707,
        -0.471033434984682,
        -0.81352039387442,
        -0.313024184876861
      ],
      [
        -0.160591505746845,
        0.82348903922191,
        -0.544128817986455,
        -0.0680780016694294
      ],
      [
        0.926227993749391,
        0.316217180760165,
        0.205203309396002,
        0.192995862544589
      ],
      [
        0.0,
        0.0,
        0.0,
        1.0
      ]
    ],
    "1": [
      [
        -0.472332279265513,
        0.600542330739252,
        0.645175268399303,
        -0.129104815723289
      ],
      [
        0.228442052479897,
        -0.623554221176798,
        0.74765925521682,
        0.0810596386531592
      ],
      [
        0.851302793735941,
        0.500528762652921,
        0.157335663898933,
        0.208509354696418
      ],
      [
        0.0,
        0.0,
        0.0,
        1.0
      ]
    ],
    "2": [
      [
        0.367514818340893,
        0.57944432599135,
        -0.72744562090667,
        -0.302416025694231
      ],
      [
        0.154587831868104,
        0.733242543843124,
        0.662161592163712,
        0.0801831365435208
      ],
      [
        0.917079855049809,
        -0.355808438594272,
        0.179902458257043,
        0.189846009212544
      ],
      [
        0.0,
        0.0,
        0.0,
        1.0
      ]
    ],
    "3": [
      [
        -0.507236046602769,
        -0.684059830211447,
        0.524188650886185,
        -0.142156804024094
      ],
      [
        -0.120508718403206,
        -0.545968424557847,
        -0.829093558155314,
        -0.0931338677853286
      ],
      [
        0.853340050516563,
        -0.483715441222325,
        0.194499691792768,
        0.212489630401304
      ],
      [
        0.0,
        0.0,
        0.0,
        1.0
      ]
    ]
  },
  "simTime": 0.981999999999908,
  "state": [
    -0.215172420908446,
    -0.000632746811197837,
    0.188063744555181,
    0.127118842276185,
    0.034166894669207,
    0.991181554598431,
    -0.0152495596940656,
    -0.457013937460136,
    -0.00404285934028111,
    -0.363327161692244,
    0.466486662575338,
    12.8792568508947,
    -0.258371015373603,
    0.946068281200317,
    -0.256841637305954,
    0.178938620051441,
    0.0834754509227817,
    0.985852563347331,
    -0.155639795626514,
    0.0191661962491395,
    -0.0591915051352189,
    0.945112491832279,
    0.259926683048887,
    0.17898967509213,
    -0.0846356510709092,
    0.98490322784397,
    0.159713885220921,
    0.022532601505832,
    0.0628441605843147,
    0.628285033220834,
    -1.92474930735078,
    2.68756615817367,
    -0.975033512609355,
    -0.624570718795703,
    1.30846566707781,
    -0.586656740286653,
    -1.91816905406906,
    -2.72600045288379,
    0.981682324800545,
    -0.635283211031221,
    -1.3743509151702
  ]
}