{
  "T_WB": [
    [
      -0.0559207824163239,
      0.0838100332611457,
      -0.994911425413696,
      -0.277304903234468
    ],
    [
      -0.114955885603456,
      0.989303440447749,
      0.0897989258475436,
      -0.00338657658707445
    ],
    [
      0.991795347064641,
      0.119392550198968,
      -0.0456881658410091,
      0.150226193396827
    ],
    [
      0.0,
      0.0,
      0.0,
      1.0
    ]
  ],
  "T_WH": {
    "0": [
      [
        0.230078692436693,
        0.241217000785534,
        -0.942803348434155,
        -0.282223655595478
      ],
      [
        -0.450936509191526,
        0.884937846690123,
        0.116366972004988,
        -0.0396425221055407
      ],
      [
        0.862392056993096,
        0.398370890035255,
        0.312378894946084,
        0.186077445673046
      ],
      [
        0.0,
        0.0,
        0.0,
        1.0
      ]
    ],
    "1": [
      [
        0.401960985861025,
        0.293220137257587,
        -0.86743836492991,
        -0.272386150873458
      ],
      [
        0.719114970897431,
        -0.687538185965118,
        0.100821136032986,
        0.0328693689313918
      ],
      [
        -0.566834212514401,
        -0.664314077787335,
        -0.48722251751817,
        0.114374941120608
      ],
      [
        0.0,
        0.0,
        0.0,
        1.0
      ]
    ],
    "2": [
      [
        0.265738338503611,
        0.00180477726121378,
        -0.964043504323523,
        -0.276859813466764
      ],
      [
        0.254821725105084,
        0.964300340703214,
        0.0720467996106345,
        0.0236728980831153
      ],
      [
        0.929757508097574,
        -0.264804825671103,
        0.255791673901805,
        0.19371856888578
      ],
      [
        0.0,
        0.0,
        0.0,
        1.0
      ]
    ],
    "3": [
      [
        0.0605419508053442,
        -0.431582792596141,
        -0.900039424318513,
        -0.277749993002172
      ],
      [
        -0.429007697091213,
        -0.82541315353334,
        0.366940760628526,
        -0.0304460512572642
      ],
      [
        -0.901269697720487,
        0.363908531239738,
        -0.235124462491165,
        0.106733817907874
      ],
      [
        0.0,
        0.0,
        0.0,
        1.0
      ]
    ]
  },
  "T_WP": {
    "0": [
      [
        0.942803348434155,
        0.241217000785534,
        0.230078692436693,
        -0.266118147124909
      ],
      [
        -0.116366972004988,
        0.884937846690123,
        -0.450936509191526,
        -0.0712080777489475
      ],
      [
        -0.312378894946084,
        0.398370890035255,
        0.862392056993096,
        0.246444889662562
      ],
      [
        0.0,
        0.0,
        0.0,
        1.0
      ]
    ],
    "1": [
      [
        0.86743836492991,
        0.293220137257587,
        0.401960985861025,
        -0.244248881863187
      ],
      [
        -0.100821136032986,
        -0.687538185965118,
        0.719114970897431,
        0.0832074168942119
      ],
      [
        0.487222517518169,
        -0.664314077787335,
        -0.566834212514401,
        0.0746965462446003
      ],
      [
        0.0,
        0.0,
        0.0,
        1.0
      ]
    ],
    "2": [
      [
        0.964043504323523,
        0.00180477726121378,
        0.265738338503611,
        -0.258258129771512
      ],
      [
        -0.0720467996106345,
        0.964300340703214,
        0.254821725105084,
        0.0415104188404711
      ],
      [
        -0.255791673901805,
        -0.264804825671103,
        0.929757508097574,
        0.25880159445261
      ],
      [
        0.0,
        0.0,
        0.0,
        1.0
      ]
    ],
    "3": [
      [
        0.900039424318513,
        -0.431582792596141,
        0.0605419508053442,
        -0.273512056445798
      ],
      [
        -0.366940760628526,
        -0.82541315353334,
        -0.429007697091213,
        -0.0604765900536491
      ],
      [
        0.235124462491165,
        0.363908531239738,
        -0.901269697720487,
        0.0436449390674403
      ],
      [
        0.0,
        0.0,
        0.0,
        1.0
      ]
    ]
  },
  "simTime": 1.13799999999989,
  "state": [
    -0.277304903234468,
    -0.00338657658707445,
    0.150226193396827,
    -0.686966973767738,
    -0.010769667786617,
    0.722999375640305,
    0.0723345977516396,
    -0.314535935628118,
    -0.0200371284460777,
    0.400512024415407,
    -1.88657968999836,
    8.84909156115545,
    -2.78956672497057,
    0.956613364631143,
    -0.124794644706264,
    0.131660851617316,
    0.227996902200719,
    0.972945658986933,
    -0.169771729954962,
    0.154946517232434,
    0.023364099899663,
    0.970016671381903,
    0.0756906941347253,
    0.131569122132937,
    -0.189810806235435,
    0.977622998808731,
    0.174216747472374,
    0.00849269195673037,
    -0.11759962280424,
    2.02919554246969,
    -1.24805002327853,
    1.09459078087243,
    -0.170377021886506,
    -0.682172060211744,
    1.69136538321211,
    -2.18726583612893,
    -1.25438272333885,
    -0.464767133554886,
    -0.563196063687765,
    -0.269007047938825,
    -2.2046714049437
  ]
}