{
  "T_WB": [
    [
      -0.34620543665409,
      0.0396183779759461,
      -0.937321812270314,
      -0.265857850309104
    ],
    [
      -0.000756203274047612,
      0.999095809359413,
      0.0425087270694872,
      -0.00262583426070247
    ],
    [
      0.938158421476757,
      0.0154255582399764,
      -0.345862441391409,
      0.130984877089336
    ],
    [
      0.0,
      0.0,
      0.0,
      1.0
    ]
  ],
  "T_WH": {
    "0": [
      [
        -0.00962128409199799,
        0.16144432357607,
        -0.986834920986021,
        -0.280973855870498
      ],
      [
        -0.383199030938193,
        0.910945313217397,
        0.152764979675607,
        -0.0346271482911656
      ],
      [
        0.923615685001317,
        0.379623980686579,
        0.0531008446940837,
        0.168017596084727
      ],
      [
        0.0,
        0.0,
        0.0,
        1.0
      ]
    ],
    "1": [
      [
        0.498397040743617,
        0.503394572392635,
        -0.705828799542525,
        -0.25074184474771
      ],
      [
        0.702941351235574,
        -0.711165171771074,
        -0.0108422867940001,
        0.0293754797697606
      ],
      [
        -0.507418807792055,
        -0.490752486438383,
        -0.708299478012963,
        0.0939521580939446
      ],
      [
        0.0,
        0.0,
        0.0,
        1.0
      ]
    ],
    "2": [
      [
        0.0129106471239557,
        -0.0124280712317354,
        -0.999839416224576,
        -0.278438279680037
      ],
      [
        0.381353833274123,
        0.924405830807804,
        -0.0065661111524596,
        0.0293149835078368
      ],
      [
        0.924338990326587,
        -0.381207821291737,
        0.0166741700853129,
        0.169004831812085
      ],
      [
        0.0,
        0.0,
        0.0,
        1.0
      ]
    ],
    "3": [
      [
        0.288705650957829,
        -0.556507846850706,
        -0.779068715517834,
        -0.253277420938171
      ],
      [
        -0.60284736378605,
        -0.737819406151897,
        0.303640543870332,
        -0.0345666520292418
      ],
      [
        -0.743790362320746,
        0.381996780482837,
        -0.548501920342602,
        0.092964922366586
      ],
      [
        0.0,
        0.0,
        0.0,
        1.0
      ]
    ]
  },
  "T_WP": {
    "0": [
      [
        0.986834920986021,
        0.16144432357607,
        -0.00962128409199805,
        -0.281647345756938
      ],
      [
        -0.152764979675607,
        0.910945313217397,
        -0.383199030938193,
        -0.0614510804568391
      ],
      [
        -0.0531008446940836,
        0.379623980686579,
        0.923615685001317,
        0.232670694034819
      ],
      [
        0.0,
        0.0,
        0.0,
        1.0
      ]
    ],
    "1": [
      [
        0.705828799542525,
        0.503394572392635,
        0.498397040743617,
        -0.215854051895657
      ],
      [
        0.0108422867940002,
        -0.711165171771074,
        0.702941351235574,
        0.0785813743562509
      ],
      [
        0.708299478012963,
        -0.490752486438383,
        -0.507418807792055,
        0.0584328415485007
      ],
      [
        0.0,
        0.0,
        0.0,
        1.0
      ]
    ],
    "2": [
      [
        0.999839416224576,
        -0.0124280712317354,
        0.0129106471239557,
        -0.27753453438136
      ],
      [
        0.00656611115245962,
        0.924405830807804,
        0.381353833274123,
        0.0560097518370255
      ],
      [
        -0.0166741700853129,
        -0.381207821291737,
        0.924338990326587,
        0.233708561134946
      ],
      [
        0.0,
        0.0,
        0.0,
        1.0
      ]
    ],
    "3": [
      [
        0.779068715517834,
        -0.556507846850706,
        0.288705650957829,
        -0.233068025371123
      ],
      [
        -0.303640543870332,
        -0.737819406151897,
        -0.60284736378605,
        -0.0767659674942653
      ],
      [
        0.548501920342602,
        0.381996780482837,
        -0.743790362320746,
        0.0408995970041338
      ],
      [
        0.0,
        0.0,
        0.0,
        1.0
      ]
    ]
  },
  "simTime": 1.10399999999989,
  "state": [
    -0.265857850309104,
    -0.00262583426070247,
    0.130984877089336,
    -0.571626611371863,
    0.011844781318225,
    0.820238332346903,
    0.0176577596488631,
    -0.365751728588161,
    -0.028273229593662,
    0.723110493423601,
    -1.88603063380104,
    9.04352086663463,
    -2.70898931483682,
    0.955684483122599,
    -0.157343379599696,
    0.13670400177222,
    0.207899604411116,
    0.976243295742732,
    -0.170186634161722,
    0.134110019524903,
    -0.000199331642583982,
    0.964325959919089,
    0.122128406546033,
    0.139721324848628,
    -0.188780419332088,
    0.980464724165176,
    0.183116303263609,
    0.00652504259278462,
    -0.0715176059857817,
    0.949793133149797,
    -0.285854060704524,
    1.52755707221662,
    0.00984514336272643,
    3.79535647852217,
    1.28514795001477,
    -3.23514981881749,
    -0.586962765068485,
    -0.0233022731829683,
    -0.541109430096098,
    -0.680731895074538,
    -3.47166050268878
  ]
}