{
  "T_WB": [
    [
      0.867403040381314,
      0.0101292455380077,
      0.497503129560089,
      -0.136371628753169
    ],
    [
      -8.19453082600495e-05,
      0.999795690418723,
      -0.0202131319966879,
      -0.000217859311224577
    ],
    [
      -0.497606228681091,
      0.0174921641022438,
      0.867226651673484,
      0.106305280937146
    ],
    [
      0.0,
      0.0,
      0.0,
      1.0
    ]
  ],
  "T_WH": {
    "0": [
      [
        -0.0945409007258163,
        0.456996605280055,
        0.884429828111002,
        -0.101999642995133
      ],
      [
        -0.881739534578096,
        0.374000765145736,
        -0.287504470978116,
        -0.0322145992169541
      ],
      [
        -0.462165999671064,
        -0.807017676654551,
        0.367593604834383,
        0.0858412825386303
      ],
      [
        0.0,
        0.0,
        0.0,
        1.0
      ]
    ],
    "1": [
      [
        -0.475891711636308,
        -0.799815519209191,
        0.365817186621949,
        -0.170743614511206
      ],
      [
        0.86898950017384,
        -0.491722086443628,
        0.0553772362180102,
        0.031778880594505
      ],
      [
        0.135588817324605,
        0.344244861887085,
        0.92903775363591,
        0.126769279335661
      ],
      [
        0.0,
        0.0,
        0.0,
        1.0
      ]
    ],
    "2": [
      [
        -0.0704977079093518,
        -0.450666763375853,
        0.889904231683309,
        -0.101351371280701
      ],
      [
        0.898697246513666,
        0.35843858028555,
        0.252715340396332,
        0.0317723249698442
      ],
      [
        -0.43286641390651,
        0.817570334926123,
        0.379743881004692,
        0.0869607810411739
      ],
      [
        0.0,
        0.0,
        0.0,
        1.0
      ]
    ],
    "3": [
      [
        -0.481574795946929,
        0.799468693495581,
        0.359075930729341,
        -0.171391886225638
      ],
      [
        -0.871618031778595,
        -0.479663871391549,
        -0.101017707161074,
        -0.0322080435922933
      ],
      [
        0.0914752566931759,
        -0.361624637714496,
        0.927825360081722,
        0.125649780833118
      ],
      [
        0.0,
        0.0,
        0.0,
        1.0
      ]
    ]
  },
  "T_WP": {
    "0": [
      [
        -0.884429828111002,
        0.456996605280055,
        -0.0945409007258162,
        -0.10861750604594
      ],
      [
        0.287504470978116,
        0.374000765145736,
        -0.881739534578096,
        -0.0939363666374208
      ],
      [
        -0.367593604834383,
        -0.807017676654551,
        -0.462165999671064,
        0.0534896625616559
      ],
      [
        0.0,
        0.0,
        0.0,
        1.0
      ]
    ],
    "1": [
      [
        -0.365817186621949,
        -0.799815519209191,
        -0.475891711636308,
        -0.204056034325747
      ],
      [
        -0.0553772362180101,
        -0.491722086443628,
        0.86898950017384,
        0.0926081456066738
      ],
      [
        -0.92903775363591,
        0.344244861887085,
        0.135588817324605,
        0.136260496548384
      ],
      [
        0.0,
        0.0,
        0.0,
        1.0
      ]
    ],
    "2": [
      [
        -0.889904231683309,
        -0.450666763375853,
        -0.0704977079093517,
        -0.106286210834355
      ],
      [
        -0.252715340396332,
        0.35843858028555,
        0.898697246513666,
        0.0946811322258008
      ],
      [
        -0.379743881004692,
        0.817570334926123,
        -0.43286641390651,
        0.0566601320677182
      ],
      [
        0.0,
        0.0,
        0.0,
        1.0
      ]
    ],
    "3": [
      [
        -0.359075930729341,
        0.799468693495581,
        -0.481574795946929,
        -0.205102121941923
      ],
      [
        0.101017707161074,
        -0.479663871391549,
        -0.871618031778595,
        -0.0932213058167949
      ],
      [
        -0.927825360081722,
        -0.361624637714496,
        0.091475256693176,
        0.13205304880164
      ],
      [
        0.0,
        0.0,
        0.0,
        1.0
      ]
    ]
  },
  "simTime": 0.800499999999928,
  "state": [
    -0.136371628753169,
    -0.000217859311224577,
    0.106305280937146,
    0.966233070029369,
    0.00975574560333194,
    0.25747135683602,
    -0.00264201028794155,
    -0.341163650792758,
    -0.00378670508247845,
    1.30488715121748,
    0.496095291106767,
    12.9816361472022,
    -0.195777060681935,
    0.911176060359891,
    -0.192288083807554,
    0.284117617696524,
    -0.228168050276765,
    0.98736775909294,
    -0.0351172813247962,
    0.0740655281989718,
    -0.135594920217346,
    0.912392847599874,
    0.191809505874353,
    0.282375849495922,
    0.225858993016188,
    0.985750609410776,
    0.0361848370458903,
    0.0776632192164038,
    0.144757790792731,
    -2.95183859351911,
    -2.18846142855587,
    2.32528271502997,
    -1.76178486254296,
    -0.988605020853855,
    0.386749337987968,
    2.97850658354067,
    -2.22235650659278,
    -2.31155851043786,
    1.78206699257732,
    -1.01401180493213,
    -0.347381256068693
  ]
}