{
  "T_WB": [
    [
      0.999936460173321,
      -0.00161828401572246,
      0.0111560195810199,
      -0.124886485525703
    ],
    [
      0.00163689174459803,
      0.999997284106932,
      -0.00165902506801366,
      -5.10384458813918e-05
    ],
    [
      -0.0111533045087144,
      0.00167718085020313,
      0.999936393408567,
      0.0488403165202317
    ],
    [
      0.0,
      0.0,
      0.0,
      1.0
    ]
  ],
  "T_WH": {
    "0": [
      [
        -0.00127210983764917,
        0.867527017738323,
        0.497388434958647,
        -0.0848372420302665
      ],
      [
        -0.906771441908473,
        0.208708846627693,
        -0.366341602167385,
        -0.0319854758675193
      ],
      [
        -0.421620604187923,
        -0.451483655112108,
        0.786383224192138,
        0.0483405145526767
      ],
      [
        0.0,
        0.0,
        0.0,
        1.0
      ]
    ],
    "1": [
      [
        -0.45786775110129,
        -0.886390158575279,
        -0.0683345394536261,
        -0.164935729021138
      ],
      [
        0.877933071360549,
        -0.462921395978536,
        0.122218261142582,
        0.0318833989757565
      ],
      [
        -0.139966584272391,
        -0.00403335172966625,
        0.990148012855121,
        0.0493401184877868
      ],
      [
        0.0,
        0.0,
        0.0,
        1.0
      ]
    ],
    "2": [
      [
        -0.00487020614899286,
        -0.868799342771641,
        0.495140367059313,
        -0.0849408122072728
      ],
      [
        0.907085923832046,
        0.204579928193516,
        0.367888814407424,
        0.0320143503153244
      ],
      [
        -0.420917340908914,
        0.450926551646608,
        0.787079308038439,
        0.0484478541270897
      ],
      [
        0.0,
        0.0,
        0.0,
        1.0
      ]
    ],
    "3": [
      [
        -0.445768847988862,
        0.892298885021274,
        -0.0713640942804848,
        -0.164832158844132
      ],
      [
        -0.882655846082307,
        -0.451421336258562,
        -0.130910024624784,
        -0.0321164272070871
      ],
      [
        -0.149026143811781,
        0.00463432414985538,
        0.988822396338324,
        0.0492327789133738
      ],
      [
        0.0,
        0.0,
        0.0,
        1.0
      ]
    ]
  },
  "T_WP": {
    "0": [
      [
        -0.497388434958647,
        0.867527017738323,
        -0.00127210983764914,
        -0.084926289718902
      ],
      [
        0.366341602167385,
        0.208708846627693,
        -0.906771441908473,
        -0.0954594768011124
      ],
      [
        -0.786383224192138,
        -0.451483655112108,
        -0.421620604187923,
        0.018827072259522
      ],
      [
        0.0,
        0.0,
        0.0,
        1.0
      ]
    ],
    "1": [
      [
        0.0683345394536261,
        -0.886390158575279,
        -0.45786775110129,
        -0.196986471598229
      ],
      [
        -0.122218261142582,
        -0.462921395978536,
        0.877933071360549,
        0.0933387139709949
      ],
      [
        -0.990148012855121,
        -0.00403335172966625,
        -0.139966584272391,
        0.0395424575887194
      ],
      [
        0.0,
        0.0,
        0.0,
        1.0
      ]
    ],
    "2": [
      [
        -0.495140367059313,
        -0.868799342771641,
        -0.00487020614899283,
        -0.0852817266377023
      ],
      [
        -0.367888814407424,
        0.204579928193516,
        0.907085923832046,
        0.0955103649835675
      ],
      [
        -0.787079308038439,
        0.450926551646608,
        -0.420917340908914,
        0.0189836402634657
      ],
      [
        0.0,
        0.0,
        0.0,
        1.0
      ]
    ],
    "3": [
      [
        0.0713640942804848,
        0.892298885021274,
        -0.445768847988862,
        -0.196035978203353
      ],
      [
        0.130910024624784,
        -0.451421336258562,
        -0.882655846082307,
        -0.0939023364328486
      ],
      [
        -0.988822396338324,
        0.00463432414985538,
        -0.14902614381178,
        0.0388009488465492
      ],
      [
        0.0,
        0.0,
        0.0,
        1.0
      ]
    ]
  },
  "simTime": 0.762499999999932,
  "state": [
    -0.124886485525703,
    -5.10384458813918e-05,
    0.0488403165202317,
    0.999983767079349,
    0.000834065018865467,
    0.00557742156027522,
    0.000813807150547023,
    -0.263708242058008,
    -0.00534951935572343,
    1.70352124931195,
    0.396591307604586,
    16.9681192728811,
    -0.138780475795539,
    0.894258830655348,
    -0.147748904758376,
    0.286226022776137,
    -0.310718632887352,
    0.985577309589542,
    0.00470174652508956,
    0.0736065855186489,
    -0.152306700345517,
    0.894089296052506,
    0.146706998397128,
    0.287238063086371,
    0.310766282630581,
    0.984578480582132,
    -0.00446042024019945,
    0.0767452435238506,
    0.157147980649849,
    -4.7934263824463,
    -1.36181816671214,
    8.87140588522239,
    -2.02327463476092,
    2.64047918741505,
    -1.54776298683882,
    4.66045930779537,
    -2.02255353327411,
    -9.20940684802502,
    2.17778393918001,
    2.8548522399786,
    2.09041669653095
  ]
}