{
  "T_WB": [
    [
      -2.22044604925031e-16,
      4.23570708898056e-20,
      1.0,
      -1.07600345508244e-36
    ],
    [
      -5.13102278972566e-19,
      1.0,
      -4.23570708898055e-20,
      5.27453075059135e-21
    ],
    [
      -1.0,
      -5.13102278972566e-19,
      -2.22044604925031e-16,
      0.415854468700001
    ],
    [
      0.0,
      0.0,
      0.0,
      1.0
    ]
  ],
  "T_WH": {
    "0": [
      [
        -1.57097493931745e-16,
        -1.54224350362425e-16,
        1.0,
        -8.88313962326973e-18
      ],
      [
        -0.707106779455507,
        0.707106782917588,
        -2.03161876227826e-18,
        -0.032
      ],
      [
        -0.707106782917588,
        -0.707106779455507,
        -2.20137787236884e-16,
        0.375854468700001
      ],
      [
        0.0,
        0.0,
        0.0,
        1.0
      ]
    ],
    "1": [
      [
        1.57097493931745e-16,
        1.54230949440461e-16,
        1.0,
        8.88313962326973e-18
      ],
      [
        0.707106779455507,
        -0.707106782917588,
        -2.02695250943842e-18,
        0.032
      ],
      [
        0.707106782917588,
        0.707106779455507,
        -2.20142453489701e-16,
        0.455854468700001
      ],
      [
        0.0,
        0.0,
        0.0,
        1.0
      ]
    ],
    "2": [
      [
        -1.57053504281272e-16,
        1.55372231059567e-16,
        1.0,
        -8.88042877073278e-18
      ],
      [
        0.707106779455507,
        0.707106782917588,
        1.18883915527326e-18,
        0.032
      ],
      [
        -0.707106782917588,
        0.707106779455507,
        -2.20918356079612e-16,
        0.375854468700001
      ],
      [
        0.0,
        0.0,
        0.0,
        1.0
      ]
    ],
    "3": [
      [
        1.57053504281272e-16,
        -1.54278834548687e-16,
        1.0,
        8.88042877073278e-18
      ],
      [
        -0.707106779455507,
        -0.707106782917588,
        1.96198724453501e-18,
        -0.032
      ],
      [
        0.707106782917588,
        -0.707106779455507,
        -2.20145207994135e-16,
        0.455854468700001
      ],
      [
        0.0,
        0.0,
        0.0,
        1.0
      ]
    ]
  },
  "T_WP": {
    "0": [
      [
        -1.0,
        -1.54224350362425e-16,
        -9.58651539743777e-17,
        -1.98799641984919e-17
      ],
      [
        -4.12661839435008e-17,
        0.707106782917588,
        -0.707106779455507,
        -0.0814974745618855
      ],
      [
        1.76839984319114e-16,
        -0.707106779455507,
        -0.707106782917588,
        0.32635699389577
      ],
      [
        0.0,
        0.0,
        0.0,
        1.0
      ]
    ],
    "1": [
      [
        -1.0,
        1.54230949440461e-16,
        2.18329833889113e-16,
        1.98799641984919e-17
      ],
      [
        4.53247552152174e-17,
        -0.707106782917588,
        0.707106779455507,
        0.0814974745618855
      ],
      [
        2.63440256407471e-16,
        0.707106779455507,
        0.707106782917588,
        0.505351943504232
      ],
      [
        0.0,
        0.0,
        0.0,
        1.0
      ]
    ],
    "2": [
      [
        -1.0,
        1.55372231059567e-16,
        -9.58211643239045e-17,
        -1.98741740704218e-17
      ],
      [
        4.21089635505058e-17,
        0.707106782917588,
        0.707106779455507,
        0.0814974745618855
      ],
      [
        1.77620553161841e-16,
        0.707106779455507,
        -0.707106782917588,
        0.32635699389577
      ],
      [
        0.0,
        0.0,
        0.0,
        1.0
      ]
    ],
    "3": [
      [
        -1.0,
        -1.54278834548687e-16,
        2.1828584423864e-16,
        1.98741740704218e-17
      ],
      [
        -4.5259789950314e-17,
        -0.707106782917588,
        -0.707106779455507,
        -0.0814974745618855
      ],
      [
        2.63443010911906e-16,
        -0.707106779455507,
        0.707106782917588,
        0.505351943504232
      ],
      [
        0.0,
        0.0,
        0.0,
        1.0
      ]
    ]
  },
  "simTime": 0.131000000000002,
  "state": [
    -1.07600345508244e-36,
    5.27453075059135e-21,
    0.415854468700001,
    0.707106781186548,
    -1.66433564423196e-19,
    0.707106781186548,
    -1.96384536480577e-19,
    -5.91750618777971e-35,
    1.10615848323298e-20,
    -1.28466459999998,
    6.84205149250719e-19,
    -6.10217294363402e-18,
    -1.12161467301414e-17,
    1.0,
    1.37747207472679e-18,
    2.91483535078297e-20,
    -3.2196186973862e-19,
    1.0,
    -1.37417253570909e-18,
    -2.91483535078293e-20,
    3.19668184259881e-19,
    1.0,
    -8.33482698286332e-19,
    3.71045002552728e-20,
    1.85316495808782e-19,
    1.0,
    1.38018095372639e-18,
    -3.71045002552723e-20,
    -3.13878986007491e-19,
    2.28363813185117e-17,
    5.9435683423158e-19,
    -1.22613210289183e-17,
    -2.28463091009083e-17,
    -5.94356834231575e-19,
    1.2225487269785e-17,
    -2.05200649486785e-17,
    6.5195555347273e-19,
    7.27327606625974e-18,
    2.2906150993052e-17,
    -6.51955553472725e-19,
    -1.21716583495643e-17
  ]
}