{
  "T_WB": [
    [
      -2.22044604925031e-16,
      2.12462388763537e-21,
      1.0,
      5.27171840494083e-37
    ],
    [
      -8.0517590836768e-21,
      1.0,
      -2.12462388763537e-21,
      1.42349706627197e-21
    ],
    [
      -1.0,
      -8.0517590836768e-21,
      -2.22044604925031e-16,
      0.4891686103
    ],
    [
      0.0,
      0.0,
      0.0,
      1.0
    ]
  ],
  "T_WH": {
    "0": [
      [
        -1.57020233902258e-16,
        -1.56314487019347e-16,
        1.0,
        -8.88185218496566e-18
      ],
      [
        -0.707106779455507,
        0.707106782917588,
        -4.99037864312555e-19,
        -0.032
      ],
      [
        -0.707106782917588,
        -0.707106779455507,
        -2.21561105946083e-16,
        0.4491686103
      ],
      [
        0.0,
        0.0,
        0.0,
        1.0
      ]
    ],
    "1": [
      [
        1.57020233902258e-16,
        1.56332838704026e-16,
        1.0,
        8.88185218496566e-18
      ],
      [
        0.707106779455507,
        -0.707106782917588,
        -4.86061263597624e-19,
        0.032
      ],
      [
        0.707106782917588,
        0.707106779455507,
        -2.21574082546734e-16,
        0.5291686103
      ],
      [
        0.0,
        0.0,
        0.0,
        1.0
      ]
    ],
    "2": [
      [
        -1.57019218969166e-16,
        1.56627731481492e-16,
        1.0,
        -8.88171620903685e-18
      ],
      [
        0.707106779455507,
        0.707106782917588,
        2.76822914349156e-19,
        0.032
      ],
      [
        -0.707106782917588,
        0.707106779455507,
        -2.21781885562819e-16,
        0.4491686103
      ],
      [
        0.0,
        0.0,
        0.0,
        1.0
      ]
    ],
    "3": [
      [
        1.57019218969166e-16,
        -1.5631598555608e-16,
        1.0,
        8.88171620903685e-18
      ],
      [
        -0.707106779455507,
        -0.707106782917588,
        4.97260572754352e-19,
        -0.032
      ],
      [
        0.707106782917588,
        -0.707106779455507,
        -2.21561447905493e-16,
        0.5291686103
      ],
      [
        0.0,
        0.0,
        0.0,
        1.0
      ]
    ]
  },
  "T_WP": {
    "0": [
      [
        -1.0,
        -1.56314487019347e-16,
        -9.578789394489e-17,
        -1.98732685581237e-17
      ],
      [
        -4.27987648414665e-17,
        0.707106782917588,
        -0.707106779455507,
        -0.0814974745618855
      ],
      [
        1.78263303028312e-16,
        -0.707106779455507,
        -0.707106782917588,
        0.399671135495768
      ],
      [
        0.0,
        0.0,
        0.0,
        1.0
      ]
    ],
    "1": [
      [
        -1.0,
        1.56332838704026e-16,
        2.18252573859625e-16,
        1.98732685581237e-17
      ],
      [
        4.37838639693766e-17,
        -0.707106782917588,
        0.707106779455507,
        0.0814974745618855
      ],
      [
        2.64871885464504e-16,
        0.707106779455507,
        0.707106782917588,
        0.578666085104231
      ],
      [
        0.0,
        0.0,
        0.0,
        1.0
      ]
    ],
    "2": [
      [
        -1.0,
        1.56627731481492e-16,
        -9.57868790117987e-17,
        -1.98730615368785e-17
      ],
      [
        4.30209797914299e-17,
        0.707106782917588,
        0.707106779455507,
        0.0814974745618855
      ],
      [
        1.78484082645049e-16,
        0.707106779455507,
        -0.707106782917588,
        0.399671135495768
      ],
      [
        0.0,
        0.0,
        0.0,
        1.0
      ]
    ],
    "3": [
      [
        -1.0,
        -1.5631598555608e-16,
        2.18251558926534e-16,
        1.98730615368785e-17
      ],
      [
        -4.37950632785334e-17,
        -0.707106782917588,
        -0.707106779455507,
        -0.0814974745618855
      ],
      [
        2.64859250823263e-16,
        -0.707106779455507,
        0.707106782917588,
        0.578666085104231
      ],
      [
        0.0,
        0.0,
        0.0,
        1.0
      ]
    ]
  },
  "simTime": 0.0470000000000003,
  "state": [
    5.27171840494083e-37,
    1.42349706627197e-21,
    0.4891686103,
    0.707106781186548,
    -2.09555874506518e-21,
    0.707106781186548,
    -3.59789470348307e-21,
    2.36126871247541e-35,
    7.17587158019473e-20,
    -0.460910200000004,
    1.58042673761554e-19,
    -1.38796262737726e-18,
    -1.90742512532539e-18,
    1.0,
    3.46628064350256e-19,
    4.7426567786293e-21,
    -1.84688129447746e-20,
    1.0,
    -3.37452222010442e-19,
    -4.74265677862918e-21,
    1.8195093608626e-20,
    1.0,
    -1.91508169239983e-19,
    5.73752618776786e-21,
    1.3274694724131e-20,
    1.0,
    3.47381131945594e-19,
    -5.73752618776775e-21,
    -1.75600707999908e-20,
    2.26682391126855e-17,
    4.35230240469443e-19,
    -2.36009584949276e-18,
    -2.57828494502201e-17,
    -4.35230240469434e-19,
    2.28396583893825e-18,
    -1.11492063678876e-17,
    5.68331887895936e-19,
    1.5067202897365e-18,
    2.26636804184291e-17,
    -5.68331887895928e-19,
    -2.23721437413608e-18
  ]
}