{
  "T_WB": [
    [
      -0.427860536698851,
      -0.667977858748632,
      0.608884998466347,
      -0.102166637711751
    ],
    [
      -0.538022815563789,
      0.729533872136053,
      0.422269794490429,
      0.00115107367468822
    ],
    [
      -0.726269103754651,
      -0.146921440327029,
      -0.671526082370333,
      0.849250411380327
    ],
    [
      0.0,
      0.0,
      0.0,
      1.0
    ]
  ],
  "T_WH": {
    "0": [
      [
        -0.119917273936847,
        -0.366992339790906,
        0.922462178057373,
        -0.0979057676997489
      ],
      [
        -0.860661662340087,
        0.501574241739215,
        0.087662894098533,
        -0.0437149228562171
      ],
      [
        -0.494854878110294,
        -0.783415536327005,
        -0.376003652976826,
        0.824901133320606
      ],
      [
        0.0,
        0.0,
        0.0,
        1.0
      ]
    ],
    "1": [
      [
        -0.353509722726855,
        0.703651129239906,
        0.61636512251829,
        -0.106427507723753
      ],
      [
        0.896626831735789,
        0.0670749772295495,
        0.437677132188897,
        0.0460170702055935
      ],
      [
        0.266629331749198,
        0.707372628639998,
        -0.654624139260015,
        0.873599689440048
      ],
      [
        0.0,
        0.0,
        0.0,
        1.0
      ]
    ],
    "2": [
      [
        -0.808073537577382,
        -0.557259394354295,
        0.190995092269564,
        -0.140656350659661
      ],
      [
        -0.160196285961641,
        0.519884868131794,
        0.839080969782823,
        0.00297524496049035
      ],
      [
        -0.566881211393773,
        0.647442423147781,
        -0.509376089817001,
        0.815498161139676
      ],
      [
        0.0,
        0.0,
        0.0,
        1.0
      ]
    ],
    "3": [
      [
        0.769154908169279,
        -0.0522904484456084,
        0.636919489606391,
        -0.0636769247638408
      ],
      [
        -0.401321296559919,
        -0.815138550953374,
        0.417720432439089,
        -0.000673097611113912
      ],
      [
        0.497334841094583,
        -0.576901076226237,
        -0.647953087871673,
        0.883002661620978
      ],
      [
        0.0,
        0.0,
        0.0,
        1.0
      ]
    ]
  },
  "T_WP": {
    "0": [
      [
        -0.922462178057373,
        -0.366992339790906,
        -0.119917273936847,
        -0.106299976875328
      ],
      [
        -0.0876628940985331,
        0.501574241739215,
        -0.860661662340087,
        -0.103961239220023
      ],
      [
        0.376003652976826,
        -0.783415536327005,
        -0.494854878110294,
        0.790261291852885
      ],
      [
        0.0,
        0.0,
        0.0,
        1.0
      ]
    ],
    "1": [
      [
        -0.61636512251829,
        0.703651129239906,
        -0.353509722726855,
        -0.131173188314633
      ],
      [
        -0.437677132188897,
        0.0670749772295495,
        0.896626831735789,
        0.108780948427099
      ],
      [
        0.654624139260015,
        0.707372628639998,
        0.266629331749198,
        0.892263742662492
      ],
      [
        0.0,
        0.0,
        0.0,
        1.0
      ]
    ],
    "2": [
      [
        -0.190995092269564,
        -0.557259394354295,
        -0.808073537577382,
        -0.197221498290078
      ],
      [
        -0.839080969782823,
        0.519884868131794,
        -0.160196285961641,
        -0.0082384950568245
      ],
      [
        0.509376089817001,
        0.647442423147781,
        -0.566881211393773,
        0.775816476342112
      ],
      [
        0.0,
        0.0,
        0.0,
        1.0
      ]
    ],
    "3": [
      [
        -0.636919489606391,
        -0.0522904484456084,
        0.769154908169279,
        -0.00983608119199129
      ],
      [
        -0.417720432439089,
        -0.815138550953374,
        -0.401321296559919,
        -0.0287655883703082
      ],
      [
        0.647953087871673,
        -0.576901076226237,
        0.497334841094582,
        0.917816100497599
      ],
      [
        0.0,
        0.0,
        0.0,
        1.0
      ]
    ]
  }
}