{
  "arms": {
    "0": [
      [
        0.733370006084442,
        0.582108616828918,
        0.35116645693779,
        0.0163383446633816
      ],
      [
        -0.590201079845428,
        0.288807898759842,
        0.75382536649704,
        0.659641325473785
      ],
      [
        0.337388634681702,
        -0.760091781616211,
        0.555364191532135,
        0.0320316702127457
      ],
      [
        0.0,
        0.0,
        0.0,
        1.0
      ]
    ],
    "1": [
      [
        0.799589455127716,
        0.393827736377716,
        -0.453383177518845,
        -0.0303640868514776
      ],
      [
        -0.591150462627411,
        0.649178028106689,
        -0.478653311729431,
        0.594688415527344
      ],
      [
        0.105819456279278,
        0.650743901729584,
        0.751887381076813,
        0.0321081653237343
      ],
      [
        0.0,
        0.0,
        0.0,
        1.0
      ]
    ],
    "2": [
      [
        0.563385784626007,
        -0.689544796943665,
        -0.455109059810638,
        -0.0306029412895441
      ],
      [
        -0.824901044368744,
        -0.438663989305496,
        -0.356527954339981,
        0.594784796237946
      ],
      [
        0.0462020449340343,
        0.576282739639282,
        -0.815943360328674,
        -0.0318913161754608
      ],
      [
        0.0,
        0.0,
        0.0,
        1.0
      ]
    ],
    "3": [
      [
        0.870725870132446,
        -0.333308577537537,
        0.361582249403,
        0.0160994883626699
      ],
      [
        -0.491452217102051,
        -0.563405334949493,
        0.664115369319916,
        0.659737646579742
      ],
      [
        -0.0176380053162575,
        -0.755962908267975,
        -0.654376804828644,
        -0.0319678112864494
      ],
      [
        0.0,
        0.0,
        0.0,
        1.0
      ]
    ]
  },
  "base": [
    [
      0.583780348300934,
      -0.00373210618272424,
      -0.811902940273285,
      -0.00713229784741998
    ],
    [
      0.811911046504974,
      0.00150574475992471,
      0.583779275417328,
      0.627213060855865
    ],
    [
      -0.000956207688432187,
      -0.999991893768311,
      0.00390916271135211,
      7.01773969922215e-05
    ],
    [
      0.0,
      0.0,
      0.0,
      1.0
    ]
  ]
}