{
  "arms": {
    "0": [
      [
        0.535452425479889,
        -0.298970967531204,
        -0.789877772331238,
        -0.0419805906713009
      ],
      [
        0.782017052173615,
        0.528724074363708,
        0.330000132322311,
        0.242188021540642
      ],
      [
        0.31896698474884,
        -0.794397354125977,
        0.516907095909119,
        0.0320165231823921
      ],
      [
        0.0,
        0.0,
        0.0,
        1.0
      ]
    ],
    "1": [
      [
        0.836943805217743,
        -0.444594264030457,
        0.319156438112259,
        0.0215912256389856
      ],
      [
        0.539220809936523,
        0.570112466812134,
        -0.619848966598511,
        0.193622380495071
      ],
      [
        0.0936262384057045,
        0.690874636173248,
        0.716886579990387,
        0.0320624634623528
      ],
      [
        0.0,
        0.0,
        0.0,
        1.0
      ]
    ],
    "2": [
      [
        0.832656025886536,
        0.483068019151688,
        0.270793348550797,
        0.0213692188262939
      ],
      [
        0.551087141036987,
        -0.674519598484039,
        -0.491249769926071,
        0.1932712495327
      ],
      [
        -0.0546516329050064,
        0.558272838592529,
        -0.827855467796326,
        -0.0319361872971058
      ],
      [
        0.0,
        0.0,
        0.0,
        1.0
      ]
    ],
    "3": [
      [
        0.49092510342598,
        0.442133635282516,
        -0.750673174858093,
        -0.0422025993466377
      ],
      [
        0.803560078144073,
        -0.562687158584595,
        0.194098979234695,
        0.24183689057827
      ],
      [
        -0.336576491594315,
        -0.698499143123627,
        -0.631518185138702,
        -0.0319821275770664
      ],
      [
        0.0,
        0.0,
        0.0,
        1.0
      ]
    ]
  },
  "base": [
    [
      -0.794647753238678,
      -0.00346884573809803,
      -0.607060790061951,
      -0.010305686853826
    ],
    [
      0.607070446014404,
      -0.00548657216131687,
      -0.794629037380219,
      0.217729642987251
    ],
    [
      -0.000574237201362848,
      -0.999978959560394,
      0.00646572653204203,
      4.01674478780478e-05
    ],
    [
      0.0,
      0.0,
      0.0,
      1.0
    ]
  ]
}