{
  "T_WB": [
    [
      0.674013101589703,
      -0.00127819744907152,
      0.738718285340704,
      -0.0210897634235491
    ],
    [
      0.000974902413420333,
      0.999999171326988,
      0.000840779770546233,
      2.90245471575724e-05
    ],
    [
      -0.738718747867355,
      0.000153481658316638,
      0.674013789171013,
      0.317463750135439
    ],
    [
      0.0,
      0.0,
      0.0,
      1.0
    ]
  ],
  "T_WH": {
    "0": [
      [
        0.436334404705761,
        0.884641684601059,
        -0.164381802935331,
        0.00591166295840932
      ],
      [
        -0.718512977295947,
        0.232596986893405,
        -0.655467575968044,
        -0.0319319528387692
      ],
      [
        -0.541619228542879,
        0.404113513204285,
        0.737116598455297,
        0.287910088807679
      ],
      [
        0.0,
        0.0,
        0.0,
        1.0
      ]
    ],
    "1": [
      [
        -0.453685158174958,
        -0.390876911136729,
        0.800865168172504,
        -0.0480911898055075
      ],
      [
        0.681024543194541,
        -0.731698839395958,
        0.0286771685016973,
        0.0319900019330844
      ],
      [
        0.574782871020379,
        0.558419241042801,
        0.598157673539973,
        0.3470174114632
      ],
      [
        0.0,
        0.0,
        0.0,
        1.0
      ]
    ],
    "2": [
      [
        0.435019740114156,
        -0.884832950100841,
        -0.166818692378446,
        0.00582985832166874
      ],
      [
        0.719628585940066,
        0.230300302739042,
        0.655054554106913,
        0.032067994126158
      ],
      [
        -0.541195458230124,
        -0.405009161592856,
        0.736936262519995,
        0.287919911633811
      ],
      [
        0.0,
        0.0,
        0.0,
        1.0
      ]
    ],
    "3": [
      [
        -0.4522616364573,
        0.392566415228193,
        0.800843943489524,
        -0.0480093851687669
      ],
      [
        -0.682076090586788,
        -0.730783849781472,
        -0.0269661185270489,
        -0.0320099450318428
      ],
      [
        0.574657827614667,
        -0.558432247039385,
        0.59826566559325,
        0.347007588637067
      ],
      [
        0.0,
        0.0,
        0.0,
        1.0
      ]
    ]
  },
  "T_WP": {
    "0": [
      [
        0.164381802935331,
        0.884641684601059,
        0.436334404705761,
        0.0364550712878126
      ],
      [
        0.655467575968044,
        0.232596986893405,
        -0.718512977295947,
        -0.0822278612494855
      ],
      [
        -0.737116598455297,
        0.404113513204285,
        -0.541619228542879,
        0.249996742809677
      ],
      [
        0.0,
        0.0,
        0.0,
        1.0
      ]
    ],
    "1": [
      [
        -0.800865168172504,
        -0.390876911136729,
        -0.453685158174958,
        -0.0798491508777546
      ],
      [
        -0.0286771685016972,
        -0.731698839395958,
        0.681024543194541,
        0.0796617199567023
      ],
      [
        -0.598157673539973,
        0.558419241042801,
        0.574782871020379,
        0.387252212434626
      ],
      [
        0.0,
        0.0,
        0.0,
        1.0
      ]
    ],
    "2": [
      [
        0.166818692378446,
        -0.884832950100841,
        0.435019740114156,
        0.0362812401296596
      ],
      [
        -0.655054554106913,
        0.230300302739042,
        0.719628585940066,
        0.0824419951419626
      ],
      [
        -0.736936262519995,
        -0.405009161592856,
        -0.541195458230124,
        0.250036229557703
      ],
      [
        0.0,
        0.0,
        0.0,
        1.0
      ]
    ],
    "3": [
      [
        -0.800843943489524,
        0.392566415228193,
        -0.4522616364573,
        -0.0796676997207779
      ],
      [
        0.0269661185270489,
        -0.730783849781472,
        -0.682076090586788,
        -0.079755271372918
      ],
      [
        -0.59826566559325,
        -0.558432247039385,
        0.574657827614667,
        0.387233636570094
      ],
      [
        0.0,
        0.0,
        0.0,
        1.0
      ]
    ]
  },
  "simTime": 0.412499999999971,
  "state": [
    -0.0210897634235491,
    2.90245471575724e-05,
    0.317463750135439,
    0.914880601784695,
    -0.000187810876875314,
    0.403724002434297,
    0.000615681395500309,
    -0.210981417263401,
    0.000238251688272026,
    0.876238087043073,
    -0.010348178404764,
    -5.05020106935816,
    0.00358349400102816,
    0.828876461000662,
    0.558938068756447,
    0.0128970246113037,
    -0.0196396143039515,
    0.998535490984026,
    0.044039508359754,
    -0.0256580234802664,
    0.0181400325194861,
    0.828634997372549,
    -0.559308165273931,
    0.0127438537357977,
    0.0193910180048902,
    0.998534534818934,
    -0.0440378884199881,
    -0.0255600115069596,
    -0.0183339294535614,
    0.410096649500011,
    -0.146356820392966,
    -5.65402015534992,
    0.19479898628569,
    0.374713182773321,
    -0.520368506187727,
    -0.412934628698628,
    -0.143286403419739,
    5.65845163575431,
    -0.198159604217431,
    0.373817573459534,
    0.519844854725109
  ]
}