{
  "T_WB": [
    [
      0.936642727955171,
      -0.00208357635798112,
      0.350279972134087,
      -0.0459601005494189
    ],
    [
      0.00173040661986522,
      0.999997630025956,
      0.00132122496252747,
      4.24560651078409e-05
    ],
    [
      -0.35028189485274,
      -0.000631388970557166,
      0.93664411357054,
      0.355333222494953
    ],
    [
      0.0,
      0.0,
      0.0,
      1.0
    ]
  ],
  "T_WH": {
    "0": [
      [
        0.154031028820464,
        0.890045619418723,
        -0.429060878563931,
        -0.00842771698775664
      ],
      [
        -0.798543596142661,
        -0.143599597861829,
        -0.58455733726767,
        -0.0318882518309281
      ],
      [
        -0.581895666954186,
        0.432663784996461,
        0.688621435864786,
        0.341342151147901
      ],
      [
        0.0,
        0.0,
        0.0,
        1.0
      ]
    ],
    "1": [
      [
        -0.643730208526675,
        -0.637956580008566,
        0.422637930921939,
        -0.0834924841110811
      ],
      [
        0.721365742588909,
        -0.690214920013004,
        0.0568755625079365,
        0.0319731639611438
      ],
      [
        0.255426866342121,
        0.341489042599051,
        0.904512216465553,
        0.369324293842005
      ],
      [
        0.0,
        0.0,
        0.0,
        1.0
      ]
    ],
    "2": [
      [
        0.151017598865637,
        -0.889064972216726,
        -0.432154092899894,
        -0.00856106587466742
      ],
      [
        0.798060497542717,
        -0.148327210607078,
        0.584036369462892,
        0.032111596490733
      ],
      [
        -0.583346489742356,
        -0.433084880561301,
        0.687127614882763,
        0.341301742253786
      ],
      [
        0.0,
        0.0,
        0.0,
        1.0
      ]
    ],
    "3": [
      [
        -0.641006073071497,
        0.640469524879522,
        0.422977543122631,
        -0.0833591352241703
      ],
      [
        -0.723470994457487,
        -0.688215921087052,
        -0.0543007011096067,
        -0.0320266843605174
      ],
      [
        0.256321935198985,
        -0.340819062939413,
        0.904511709085597,
        0.36936470273612
      ],
      [
        0.0,
        0.0,
        0.0,
        1.0
      ]
    ]
  },
  "T_WP": {
    "0": [
      [
        0.429060878563931,
        0.890045619418723,
        0.154031028820464,
        0.00235445502967586
      ],
      [
        0.58455733726767,
        -0.143599597861829,
        -0.798543596142661,
        -0.0877863035609144
      ],
      [
        -0.688621435864786,
        0.432663784996461,
        -0.581895666954186,
        0.300609454461108
      ],
      [
        0.0,
        0.0,
        0.0,
        1.0
      ]
    ],
    "1": [
      [
        -0.422637930921939,
        -0.637956580008566,
        -0.643730208526675,
        -0.128553598707948
      ],
      [
        -0.0568755625079365,
        -0.690214920013004,
        0.721365742588909,
        0.0824687659423675
      ],
      [
        -0.904512216465553,
        0.341489042599051,
        0.255426866342121,
        0.387204174485953
      ],
      [
        0.0,
        0.0,
        0.0,
        1.0
      ]
    ],
    "2": [
      [
        0.432154092899894,
        -0.889064972216726,
        0.151017598865637,
        0.0020101660459272
      ],
      [
        -0.584036369462892,
        -0.148327210607078,
        0.798060497542717,
        0.0879758313187232
      ],
      [
        -0.687127614882763,
        -0.433084880561301,
        -0.583346489742356,
        0.300467487971821
      ],
      [
        0.0,
        0.0,
        0.0,
        1.0
      ]
    ],
    "3": [
      [
        -0.422977543122631,
        0.640469524879522,
        -0.641006073071497,
        -0.128229560339175
      ],
      [
        0.0543007011096067,
        -0.688215921087052,
        -0.723470994457487,
        -0.0826696539725415
      ],
      [
        -0.904511709085597,
        -0.340819062939413,
        0.256321935198985,
        0.387307238200049
      ],
      [
        0.0,
        0.0,
        0.0,
        1.0
      ]
    ]
  },
  "simTime": 0.51499999999996,
  "state": [
    -0.0459601005494189,
    4.24560651078409e-05,
    0.355333222494953,
    0.984033087801379,
    -0.000496074257382785,
    0.177982294414533,
    0.000968967157996665,
    -0.273919627386108,
    1.21604039202898e-05,
    -0.141022145447804,
    -0.0113978798519118,
    -4.13904419477258,
    0.00136871966535541,
    0.818965046520121,
    0.483932007820887,
    0.137277408128344,
    -0.276153902022594,
    0.998772374736449,
    0.047713227652548,
    -0.00787732599813766,
    -0.0107302891577447,
    0.8187171063536,
    -0.484375258996516,
    0.137423544890714,
    0.276039268122701,
    0.998767170133398,
    -0.0478724930471153,
    -0.00781224269028958,
    0.0105514519060566,
    -2.46550977030435,
    -1.65176432721984,
    -5.17886652591797,
    -0.07402271401701,
    0.259219177739473,
    -0.614420545471352,
    2.46531168520051,
    -1.65248734095946,
    5.18387647502299,
    0.0711032123553595,
    0.258639589111958,
    0.615621224753958
  ]
}