{
  "T_WB": [
    [
      -2.22044604925031e-16,
      8.62202650904666e-20,
      1.0,
      -5.59927219616804e-36
    ],
    [
      -1.46706476533997e-18,
      1.0,
      -8.62202650904666e-20,
      4.75896114822088e-21
    ],
    [
      -1.0,
      -1.46706476533997e-18,
      -2.22044604925031e-16,
      0.311634827200002
    ],
    [
      0.0,
      0.0,
      0.0,
      1.0
    ]
  ],
  "T_WH": {
    "0": [
      [
        -1.571629750456e-16,
        -1.5286723721204e-16,
        1.0,
        -8.88454324548415e-18
      ],
      [
        -0.707106779455507,
        0.707106782917588,
        -3.03754481563543e-18,
        -0.032
      ],
      [
        -0.707106782917588,
        -0.707106779455507,
        -2.19224465467518e-16,
        0.271634827200002
      ],
      [
        0.0,
        0.0,
        0.0,
        1.0
      ]
    ],
    "1": [
      [
        1.571629750456e-16,
        1.5286954335406e-16,
        1.0,
        8.88454324548415e-18
      ],
      [
        0.707106779455507,
        -0.707106782917588,
        -3.03591412697074e-18,
        0.032
      ],
      [
        0.707106782917588,
        0.707106779455507,
        -2.19226096156175e-16,
        0.351634827200002
      ],
      [
        0.0,
        0.0,
        0.0,
        1.0
      ]
    ],
    "2": [
      [
        -1.5705383574723e-16,
        1.53973211847226e-16,
        1.0,
        -8.87902514851836e-18
      ],
      [
        0.707106779455507,
        0.707106782917588,
        2.17832951157736e-18,
        0.032
      ],
      [
        -0.707106782917588,
        0.707106779455507,
        -2.19929334491804e-16,
        0.271634827200002
      ],
      [
        0.0,
        0.0,
        0.0,
        1.0
      ]
    ],
    "3": [
      [
        1.5705383574723e-16,
        -1.52978226314133e-16,
        1.0,
        8.87902514851836e-18
      ],
      [
        -0.707106779455507,
        -0.707106782917588,
        2.88189053093279e-18,
        -0.032
      ],
      [
        0.707106782917588,
        -0.707106779455507,
        -2.19225773475893e-16,
        0.351634827200002
      ],
      [
        0.0,
        0.0,
        0.0,
        1.0
      ]
    ]
  },
  "T_WP": {
    "0": [
      [
        -1.0,
        -1.5286723721204e-16,
        -9.59306350882324e-17,
        -1.98859514986762e-17
      ],
      [
        -4.02602578901436e-17,
        0.707106782917588,
        -0.707106779455507,
        -0.0814974745618855
      ],
      [
        1.75926662549748e-16,
        -0.707106779455507,
        -0.707106782917588,
        0.222137352395771
      ],
      [
        0.0,
        0.0,
        0.0,
        1.0
      ]
    ],
    "1": [
      [
        -1.0,
        1.5286954335406e-16,
        2.18395315002968e-16,
        1.98859514986762e-17
      ],
      [
        4.63337168327498e-17,
        -0.707106782917588,
        0.707106779455507,
        0.0814974745618855
      ],
      [
        2.62523899073945e-16,
        0.707106779455507,
        0.707106782917588,
        0.401132302004233
      ],
      [
        0.0,
        0.0,
        0.0,
        1.0
      ]
    ],
    "2": [
      [
        -1.0,
        1.53973211847226e-16,
        -9.58214957898619e-17,
        -1.98727936508244e-17
      ],
      [
        4.11194731942017e-17,
        0.707106782917588,
        0.707106779455507,
        0.0814974745618855
      ],
      [
        1.76631531574033e-16,
        0.707106779455507,
        -0.707106782917588,
        0.222137352395771
      ],
      [
        0.0,
        0.0,
        0.0,
        1.0
      ]
    ],
    "3": [
      [
        -1.0,
        -1.52978226314133e-16,
        2.18286175704597e-16,
        1.98727936508244e-17
      ],
      [
        -4.61796932367118e-17,
        -0.707106782917588,
        -0.707106779455507,
        -0.0814974745618855
      ],
      [
        2.62523576393663e-16,
        -0.707106779455507,
        0.707106782917588,
        0.401132302004233
      ],
      [
        0.0,
        0.0,
        0.0,
        1.0
      ]
    ]
  },
  "simTime": 0.195999999999995,
  "state": [
    -5.59927219616804e-36,
    4.75896114822088e-21,
    0.311634827200002,
    0.707106781186548,
    -4.88202254945286e-19,
    0.707106781186548,
    -5.49169189066457e-19,
    -7.43048116525993e-35,
    -1.54208549447569e-20,
    -1.92209359999996,
    6.30208118968491e-19,
    -9.57650362344361e-18,
    -1.74761687055032e-17,
    1.0,
    2.04052066884963e-18,
    4.63809294412807e-20,
    -8.36961400812971e-19,
    1.0,
    -2.03936759783964e-18,
    -4.63809294412802e-20,
    8.33689881894506e-19,
    1.0,
    -1.54850028552673e-18,
    5.27782142279581e-20,
    5.29829994046976e-19,
    1.0,
    2.04599305207358e-18,
    -5.27782142279575e-20,
    -8.2925617917605e-19,
    1.76114886319825e-17,
    4.18845827680272e-19,
    -1.918020683914e-17,
    -1.77086079054012e-17,
    -4.18845827680269e-19,
    1.91596052963345e-17,
    -2.07510698433225e-17,
    3.10125629414537e-19,
    1.40768038180321e-17,
    1.77147572677323e-17,
    -3.10125629414534e-19,
    -1.92618814687619e-17
  ]
}