{
  "T_WB": [
    [
      0.873340853534691,
      -0.00186611114177171,
      0.487106016362459,
      -0.0367388965023641
    ],
    [
      0.00148434720980953,
      0.99999821425882,
      0.00116969762450918,
      4.05503003885064e-05
    ],
    [
      -0.487107329302956,
      -0.0002985102654973,
      0.87334206393083,
      0.354140239340396
    ],
    [
      0.0,
      0.0,
      0.0,
      1.0
    ]
  ],
  "T_WH": {
    "0": [
      [
        0.256224632939616,
        0.890107017079322,
        -0.376906401671703,
        -0.00174554680443973
      ],
      [
        -0.785316932148642,
        -0.0356537530091567,
        -0.618066441393648,
        -0.0319000186675013
      ],
      [
        -0.563583404258504,
        0.454354826146388,
        0.689880742159021,
        0.334665498496773
      ],
      [
        0.0,
        0.0,
        0.0,
        1.0
      ]
    ],
    "1": [
      [
        -0.604556317344668,
        -0.56626645306523,
        0.560226707049545,
        -0.0717322462002884
      ],
      [
        0.707197159891091,
        -0.705222661661436,
        0.0503306519045172,
        0.0319811192682784
      ],
      [
        0.36658400974487,
        0.426618449685528,
        0.826808842591375,
        0.373614980184018
      ],
      [
        0.0,
        0.0,
        0.0,
        1.0
      ]
    ],
    "2": [
      [
        0.253677790552989,
        -0.889558127529944,
        -0.37991303784626,
        -0.00186497791751312
      ],
      [
        0.785626251101599,
        -0.0396528791177827,
        0.61742938281047,
        0.0320998670450631
      ],
      [
        -0.564303971419838,
        -0.455097777321633,
        0.688801162104644,
        0.334646393839782
      ],
      [
        0.0,
        0.0,
        0.0,
        1.0
      ]
    ],
    "3": [
      [
        -0.602221160817642,
        0.568544803738565,
        0.560434188469376,
        -0.071612815087215
      ],
      [
        -0.708956170213417,
        -0.703615924166487,
        -0.0480185378334739,
        -0.0320187664442861
      ],
      [
        0.36702972928603,
        -0.426241055508754,
        0.826805745274552,
        0.37363408484101
      ],
      [
        0.0,
        0.0,
        0.0,
        1.0
      ]
    ]
  },
  "T_WP": {
    "0": [
      [
        0.376906401671703,
        0.890107017079322,
        0.256224632939616,
        0.0161901775013334
      ],
      [
        0.618066441393648,
        -0.0356537530091567,
        -0.785316932148642,
        -0.0868722039179063
      ],
      [
        -0.689880742159021,
        0.454354826146388,
        -0.563583404258504,
        0.295214660198678
      ],
      [
        0.0,
        0.0,
        0.0,
        1.0
      ]
    ],
    "1": [
      [
        -0.560226707049545,
        -0.56626645306523,
        -0.604556317344668,
        -0.114051188414415
      ],
      [
        -0.0503306519045172,
        -0.705222661661436,
        0.707197159891091,
        0.0814849204606548
      ],
      [
        -0.826808842591375,
        0.426618449685528,
        0.36658400974487,
        0.399275860866159
      ],
      [
        0.0,
        0.0,
        0.0,
        1.0
      ]
    ],
    "2": [
      [
        0.37991303784626,
        -0.889558127529944,
        0.253677790552989,
        0.0158924674211961
      ],
      [
        -0.61742938281047,
        -0.0396528791177827,
        0.785626251101599,
        0.087093704622175
      ],
      [
        -0.688801162104644,
        -0.455097777321633,
        -0.564303971419838,
        0.295145115840393
      ],
      [
        0.0,
        0.0,
        0.0,
        1.0
      ]
    ],
    "3": [
      [
        -0.560434188469376,
        0.568544803738565,
        -0.602221160817642,
        -0.11376829634445
      ],
      [
        0.0480185378334738,
        -0.703615924166487,
        -0.708956170213417,
        -0.0816456983592253
      ],
      [
        -0.826805745274552,
        -0.426241055508754,
        0.36702972928603,
        0.399326165891032
      ],
      [
        0.0,
        0.0,
        0.0,
        1.0
      ]
    ]
  },
  "simTime": 0.479999999999963,
  "state": [
    -0.0367388965023641,
    4.05503003885064e-05,
    0.354140239340396,
    0.967817277656834,
    -0.00037925751169713,
    0.251652188940062,
    0.000865467694401203,
    -0.252810004021968,
    9.63281086466719e-05,
    0.208804176201421,
    -0.011102423599283,
    -4.47998079994686,
    0.0019798948793909,
    0.820350159647496,
    0.529668416837795,
    0.101777187753188,
    -0.190048382850066,
    0.998758079864153,
    0.0480189242074434,
    -0.0132806926809513,
    -0.000322530533617765,
    0.82009758347107,
    -0.530110434728466,
    0.101839447613994,
    0.189872608573708,
    0.99875394886709,
    -0.0481261018423797,
    -0.0132064905625783,
    0.000128650194279888,
    -1.48952813819808,
    -1.23360202267549,
    -5.58317694526802,
    0.0226104626457169,
    0.300292476501194,
    -0.599813742844507,
    1.48824455253326,
    -1.23322050425942,
    5.58844222658798,
    -0.0258117761942246,
    0.299617454400776,
    0.600419975538556
  ]
}