{
  "T_WB": [
    [
      -2.22044604925031e-16,
      1.17235850915909e-22,
      1.0,
      -1.66639363593948e-37
    ],
    [
      -7.08877653037283e-21,
      1.0,
      -1.17235850915909e-22,
      1.82770612005251e-22
    ],
    [
      -1.0,
      -7.08877653037283e-21,
      -2.22044604925031e-16,
      0.4982299087
    ],
    [
      0.0,
      0.0,
      0.0,
      1.0
    ]
  ],
  "T_WH": {
    "0": [
      [
        -1.57010304371283e-16,
        -1.56851218571781e-16,
        1.0,
        -8.88178794854848e-18
      ],
      [
        -0.707106779455507,
        0.707106782917588,
        -1.12490104311811e-19,
        -0.032
      ],
      [
        -0.707106782917588,
        -0.707106779455507,
        -2.21933611226853e-16,
        0.4582299087
      ],
      [
        0.0,
        0.0,
        0.0,
        1.0
      ]
    ],
    "1": [
      [
        1.57010304371283e-16,
        1.56847194673681e-16,
        1.0,
        8.88178794854848e-18
      ],
      [
        0.707106779455507,
        -0.707106782917588,
        -1.15335429951859e-19,
        0.032
      ],
      [
        0.707106782917588,
        0.707106779455507,
        -2.21930765901227e-16,
        0.5382299087
      ],
      [
        0.0,
        0.0,
        0.0,
        1.0
      ]
    ],
    "2": [
      [
        -1.57010277025861e-16,
        1.56885357067105e-16,
        1.0,
        -8.88178044545402e-18
      ],
      [
        0.707106779455507,
        0.707106782917588,
        8.83312065760942e-20,
        0.032
      ],
      [
        -0.707106782917588,
        0.707106779455507,
        -2.21957731452204e-16,
        0.4582299087
      ],
      [
        0.0,
        0.0,
        0.0,
        1.0
      ]
    ],
    "3": [
      [
        1.57010277025861e-16,
        -1.56850671508557e-16,
        1.0,
        8.88178044545402e-18
      ],
      [
        -0.707106779455507,
        -0.707106782917588,
        1.12857600294302e-19,
        -0.032
      ],
      [
        0.707106782917588,
        -0.707106779455507,
        -2.21933205058606e-16,
        0.5382299087
      ],
      [
        0.0,
        0.0,
        0.0,
        1.0
      ]
    ]
  },
  "T_WP": {
    "0": [
      [
        -1.0,
        -1.56851218571781e-16,
        -9.57779644139155e-17,
        -1.98725092545383e-17
      ],
      [
        -4.31853126014672e-17,
        0.707106782917588,
        -0.707106779455507,
        -0.0814974745618855
      ],
      [
        1.78635808309083e-16,
        -0.707106779455507,
        -0.707106782917588,
        0.408732433895769
      ],
      [
        0.0,
        0.0,
        0.0,
        1.0
      ]
    ],
    "1": [
      [
        -1.0,
        1.56847194673681e-16,
        2.18242644328651e-16,
        1.98725092545383e-17
      ],
      [
        4.34131381357309e-17,
        -0.707106782917588,
        0.707106779455507,
        0.0814974745618855
      ],
      [
        2.65228568818997e-16,
        0.707106779455507,
        0.707106782917588,
        0.587727383504231
      ],
      [
        0.0,
        0.0,
        0.0,
        1.0
      ]
    ],
    "2": [
      [
        -1.0,
        1.56885357067105e-16,
        -9.57779370684934e-17,
        -1.98724998372643e-17
      ],
      [
        4.32094714992029e-17,
        0.707106782917588,
        0.707106779455507,
        0.0814974745618855
      ],
      [
        1.78659928534433e-16,
        0.707106779455507,
        -0.707106782917588,
        0.408732433895769
      ],
      [
        0.0,
        0.0,
        0.0,
        1.0
      ]
    ],
    "3": [
      [
        -1.0,
        -1.56850671508557e-16,
        2.18242616983229e-16,
        1.98724998372643e-17
      ],
      [
        -4.34106603060733e-17,
        -0.707106782917588,
        -0.707106779455507,
        -0.0814974745618855
      ],
      [
        2.65231007976376e-16,
        -0.707106779455507,
        0.707106782917588,
        0.587727383504231
      ],
      [
        0.0,
        0.0,
        0.0,
        1.0
      ]
    ]
  },
  "simTime": 0.0189999999999999,
  "state": [
    -1.66639363593948e-37,
    1.82770612005251e-22,
    0.4982299087,
    0.707106781186548,
    -2.46481184488093e-21,
    0.707106781186548,
    -2.54771011006174e-21,
    1.07268595754445e-35,
    1.82795706083434e-20,
    -0.186325399999999,
    1.758717559211e-20,
    -2.83040059202156e-19,
    2.58095228665206e-19,
    1.0,
    7.89720069816443e-20,
    4.87610136304254e-22,
    -1.10666669697038e-21,
    1.0,
    -8.09839560314806e-20,
    -4.87610136304238e-22,
    1.16866459794581e-21,
    1.0,
    -6.1985657584952e-20,
    5.56835690193309e-22,
    9.43454883245915e-22,
    1.0,
    7.9328436858692e-20,
    -5.5683569019329e-22,
    -1.04186184464333e-21,
    1.39265562490184e-17,
    1.49904928100448e-19,
    -3.78230844690648e-19,
    -1.24972582239733e-17,
    -1.49904928100444e-19,
    3.94978296729428e-19,
    -8.70888701647087e-18,
    1.69054102357983e-19,
    3.21855273831525e-19,
    1.39860418435918e-17,
    -1.69054102357978e-19,
    -3.60762693902954e-19
  ]
}