{
  "T_WB": [
    [
      0.87114757498298,
      -0.00185894822336449,
      0.491017766392191,
      -0.036486395394612
    ],
    [
      0.00147712179587773,
      0.999998230161144,
      0.00116524065329909,
      4.04527950352379e-05
    ],
    [
      -0.491019063491911,
      -0.000289803524491984,
      0.871148779085091,
      0.353926455071497
    ],
    [
      0.0,
      0.0,
      0.0,
      1.0
    ]
  ],
  "T_WH": {
    "0": [
      [
        0.25912623295534,
        0.890150547600776,
        -0.374814084581161,
        -0.00158100605214516
      ],
      [
        -0.784749589263349,
        -0.03218774934407,
        -0.618976599673339,
        -0.0319004056982863
      ],
      [
        -0.563046780956414,
        0.454528273486042,
        0.690204586377414,
        0.334294966244604
      ],
      [
        0.0,
        0.0,
        0.0,
        1.0
      ]
    ],
    "1": [
      [
        -0.603068740232423,
        -0.564005546941098,
        0.564097365331688,
        -0.0713917847370789
      ],
      [
        0.706794373336634,
        -0.705643046025999,
        0.0500959620610834,
        0.0319813112883567
      ],
      [
        0.369796982646091,
        0.428912152561365,
        0.824187209929287,
        0.37355794389839
      ],
      [
        0.0,
        0.0,
        0.0,
        1.0
      ]
    ],
    "2": [
      [
        0.256594712501944,
        -0.889614518157802,
        -0.377816308010794,
        -0.00169997873844048
      ],
      [
        0.785078465116418,
        -0.036163797321638,
        0.618339699011578,
        0.0320994810320269
      ],
      [
        -0.563747245781737,
        -0.45527814448548,
        0.689137761283884,
        0.334276418819037
      ],
      [
        0.0,
        0.0,
        0.0,
        1.0
      ]
    ],
    "3": [
      [
        -0.600745640437904,
        0.566276463398824,
        0.564301021171655,
        -0.0712728120507836
      ],
      [
        -0.708543233271177,
        -0.70404718555113,
        -0.047791705380316,
        -0.0320185754419565
      ],
      [
        0.370231227856968,
        -0.428542328735509,
        0.824184633684388,
        0.373576491323957
      ],
      [
        0.0,
        0.0,
        0.0,
        1.0
      ]
    ]
  },
  "T_WP": {
    "0": [
      [
        0.374814084581161,
        0.890150547600776,
        0.25912623295534,
        0.0165578302547287
      ],
      [
        0.618976599673339,
        -0.03218774934407,
        -0.784749589263349,
        -0.0868328769467207
      ],
      [
        -0.690204586377414,
        0.454528273486042,
        -0.563046780956414,
        0.294881691577655
      ],
      [
        0.0,
        0.0,
        0.0,
        1.0
      ]
    ],
    "1": [
      [
        -0.564097365331688,
        -0.564005546941098,
        -0.603068740232423,
        -0.113606596553349
      ],
      [
        -0.0500959620610833,
        -0.705643046025999,
        0.706794373336634,
        0.0814569174219211
      ],
      [
        -0.824187209929287,
        0.428912152561365,
        0.369796982646091,
        0.399443732683616
      ],
      [
        0.0,
        0.0,
        0.0,
        1.0
      ]
    ],
    "2": [
      [
        0.377816308010794,
        -0.889614518157802,
        0.256594712501944,
        0.0162616511366956
      ],
      [
        -0.618339699011578,
        -0.036163797321638,
        0.785078465116418,
        0.0870549735901762
      ],
      [
        -0.689137761283884,
        -0.45527814448548,
        -0.563747245781737,
        0.294814111614315
      ],
      [
        0.0,
        0.0,
        0.0,
        1.0
      ]
    ],
    "3": [
      [
        -0.564301021171655,
        0.566276463398824,
        -0.600745640437904,
        -0.113325006881437
      ],
      [
        0.0477917053803159,
        -0.70404718555113,
        -0.708543233271177,
        -0.0816166017709389
      ],
      [
        -0.824184633684388,
        -0.428542328735509,
        0.370231227856968,
        0.399492677273945
      ],
      [
        0.0,
        0.0,
        0.0,
        1.0
      ]
    ]
  },
  "simTime": 0.478999999999964,
  "state": [
    -0.036486395394612,
    4.04527950352379e-05,
    0.353926455071497,
    0.967250560122507,
    -0.000376077367586841,
    0.25382172685424,
    0.000862255902653519,
    -0.252192122191053,
    9.86818679698341e-05,
    0.218764023092658,
    -0.0110927395932392,
    -4.48934459612916,
    0.00199954545398864,
    0.820424368230112,
    0.530672139960851,
    0.100660092186238,
    -0.187505951171292,
    0.998756697600875,
    0.0480029264817679,
    -0.0134453379742126,
    -3.05506118958706e-05,
    0.820171796768559,
    -0.531113729818493,
    0.100719654844168,
    0.187328537366292,
    0.998752602497484,
    -0.0481085513726583,
    -0.0133708459766544,
    -0.000163606833672112,
    -1.4610161162264,
    -1.22017371059241,
    -5.59133995439602,
    0.0253117855270734,
    0.301482487492965,
    -0.599125652976578,
    1.45970232588618,
    -1.21975650013484,
    5.59660568958973,
    -0.0285196058806258,
    0.300804278490562,
    0.599714788798339
  ]
}