{
  "T_WB": [
    [
      0.575948370553262,
      -0.00102336039597561,
      0.817485429344488,
      -0.0161044384948655
    ],
    [
      0.000781477602103976,
      0.999999448764078,
      0.000701259080258622,
      2.27053121917058e-05
    ],
    [
      -0.817485696357924,
      0.000234957528468437,
      0.57594885280306,
      0.293055503023759
    ],
    [
      0.0,
      0.0,
      0.0,
      1.0
    ]
  ],
  "T_WH": {
    "0": [
      [
        0.48655251427964,
        0.871916236028762,
        -0.0550338822689963,
        0.00696624385993622
      ],
      [
        -0.681293266512938,
        0.339237608005329,
        -0.648658099709665,
        -0.0319460179441746
      ],
      [
        -0.546905966188239,
        0.353100442741524,
        0.759087571682905,
        0.260348556528531
      ],
      [
        0.0,
        0.0,
        0.0,
        1.0
      ]
    ],
    "1": [
      [
        -0.373541385735789,
        -0.31806256259995,
        0.871379962711411,
        -0.0391751208496672
      ],
      [
        0.672423820350327,
        -0.73994336778535,
        0.0181664056969046,
        0.031991428568558
      ],
      [
        0.638993770680167,
        0.592722547860993,
        0.49027231442242,
        0.325762449518987
      ],
      [
        0.0,
        0.0,
        0.0,
        1.0
      ]
    ],
    "2": [
      [
        0.485740957829097,
        -0.872232985011411,
        -0.0571431688424322,
        0.00690074879459378
      ],
      [
        0.682422991508418,
        0.337561549070733,
        0.648344862900654,
        0.0320539467767264
      ],
      [
        -0.54621843849139,
        -0.353923466934662,
        0.759199313095696,
        0.260363593810353
      ],
      [
        0.0,
        0.0,
        0.0,
        1.0
      ]
    ],
    "3": [
      [
        -0.372482719366549,
        0.319497016826136,
        0.871308372513716,
        -0.0391096257843248
      ],
      [
        -0.673215525884717,
        -0.739257198155025,
        -0.016722759453701,
        -0.0320085361523429
      ],
      [
        0.638778114434946,
        -0.592807263126205,
        0.490450883681284,
        0.325747412237165
      ],
      [
        0.0,
        0.0,
        0.0,
        1.0
      ]
    ]
  },
  "T_WP": {
    "0": [
      [
        0.0550338822689963,
        0.871916236028762,
        0.48655251427964,
        0.041024919859511
      ],
      [
        0.648658099709665,
        0.339237608005329,
        -0.681293266512938,
        -0.0796365466000803
      ],
      [
        -0.759087571682905,
        0.353100442741524,
        -0.546905966188239,
        0.222065138895354
      ],
      [
        0.0,
        0.0,
        0.0,
        1.0
      ]
    ],
    "1": [
      [
        -0.871379962711411,
        -0.31806256259995,
        -0.373541385735789,
        -0.0653230178511724
      ],
      [
        -0.0181664056969046,
        -0.73994336778535,
        0.672423820350327,
        0.0790610959930809
      ],
      [
        -0.490272314422419,
        0.592722547860993,
        0.638993770680167,
        0.370492013466599
      ],
      [
        0.0,
        0.0,
        0.0,
        1.0
      ]
    ],
    "2": [
      [
        0.0571431688424322,
        -0.872232985011411,
        0.485740957829097,
        0.0409026158426306
      ],
      [
        -0.648344862900654,
        0.337561549070733,
        0.682422991508418,
        0.0798235561823157
      ],
      [
        -0.759199313095696,
        -0.353923466934662,
        -0.54621843849139,
        0.222128303115956
      ],
      [
        0.0,
        0.0,
        0.0,
        1.0
      ]
    ],
    "3": [
      [
        -0.871308372513716,
        0.319497016826136,
        -0.372482719366549,
        -0.0651834161399832
      ],
      [
        0.016722759453701,
        -0.739257198155025,
        -0.673215525884717,
        -0.0791336229642731
      ],
      [
        -0.490450883681284,
        -0.592807263126205,
        0.638778114434946,
        0.370461880247611
      ],
      [
        0.0,
        0.0,
        0.0,
        1.0
      ]
    ]
  },
  "simTime": 0.387999999999974,
  "state": [
    -0.0161044384948655,
    2.27053121917058e-05,
    0.293055503023759,
    0.887679090679791,
    -0.000131326049212528,
    0.460462328917295,
    0.000508302498343581,
    -0.195918492948999,
    0.000275835525843198,
    1.11607721253932,
    -0.0100639646878019,
    -5.22064251093389,
    0.00428298720470761,
    0.833416466256442,
    0.550880211932408,
    -0.0255992419062647,
    0.0359536463763377,
    0.998393424502884,
    0.0412231842330247,
    -0.030629714448673,
    0.0239382452131894,
    0.833180598955122,
    -0.551209348413439,
    -0.0258416834778433,
    -0.0362015350703103,
    0.998393952392463,
    -0.0411828718006077,
    -0.0305216834325886,
    -0.0241228882361332,
    1.11253325734521,
    0.297546278105783,
    -5.33928088978333,
    0.254192655378268,
    0.381880799865702,
    -0.470168392740752,
    -1.11559903988232,
    0.301339595275889,
    5.34296897282253,
    -0.257377513602521,
    0.381027986245359,
    0.469214322333626
  ]
}