{
  "T_WB": [
    [
      0.988138191854986,
      -0.00229595810568922,
      -0.15355012984018,
      -0.00346339105967904
    ],
    [
      0.00235120107994487,
      0.999997220048474,
      0.000178181944982476,
      -2.42353001994493e-06
    ],
    [
      0.153549293879982,
      -0.000537095616042095,
      0.988140843137889,
      0.165076749913319
    ],
    [
      0.0,
      0.0,
      0.0,
      1.0
    ]
  ],
  "T_WH": {
    "0": [
      [
        0.702387012969492,
        0.630012484749267,
        -0.33126538163812,
        0.0395989983335815
      ],
      [
        -0.709981428993175,
        0.653304164673848,
        -0.262906901591828,
        -0.0319058629983534
      ],
      [
        0.050782423106857,
        0.41985466232955,
        0.906169524991619,
        0.00615915881491261
      ],
      [
        0.0,
        0.0,
        0.0,
        1.0
      ]
    ],
    "1": [
      [
        -0.609031502732399,
        -0.720045897220576,
        -0.332587634429382,
        -0.0395989983335815
      ],
      [
        0.757965848187644,
        -0.651877199546185,
        0.023321442772876,
        0.0319058629983534
      ],
      [
        -0.23359880492139,
        -0.237886575089136,
        0.942783949657428,
        -0.00615915881491261
      ],
      [
        0.0,
        0.0,
        0.0,
        1.0
      ]
    ],
    "2": [
      [
        0.697851597161194,
        -0.634417389078766,
        -0.332442062281612,
        0.0394520570148174
      ],
      [
        0.714482739428716,
        0.64912418833926,
        0.261059769346668,
        0.032093959084749
      ],
      [
        0.0501753265859633,
        -0.419705092353403,
        0.906272625678727,
        0.00612478469548592
      ],
      [
        0.0,
        0.0,
        0.0,
        1.0
      ]
    ],
    "3": [
      [
        -0.608715916914071,
        0.720487362323907,
        -0.332209110692346,
        -0.0394520570148174
      ],
      [
        -0.758221527014357,
        -0.651563053472994,
        -0.023784518514466,
        -0.032093959084749
      ],
      [
        -0.233591627562885,
        0.23741008420134,
        0.942905829577925,
        -0.00612478469548592
      ],
      [
        0.0,
        0.0,
        0.0,
        1.0
      ]
    ]
  },
  "T_WP": {
    "0": [
      [
        0.33126538163812,
        0.630012484749267,
        0.702387012969492,
        0.0887660892414459
      ],
      [
        0.262906901591827,
        0.653304164673848,
        -0.709981428993175,
        -0.0816045630278757
      ],
      [
        -0.906169524991619,
        0.41985466232955,
        0.050782423106857,
        0.0097139284323926
      ],
      [
        0.0,
        0.0,
        0.0,
        1.0
      ]
    ],
    "1": [
      [
        0.332587634429382,
        -0.720045897220576,
        -0.609031502732399,
        -0.0822312035248494
      ],
      [
        -0.023321442772876,
        -0.651877199546185,
        0.757965848187644,
        0.0849634723714885
      ],
      [
        -0.942783949657428,
        -0.237886575089136,
        -0.23359880492139,
        -0.0225110751594099
      ],
      [
        0.0,
        0.0,
        0.0,
        1.0
      ]
    ],
    "2": [
      [
        0.332442062281612,
        -0.634417389078766,
        0.697851597161194,
        0.088301668816101
      ],
      [
        -0.261059769346668,
        0.64912418833926,
        0.714482739428716,
        0.0821077508447591
      ],
      [
        -0.906272625678727,
        -0.419705092353403,
        0.0501753265859633,
        0.00963705755650335
      ],
      [
        0.0,
        0.0,
        0.0,
        1.0
      ]
    ],
    "3": [
      [
        0.332209110692346,
        0.720487362323907,
        -0.608715916914071,
        -0.0820621711988024
      ],
      [
        0.023784518514466,
        -0.651563053472994,
        -0.758221527014357,
        -0.085169465975754
      ],
      [
        -0.942905829577925,
        0.23741008420134,
        -0.233591627562885,
        -0.0224761986248879
      ],
      [
        0.0,
        0.0,
        0.0,
        1.0
      ]
    ]
  }
}