{
  "T_WB": [
    [
      0.917100088746491,
      -0.00104063638082101,
      0.398655671346966,
      -0.00220788934727603
    ],
    [
      0.00153450923465773,
      0.999998399668732,
      -0.000919750717680677,
      -1.44386675797151e-05
    ],
    [
      -0.398654076239773,
      0.00145524427394019,
      0.91710021794868,
      0.47344919800472
    ],
    [
      0.0,
      0.0,
      0.0,
      1.0
    ]
  ],
  "T_WH": {
    "0": [
      [
        0.774632056274392,
        0.537801422920959,
        0.332738345996218,
        0.0345094145667699
      ],
      [
        -0.532719392185283,
        0.838445784312231,
        -0.114972674835328,
        -0.0319530070875928
      ],
      [
        -0.340815531603022,
        -0.0881946499127842,
        0.935984229111213,
        0.457456467138363
      ],
      [
        0.0,
        0.0,
        0.0,
        1.0
      ]
    ],
    "1": [
      [
        -0.5934256067028,
        -0.687461229160613,
        0.418620481713918,
        -0.038925193261322
      ],
      [
        0.761006917911192,
        -0.648600178068548,
        0.0136484394989188,
        0.0319241297524334
      ],
      [
        0.262134545988737,
        0.326672416053799,
        0.90805870536483,
        0.489441928871077
      ],
      [
        0.0,
        0.0,
        0.0,
        1.0
      ]
    ],
    "2": [
      [
        0.773303511733528,
        -0.540172138683036,
        0.331987559000617,
        0.0344428138383974
      ],
      [
        0.535800627445795,
        0.836703022340322,
        0.113339049031053,
        0.032046890491206
      ],
      [
        -0.338997590506608,
        0.0902336577844765,
        0.936449956288935,
        0.457549602771896
      ],
      [
        0.0,
        0.0,
        0.0,
        1.0
      ]
    ],
    "3": [
      [
        -0.59199744756637,
        0.68866650835378,
        0.41866151285581,
        -0.0388585925329494
      ],
      [
        -0.762851279320119,
        -0.646389910092817,
        -0.0154275652601979,
        -0.0320757678263655
      ],
      [
        0.259994130154049,
        -0.328509549940352,
        0.908011303830204,
        0.489348793237545
      ],
      [
        0.0,
        0.0,
        0.0,
        1.0
      ]
    ]
  },
  "T_WP": {
    "0": [
      [
        -0.332738345996218,
        0.537801422920959,
        0.774632056274392,
        0.0887336585059773
      ],
      [
        0.114972674835328,
        0.838445784312231,
        -0.532719392185283,
        -0.0692433645405626
      ],
      [
        -0.935984229111213,
        -0.0881946499127842,
        -0.340815531603022,
        0.433599379926152
      ],
      [
        0.0,
        0.0,
        0.0,
        1.0
      ]
    ],
    "1": [
      [
        -0.418620481713918,
        -0.687461229160613,
        -0.5934256067028,
        -0.080464985730518
      ],
      [
        -0.0136484394989188,
        -0.648600178068548,
        0.761006917911192,
        0.0851946140062169
      ],
      [
        -0.90805870536483,
        0.326672416053799,
        0.262134545988737,
        0.507791347090289
      ],
      [
        0.0,
        0.0,
        0.0,
        1.0
      ]
    ],
    "2": [
      [
        -0.331987559000617,
        -0.540172138683036,
        0.773303511733528,
        0.0885740596597443
      ],
      [
        -0.113339049031053,
        0.836703022340322,
        0.535800627445795,
        0.0695529344124117
      ],
      [
        -0.936449956288935,
        0.0902336577844765,
        -0.338997590506608,
        0.433819771436433
      ],
      [
        0.0,
        0.0,
        0.0,
        1.0
      ]
    ],
    "3": [
      [
        -0.41866151285581,
        0.68866650835378,
        -0.59199744756637,
        -0.0802984138625953
      ],
      [
        0.0154275652601979,
        -0.646389910092817,
        -0.762851279320119,
        -0.0854753573787738
      ],
      [
        -0.908011303830204,
        -0.328509549940352,
        0.259994130154049,
        0.507548382348329
      ],
      [
        0.0,
        0.0,
        0.0,
        1.0
      ]
    ]
  }
}