{
  "T_WB": [
    [
      -0.994388539004405,
      0.0691824798063695,
      0.0800326057586935,
      -0.221286367989163
    ],
    [
      0.0666537868619145,
      0.997201798358828,
      -0.0338503478104055,
      -0.000693183162865666
    ],
    [
      -0.0821505093937443,
      -0.0283259216577365,
      -0.996217313626193,
      0.18233451048387
    ],
    [
      0.0,
      0.0,
      0.0,
      1.0
    ]
  ],
  "T_WH": {
    "0": [
      [
        -0.793582024596111,
        -0.384572806630846,
        -0.47152022929882,
        -0.263275748903143
      ],
      [
        -0.510233336241633,
        0.842792866444434,
        0.171353806080011,
        -0.0299374892358716
      ],
      [
        0.331495871506222,
        0.376568640051782,
        -0.865047135423199,
        0.179954919601168
      ],
      [
        0.0,
        0.0,
        0.0,
        1.0
      ]
    ],
    "1": [
      [
        0.67924113125536,
        0.660187244125627,
        0.320599888185804,
        -0.179296987075183
      ],
      [
        0.732407771741677,
        -0.637734161758114,
        -0.238482692913066,
        0.0285511229101403
      ],
      [
        0.0470142691459838,
        0.396797103845891,
        -0.916701541875099,
        0.184714101366572
      ],
      [
        0.0,
        0.0,
        0.0,
        1.0
      ]
    ],
    "2": [
      [
        -0.71494518314224,
        0.490682542253646,
        -0.498080342745233,
        -0.258848070195535
      ],
      [
        0.631325085884173,
        0.759192646969612,
        -0.158288220410162,
        0.0338834258590934
      ],
      [
        0.300469667412621,
        -0.427618015891255,
        -0.852561324158079,
        0.178142060615073
      ],
      [
        0.0,
        0.0,
        0.0,
        1.0
      ]
    ],
    "3": [
      [
        0.565254442924649,
        -0.743456735162838,
        0.35743460617987,
        -0.18372466578279
      ],
      [
        -0.819325243897776,
        -0.556346780185547,
        0.138507779164289,
        -0.0352697921848247
      ],
      [
        0.0958830509829224,
        -0.371147333438068,
        -0.923610360171441,
        0.186526960352668
      ],
      [
        0.0,
        0.0,
        0.0,
        1.0
      ]
    ]
  },
  "T_WP": {
    "0": [
      [
        0.47152022929882,
        -0.384572806630846,
        -0.793582024596111,
        -0.318826490624871
      ],
      [
        -0.171353806080011,
        0.842792866444434,
        -0.510233336241633,
        -0.0656538227727859
      ],
      [
        0.865047135423199,
        0.376568640051782,
        0.331495871506222,
        0.203159630606604
      ],
      [
        0.0,
        0.0,
        0.0,
        1.0
      ]
    ],
    "1": [
      [
        -0.320599888185804,
        0.660187244125627,
        0.67924113125536,
        -0.131750107887308
      ],
      [
        0.238482692913066,
        -0.637734161758114,
        0.732407771741677,
        0.0798196669320576
      ],
      [
        0.916701541875099,
        0.396797103845891,
        0.0470142691459838,
        0.188005100206791
      ],
      [
        0.0,
        0.0,
        0.0,
        1.0
      ]
    ],
    "2": [
      [
        0.498080342745232,
        0.490682542253646,
        -0.71494518314224,
        -0.308894233015492
      ],
      [
        0.158288220410162,
        0.759192646969612,
        0.631325085884173,
        0.0780761818709855
      ],
      [
        0.852561324158079,
        -0.427618015891255,
        0.300469667412621,
        0.199174937333956
      ],
      [
        0.0,
        0.0,
        0.0,
        1.0
      ]
    ],
    "3": [
      [
        -0.35743460617987,
        -0.743456735162838,
        0.565254442924649,
        -0.144156854778065
      ],
      [
        -0.138507779164289,
        -0.556346780185547,
        -0.819325243897776,
        -0.0926225592576691
      ],
      [
        0.923610360171441,
        -0.371147333438068,
        0.0958830509829224,
        0.193238773921472
      ],
      [
        0.0,
        0.0,
        0.0,
        1.0
      ]
    ]
  },
  "simTime": 0.995499999999907,
  "state": [
    -0.221286367989163,
    -0.000693183162865666,
    0.18233451048387,
    0.0406077139476928,
    0.034010940383058,
    0.998474793245857,
    -0.0155678114982799,
    -0.448458020691497,
    -0.00492687304128891,
    -0.485743168010142,
    0.465392464122806,
    12.8300648588829,
    -0.264779260347609,
    0.947938511182015,
    -0.247750231058949,
    0.171758684150625,
    0.10262239739505,
    0.985412545614109,
    -0.161963689657456,
    0.0168880499460794,
    -0.0494436239355882,
    0.946876979246649,
    0.2510249490759,
    0.171960975544515,
    -0.104114763621503,
    0.98450411396935,
    0.166040982510464,
    0.0203256732343283,
    0.0526204210545358,
    0.866725810793935,
    -1.87081525931615,
    2.56532934322936,
    -0.906747554882402,
    -0.599357198927698,
    1.38963256274633,
    -0.829822534041335,
    -1.86891975377647,
    -2.61150803299947,
    0.909647075685352,
    -0.608306809544007,
    -1.45438267701544
  ]
}