{
  "T_WB": [
    [
      0.996988743137558,
      -0.00234846802848786,
      -0.0775108428215825,
      -0.0839785503557596
    ],
    [
      0.00250004718245508,
      0.999995147658595,
      0.0018586079064175,
      2.62029181326924e-05
    ],
    [
      0.0775061018312648,
      -0.00204679192481053,
      0.996989776688677,
      0.259602929336929
    ],
    [
      0.0,
      0.0,
      0.0,
      1.0
    ]
  ],
  "T_WH": {
    "0": [
      [
        -0.13548765774048,
        0.941932426339219,
        -0.307256242915762,
        -0.0440238496533457
      ],
      [
        -0.825472703456113,
        -0.278823230531185,
        -0.490767176943415,
        -0.0318736399196442
      ],
      [
        -0.547939695996607,
        0.187138746193471,
        0.815316612871516,
        0.262768670751773
      ],
      [
        0.0,
        0.0,
        0.0,
        1.0
      ]
    ],
    "1": [
      [
        -0.637769608123299,
        -0.769321002844933,
        -0.0373513257585238,
        -0.123933251058174
      ],
      [
        0.767416072175733,
        -0.638833696145418,
        0.0544433727422768,
        0.0319260457559095
      ],
      [
        -0.0657457156065981,
        0.00605832079459003,
        0.997818018292176,
        0.256437187922084
      ],
      [
        0.0,
        0.0,
        0.0,
        1.0
      ]
    ],
    "2": [
      [
        -0.139277047113818,
        -0.940495926824585,
        -0.30995050536113,
        -0.0441741516071689
      ],
      [
        0.822129289315195,
        -0.28429819854518,
        0.493232162327293,
        0.0321260495305059
      ],
      [
        -0.552001209960039,
        -0.186123469584923,
        0.812805461517283,
        0.262637676068585
      ],
      [
        0.0,
        0.0,
        0.0,
        1.0
      ]
    ],
    "3": [
      [
        -0.634229526344941,
        0.772271402353695,
        -0.0367394749408443,
        -0.12378294910435
      ],
      [
        -0.770596878272447,
        -0.635279990052807,
        -0.0509880911121901,
        -0.0320736436942406
      ],
      [
        -0.0627164979015139,
        -0.00402682817653364,
        0.998023259020453,
        0.256568182605272
      ],
      [
        0.0,
        0.0,
        0.0,
        1.0
      ]
    ]
  },
  "T_WP": {
    "0": [
      [
        0.307256242915762,
        0.941932426339219,
        -0.13548765774048,
        -0.0535079856951793
      ],
      [
        0.490767176943415,
        -0.278823230531185,
        -0.825472703456113,
        -0.0896567291615721
      ],
      [
        -0.815316612871516,
        0.187138746193471,
        -0.547939695996607,
        0.224412892032011
      ],
      [
        0.0,
        0.0,
        0.0,
        1.0
      ]
    ],
    "1": [
      [
        0.0373513257585237,
        -0.769321002844933,
        -0.637769608123299,
        -0.168577123626804
      ],
      [
        -0.0544433727422767,
        -0.638833696145418,
        0.767416072175733,
        0.0856451708082108
      ],
      [
        -0.997818018292176,
        0.00605832079459003,
        -0.0657457156065981,
        0.251834987829622
      ],
      [
        0.0,
        0.0,
        0.0,
        1.0
      ]
    ],
    "2": [
      [
        0.30995050536113,
        -0.940495926824585,
        -0.139277047113818,
        -0.0539235449051361
      ],
      [
        -0.493232162327293,
        -0.28429819854518,
        0.822129289315195,
        0.0896750997825696
      ],
      [
        -0.812805461517283,
        -0.186123469584923,
        -0.552001209960039,
        0.223997591371383
      ],
      [
        0.0,
        0.0,
        0.0,
        1.0
      ]
    ],
    "3": [
      [
        0.0367394749408442,
        0.772271402353695,
        -0.634229526344941,
        -0.168179015948496
      ],
      [
        0.05098809111219,
        -0.635279990052807,
        -0.770596878272447,
        -0.0860154251733119
      ],
      [
        -0.998023259020453,
        -0.00402682817653364,
        -0.0627164979015138,
        0.252178027752166
      ],
      [
        0.0,
        0.0,
        0.0,
        1.0
      ]
    ]
  },
  "simTime": 0.639499999999946,
  "state": [
    -0.0839785503557596,
    2.62029181326924e-05,
    0.259602929336929,
    0.999246424497585,
    -0.000977086266080871,
    -0.0387834624303982,
    0.00121304292216526,
    -0.330648737075904,
    -0.000258900549491308,
    -1.39966302481556,
    -0.01182643825575,
    -2.86335509614981,
    0.000294867246180186,
    0.831602368374473,
    0.190455482705172,
    0.214111587522047,
    -0.475731476896679,
    0.998382586962548,
    0.0325647566998083,
    0.00584758009914499,
    -0.0462336725562285,
    0.831445847607356,
    -0.190748361901181,
    0.214394658509094,
    0.475760228824636,
    0.998375182833639,
    -0.0328529410962663,
    0.00589243513033667,
    0.0461839557796695,
    -4.87039434617274,
    -2.46384192673107,
    -2.28945019354162,
    -0.418578136186525,
    0.117837243607315,
    -0.499778139884413,
    4.87231310218539,
    -2.46631846909573,
    2.29115793504345,
    0.417395472965033,
    0.117486466582918,
    0.502643633773757
  ]
}