{
  "T_WB": [
    [
      -0.966429742139896,
      0.0611775115888833,
      -0.249541310374069,
      -0.232688215453354
    ],
    [
      0.0691334211922279,
      0.997336813818064,
      -0.0232346697305855,
      -0.000845844079563767
    ],
    [
      0.247455296127751,
      -0.0397063203913864,
      -0.968085370480984,
      0.166585297840662
    ],
    [
      0.0,
      0.0,
      0.0,
      1.0
    ]
  ],
  "T_WH": {
    "0": [
      [
        -0.692250626494829,
        -0.213973024161999,
        -0.689205785704448,
        -0.273303085509794
      ],
      [
        -0.449754178814033,
        0.874795636770132,
        0.180149306208086,
        -0.0299952852740527
      ],
      [
        0.564367122320951,
        0.434681652268541,
        -0.701813089379402,
        0.177754111938296
      ],
      [
        0.0,
        0.0,
        0.0,
        1.0
      ]
    ],
    "1": [
      [
        0.689240568503579,
        0.724480547284443,
        0.00868189698731697,
        -0.192073345396914
      ],
      [
        0.7022626796413,
        -0.665059409826626,
        -0.254013996039747,
        0.0283035971149252
      ],
      [
        -0.178254221582224,
        0.181173723280984,
        -0.967161576201527,
        0.155416483743028
      ],
      [
        0.0,
        0.0,
        0.0,
        1.0
      ]
    ],
    "2": [
      [
        -0.629772555674766,
        0.309103760614873,
        -0.712629913273795,
        -0.269387724768105
      ],
      [
        0.571327418857768,
        0.805886320860476,
        -0.155345480498422,
        0.0338342708103034
      ],
      [
        0.526280826726752,
        -0.504977329217569,
        -0.684124541582962,
        0.175212907433248
      ],
      [
        0.0,
        0.0,
        0.0,
        1.0
      ]
    ],
    "3": [
      [
        0.59444925775314,
        -0.802807299311331,
        0.0461575576605635,
        -0.195988706138602
      ],
      [
        -0.796344390830132,
        -0.579751127495222,
        0.172407196373597,
        -0.0355259589694309
      ],
      [
        -0.111649859606388,
        -0.139244642052993,
        -0.983943717145147,
        0.157957688248076
      ],
      [
        0.0,
        0.0,
        0.0,
        1.0
      ]
    ]
  },
  "T_WP": {
    "0": [
      [
        0.689205785704448,
        -0.213973024161999,
        -0.692250626494829,
        -0.321760629364432
      ],
      [
        -0.180149306208086,
        0.874795636770132,
        -0.449754178814033,
        -0.061478077791035
      ],
      [
        0.701813089379402,
        0.434681652268541,
        0.564367122320951,
        0.217259810500763
      ],
      [
        0.0,
        0.0,
        0.0,
        1.0
      ]
    ],
    "1": [
      [
        -0.00868189698731693,
        0.724480547284443,
        0.689240568503579,
        -0.143826505601663
      ],
      [
        0.254013996039747,
        -0.665059409826626,
        0.7022626796413,
        0.0774619846898162
      ],
      [
        0.967161576201527,
        0.181173723280984,
        -0.178254221582224,
        0.142938688232272
      ],
      [
        0.0,
        0.0,
        0.0,
        1.0
      ]
    ],
    "2": [
      [
        0.712629913273795,
        0.309103760614873,
        -0.629772555674766,
        -0.313471803665339
      ],
      [
        0.155345480498422,
        0.805886320860476,
        0.571327418857768,
        0.0738271901303472
      ],
      [
        0.684124541582962,
        -0.504977329217569,
        0.526280826726752,
        0.21205256530412
      ],
      [
        0.0,
        0.0,
        0.0,
        1.0
      ]
    ],
    "3": [
      [
        -0.0461575576605635,
        -0.802807299311331,
        0.59444925775314,
        -0.154377258095882
      ],
      [
        -0.172407196373597,
        -0.579751127495222,
        -0.796344390830132,
        -0.0912700663275402
      ],
      [
        0.983943717145147,
        -0.139244642052993,
        -0.111649859606388,
        0.150142198075629
      ],
      [
        0.0,
        0.0,
        0.0,
        1.0
      ]
    ]
  },
  "simTime": 1.0214999999999,
  "state": [
    -0.232688215453354,
    -0.000845844079563767,
    0.166585297840662,
    -0.125321288292518,
    0.0328588440264707,
    0.991444895901802,
    -0.0158710258084293,
    -0.427877070791083,
    -0.00685825564017738,
    -0.727025300986099,
    0.464366831341549,
    12.7260848156468,
    -0.277011018134084,
    0.95138365593517,
    -0.226423426315143,
    0.158509107216307,
    0.135928047748174,
    0.984457848667068,
    -0.172662339898389,
    0.0131343175577839,
    -0.029290788328649,
    0.950142635588163,
    0.229929820727537,
    0.158955326245001,
    -0.138182682837351,
    0.983621260114747,
    0.176667383020133,
    0.0167301419291766,
    0.031590422253015,
    1.27309419658982,
    -1.76499935192748,
    2.2848349657237,
    -0.758760870400365,
    -0.552747671268839,
    1.53435383950357,
    -1.24769482265115,
    -1.77207217256156,
    -2.34295028210659,
    0.755181337670545,
    -0.558935415275135,
    -1.59579724879045
  ]
}