{
  "T_WB": [
    [
      -0.904623194582236,
      0.0550943222384211,
      -0.4226363584465,
      -0.238799593396389
    ],
    [
      0.0688023791293519,
      0.997481400469344,
      -0.0172362508643113,
      -0.000953673104155525
    ],
    [
      0.420622287153178,
      -0.0446706992871789,
      -0.906135431475463,
      0.155045696348034
    ],
    [
      0.0,
      0.0,
      0.0,
      1.0
    ]
  ],
  "T_WH": {
    "0": [
      [
        -0.602312864747157,
        -0.125862710769493,
        -0.788275200039827,
        -0.276747539491307
      ],
      [
        -0.419602207504059,
        0.889981790353722,
        0.17851162510185,
        -0.0301209827540005
      ],
      [
        0.679082616783697,
        0.438281862363181,
        -0.588859753002078,
        0.173300050211351
      ],
      [
        0.0,
        0.0,
        0.0,
        1.0
      ]
    ],
    "1": [
      [
        0.661999050614764,
        0.730750341883632,
        -0.166616910372585,
        -0.20085164730147
      ],
      [
        0.685153640284991,
        -0.680138808583436,
        -0.260721480248422,
        0.0282136365456894
      ],
      [
        -0.303844937738604,
        0.0584391897245169,
        -0.950927502449564,
        0.136791342484717
      ],
      [
        0.0,
        0.0,
        0.0,
        1.0
      ]
    ],
    "2": [
      [
        -0.549115312036987,
        0.211686238312363,
        -0.808493234724747,
        -0.273221502868049
      ],
      [
        0.538343962555854,
        0.82954978671598,
        -0.148434933014887,
        0.0337178268760376
      ],
      [
        0.639263757823157,
        -0.516755346240979,
        -0.569478498334381,
        0.170441125456971
      ],
      [
        0.0,
        0.0,
        0.0,
        1.0
      ]
    ],
    "3": [
      [
        0.580296580203585,
        -0.803864799256168,
        -0.130603459069292,
        -0.204377683924729
      ],
      [
        -0.781033622569486,
        -0.594751458259135,
        0.190413191020524,
        -0.0356251730843486
      ],
      [
        -0.230743059310588,
        -0.00849043081786721,
        -0.972977673518009,
        0.139650267239096
      ],
      [
        0.0,
        0.0,
        0.0,
        1.0
      ]
    ]
  },
  "T_WP": {
    "0": [
      [
        0.788275200039827,
        -0.125862710769493,
        -0.602312864747157,
        -0.318909440023608
      ],
      [
        -0.17851162510185,
        0.889981790353722,
        -0.419602207504059,
        -0.0594931372792846
      ],
      [
        0.588859753002078,
        0.438281862363181,
        0.679082616783697,
        0.220835833386209
      ],
      [
        0.0,
        0.0,
        0.0,
        1.0
      ]
    ],
    "1": [
      [
        0.166616910372585,
        0.730750341883632,
        0.661999050614764,
        -0.154511713758436
      ],
      [
        0.260721480248422,
        -0.680138808583436,
        0.685153640284991,
        0.0761743913656388
      ],
      [
        0.950927502449564,
        0.0584391897245169,
        -0.303844937738604,
        0.115522196843015
      ],
      [
        0.0,
        0.0,
        0.0,
        1.0
      ]
    ],
    "2": [
      [
        0.808493234724747,
        0.211686238312363,
        -0.549115312036987,
        -0.311659574710638
      ],
      [
        0.148434933014887,
        0.82954978671598,
        0.538343962555854,
        0.0714019042549473
      ],
      [
        0.569478498334381,
        -0.516755346240979,
        0.639263757823157,
        0.215189588504592
      ],
      [
        0.0,
        0.0,
        0.0,
        1.0
      ]
    ],
    "3": [
      [
        0.130603459069292,
        -0.803864799256168,
        0.580296580203585,
        -0.163756923310478
      ],
      [
        -0.190413191020524,
        -0.594751458259135,
        -0.781033622569486,
        -0.0902975266642126
      ],
      [
        0.972977673518009,
        -0.00849043081786721,
        -0.230743059310588,
        0.123498253087355
      ],
      [
        0.0,
        0.0,
        0.0,
        1.0
      ]
    ]
  },
  "simTime": 1.0359999999999,
  "state": [
    -0.238799593396389,
    -0.000953673104155525,
    0.155045696348034,
    -0.21605715355644,
    0.0317444342518622,
    0.975735623328246,
    -0.0158616096080219,
    -0.414969070171349,
    -0.00802165824819013,
    -0.865071765148734,
    0.464485217438839,
    12.6641806733181,
    -0.283664672879827,
    0.95322077221661,
    -0.212664206996497,
    0.151466654604177,
    0.152321853390573,
    0.983865028997982,
    -0.177705992377062,
    0.011398085755828,
    -0.0173282609971977,
    0.951892491078678,
    0.216215592666231,
    0.152019557749302,
    -0.155053400406849,
    0.983064237883289,
    0.181630440974423,
    0.0150907422014523,
    0.0191665491467521,
    1.46776279334192,
    -1.7054373575196,
    2.10789759710943,
    -0.667349797438075,
    -0.527786872987206,
    1.60768287053731,
    -1.44974204428352,
    -1.71736882798514,
    -2.17080607503446,
    0.660593082408077,
    -0.532756666482575,
    -1.66671003691376
  ]
}