{
  "T_WB": [
    [
      0.708426062714373,
      -0.00137227160717595,
      0.705783699540906,
      -0.0231216936631712
    ],
    [
      0.00104897577857915,
      0.99999905251114,
      0.000891418329258044,
      3.12075390380694e-05
    ],
    [
      -0.705784254086776,
      0.000108846028506692,
      0.708426830968248,
      0.325344855721998
    ],
    [
      0.0,
      0.0,
      0.0,
      1.0
    ]
  ],
  "T_WH": {
    "0": [
      [
        0.413932157819021,
        0.887494224226229,
        -0.202519556310922,
        0.00525926153683336
      ],
      [
        -0.731369657371989,
        0.191771161144723,
        -0.654463326725634,
        -0.0319268031101753
      ],
      [
        -0.541995011968625,
        0.419020075555203,
        0.728466597232051,
        0.297110002485614
      ],
      [
        0.0,
        0.0,
        0.0,
        1.0
      ]
    ],
    "1": [
      [
        -0.481222400152303,
        -0.418031771413737,
        0.7705027188014,
        -0.0515026488631757
      ],
      [
        0.684529218408559,
        -0.728264546736725,
        0.0324114040319279,
        0.0319892181882514
      ],
      [
        0.547580816625843,
        0.543028717523342,
        0.636612174882267,
        0.353579708958381
      ],
      [
        0.0,
        0.0,
        0.0,
        1.0
      ]
    ],
    "2": [
      [
        0.412425819260742,
        -0.887610095482919,
        -0.205068920131523,
        0.00517143615397411
      ],
      [
        0.732439276654797,
        0.189227549801349,
        0.654007370302182,
        0.0320731362505377
      ],
      [
        -0.541698855103556,
        -0.419930057024954,
        0.728162823540529,
        0.297116968631439
      ],
      [
        0.0,
        0.0,
        0.0,
        1.0
      ]
    ],
    "3": [
      [
        -0.47966050877962,
        0.419814464330487,
        0.770507373005725,
        -0.0514148234803165
      ],
      [
        -0.68568205709044,
        -0.727257484930644,
        -0.0306050191402731,
        -0.0320107211724616
      ],
      [
        0.547508824496463,
        -0.54300309957795,
        0.636695940734069,
        0.353572742812556
      ],
      [
        0.0,
        0.0,
        0.0,
        1.0
      ]
    ]
  },
  "T_WP": {
    "0": [
      [
        0.202519556310922,
        0.887494224226229,
        0.413932157819021,
        0.0342345125841648
      ],
      [
        0.654463326725634,
        0.191771161144723,
        -0.731369657371989,
        -0.0831226791262145
      ],
      [
        -0.728466597232051,
        0.419020075555203,
        -0.541995011968625,
        0.259170351647811
      ],
      [
        0.0,
        0.0,
        0.0,
        1.0
      ]
    ],
    "1": [
      [
        -0.7705027188014,
        -0.418031771413737,
        -0.481222400152303,
        -0.085188216873837
      ],
      [
        -0.0324114040319279,
        -0.728264546736725,
        0.684529218408559,
        0.0799062634768505
      ],
      [
        -0.636612174882267,
        0.543028717523342,
        0.547580816625843,
        0.39191036612219
      ],
      [
        0.0,
        0.0,
        0.0,
        1.0
      ]
    ],
    "2": [
      [
        0.205068920131523,
        -0.887610095482919,
        0.412425819260742,
        0.034041243502226
      ],
      [
        -0.654007370302182,
        0.189227549801349,
        0.732439276654797,
        0.0833438856163735
      ],
      [
        -0.728162823540529,
        -0.419930057024954,
        -0.541698855103556,
        0.25919804877419
      ],
      [
        0.0,
        0.0,
        0.0,
        1.0
      ]
    ],
    "3": [
      [
        -0.770507373005725,
        0.419814464330487,
        -0.47966050877962,
        -0.0849910590948899
      ],
      [
        0.030605019140273,
        -0.727257484930644,
        -0.68568205709044,
        -0.0800084651687924
      ],
      [
        -0.636695940734069,
        -0.54300309957795,
        0.547508824496463,
        0.391898360527309
      ],
      [
        0.0,
        0.0,
        0.0,
        1.0
      ]
    ]
  },
  "simTime": 0.42199999999997,
  "state": [
    -0.0231216936631712,
    3.12075390380694e-05,
    0.325344855721998,
    0.924236434332926,
    -0.000211680764705024,
    0.381820035759165,
    0.000654931816094939,
    -0.216798245921221,
    0.000221120271783463,
    0.782909673883506,
    -0.0104610273094087,
    -4.97832035030912,
    0.00332542836450675,
    0.827317853702252,
    0.559459584423253,
    0.0270468680106733,
    -0.042645155331811,
    0.998582789413456,
    0.0449411900241881,
    -0.0237726919927248,
    0.0157340789965867,
    0.827074100349379,
    -0.559844194234151,
    0.0269275120355369,
    0.0424007052907768,
    0.998581295104475,
    -0.0449550070094208,
    -0.0236785212427434,
    -0.0159302242297247,
    0.148252594836537,
    -0.318561606845314,
    -5.71155486258578,
    0.171801352574219,
    0.36662308587363,
    -0.535960780692734,
    -0.15095144626691,
    -0.315865537012041,
    5.71620844794124,
    -0.175184974953922,
    0.365747583277448,
    0.535593989157115
  ]
}