{
  "T_WB": [
    [
      0.914305496234313,
      0.00694211759192853,
      0.40496575973663,
      -0.13370155529008
    ],
    [
      -0.000412168748253958,
      0.999868529898338,
      -0.0162096587212398,
      -0.000186489683273317
    ],
    [
      -0.405025048203996,
      0.0146536658306356,
      0.914188153721691,
      0.0955332767243652
    ],
    [
      0.0,
      0.0,
      0.0,
      1.0
    ]
  ],
  "T_WH": {
    "0": [
      [
        -0.0695241344609118,
        0.556511300428225,
        0.827926063862678,
        -0.097351483203649
      ],
      [
        -0.885374191289052,
        0.34798297720593,
        -0.308253773657606,
        -0.0321987693899503
      ],
      [
        -0.459650885049424,
        -0.754455446047401,
        0.468527527262484,
        0.0788633574896251
      ],
      [
        0.0,
        0.0,
        0.0,
        1.0
      ]
    ],
    "1": [
      [
        -0.487554429069309,
        -0.828329347207593,
        0.275973135014159,
        -0.170051627376511
      ],
      [
        0.869955035914828,
        -0.487668359066638,
        0.073197042643013,
        0.0318257900234037
      ],
      [
        0.0739521073488174,
        0.275771760918147,
        0.958374155379189,
        0.112203195959105
      ],
      [
        0.0,
        0.0,
        0.0,
        1.0
      ]
    ],
    "2": [
      [
        -0.051311584043831,
        -0.552895571194312,
        0.831669170221326,
        -0.0969071876777656
      ],
      [
        0.898967920341119,
        0.337158967358382,
        0.27960777694369,
        0.0317928165235433
      ],
      [
        -0.434998620159278,
        0.761991022311644,
        0.479735221112625,
        0.0798011921027857
      ],
      [
        0.0,
        0.0,
        0.0,
        1.0
      ]
    ],
    "3": [
      [
        -0.486747401303882,
        0.830879429354998,
        0.269659676627098,
        -0.170495922902394
      ],
      [
        -0.872799970179435,
        -0.475308885066503,
        -0.110912920039168,
        -0.03216579589009
      ],
      [
        0.0360163765347795,
        -0.289345533318817,
        0.956546905786514,
        0.111265361345945
      ],
      [
        0.0,
        0.0,
        0.0,
        1.0
      ]
    ]
  },
  "T_WP": {
    "0": [
      [
        -0.827926063862678,
        0.556511300428225,
        -0.0695241344609118,
        -0.102218172615913
      ],
      [
        0.308253773657606,
        0.34798297720593,
        -0.885374191289052,
        -0.0941749627801839
      ],
      [
        -0.468527527262484,
        -0.754455446047401,
        -0.459650885049424,
        0.0466877955361654
      ],
      [
        0.0,
        0.0,
        0.0,
        1.0
      ]
    ],
    "1": [
      [
        -0.275973135014159,
        -0.828329347207593,
        -0.487554429069309,
        -0.204180437411362
      ],
      [
        -0.073197042643013,
        -0.487668359066638,
        0.869955035914828,
        0.0927226425374416
      ],
      [
        -0.958374155379189,
        0.275771760918147,
        0.0739521073488175,
        0.117379843473523
      ],
      [
        0.0,
        0.0,
        0.0,
        1.0
      ]
    ],
    "2": [
      [
        -0.831669170221326,
        -0.552895571194312,
        -0.0513115840438309,
        -0.100498998560834
      ],
      [
        -0.27960777694369,
        0.337158967358382,
        0.898967920341119,
        0.0947205709474217
      ],
      [
        -0.479735221112625,
        0.761991022311644,
        -0.434998620159278,
        0.0493512886916363
      ],
      [
        0.0,
        0.0,
        0.0,
        1.0
      ]
    ],
    "3": [
      [
        -0.269659676627098,
        0.830879429354998,
        -0.486747401303882,
        -0.204568240993666
      ],
      [
        0.110912920039168,
        -0.475308885066503,
        -0.872799970179435,
        -0.0932617938026505
      ],
      [
        -0.956546905786514,
        -0.289345533318817,
        0.0360163765347796,
        0.113786507703379
      ],
      [
        0.0,
        0.0,
        0.0,
        1.0
      ]
    ]
  },
  "simTime": 0.792499999999929,
  "state": [
    -0.13370155529008,
    -0.000186489683273317,
    0.0955332767243652,
    0.978310045416884,
    0.00788689758846433,
    0.206987245949076,
    -0.00187933425978689,
    -0.3261160185483,
    -0.00405339211450633,
    1.38848379487901,
    0.497687837507701,
    12.9745933728492,
    -0.194514918354204,
    0.908753860005409,
    -0.182154760556875,
    0.287261705913462,
    -0.241799043520493,
    0.987060363070605,
    -0.0274735918167525,
    0.0767558877788069,
    -0.138078148520684,
    0.90996478270047,
    0.181518636788221,
    0.285717099772418,
    0.239542934859432,
    0.985451598808794,
    0.0284298552836199,
    0.0803705185708575,
    0.147028804927455,
    -3.00733069783149,
    -2.04342290674739,
    2.43523844177967,
    -1.92218423612792,
    -0.902841189613098,
    0.544954788454885,
    3.03543578208562,
    -2.10952446443968,
    -2.4500623045594,
    1.93325188055888,
    -0.924396499658933,
    -0.455145388921347
  ]
}