{
  "T_WB": [
    [
      -0.0773639748082429,
      0.0795778226152101,
      -0.993822008988376,
      -0.276515472462817
    ],
    [
      -0.106094002123545,
      0.990492574280314,
      0.0875701033970271,
      -0.00333635945116054
    ],
    [
      0.991341958213854,
      0.112213325605201,
      -0.0681857128828485,
      0.149193543464256
    ],
    [
      0.0,
      0.0,
      0.0,
      1.0
    ]
  ],
  "T_WH": {
    "0": [
      [
        0.214209986027839,
        0.236389618833826,
        -0.94775209310956,
        -0.282156521778834
      ],
      [
        -0.445547771594491,
        0.88710337879745,
        0.120560269381467,
        -0.0392758819130724
      ],
      [
        0.869253280185434,
        0.396443619489262,
        0.295349270276933,
        0.185256395373444
      ],
      [
        0.0,
        0.0,
        0.0,
        1.0
      ]
    ],
    "1": [
      [
        0.413076054358438,
        0.310113460653074,
        -0.856269709167292,
        -0.270874423146801
      ],
      [
        0.71746694444051,
        -0.689910645755351,
        0.0962521922276709,
        0.0326031630107513
      ],
      [
        -0.560900487565186,
        -0.654104687641977,
        -0.507481724453136,
        0.113130691555068
      ],
      [
        0.0,
        0.0,
        0.0,
        1.0
      ]
    ],
    "2": [
      [
        0.247997940751534,
        0.000393327164941092,
        -0.96876047951841,
        -0.27706354113146
      ],
      [
        0.264588255029515,
        0.961952283040831,
        0.0681238611131891,
        0.0241156428408677
      ],
      [
        0.931928149957621,
        -0.273217222089447,
        0.238458115547136,
        0.192438048212176
      ],
      [
        0.0,
        0.0,
        0.0,
        1.0
      ]
    ],
    "3": [
      [
        0.0790651514592501,
        -0.439758017306204,
        -0.894629302023828,
        -0.275967403794174
      ],
      [
        -0.441842992173808,
        -0.81993030565041,
        0.363990472599108,
        -0.0307883617431888
      ],
      [
        -0.893601405600742,
        0.366506725846801,
        -0.259131912001273,
        0.105949038716335
      ],
      [
        0.0,
        0.0,
        0.0,
        1.0
      ]
    ]
  },
  "T_WP": {
    "0": [
      [
        0.94775209310956,
        0.236389618833826,
        0.214209986027839,
        -0.267161822756885
      ],
      [
        -0.120560269381467,
        0.88710337879745,
        -0.445547771594491,
        -0.0704642259246867
      ],
      [
        -0.295349270276933,
        0.396443619489262,
        0.869253280185434,
        0.246104124986424
      ],
      [
        0.0,
        0.0,
        0.0,
        1.0
      ]
    ],
    "1": [
      [
        0.856269709167292,
        0.310113460653074,
        0.413076054358438,
        -0.24195909934171
      ],
      [
        -0.0962521922276709,
        -0.689910645755351,
        0.71746694444051,
        0.082825849121587
      ],
      [
        0.507481724453136,
        -0.654104687641977,
        -0.560900487565186,
        0.0738676574255052
      ],
      [
        0.0,
        0.0,
        0.0,
        1.0
      ]
    ],
    "2": [
      [
        0.96876047951841,
        0.000393327164941092,
        0.247997940751534,
        -0.259703685278853
      ],
      [
        -0.0681238611131891,
        0.961952283040831,
        0.264588255029515,
        0.0426368206929338
      ],
      [
        -0.238458115547136,
        -0.273217222089447,
        0.931928149957621,
        0.25767301870921
      ],
      [
        0.0,
        0.0,
        0.0,
        1.0
      ]
    ],
    "3": [
      [
        0.894629302023828,
        -0.439758017306204,
        0.07906515145925,
        -0.270432843192027
      ],
      [
        -0.363990472599108,
        -0.81993030565041,
        -0.441842992173808,
        -0.0617173711953553
      ],
      [
        0.259131912001273,
        0.366506725846801,
        -0.893601405600742,
        0.0433969403242833
      ],
      [
        0.0,
        0.0,
        0.0,
        1.0
      ]
    ]
  },
  "simTime": 1.13549999999989,
  "state": [
    -0.276515472462817,
    -0.00333635945116054,
    0.149193543464256,
    -0.679143373410435,
    -0.00907143586059901,
    0.730760265403676,
    0.0683478010712128,
    -0.317034224598817,
    -0.0201404112421329,
    0.425588090080033,
    -1.89174741712187,
    8.8599369695775,
    -2.7853848243611,
    0.956409199828968,
    -0.127732465811664,
    0.132387821279407,
    0.226802390721697,
    0.972912435455439,
    -0.169893043947021,
    0.155340283014224,
    0.0211457567290115,
    0.969707946351537,
    0.0787339560478697,
    0.132514650862406,
    -0.18949229602955,
    0.977823329022012,
    0.174953370468327,
    0.00826343193883492,
    -0.114824087519448,
    1.99064203213385,
    -1.21722183225687,
    1.13292754299909,
    -0.196204424307118,
    -0.54320675139194,
    1.68356509190375,
    -2.21982189996652,
    -1.24039639685981,
    -0.461452049136132,
    -0.538825078461035,
    -0.282207548569137,
    -2.24918535313786
  ]
}