{
  "T_WB": [
    [
      0.742407709652365,
      -0.00146781106674229,
      0.669946742793337,
      -0.0253204442410391
    ],
    [
      0.00112621875496124,
      0.999998921280349,
      0.000942904796153622,
      3.33233437533776e-05
    ],
    [
      -0.669947404114715,
      5.44867964264075e-05,
      0.742408561878932,
      0.33268186948907
    ],
    [
      0.0,
      0.0,
      0.0,
      1.0
    ]
  ],
  "T_WH": {
    "0": [
      [
        0.388983014549544,
        0.889449321023601,
        -0.239941909058433,
        0.00442283409919127
      ],
      [
        -0.743755809778101,
        0.149510766949316,
        -0.651516558490688,
        -0.0319215933870193
      ],
      [
        -0.543617061738566,
        0.43188706382211,
        0.719690248850049,
        0.305882229746996
      ],
      [
        0.0,
        0.0,
        0.0,
        1.0
      ]
    ],
    "1": [
      [
        -0.50798242881068,
        -0.445848340777599,
        0.737002787678218,
        -0.0550637225812694
      ],
      [
        0.688298975112319,
        -0.72452776320461,
        0.0361115107002779,
        0.0319882400745261
      ],
      [
        0.51787872410337,
        0.52562227632739,
        0.674924328906196,
        0.359481509231144
      ],
      [
        0.0,
        0.0,
        0.0,
        1.0
      ]
    ],
    "2": [
      [
        0.38727926044157,
        -0.889471996304182,
        -0.242599138956599,
        0.00432889419091976
      ],
      [
        0.744752423382855,
        0.146706586980462,
        0.651015364797107,
        0.032078337574923
      ],
      [
        -0.543469044470056,
        -0.432801045663244,
        0.719252843286425,
        0.305885716901967
      ],
      [
        0.0,
        0.0,
        0.0,
        1.0
      ]
    ],
    "3": [
      [
        -0.506277747986879,
        0.447725591379979,
        0.737037744431574,
        -0.0549697826729979
      ],
      [
        -0.689558202117182,
        -0.723421879186132,
        -0.0342092181688557,
        -0.0320116908874162
      ],
      [
        0.5178728876725,
        -0.525549787877659,
        0.674985253672622,
        0.359478022076173
      ],
      [
        0.0,
        0.0,
        0.0,
        1.0
      ]
    ]
  },
  "T_WP": {
    "0": [
      [
        0.239941909058433,
        0.889449321023601,
        0.388983014549544,
        0.0316516451176593
      ],
      [
        0.651516558490688,
        0.149510766949316,
        -0.743755809778101,
        -0.0839845000714864
      ],
      [
        -0.719690248850049,
        0.43188706382211,
        -0.543617061738566,
        0.267829035425296
      ],
      [
        0.0,
        0.0,
        0.0,
        1.0
      ]
    ],
    "1": [
      [
        -0.737002787678218,
        -0.445848340777599,
        -0.50798242881068,
        -0.090622492598017
      ],
      [
        -0.0361115107002779,
        -0.72452776320461,
        0.688298975112319,
        0.0801691683323884
      ],
      [
        -0.674924328906196,
        0.52562227632739,
        0.51787872410337,
        0.39573301991838
      ],
      [
        0.0,
        0.0,
        0.0,
        1.0
      ]
    ],
    "2": [
      [
        0.242599138956599,
        -0.889471996304182,
        0.38727926044157,
        0.0314384424218297
      ],
      [
        -0.651015364797107,
        0.146706586980462,
        0.744752423382855,
        0.0842110072117228
      ],
      [
        -0.719252843286425,
        -0.432801045663244,
        -0.543469044470056,
        0.267842883789063
      ],
      [
        0.0,
        0.0,
        0.0,
        1.0
      ]
    ],
    "3": [
      [
        -0.737037744431574,
        0.447725591379979,
        -0.506277747986879,
        -0.0904092250320795
      ],
      [
        0.0342092181688557,
        -0.723421879186132,
        -0.689558202117182,
        -0.080280765035619
      ],
      [
        -0.674985253672622,
        -0.525549787877659,
        0.5178728876725,
        0.395729124213248
      ],
      [
        0.0,
        0.0,
        0.0,
        1.0
      ]
    ]
  },
  "simTime": 0.431999999999969,
  "state": [
    -0.0253204442410391,
    3.33233437533776e-05,
    0.33268186948907,
    0.933382985811779,
    -0.000237956448004712,
    0.358881125774626,
    0.000694792454205561,
    -0.222958881405525,
    0.000201841496198283,
    0.684456219239532,
    -0.0105793782003585,
    -4.89947370257902,
    0.00306424872396474,
    0.825784125254728,
    0.558405541739014,
    0.0413818667072206,
    -0.0674638461716235,
    0.99862704381406,
    0.0457736412523722,
    -0.0218320908455745,
    0.0131210113558762,
    0.825538025484206,
    -0.558804206974523,
    0.0412971243680818,
    0.0672262914799025,
    0.998625013232567,
    -0.0458037924904262,
    -0.0217418209519578,
    -0.0133187372315102,
    -0.128578728478814,
    -0.494731969227979,
    -5.74408678633052,
    0.147222827705392,
    0.356485624875434,
    -0.550594717673432,
    0.126058868498046,
    -0.492448699141607,
    5.74893709199118,
    -0.150610202292598,
    0.355640713620157,
    0.550392559712356
  ]
}