{
  "T_WB": [
    [
      -2.22044604925031e-16,
      9.54361597133778e-21,
      1.0,
      7.87529935803761e-37
    ],
    [
      -7.47778383115604e-20,
      1.0,
      -9.54361597133778e-21,
      3.22092159937977e-21
    ],
    [
      -1.0,
      -7.47778383115604e-20,
      -2.22044604925031e-16,
      0.473511147575
    ],
    [
      0.0,
      0.0,
      0.0,
      1.0
    ]
  ],
  "T_WH": {
    "0": [
      [
        -1.57039335140269e-16,
        -1.55641114159664e-16,
        1.0,
        -8.88208959271234e-18
      ],
      [
        -0.707106779455507,
        0.707106782917588,
        -9.88690995720715e-19,
        -0.032
      ],
      [
        -0.707106782917588,
        -0.707106779455507,
        -2.21098466046859e-16,
        0.433511147575
      ],
      [
        0.0,
        0.0,
        0.0,
        1.0
      ]
    ],
    "1": [
      [
        1.57039335140269e-16,
        1.55648723800139e-16,
        1.0,
        8.88208959271234e-18
      ],
      [
        0.707106779455507,
        -0.707106782917588,
        -9.83310167325353e-19,
        0.032
      ],
      [
        0.707106782917588,
        0.707106779455507,
        -2.21103846875228e-16,
        0.513511147575
      ],
      [
        0.0,
        0.0,
        0.0,
        1.0
      ]
    ],
    "2": [
      [
        -1.57032895734e-16,
        1.56321165089955e-16,
        1.0,
        -8.88147880129017e-18
      ],
      [
        0.707106779455507,
        0.707106782917588,
        5.03269022353984e-19,
        0.032
      ],
      [
        -0.707106782917588,
        0.707106779455507,
        -2.21574781322192e-16,
        0.433511147575
      ],
      [
        0.0,
        0.0,
        0.0,
        1.0
      ]
    ],
    "3": [
      [
        1.57032895734e-16,
        -1.55652708433368e-16,
        1.0,
        8.88147880129017e-18
      ],
      [
        -0.707106779455507,
        -0.707106782917588,
        9.75939258313216e-19,
        -0.032
      ],
      [
        0.707106782917588,
        -0.707106779455507,
        -2.21102111088547e-16,
        0.513511147575
      ],
      [
        0.0,
        0.0,
        0.0,
        1.0
      ]
    ]
  },
  "T_WP": {
    "0": [
      [
        -1.0,
        -1.55641114159664e-16,
        -9.5806995182901e-17,
        -1.98748430525311e-17
      ],
      [
        -4.23091117100583e-17,
        0.707106782917588,
        -0.707106779455507,
        -0.0814974745618855
      ],
      [
        1.77800663129089e-16,
        -0.707106779455507,
        -0.707106782917588,
        0.384013672770769
      ],
      [
        0.0,
        0.0,
        0.0,
        1.0
      ]
    ],
    "1": [
      [
        -1.0,
        1.55648723800139e-16,
        2.18271675097636e-16,
        1.98748430525311e-17
      ],
      [
        4.42811128731044e-17,
        -0.707106782917588,
        0.707106779455507,
        0.0814974745618855
      ],
      [
        2.64401649792998e-16,
        0.707106779455507,
        0.707106782917588,
        0.563008622379231
      ],
      [
        0.0,
        0.0,
        0.0,
        1.0
      ]
    ],
    "2": [
      [
        -1.0,
        1.56321165089955e-16,
        -9.58005557766321e-17,
        -1.98737815026702e-17
      ],
      [
        4.2794533683425e-17,
        0.707106782917588,
        0.707106779455507,
        0.0814974745618855
      ],
      [
        1.78276978404422e-16,
        0.707106779455507,
        -0.707106782917588,
        0.384013672770769
      ],
      [
        0.0,
        0.0,
        0.0,
        1.0
      ]
    ],
    "3": [
      [
        -1.0,
        -1.55652708433368e-16,
        2.18265235691367e-16,
        1.98737815026702e-17
      ],
      [
        -4.42737419640922e-17,
        -0.707106782917588,
        -0.707106779455507,
        -0.0814974745618855
      ],
      [
        2.64399914006318e-16,
        -0.707106779455507,
        0.707106782917588,
        0.563008622379231
      ],
      [
        0.0,
        0.0,
        0.0,
        1.0
      ]
    ]
  },
  "simTime": 0.0735000000000011,
  "state": [
    7.87529935803761e-37,
    3.22092159937977e-21,
    0.473511147575,
    0.707106781186548,
    -2.30637804911012e-20,
    0.707106781186548,
    -2.98121360614744e-20,
    -4.70179186978589e-36,
    5.87254069931633e-20,
    -0.720785099999997,
    3.97255733275199e-19,
    -2.84357384841112e-18,
    -4.08853882852752e-18,
    1.0,
    6.80691484379412e-19,
    1.16702659846073e-20,
    -6.86836450999971e-20,
    1.0,
    -6.76886664141966e-19,
    -1.16702659846071e-20,
    6.75836232980371e-20,
    1.0,
    -3.47414374820696e-19,
    1.51989184040202e-20,
    4.26247178095964e-20,
    1.0,
    6.81642703114304e-19,
    -1.519891840402e-20,
    -6.5382837434686e-20,
    2.5218196139968e-17,
    5.86401734203835e-19,
    -5.32057994220426e-18,
    -2.54211235513807e-17,
    -5.86401734203828e-19,
    5.2705676766476e-18,
    -1.33478448931451e-17,
    8.05452150483372e-19,
    2.96431753596969e-18,
    2.53119633565662e-17,
    -8.05452150483364e-19,
    -5.10924788582898e-18
  ]
}