{
  "T_WB": [
    [
      0.613497768303962,
      -0.00111874567577409,
      0.789695660804953,
      -0.0178929318360631
    ],
    [
      0.000852848372000646,
      0.999999351977003,
      0.000754118842783148,
      2.51325680871465e-05
    ],
    [
      -0.789695992731199,
      0.000210840431610051,
      0.613498324863727,
      0.302704446276543
    ],
    [
      0.0,
      0.0,
      0.0,
      1.0
    ]
  ],
  "T_WH": {
    "0": [
      [
        0.469566848008391,
        0.877551072571771,
        -0.0970107740387604,
        0.00668277875772016
      ],
      [
        -0.695542260358713,
        0.300005040554378,
        -0.65285368934935,
        -0.0319407327602969
      ],
      [
        -0.54380873412125,
        0.374033542172491,
        0.751246277876532,
        0.271109859673483
      ],
      [
        0.0,
        0.0,
        0.0,
        1.0
      ]
    ],
    "1": [
      [
        -0.404456642955619,
        -0.345226225499899,
        0.846896497333744,
        -0.0424686424298463
      ],
      [
        0.675499318244824,
        -0.737027485385981,
        0.0221620584873317,
        0.0319909978964712
      ],
      [
        0.616535072011195,
        0.581041598349646,
        0.531295742470651,
        0.334299032879602
      ],
      [
        0.0,
        0.0,
        0.0,
        1.0
      ]
    ],
    "2": [
      [
        0.468569961404747,
        -0.877833948716394,
        -0.0992459054577957,
        0.00661117903447062
      ],
      [
        0.696684176821538,
        0.298105003317718,
        0.652506371435129,
        0.0320592257662313
      ],
      [
        -0.543206543623739,
        -0.374887937226483,
        0.751256071846627,
        0.271123353461106
      ],
      [
        0.0,
        0.0,
        0.0,
        1.0
      ]
    ],
    "3": [
      [
        -0.403263091044908,
        0.34675680619136,
        0.846840360847825,
        -0.0423970427065968
      ],
      [
        -0.676385966128496,
        -0.736258780033921,
        -0.0206163441808385,
        -0.032008960630057
      ],
      [
        0.616344793297816,
        -0.581104746309071,
        0.531447428812807,
        0.334285539091979
      ],
      [
        0.0,
        0.0,
        0.0,
        1.0
      ]
    ]
  },
  "T_WP": {
    "0": [
      [
        0.0970107740387604,
        0.877551072571771,
        0.469566848008391,
        0.0395524581183075
      ],
      [
        0.65285368934935,
        0.300005040554378,
        -0.695542260358713,
        -0.0806286909854069
      ],
      [
        -0.751246277876532,
        0.374033542172491,
        -0.54380873412125,
        0.233043248284996
      ],
      [
        0.0,
        0.0,
        0.0,
        1.0
      ]
    ],
    "1": [
      [
        -0.846896497333744,
        -0.345226225499899,
        -0.404456642955619,
        -0.0707806074367397
      ],
      [
        -0.0221620584873317,
        -0.737027485385981,
        0.675499318244824,
        0.0792759501736089
      ],
      [
        -0.531295742470651,
        0.581041598349646,
        0.616535072011195,
        0.377456487920386
      ],
      [
        0.0,
        0.0,
        0.0,
        1.0
      ]
    ],
    "2": [
      [
        0.0992459054577957,
        -0.877833948716394,
        0.468569961404747,
        0.0394110763328029
      ],
      [
        -0.652506371435129,
        0.298105003317718,
        0.696684176821538,
        0.0808271181437389
      ],
      [
        -0.751256071846627,
        -0.374887937226483,
        -0.543206543623739,
        0.233098895407444
      ],
      [
        0.0,
        0.0,
        0.0,
        1.0
      ]
    ],
    "3": [
      [
        -0.846840360847825,
        0.34675680619136,
        -0.403263091044908,
        -0.0706254590797404
      ],
      [
        0.0206163441808385,
        -0.736258780033921,
        -0.676385966128496,
        -0.0793559782590517
      ],
      [
        -0.531447428812807,
        -0.581104746309071,
        0.616344793297816,
        0.377429674622826
      ],
      [
        0.0,
        0.0,
        0.0,
        1.0
      ]
    ]
  },
  "simTime": 0.396999999999973,
  "state": [
    -0.0178929318360631,
    2.51325680871465e-05,
    0.302704446276543,
    0.898191995781622,
    -0.000151214443494436,
    0.439603019441778,
    0.000548767428632846,
    -0.201503950806815,
    0.000263283320698879,
    1.02810768085857,
    -0.0101664005129852,
    -5.16070901795656,
    0.00402175816961867,
    0.831642027430678,
    0.554960817103794,
    -0.0111795907813039,
    0.0162802469405226,
    0.998448417577155,
    0.0423401342239633,
    -0.0287956258270925,
    0.0218833819323712,
    0.831404187393051,
    -0.555305423057194,
    -0.0113891651993572,
    -0.0165303122968959,
    0.998448388740056,
    -0.0423137627980192,
    -0.0286912220334222,
    -0.0220720247935746,
    0.844675526739193,
    0.137749496269615,
    -5.48931230226504,
    0.232093410671066,
    0.382385563579688,
    -0.490596705742264,
    -0.847677181818333,
    0.141339526293732,
    5.49330394094142,
    -0.235365666002767,
    0.381493907994084,
    0.489808722856191
  ]
}