{
  "T_WB": [
    [
      0.379639648272952,
      -0.000564107482750319,
      0.925134270926084,
      -0.00850151414107057
    ],
    [
      0.000449064164436191,
      0.99999980865466,
      0.000425478577264692,
      1.03278400539084e-05
    ],
    [
      -0.925134333921602,
      0.000253916110944263,
      0.379639828951129,
      0.237590313002286
    ],
    [
      0.0,
      0.0,
      0.0,
      1.0
    ]
  ],
  "T_WH": {
    "0": [
      [
        0.527446951721257,
        0.830948061215274,
        0.176988792533681,
        0.00670212322929551
      ],
      [
        -0.613886374544693,
        0.516768800079829,
        -0.596735725771825,
        -0.0319717034703178
      ],
      [
        -0.587318680333196,
        0.206095431357976,
        0.782675821081144,
        0.200576814329872
      ],
      [
        0.0,
        0.0,
        0.0,
        1.0
      ]
    ],
    "1": [
      [
        -0.210924856838026,
        -0.187587645170385,
        0.959333925256106,
        -0.0237051515114366
      ],
      [
        0.660143598586379,
        -0.751137419368971,
        -0.00173391728429692,
        0.0319923591504256
      ],
      [
        0.720916870390258,
        0.632932423409603,
        0.282268335779207,
        0.2746038116747
      ],
      [
        0.0,
        0.0,
        0.0,
        1.0
      ]
    ],
    "2": [
      [
        0.527466329361239,
        -0.831244976985128,
        0.175530793957002,
        0.00666602035039949
      ],
      [
        0.614696984617022,
        0.516025785937881,
        0.59654421910696,
        0.0320282842835805
      ],
      [
        -0.586452801590138,
        -0.206758739801214,
        0.783150007995206,
        0.200593064960972
      ],
      [
        0.0,
        0.0,
        0.0,
        1.0
      ]
    ],
    "3": [
      [
        -0.210476278595629,
        0.188535819201087,
        0.959246569463092,
        -0.0236690486325406
      ],
      [
        -0.660519494620877,
        -0.750804263390639,
        0.00263729031814086,
        -0.0320076286034727
      ],
      [
        0.720703637686336,
        -0.633045972226833,
        0.282558071328829,
        0.2745875610436
      ],
      [
        0.0,
        0.0,
        0.0,
        1.0
      ]
    ]
  },
  "T_WP": {
    "0": [
      [
        -0.176988792533681,
        0.830948061215274,
        0.527446951721257,
        0.0436234098497835
      ],
      [
        0.596735725771825,
        0.516768800079829,
        -0.613886374544693,
        -0.0749437496884463
      ],
      [
        -0.782675821081144,
        0.206095431357976,
        -0.587318680333196,
        0.159464506706548
      ],
      [
        0.0,
        0.0,
        0.0,
        1.0
      ]
    ],
    "1": [
      [
        -0.959333925256106,
        -0.187587645170385,
        -0.210924856838026,
        -0.0384698914900985
      ],
      [
        0.00173391728429696,
        -0.751137419368971,
        0.660143598586379,
        0.0782024110514721
      ],
      [
        -0.282268335779207,
        0.632932423409603,
        0.720916870390258,
        0.325067992602018
      ],
      [
        0.0,
        0.0,
        0.0,
        1.0
      ]
    ],
    "2": [
      [
        -0.175530793957002,
        -0.831244976985128,
        0.527466329361239,
        0.0435886634056862
      ],
      [
        -0.59654421910696,
        0.516025785937881,
        0.614696984617022,
        0.075057073206772
      ],
      [
        -0.783150007995206,
        -0.206758739801214,
        -0.586452801590138,
        0.159541368849662
      ],
      [
        0.0,
        0.0,
        0.0,
        1.0
      ]
    ],
    "3": [
      [
        -0.959246569463092,
        0.188535819201087,
        -0.210476278595629,
        -0.0384023881342346
      ],
      [
        -0.0026372903181409,
        -0.750804263390639,
        -0.660519494620877,
        -0.078243993226934
      ],
      [
        -0.282558071328829,
        -0.633045972226833,
        0.720703637686336,
        0.325036815681643
      ],
      [
        0.0,
        0.0,
        0.0,
        1.0
      ]
    ]
  },
  "simTime": 0.345999999999978,
  "state": [
    -0.00850151414107057,
    1.03278400539084e-05,
    0.237590313002286,
    0.830553924480335,
    -5.16409775643926e-05,
    0.556938131983836,
    0.000304968653245615,
    -0.162874132954268,
    0.000302075808430056,
    1.52431861715508,
    -0.00963825185122143,
    -5.44725978021428,
    0.00546952495920055,
    0.847664953338079,
    0.511335865784079,
    -0.090696886967338,
    0.10850729901547,
    0.99815797274368,
    0.034499151609854,
    -0.0383885438057724,
    0.0318871398983951,
    0.847442368891528,
    -0.51159255708812,
    -0.0910708683048335,
    -0.108722508643598,
    0.998160853840814,
    -0.0344034921230389,
    -0.0382720773039893,
    -0.0320399389567798,
    3.26188922461838,
    0.593736966692999,
    -3.44668496424583,
    0.397978168373505,
    0.266005979166581,
    -0.313065375460743,
    -3.26537680115608,
    0.595515104436739,
    3.44834786869395,
    -0.400142712318253,
    0.266372707082826,
    0.310762923344133
  ]
}