{
  "T_WB": [
    [
      -2.22044604925031e-16,
      1.91304349908736e-22,
      1.0,
      -1.15595227925974e-37
    ],
    [
      -5.70485781270555e-21,
      1.0,
      -1.91304349908736e-22,
      2.56731594083196e-22
    ],
    [
      -1.0,
      -5.70485781270555e-21,
      -2.22044604925031e-16,
      0.497517704375
    ],
    [
      0.0,
      0.0,
      0.0,
      1.0
    ]
  ],
  "T_WH": {
    "0": [
      [
        -1.57010956983463e-16,
        -1.5679951819042e-16,
        1.0,
        -8.88179031874045e-18
      ],
      [
        -0.707106779455507,
        0.707106782917588,
        -1.49509261148573e-19,
        -0.032
      ],
      [
        -0.707106782917588,
        -0.707106779455507,
        -2.21897515003192e-16,
        0.457517704375
      ],
      [
        0.0,
        0.0,
        0.0,
        1.0
      ]
    ],
    "1": [
      [
        1.57010956983463e-16,
        1.56801488489323e-16,
        1.0,
        8.88179031874045e-18
      ],
      [
        0.707106779455507,
        -0.707106782917588,
        -1.48116049429606e-19,
        0.032
      ],
      [
        0.707106782917588,
        0.707106779455507,
        -2.21898908214904e-16,
        0.537517704375
      ],
      [
        0.0,
        0.0,
        0.0,
        1.0
      ]
    ],
    "2": [
      [
        -1.57010903894486e-16,
        1.56855039340144e-16,
        1.0,
        -8.88177807526206e-18
      ],
      [
        0.707106779455507,
        0.707106782917588,
        1.10212340007154e-19,
        0.032
      ],
      [
        -0.707106782917588,
        0.707106779455507,
        -2.21936736844988e-16,
        0.457517704375
      ],
      [
        0.0,
        0.0,
        0.0,
        1.0
      ]
    ],
    "3": [
      [
        1.57010903894486e-16,
        -1.56798879613564e-16,
        1.0,
        8.88177807526206e-18
      ],
      [
        -0.707106779455507,
        -0.707106782917588,
        1.49923263598852e-19,
        -0.032
      ],
      [
        0.707106782917588,
        -0.707106779455507,
        -2.21897025921591e-16,
        0.537517704375
      ],
      [
        0.0,
        0.0,
        0.0,
        1.0
      ]
    ]
  },
  "T_WP": {
    "0": [
      [
        -1.0,
        -1.5679951819042e-16,
        -9.57786170260958e-17,
        -1.98725573075829e-17
      ],
      [
        -4.31482934446305e-17,
        0.707106782917588,
        -0.707106779455507,
        -0.0814974745618855
      ],
      [
        1.78599712085421e-16,
        -0.707106779455507,
        -0.707106782917588,
        0.408020229570769
      ],
      [
        0.0,
        0.0,
        0.0,
        1.0
      ]
    ],
    "1": [
      [
        -1.0,
        1.56801488489323e-16,
        2.18243296940831e-16,
        1.98725573075829e-17
      ],
      [
        4.34459187552086e-17,
        -0.707106782917588,
        0.707106779455507,
        0.0814974745618855
      ],
      [
        2.65196711132674e-16,
        0.707106779455507,
        0.707106782917588,
        0.587015179179231
      ],
      [
        0.0,
        0.0,
        0.0,
        1.0
      ]
    ],
    "2": [
      [
        -1.0,
        1.56855039340144e-16,
        -9.5778563937118e-17,
        -1.98725413478761e-17
      ],
      [
        4.31875903657719e-17,
        0.707106782917588,
        0.707106779455507,
        0.0814974745618855
      ],
      [
        1.78638933927218e-16,
        0.707106779455507,
        -0.707106782917588,
        0.408020229570769
      ],
      [
        0.0,
        0.0,
        0.0,
        1.0
      ]
    ],
    "3": [
      [
        -1.0,
        -1.56798879613564e-16,
        2.18243243851853e-16,
        1.98725413478761e-17
      ],
      [
        -4.34477259693779e-17,
        -0.707106782917588,
        -0.707106779455507,
        -0.0814974745618855
      ],
      [
        2.65194828839361e-16,
        -0.707106779455507,
        0.707106782917588,
        0.587015179179231
      ],
      [
        0.0,
        0.0,
        0.0,
        1.0
      ]
    ]
  },
  "simTime": 0.0224999999999999,
  "state": [
    -1.15595227925974e-37,
    2.56731594083196e-22,
    0.497517704375,
    0.707106781186548,
    -1.9493355209891e-21,
    0.707106781186548,
    -2.08460812408005e-21,
    1.84029123865189e-35,
    2.37966731791487e-20,
    -0.220648499999999,
    2.51080252019847e-20,
    -3.87978902860446e-19,
    4.54807292359757e-19,
    1.0,
    1.047960104931e-19,
    7.87729057537031e-22,
    -1.90482856864818e-21,
    1.0,
    -1.03810861041402e-19,
    -7.87729057537005e-22,
    1.99523543638207e-21,
    1.0,
    -7.71707082344553e-20,
    8.96457171407967e-22,
    1.61329618450526e-21,
    1.0,
    1.05250571524584e-19,
    -8.96457171407939e-22,
    -1.80417832895667e-21,
    1.55061408091584e-17,
    1.92874103023313e-19,
    -5.38338538591976e-19,
    -1.36710830232801e-17,
    -1.92874103023307e-19,
    5.53229715762101e-19,
    -8.76386869394587e-18,
    2.1920684431758e-19,
    4.45487921521255e-19,
    1.55590249053611e-17,
    -2.19206844317575e-19,
    -5.14530095563485e-19
  ]
}