{
  "T_WB": [
    [
      0.943547833256968,
      -0.00211299202567529,
      -0.331229560306414,
      -0.121146887049653
    ],
    [
      0.00309382700301044,
      0.999992252016793,
      0.00243395580445187,
      -1.09203710540979e-05
    ],
    [
      0.331221851016137,
      -0.00332132068340504,
      0.943547059895987,
      0.0453479414323547
    ],
    [
      0.0,
      0.0,
      0.0,
      1.0
    ]
  ],
  "T_WH": {
    "0": [
      [
        -0.123958443548667,
        0.991232004379802,
        0.0457538825258757,
        -0.0833373579745524
      ],
      [
        -0.927717077182967,
        -0.0994075237989069,
        -0.359804348104999,
        -0.0318869193554711
      ],
      [
        -0.352101304990603,
        -0.0870474451398164,
        0.931905259840583,
        0.0587030977348691
      ],
      [
        0.0,
        0.0,
        0.0,
        1.0
      ]
    ],
    "1": [
      [
        -0.568003575161185,
        -0.749126130567299,
        -0.340854777149121,
        -0.158956416124753
      ],
      [
        0.791412716198257,
        -0.610824711455822,
        0.023644968061064,
        0.0318650786133629
      ],
      [
        -0.225915584331423,
        -0.256326378619481,
        0.939818565671063,
        0.0319927851298402
      ],
      [
        0.0,
        0.0,
        0.0,
        1.0
      ]
    ],
    "2": [
      [
        -0.127768708710488,
        -0.990824016444363,
        0.0440786287390596,
        -0.0834725894641957
      ],
      [
        0.924626650261576,
        -0.102918838287622,
        0.366705972615096,
        0.0321125847736037
      ],
      [
        -0.35880456337749,
        0.0876098234365746,
        0.929292098393665,
        0.0584905332111312
      ],
      [
        0.0,
        0.0,
        0.0,
        1.0
      ]
    ],
    "3": [
      [
        -0.564434699901545,
        0.752025425257231,
        -0.340398632949273,
        -0.15882118463511
      ],
      [
        -0.795428629338478,
        -0.605740356629262,
        -0.019285123265476,
        -0.0321344255157119
      ],
      [
        -0.220696092343663,
        0.259877625272619,
        0.940083429652338,
        0.0322053496535781
      ],
      [
        0.0,
        0.0,
        0.0,
        1.0
      ]
    ]
  },
  "T_WP": {
    "0": [
      [
        -0.0457538825258757,
        0.991232004379802,
        -0.123958443548667,
        -0.0920144490229591
      ],
      [
        0.359804348104999,
        -0.0994075237989069,
        -0.927717077182967,
        -0.0968271147582787
      ],
      [
        -0.931905259840583,
        -0.0870474451398164,
        -0.352101304990603,
        0.0340560063855269
      ],
      [
        0.0,
        0.0,
        0.0,
        1.0
      ]
    ],
    "1": [
      [
        0.340854777149121,
        -0.749126130567299,
        -0.568003575161185,
        -0.198716666386036
      ],
      [
        -0.0236449680610639,
        -0.610824711455822,
        0.791412716198257,
        0.0872639687472409
      ],
      [
        -0.939818565671063,
        -0.256326378619481,
        -0.225915584331422,
        0.0161786942266406
      ],
      [
        0.0,
        0.0,
        0.0,
        1.0
      ]
    ],
    "2": [
      [
        -0.0440786287390596,
        -0.990824016444363,
        -0.127768708710488,
        -0.0924163990739298
      ],
      [
        -0.366705972615096,
        -0.102918838287622,
        0.924626650261576,
        0.096836450291914
      ],
      [
        -0.929292098393665,
        0.0876098234365746,
        -0.35880456337749,
        0.0333742137747069
      ],
      [
        0.0,
        0.0,
        0.0,
        1.0
      ]
    ],
    "3": [
      [
        0.340398632949273,
        0.752025425257231,
        -0.564434699901545,
        -0.198331613628218
      ],
      [
        0.0192851232654759,
        -0.605740356629262,
        -0.795428629338478,
        -0.0878144295694054
      ],
      [
        -0.940083429652338,
        0.259877625272619,
        -0.220696092343663,
        0.0167566231895217
      ],
      [
        0.0,
        0.0,
        0.0,
        1.0
      ]
    ]
  },
  "simTime": 0.748999999999934,
  "state": [
    -0.121146887049653,
    -1.09203710540979e-05,
    0.0453479414323547,
    0.985784858015397,
    -0.00145956707517387,
    -0.168001011056361,
    0.00132047550394723,
    -0.340821391362864,
    -0.000403421061585216,
    -2.51379198163208,
    -0.0118630296580467,
    -1.93649782944743,
    0.000711391343519214,
    0.854431315021953,
    -0.117629619954172,
    0.233517518901238,
    -0.44897657932848,
    0.997776106864806,
    0.00314769640251867,
    0.0113668546532766,
    -0.0656027986625534,
    0.854396970207905,
    0.117455219316893,
    0.233757689041559,
    0.448962617117197,
    0.997766806190954,
    -0.00343771427575994,
    0.0114074044536156,
    0.0657225509828488,
    -4.86976498218525,
    -2.60987525115687,
    0.88182353329628,
    -0.635362117475321,
    0.0116339803706428,
    -0.195754009190792,
    4.87025406252085,
    -2.61202870176044,
    -0.882305512593723,
    0.636438717555613,
    0.0114258214025471,
    0.198962164421264
  ]
}