{
  "arms": {
    "0": [
      [
        0.749706268310547,
        0.573725879192352,
        0.329816609621048,
        0.0153828114271164
      ],
      [
        -0.569302022457123,
        0.305048227310181,
        0.763440072536469,
        0.655027508735657
      ],
      [
        0.337395429611206,
        -0.76012110710144,
        0.555319905281067,
        0.0320345088839531
      ],
      [
        0.0,
        0.0,
        0.0,
        1.0
      ]
    ],
    "1": [
      [
        0.815975308418274,
        0.375406265258789,
        -0.439606994390488,
        -0.0294633824378252
      ],
      [
        -0.568352699279785,
        0.659930467605591,
        -0.491392821073532,
        0.588779389858246
      ],
      [
        0.105638116598129,
        0.650816321372986,
        0.751850187778473,
        0.0321067534387112
      ],
      [
        0.0,
        0.0,
        0.0,
        1.0
      ]
    ],
    "2": [
      [
        0.586457908153534,
        -0.676975250244141,
        -0.444715023040771,
        -0.0297048129141331
      ],
      [
        -0.80865865945816,
        -0.458013594150543,
        -0.369181156158447,
        0.588873028755188
      ],
      [
        0.0462409853935242,
        0.576131880283356,
        -0.816047668457031,
        -0.0318927243351936
      ],
      [
        0.0,
        0.0,
        0.0,
        1.0
      ]
    ],
    "3": [
      [
        0.884211242198944,
        -0.317363709211349,
        0.342710614204407,
        0.0151413809508085
      ],
      [
        -0.466750800609589,
        -0.572511553764343,
        0.674072861671448,
        0.655121147632599
      ],
      [
        -0.0177204944193363,
        -0.755983352661133,
        -0.654350936412811,
        -0.0319649688899517
      ],
      [
        0.0,
        0.0,
        0.0,
        1.0
      ]
    ]
  },
  "base": [
    [
      0.560577392578125,
      -0.00377235887572169,
      -0.828093349933624,
      -0.00716100027784705
    ],
    [
      0.828101515769958,
      0.00146316515747458,
      0.560576260089874,
      0.621950268745422
    ],
    [
      -0.000903057691175491,
      -0.999991834163666,
      0.00394411338493228,
      7.08934239810333e-05
    ],
    [
      0.0,
      0.0,
      0.0,
      1.0
    ]
  ]
}