{
  "T_WB": [
    [
      -2.22044604925031e-16,
      9.36760173244851e-25,
      1.0,
      -3.51549691313173e-38
    ],
    [
      -6.25750785922034e-22,
      1.0,
      -9.36760173244838e-25,
      1.99427047778481e-23
    ],
    [
      -1.0,
      -6.25750785922034e-22,
      -2.22044604925031e-16,
      0.499900708175
    ],
    [
      0.0,
      0.0,
      0.0,
      1.0
    ]
  ],
  "T_WH": {
    "0": [
      [
        -1.57009253509228e-16,
        -1.56997555769825e-16,
        1.0,
        -8.88178422697758e-18
      ],
      [
        -0.707106779455507,
        0.707106782917588,
        -8.27100729798671e-21,
        -0.032
      ],
      [
        -0.707106782917588,
        -0.707106779455507,
        -2.22036344179989e-16,
        0.459900708175
      ],
      [
        0.0,
        0.0,
        0.0,
        1.0
      ]
    ],
    "1": [
      [
        1.57009253509228e-16,
        1.5699625037742e-16,
        1.0,
        8.88178422697758e-18
      ],
      [
        0.707106779455507,
        -0.707106782917588,
        -9.19405912160709e-21,
        0.032
      ],
      [
        0.707106782917588,
        0.707106779455507,
        -2.2203542112817e-16,
        0.539900708175
      ],
      [
        0.0,
        0.0,
        0.0,
        1.0
      ]
    ],
    "2": [
      [
        -1.57009253501718e-16,
        1.57000295944077e-16,
        1.0,
        -8.88178416702493e-18
      ],
      [
        0.707106779455507,
        0.707106782917588,
        6.33340618712392e-21,
        0.032
      ],
      [
        -0.707106782917588,
        0.707106779455507,
        -2.2203828177047e-16,
        0.459900708175
      ],
      [
        0.0,
        0.0,
        0.0,
        1.0
      ]
    ],
    "3": [
      [
        1.57009253501718e-16,
        -1.56997581004353e-16,
        1.0,
        8.88178416702493e-18
      ],
      [
        -0.707106779455507,
        -0.707106782917588,
        8.25315848115833e-21,
        -0.032
      ],
      [
        0.707106782917588,
        -0.707106779455507,
        -2.22036362018185e-16,
        0.539900708175
      ],
      [
        0.0,
        0.0,
        0.0,
        1.0
      ]
    ]
  },
  "T_WP": {
    "0": [
      [
        -1.0,
        -1.56997555769825e-16,
        -9.57769135518599e-17,
        -1.98724319726235e-17
      ],
      [
        -4.3289531698481e-17,
        0.707106782917588,
        -0.707106779455507,
        -0.0814974745618855
      ],
      [
        1.78738541262219e-16,
        -0.707106779455507,
        -0.707106782917588,
        0.410403233370769
      ],
      [
        0.0,
        0.0,
        0.0,
        1.0
      ]
    ],
    "1": [
      [
        -1.0,
        1.5699625037742e-16,
        2.18241593466595e-16,
        1.98724319726235e-17
      ],
      [
        4.33069967649006e-17,
        -0.707106782917588,
        0.707106779455507,
        0.0814974745618855
      ],
      [
        2.6533322404594e-16,
        0.707106779455507,
        0.707106782917588,
        0.589398182979231
      ],
      [
        0.0,
        0.0,
        0.0,
        1.0
      ]
    ],
    "2": [
      [
        -1.0,
        1.57000295944077e-16,
        -9.57769135443498e-17,
        -1.98724319121452e-17
      ],
      [
        4.32914692995919e-17,
        0.707106782917588,
        0.707106779455507,
        0.0814974745618855
      ],
      [
        1.78740478852699e-16,
        0.707106779455507,
        -0.707106782917588,
        0.410403233370769
      ],
      [
        0.0,
        0.0,
        0.0,
        1.0
      ]
    ],
    "3": [
      [
        -1.0,
        -1.56997581004353e-16,
        2.18241593459085e-16,
        1.98724319121452e-17
      ],
      [
        -4.33060558642602e-17,
        -0.707106782917588,
        -0.707106779455507,
        -0.0814974745618855
      ],
      [
        2.65334164935955e-16,
        -0.707106779455507,
        0.707106782917588,
        0.589398182979231
      ],
      [
        0.0,
        0.0,
        0.0,
        1.0
      ]
    ]
  },
  "simTime": 0.0045,
  "state": [
    -3.51549691313173e-38,
    1.99427047778481e-23,
    0.499900708175,
    0.707106781186548,
    -2.20905117293718e-22,
    0.707106781186548,
    -2.21567506764565e-22,
    -1.58775287021156e-35,
    8.89880090175775e-21,
    -0.0441297,
    7.9290531899329e-22,
    -8.64351534822878e-21,
    -4.44330976409061e-19,
    1.0,
    5.84452589764232e-21,
    3.29704623697427e-24,
    -6.19285875750114e-24,
    1.0,
    -6.49722209991306e-21,
    -3.2970462369742e-24,
    6.32875560608716e-24,
    1.0,
    -4.475101160776e-21,
    3.95568067337855e-24,
    4.8818512738981e-24,
    1.0,
    5.83257102276299e-21,
    -3.9556806733776e-24,
    -5.55534041615017e-24,
    5.02173944144134e-18,
    5.51122236963125e-21,
    -1.05123798261364e-20,
    -5.94870321698656e-18,
    -5.51122236963115e-21,
    1.08391693073557e-20,
    -4.14408826255078e-18,
    6.6133351106956e-21,
    8.3486449700902e-21,
    5.01107047229229e-18,
    -6.61333511069484e-21,
    -9.44584408727974e-21
  ]
}