{
  "arms": {
    "0": [
      [
        -0.997301161289215,
        -0.0351513288915157,
        0.0644574016332626,
        0.0014594430103898
      ],
      [
        -0.0698378905653954,
        0.725043892860413,
        -0.685152590274811,
        -0.0319922566413879
      ],
      [
        -0.0226504225283861,
        -0.687804996967316,
        -0.725542008876801,
        0.0946943759918213
      ],
      [
        0.0,
        0.0,
        0.0,
        1.0
      ]
    ],
    "1": [
      [
        -0.996836721897125,
        0.0768135860562325,
        -0.0204016659408808,
        -0.00280896783806384
      ],
      [
        -0.0389998219907284,
        -0.696432828903198,
        -0.716561496257782,
        -0.0320152118802071
      ],
      [
        -0.0692500472068787,
        -0.713499128818512,
        0.697225511074066,
        0.174580425024033
      ],
      [
        0.0,
        0.0,
        0.0,
        1.0
      ]
    ],
    "2": [
      [
        -0.999410271644592,
        0.0326213985681534,
        -0.0107242725789547,
        -0.00280942628160119
      ],
      [
        -0.0301751457154751,
        -0.685235381126404,
        0.727696299552917,
        0.0319847874343395
      ],
      [
        0.0163898188620806,
        0.72759073972702,
        0.685815632343292,
        0.174598783254623
      ],
      [
        0.0,
        0.0,
        0.0,
        1.0
      ]
    ],
    "3": [
      [
        -0.995624721050262,
        -0.0755223035812378,
        0.0550259128212929,
        0.00145898456685245
      ],
      [
        -0.0157640650868416,
        0.716188907623291,
        0.697728395462036,
        0.0320077389478683
      ],
      [
        -0.0921030044555664,
        0.693808197975159,
        -0.714245915412903,
        0.0947127416729927
      ],
      [
        0.0,
        0.0,
        0.0,
        1.0
      ]
    ]
  },
  "arms_in_parent_frame": {
    "0": [
      [
        7.34677740865664e-09,
        -3.51095543749125e-08,
        1.0,
        3.72529029846191e-09
      ],
      [
        -1.7540781049874e-09,
        0.999999940395355,
        -3.51095543749125e-08,
        7.45058059692383e-09
      ],
      [
        -0.999999940395355,
        1.7540781049874e-09,
        -7.34677740865664e-09,
        0.0
      ],
      [
        0.0,
        0.0,
        0.0,
        1.0
      ]
    ],
    "1": [
      [
        -5.93221471945071e-10,
        1.78902190839381e-08,
        1.0,
        1.49011611938477e-08
      ],
      [
        4.3714827313579e-09,
        1.0,
        1.78902190839381e-08,
        0.0
      ],
      [
        -1.0,
        -4.3714827313579e-09,
        5.93221471945071e-10,
        0.0
      ],
      [
        0.0,
        0.0,
        0.0,
        1.0
      ]
    ],
    "2": [
      [
        1.32212130132814e-10,
        4.51720083560758e-09,
        0.999999940395355,
        0.0
      ],
      [
        -3.15523029925657e-09,
        1.0,
        4.51720083560758e-09,
        -7.45058059692383e-09
      ],
      [
        -1.0,
        3.15523029925657e-09,
        -1.32212130132814e-10,
        0.0
      ],
      [
        0.0,
        0.0,
        0.0,
        1.0
      ]
    ],
    "3": [
      [
        1.15426246338757e-09,
        -2.24835758899644e-08,
        1.0,
        0.0
      ],
      [
        -2.60683918895666e-10,
        0.999999940395355,
        -2.24835758899644e-08,
        -7.45058059692383e-09
      ],
      [
        -1.0,
        2.60683918895666e-10,
        -1.15426246338757e-09,
        0.0
      ],
      [
        0.0,
        0.0,
        0.0,
        1.0
      ]
    ]
  },
  "arms_link_world": {
    "0": [
      [
        -0.997301161289215,
        -0.0351513288915157,
        0.0644574016332626,
        0.0014594430103898
      ],
      [
        -0.0698378905653954,
        0.725043892860413,
        -0.685152590274811,
        -0.0319922566413879
      ],
      [
        -0.0226504225283861,
        -0.687804996967316,
        -0.725542008876801,
        0.0946943759918213
      ],
      [
        0.0,
        0.0,
        0.0,
        1.0
      ]
    ],
    "1": [
      [
        -0.996836721897125,
        0.0768135860562325,
        -0.0204016659408808,
        -0.00280896783806384
      ],
      [
        -0.0389998219907284,
        -0.696432828903198,
        -0.716561496257782,
        -0.0320152118802071
      ],
      [
        -0.0692500472068787,
        -0.713499128818512,
        0.697225511074066,
        0.174580425024033
      ],
      [
        0.0,
        0.0,
        0.0,
        1.0
      ]
    ],
    "2": [
      [
        -0.999410271644592,
        0.0326213985681534,
        -0.0107242725789547,
        -0.00280942628160119
      ],
      [
        -0.0301751457154751,
        -0.685235381126404,
        0.727696299552917,
        0.0319847874343395
      ],
      [
        0.0163898188620806,
        0.72759073972702,
        0.685815632343292,
        0.174598783254623
      ],
      [
        0.0,
        0.0,
        0.0,
        1.0
      ]
    ],
    "3": [
      [
        -0.995624721050262,
        -0.0755223035812378,
        0.0550259128212929,
        0.00145898456685245
      ],
      [
        -0.0157640650868416,
        0.716188907623291,
        0.697728395462036,
        0.0320077389478683
      ],
      [
        -0.0921030044555664,
        0.693808197975159,
        -0.714245915412903,
        0.0947127416729927
      ],
      [
        0.0,
        0.0,
        0.0,
        1.0
      ]
    ]
  },
  "arms_relative_to_base": {
    "0": [
      [
        -0.0306130181998014,
        0.685157775878906,
        0.727751076221466,
        0.0399999991059303
      ],
      [
        -0.0698372423648834,
        0.724846720695496,
        -0.685361206531525,
        -0.0319999977946281
      ],
      [
        -0.997088551521301,
        -0.0718051046133041,
        0.0256597846746445,
        0.0
      ],
      [
        0.0,
        0.0,
        0.0,
        1.0
      ]
    ],
    "1": [
      [
        0.0159538574516773,
        0.716381371021271,
        -0.697526514530182,
        -0.0400000065565109
      ],
      [
        -0.0390125513076782,
        -0.696638107299805,
        -0.716361224651337,
        -0.0320000015199184
      ],
      [
        -0.999111413955688,
        0.0386410094797611,
        0.0168337989598513,
        0.0
      ],
      [
        0.0,
        0.0,
        0.0,
        1.0
      ]
    ],
    "2": [
      [
        -0.069698803126812,
        -0.725010395050049,
        -0.685202121734619,
        -0.0399999916553497
      ],
      [
        -0.0301632806658745,
        -0.68502676486969,
        0.727893173694611,
        0.0320000015199184
      ],
      [
        -0.997112035751343,
        0.0714012235403061,
        0.0258768536150455,
        -4.65661287307739e-10
      ],
      [
        0.0,
        0.0,
        0.0,
        1.0
      ]
    ],
    "3": [
      [
        0.0388455986976624,
        -0.696643948554993,
        0.716364622116089,
        0.0399999991059303
      ],
      [
        -0.0157833602279425,
        0.716388463973999,
        0.697523057460785,
        0.0319999977946281
      ],
      [
        -0.999120652675629,
        -0.0384023450314999,
        0.0168331563472748,
        0.0
      ],
      [
        0.0,
        0.0,
        0.0,
        1.0
      ]
    ]
  },
  "arms_view_frame": {
    "0": [
      [
        -0.99730110168457,
        -0.0351513251662254,
        0.064457394182682,
        0.00145944289397448
      ],
      [
        -0.0226504188030958,
        -0.68780505657196,
        -0.725541949272156,
        0.0946943759918213
      ],
      [
        0.0698378905653954,
        -0.725043833255768,
        0.685152649879456,
        0.0319922529160976
      ],
      [
        0.0,
        0.0,
        0.0,
        1.0
      ]
    ],
    "1": [
      [
        -0.99683666229248,
        0.0768135786056519,
        -0.0204016640782356,
        -0.00280896760523319
      ],
      [
        -0.0692500472068787,
        -0.713499069213867,
        0.697225570678711,
        0.174580425024033
      ],
      [
        0.0389998257160187,
        0.696432888507843,
        0.716561436653137,
        0.0320152044296265
      ],
      [
        0.0,
        0.0,
        0.0,
        1.0
      ]
    ],
    "2": [
      [
        -0.999410212039948,
        0.0326213948428631,
        -0.0107242716476321,
        -0.00280942604877055
      ],
      [
        0.0163898207247257,
        0.727590799331665,
        0.685815572738647,
        0.174598783254623
      ],
      [
        0.0301751457154751,
        0.685235321521759,
        -0.727696359157562,
        -0.0319847948849201
      ],
      [
        0.0,
        0.0,
        0.0,
        1.0
      ]
    ],
    "3": [
      [
        -0.995624661445618,
        -0.0755222961306572,
        0.0550259090960026,
        0.00145898445043713
      ],
      [
        -0.0921030044555664,
        0.693808138370514,
        -0.714245975017548,
        0.0947127416729927
      ],
      [
        0.0157640688121319,
        -0.716188967227936,
        -0.697728335857391,
        -0.0320077426731586
      ],
      [
        0.0,
        0.0,
        0.0,
        1.0
      ]
    ]
  },
  "arms_visual_world": {
    "0": [
      [
        -0.997301161289215,
        -0.0351513288915157,
        0.0644574016332626,
        0.0014594430103898
      ],
      [
        -0.0698378905653954,
        0.725043892860413,
        -0.685152590274811,
        -0.0319922566413879
      ],
      [
        -0.0226504225283861,
        -0.687804996967316,
        -0.725542008876801,
        0.0946943759918213
      ],
      [
        0.0,
        0.0,
        0.0,
        1.0
      ]
    ],
    "1": [
      [
        -0.996836721897125,
        0.0768135860562325,
        -0.0204016659408808,
        -0.00280896783806384
      ],
      [
        -0.0389998219907284,
        -0.696432828903198,
        -0.716561496257782,
        -0.0320152118802071
      ],
      [
        -0.0692500472068787,
        -0.713499128818512,
        0.697225511074066,
        0.174580425024033
      ],
      [
        0.0,
        0.0,
        0.0,
        1.0
      ]
    ],
    "2": [
      [
        -0.999410271644592,
        0.0326213985681534,
        -0.0107242725789547,
        -0.00280942628160119
      ],
      [
        -0.0301751457154751,
        -0.685235381126404,
        0.727696299552917,
        0.0319847874343395
      ],
      [
        0.0163898188620806,
        0.72759073972702,
        0.685815632343292,
        0.174598783254623
      ],
      [
        0.0,
        0.0,
        0.0,
        1.0
      ]
    ],
    "3": [
      [
        -0.995624721050262,
        -0.0755223035812378,
        0.0550259128212929,
        0.00145898456685245
      ],
      [
        -0.0157640650868416,
        0.716188907623291,
        0.697728395462036,
        0.0320077389478683
      ],
      [
        -0.0921030044555664,
        0.693808197975159,
        -0.714245915412903,
        0.0947127416729927
      ],
      [
        0.0,
        0.0,
        0.0,
        1.0
      ]
    ]
  },
  "base": [
    [
      0.0533551350235939,
      -7.1635467975284e-06,
      0.998575627803802,
      -0.000674991635605693
    ],
    [
      0.000286919210338965,
      0.999999940395355,
      -8.15668499853928e-06,
      -3.73582088286639e-06
    ],
    [
      -0.998575568199158,
      0.000286945723928511,
      0.0533551350235939,
      0.134646579623222
    ],
    [
      0.0,
      0.0,
      0.0,
      1.0
    ]
  ],
  "base_link_world": [
    [
      0.0533551350235939,
      -7.1635467975284e-06,
      0.998575627803802,
      -0.000674991635605693
    ],
    [
      0.000286919210338965,
      0.999999940395355,
      -8.15668499853928e-06,
      -3.73582088286639e-06
    ],
    [
      -0.998575568199158,
      0.000286945723928511,
      0.0533551350235939,
      0.134646579623222
    ],
    [
      0.0,
      0.0,
      0.0,
      1.0
    ]
  ],
  "base_view_frame": [
    [
      0.0533551312983036,
      -7.16354634278105e-06,
      0.998575568199158,
      -0.000674991577398032
    ],
    [
      -0.998575568199158,
      0.000286902009975165,
      0.0533551350235939,
      0.134646579623222
    ],
    [
      -0.00028687555459328,
      -0.999999940395355,
      8.15435305412393e-06,
      3.72993531527754e-06
    ],
    [
      0.0,
      0.0,
      0.0,
      1.0
    ]
  ],
  "base_visual_world": [
    [
      -6.82962399878306e-06,
      -0.0533551312983036,
      0.998575627803802,
      -0.000674991635605693
    ],
    [
      0.99999988079071,
      -0.000280660693533719,
      -8.15668499853928e-06,
      -3.73582088286639e-06
    ],
    [
      0.000280696141999215,
      0.998575508594513,
      0.0533551350235939,
      0.134646579623222
    ],
    [
      0.0,
      0.0,
      0.0,
      1.0
    ]
  ],
  "view_adjust": [
    [
      0.999999940395355,
      0.0,
      0.0,
      0.0
    ],
    [
      0.0,
      -4.37113882867379e-08,
      1.0,
      0.0
    ],
    [
      0.0,
      -1.0,
      -4.37113882867379e-08,
      0.0
    ],
    [
      0.0,
      0.0,
      0.0,
      1.0
    ]
  ]
}