{
  "T_WB": [
    [
      0.961200908809296,
      -0.00219982596086877,
      -0.275840485915187,
      -0.111402135223933
    ],
    [
      0.00294037031542169,
      0.999993098020279,
      0.00227115261788378,
      1.80652436262195e-07
    ],
    [
      0.275833585929257,
      -0.00299410713693101,
      0.961200742923069,
      0.112858947284887
    ],
    [
      0.0,
      0.0,
      0.0,
      1.0
    ]
  ],
  "T_WH": {
    "0": [
      [
        -0.159880095767125,
        0.985781795890229,
        -0.0516972520442901,
        -0.0728837044408132
      ],
      [
        -0.897225142689938,
        -0.166955796908903,
        -0.408794331178325,
        -0.0318819836715958
      ],
      [
        -0.411613165851769,
        -0.0189740024757325,
        0.911161121277425,
        0.123988102150439
      ],
      [
        0.0,
        0.0,
        0.0,
        1.0
      ]
    ],
    "1": [
      [
        -0.585569051455377,
        -0.763667318422325,
        -0.271884373863789,
        -0.149920566007052
      ],
      [
        0.787280317548512,
        -0.61567356606101,
        0.0337010631053823,
        0.0318823449764683
      ],
      [
        -0.193128422502653,
        -0.194314916636306,
        0.961739635033444,
        0.101729792419335
      ],
      [
        0.0,
        0.0,
        0.0,
        1.0
      ]
    ],
    "2": [
      [
        -0.16374752275251,
        -0.985040238645521,
        -0.0536887049721987,
        -0.0730244933023088
      ],
      [
        0.893766548834074,
        -0.171171337615098,
        0.414586214633685,
        0.032117574601702
      ],
      [
        -0.417574071246822,
        0.0199022970592336,
        0.908424897057605,
        0.123796479293676
      ],
      [
        0.0,
        0.0,
        0.0,
        1.0
      ]
    ],
    "3": [
      [
        -0.581954746324924,
        0.766612623735182,
        -0.271355409674754,
        -0.149779777145557
      ],
      [
        -0.791076042394844,
        -0.611001460635006,
        -0.0295957809628326,
        -0.0321172132968295
      ],
      [
        -0.188487050957894,
        0.197439358365422,
        0.962024080462359,
        0.101921415276099
      ],
      [
        0.0,
        0.0,
        0.0,
        1.0
      ]
    ]
  },
  "T_WP": {
    "0": [
      [
        0.0516972520442901,
        0.985781795890229,
        -0.159880095767125,
        -0.0840753111445119
      ],
      [
        0.408794331178325,
        -0.166955796908903,
        -0.897225142689938,
        -0.0946877436598914
      ],
      [
        -0.911161121277425,
        -0.0189740024757325,
        -0.411613165851769,
        0.0951751805408153
      ],
      [
        0.0,
        0.0,
        0.0,
        1.0
      ]
    ],
    "1": [
      [
        0.271884373863789,
        -0.763667318422325,
        -0.585569051455377,
        -0.190910399608929
      ],
      [
        -0.0337010631053823,
        -0.61567356606101,
        0.787280317548512,
        0.0869919672048642
      ],
      [
        -0.961739635033444,
        -0.194314916636306,
        -0.193128422502653,
        0.0882108028441493
      ],
      [
        0.0,
        0.0,
        0.0,
        1.0
      ]
    ],
    "2": [
      [
        0.0536887049721987,
        -0.985040238645521,
        -0.16374752275251,
        -0.0844868198949845
      ],
      [
        -0.414586214633685,
        -0.171171337615098,
        0.893766548834074,
        0.0946812330200872
      ],
      [
        -0.908424897057605,
        0.0199022970592336,
        -0.417574071246822,
        0.094566294306398
      ],
      [
        0.0,
        0.0,
        0.0,
        1.0
      ]
    ],
    "3": [
      [
        0.271355409674753,
        0.766612623735182,
        -0.581954746324924,
        -0.190516609388302
      ],
      [
        0.0295957809628326,
        -0.611001460635006,
        -0.791076042394844,
        -0.0874925362644686
      ],
      [
        -0.962024080462359,
        0.197439358365422,
        -0.188487050957894,
        0.088727321709046
      ],
      [
        0.0,
        0.0,
        0.0,
        1.0
      ]
    ]
  },
  "simTime": 0.720499999999937,
  "state": [
    -0.111402135223933,
    1.80652436262195e-07,
    0.112858947284887,
    0.990251830312957,
    -0.00132927291665565,
    -0.139276206051064,
    0.0012976992616782,
    -0.342503515927974,
    -0.000374684970178443,
    -2.22380233244572,
    -0.0118644441992202,
    -2.14747884872574,
    0.000481300101223392,
    0.848240534800287,
    -0.0416617842065151,
    0.231719748802337,
    -0.474403044755653,
    0.997935280436062,
    0.0119127466552962,
    0.0104418193940152,
    -0.062243320411646,
    0.848175046933078,
    0.0414697193729039,
    0.231981391251853,
    0.474409091658306,
    0.997926565081837,
    -0.0122143800237487,
    0.0104824965056718,
    0.0623177092936712,
    -5.0644203786344,
    -2.60588292657439,
    0.0879445422228289,
    -0.593176169976053,
    0.0360876736969663,
    -0.289292096878158,
    5.06546359720653,
    -2.60822562646229,
    -0.0881140419399912,
    0.593631226064308,
    0.0358606201970953,
    0.292531835186364
  ]
}