{
  "T_WB": [
    [
      -2.22044604925031e-16,
      9.75503732207541e-20,
      1.0,
      -7.01380241764616e-36
    ],
    [
      -1.80337236742692e-18,
      1.0,
      -9.75503732207541e-20,
      4.46053482226392e-21
    ],
    [
      -1.0,
      -1.80337236742692e-18,
      -2.22044604925031e-16,
      0.274397941175003
    ],
    [
      0.0,
      0.0,
      0.0,
      1.0
    ]
  ],
  "T_WH": {
    "0": [
      [
        -1.57177910331215e-16,
        -1.52549851185345e-16,
        1.0,
        -8.88490580894432e-18
      ],
      [
        -0.707106779455507,
        0.707106782917588,
        -3.27253146962611e-18,
        -0.032
      ],
      [
        -0.707106782917588,
        -0.707106779455507,
        -2.19010600498101e-16,
        0.234397941175003
      ],
      [
        0.0,
        0.0,
        0.0,
        1.0
      ]
    ],
    "1": [
      [
        1.57177910331215e-16,
        1.52550588270358e-16,
        1.0,
        8.88490580894432e-18
      ],
      [
        0.707106779455507,
        -0.707106782917588,
        -3.27201027181359e-18,
        0.032
      ],
      [
        0.707106782917588,
        0.707106779455507,
        -2.19011121695911e-16,
        0.314397941175003
      ],
      [
        0.0,
        0.0,
        0.0,
        1.0
      ]
    ],
    "2": [
      [
        -1.57050664133397e-16,
        1.53610879608313e-16,
        1.0,
        -8.87866258505819e-18
      ],
      [
        0.707106779455507,
        0.707106782917588,
        2.43229442573992e-18,
        0.032
      ],
      [
        -0.707106782917588,
        0.707106779455507,
        -2.19670884239599e-16,
        0.234397941175003
      ],
      [
        0.0,
        0.0,
        0.0,
        1.0
      ]
    ],
    "3": [
      [
        1.57050664133397e-16,
        -1.52675387253867e-16,
        1.0,
        8.87866258505819e-18
      ],
      [
        -0.707106779455507,
        -0.707106782917588,
        3.09378741493639e-18,
        -0.032
      ],
      [
        0.707106782917588,
        -0.707106779455507,
        -2.19009391253641e-16,
        0.314397941175003
      ],
      [
        0.0,
        0.0,
        0.0,
        1.0
      ]
    ]
  },
  "T_WP": {
    "0": [
      [
        -1.0,
        -1.52549851185345e-16,
        -9.59455703738473e-17,
        -1.98873595321294e-17
      ],
      [
        -4.00252712361529e-17,
        0.707106782917588,
        -0.707106779455507,
        -0.0814974745618855
      ],
      [
        1.7571279758033e-16,
        -0.707106779455507,
        -0.707106782917588,
        0.184900466370772
      ],
      [
        0.0,
        0.0,
        0.0,
        1.0
      ]
    ],
    "1": [
      [
        -1.0,
        1.52550588270358e-16,
        2.18410250288583e-16,
        1.98873595321294e-17
      ],
      [
        4.65698129775926e-17,
        -0.707106782917588,
        0.707106779455507,
        0.0814974745618855
      ],
      [
        2.62308924613681e-16,
        0.707106779455507,
        0.707106782917588,
        0.363895415979234
      ],
      [
        0.0,
        0.0,
        0.0,
        1.0
      ]
    ],
    "2": [
      [
        -1.0,
        1.53610879608313e-16,
        -9.58183241760293e-17,
        -1.9872209074396e-17
      ],
      [
        4.08655082800391e-17,
        0.707106782917588,
        0.707106779455507,
        0.0814974745618855
      ],
      [
        1.76373081321828e-16,
        0.707106779455507,
        -0.707106782917588,
        0.184900466370772
      ],
      [
        0.0,
        0.0,
        0.0,
        1.0
      ]
    ],
    "3": [
      [
        -1.0,
        -1.52675387253867e-16,
        2.18283004090765e-16,
        1.9872209074396e-17
      ],
      [
        -4.63915901207154e-17,
        -0.707106782917588,
        -0.707106779455507,
        -0.0814974745618855
      ],
      [
        2.62307194171411e-16,
        -0.707106779455507,
        0.707106782917588,
        0.363895415979234
      ],
      [
        0.0,
        0.0,
        0.0,
        1.0
      ]
    ]
  },
  "simTime": 0.214499999999993,
  "state": [
    -7.01380241764616e-36,
    4.46053482226392e-21,
    0.274397941175003,
    0.707106781186548,
    -6.03099149800171e-19,
    0.707106781186548,
    -6.72077680211845e-19,
    -7.96102448265375e-35,
    -1.73929114021911e-20,
    -2.10351569999997,
    5.93789954716596e-19,
    -1.04240652000078e-17,
    -1.90310479031711e-17,
    1.0,
    2.19520788404205e-18,
    4.98427741132912e-20,
    -1.02216190431951e-18,
    1.0,
    -2.19483934153538e-18,
    -4.98427741132906e-20,
    1.01874265735952e-18,
    1.0,
    -1.73367220313854e-18,
    5.51982054470622e-20,
    6.68931283448086e-19,
    1.0,
    2.20141838036165e-18,
    -5.51982054470615e-20,
    -1.0153096347735e-18,
    1.55809499621155e-17,
    3.28773277916483e-19,
    -2.08367271066426e-17,
    -1.60507845013727e-17,
    -3.28773277916481e-19,
    2.0824768310335e-17,
    -1.9493604737674e-17,
    2.13402049803572e-19,
    1.59821200477175e-17,
    1.56861439804594e-17,
    -2.13402049803569e-19,
    -2.09386969019629e-17
  ]
}