{
  "T_WB": [
    [
      -0.46999491105071,
      0.0655378987698753,
      0.880232677995577,
      -0.18555838949834
    ],
    [
      0.0401083822415618,
      0.997795323468826,
      -0.0528754209222599,
      -0.000471739036844277
    ],
    [
      -0.881757393652245,
      0.0104535299574338,
      -0.471587343395716,
      0.193249050625066
    ],
    [
      0.0,
      0.0,
      0.0,
      1.0
    ]
  ],
  "T_WH": {
    "0": [
      [
        -0.643259648868191,
        -0.674885386774048,
        0.361589185204446,
        -0.206455398701004
      ],
      [
        -0.708267832320726,
        0.703892266944513,
        0.0537806120773472,
        -0.0307968540981842
      ],
      [
        -0.290815580458942,
        -0.221507090754579,
        -0.930785102431153,
        0.157644241920338
      ],
      [
        0.0,
        0.0,
        0.0,
        1.0
      ]
    ],
    "1": [
      [
        0.276459974535562,
        0.127754487831527,
        0.952496022731172,
        -0.164661380295675
      ],
      [
        0.812324300114463,
        -0.560664484322413,
        -0.160575737466877,
        0.0298533760244957
      ],
      [
        0.513516420305471,
        0.818128429318031,
        -0.258779363972995,
        0.228853859329794
      ],
      [
        0.0,
        0.0,
        0.0,
        1.0
      ]
    ],
    "2": [
      [
        -0.543769937189926,
        0.762370290721972,
        0.350864354463318,
        -0.202260973179732
      ],
      [
        0.792349989809379,
        0.604152875321974,
        -0.0847395827772872,
        0.0330620466038206
      ],
      [
        -0.276578648954581,
        0.231928530079178,
        -0.932584263151471,
        0.158313267837614
      ],
      [
        0.0,
        0.0,
        0.0,
        1.0
      ]
    ],
    "3": [
      [
        0.15801134226578,
        -0.193335793896768,
        0.968325196673965,
        -0.168855805816947
      ],
      [
        -0.85826354541379,
        -0.511810561028553,
        0.037863389090101,
        -0.0340055246775092
      ],
      [
        0.488278713778429,
        -0.837061061343762,
        -0.246804937659154,
        0.228184833412518
      ],
      [
        0.0,
        0.0,
        0.0,
        1.0
      ]
    ]
  },
  "T_WP": {
    "0": [
      [
        -0.361589185204446,
        -0.674885386774048,
        -0.643259648868191,
        -0.251483574121777
      ],
      [
        -0.0537806120773473,
        0.703892266944513,
        -0.708267832320726,
        -0.080375602360635
      ],
      [
        0.930785102431153,
        -0.221507090754579,
        -0.290815580458942,
        0.137287151288212
      ],
      [
        0.0,
        0.0,
        0.0,
        1.0
      ]
    ],
    "1": [
      [
        -0.952496022731172,
        0.127754487831527,
        0.276459974535562,
        -0.145309182078186
      ],
      [
        0.160575737466877,
        -0.560664484322413,
        0.812324300114463,
        0.0867160770325081
      ],
      [
        0.258779363972995,
        0.818128429318031,
        0.513516420305471,
        0.264800008751177
      ],
      [
        0.0,
        0.0,
        0.0,
        1.0
      ]
    ],
    "2": [
      [
        -0.350864354463318,
        0.762370290721972,
        -0.543769937189926,
        -0.240324868783027
      ],
      [
        0.0847395827772873,
        0.604152875321974,
        0.792349989809379,
        0.0885265458904771
      ],
      [
        0.932584263151471,
        0.231928530079178,
        -0.276578648954581,
        0.138952762410794
      ],
      [
        0.0,
        0.0,
        0.0,
        1.0
      ]
    ],
    "3": [
      [
        -0.968325196673965,
        -0.193335793896768,
        0.15801134226578,
        -0.157795011858343
      ],
      [
        -0.0378633890901011,
        -0.511810561028553,
        -0.85826354541379,
        -0.0940839728564745
      ],
      [
        0.246804937659154,
        -0.837061061343762,
        0.488278713778429,
        0.262364343377008
      ],
      [
        0.0,
        0.0,
        0.0,
        1.0
      ]
    ]
  },
  "simTime": 0.918499999999915,
  "state": [
    -0.18555838949834,
    -0.000471739036844277,
    0.193249050625066,
    0.513861136159955,
    0.0308103427284587,
    0.857230654187549,
    -0.0123717842909596,
    -0.466164203748021,
    -0.00152759649431425,
    0.197798677245324,
    0.475356135805249,
    13.0451993845173,
    -0.22961517387776,
    0.936369827755602,
    -0.276689202074773,
    0.215059006852692,
    -0.020106086036407,
    0.987391607254828,
    -0.120150177706495,
    0.0330315170350902,
    -0.0976251381673034,
    0.93604032590794,
    0.278465580184043,
    0.214238179023621,
    0.0196832816258922,
    0.986223047415091,
    0.123767042895035,
    0.0362209531568133,
    0.103604355085689,
    -0.69029391664016,
    -2.16038891977126,
    2.96690436641651,
    -1.2113888824615,
    -0.756778675273455,
    0.884952595844544,
    0.737540302566311,
    -2.13352143186721,
    -2.96008121844105,
    1.23860172014247,
    -0.778830660295535,
    -0.950032639302416
  ]
}