{
  "T_WB": [
    [
      0.999397031242085,
      -0.00192557726290581,
      -0.0346679404740419,
      -0.124233011703729
    ],
    [
      0.00189641887772105,
      0.999997819910571,
      -0.000873939096901227,
      -3.76151609453704e-05
    ],
    [
      0.0346695477320855,
      0.000807667202162792,
      0.999398504168254,
      0.0450722558195311
    ],
    [
      0.0,
      0.0,
      0.0,
      1.0
    ]
  ],
  "T_WH": {
    "0": [
      [
        -0.00577700386133067,
        0.893777417802114,
        0.44847358189014,
        -0.0841955119816331
      ],
      [
        -0.911258099594046,
        0.179980133749429,
        -0.370426547887412,
        -0.0319616886429748
      ],
      [
        -0.411795218707835,
        -0.410815139548829,
        0.813422165278795,
        0.0464331923783453
      ],
      [
        0.0,
        0.0,
        0.0,
        1.0
      ]
    ],
    "1": [
      [
        -0.45847186781615,
        -0.88238431302748,
        -0.105836999882802,
        -0.164270511425826
      ],
      [
        0.875352922591773,
        -0.468936983345266,
        0.117708821084415,
        0.0318864583210841
      ],
      [
        -0.153495300681201,
        -0.038678544104747,
        0.987392101900114,
        0.0437113192607169
      ],
      [
        0.0,
        0.0,
        0.0,
        1.0
      ]
    ],
    "2": [
      [
        -0.0114890222640222,
        -0.894762847861158,
        0.446393826631604,
        -0.0843187489264591
      ],
      [
        0.91025614103513,
        0.175421997747117,
        0.37504783750109,
        0.0320381718313017
      ],
      [
        -0.41388616801634,
        0.410641654966713,
        0.812447949797985,
        0.0464848830792837
      ],
      [
        0.0,
        0.0,
        0.0,
        1.0
      ]
    ],
    "3": [
      [
        -0.446910645621915,
        0.888028910898075,
        -0.108053358295713,
        -0.164147274481
      ],
      [
        -0.880175288706453,
        -0.458083154186629,
        -0.124303197870936,
        -0.0321134021531925
      ],
      [
        -0.159882256615033,
        0.039553473420262,
        0.98634334121546,
        0.0436596285597785
      ],
      [
        0.0,
        0.0,
        0.0,
        1.0
      ]
    ]
  },
  "T_WP": {
    "0": [
      [
        -0.44847358189014,
        0.893777417802114,
        -0.00577700386133064,
        -0.0845999022519263
      ],
      [
        0.370426547887412,
        0.179980133749429,
        -0.911258099594046,
        -0.0957497556145581
      ],
      [
        -0.813422165278795,
        -0.410815139548829,
        -0.411795218707834,
        0.0176075270687969
      ],
      [
        0.0,
        0.0,
        0.0,
        1.0
      ]
    ],
    "1": [
      [
        0.105836999882802,
        -0.88238431302748,
        -0.45847186781615,
        -0.196363542172956
      ],
      [
        -0.117708821084415,
        -0.468936983345266,
        0.875352922591773,
        0.0931611629025082
      ],
      [
        -0.987392101900114,
        -0.038678544104747,
        -0.153495300681201,
        0.0329666482130328
      ],
      [
        0.0,
        0.0,
        0.0,
        1.0
      ]
    ],
    "2": [
      [
        -0.446393826631604,
        -0.894762847861158,
        -0.0114890222640222,
        -0.0851229804849406
      ],
      [
        -0.375047837501089,
        0.175421997747117,
        0.91025614103513,
        0.0957561017037609
      ],
      [
        -0.812447949797985,
        0.410641654966713,
        -0.41388616801634,
        0.0175128513181399
      ],
      [
        0.0,
        0.0,
        0.0,
        1.0
      ]
    ],
    "3": [
      [
        0.108053358295713,
        0.888028910898075,
        -0.446910645621915,
        -0.195431019674534
      ],
      [
        0.124303197870936,
        -0.458083154186629,
        -0.880175288706453,
        -0.0937256723626442
      ],
      [
        -0.98634334121546,
        0.039553473420262,
        -0.159882256615033,
        0.0324678705967262
      ],
      [
        0.0,
        0.0,
        0.0,
        1.0
      ]
    ]
  },
  "simTime": 0.759999999999933,
  "state": [
    -0.124233011703729,
    -3.76151609453704e-05,
    0.0450722558195311,
    0.999849158038465,
    0.00042046499853114,
    -0.0173369871966877,
    0.000955643186249455,
    -0.259245451282458,
    -0.00495068973553619,
    1.26930725313949,
    0.293681892189398,
    19.942745842217,
    -0.111594765867348,
    0.890854997342634,
    -0.144806388783116,
    0.28315477172094,
    -0.324394603421375,
    0.986407510587087,
    0.00655318029674962,
    0.0691000778522802,
    -0.148937765950054,
    0.890230458533251,
    0.143806687861725,
    0.285029236121362,
    0.324911836937332,
    0.98557019239213,
    -0.00651793366463709,
    0.0717995559057755,
    0.153146126887419,
    -6.540751453373,
    -0.465449958001997,
    12.0178424716753,
    -1.54997537152374,
    4.2039515355037,
    -4.49718425049455,
    6.37073221356973,
    -1.1831686329447,
    -12.3226611451928,
    1.76962704708522,
    4.63744328810074,
    5.02661462127387
  ]
}