{
  "T_WB": [
    [
      -0.0859496131961499,
      0.0779246951563881,
      -0.993247404162838,
      -0.276197918817628
    ],
    [
      -0.102563435704146,
      0.990947931129804,
      0.0866195096160332,
      -0.00331619524820581
    ],
    [
      0.991006259136638,
      0.109315779621903,
      -0.0771793669166945,
      0.148762955781301
    ],
    [
      0.0,
      0.0,
      0.0,
      1.0
    ]
  ],
  "T_WH": {
    "0": [
      [
        0.20779309133598,
        0.234437198142619,
        -0.949663746449276,
        -0.282129493590478
      ],
      [
        -0.443410339450315,
        0.887952103032783,
        0.122181559935259,
        -0.0391290664725254
      ],
      [
        0.871899823409544,
        0.395702240133532,
        0.288462190055666,
        0.184905101198865
      ],
      [
        0.0,
        0.0,
        0.0,
        1.0
      ]
    ],
    "1": [
      [
        0.417379727892366,
        0.316813063970897,
        -0.851718055016956,
        -0.270266344044778
      ],
      [
        0.716840896444939,
        -0.690828076411133,
        0.094317008148638,
        0.0324966759761138
      ],
      [
        -0.558509885255857,
        -0.649912341273395,
        -0.515442195335251,
        0.112620810363736
      ],
      [
        0.0,
        0.0,
        0.0,
        1.0
      ]
    ],
    "2": [
      [
        0.240869616432258,
        -0.000142588430105085,
        -0.970557472563226,
        -0.27714231310047
      ],
      [
        0.268490797340459,
        0.9609846583285,
        0.0664919408706086,
        0.0242916011197821
      ],
      [
        0.932681360177881,
        -0.276601637966581,
        0.231510289730161,
        0.191901311094667
      ],
      [
        0.0,
        0.0,
        0.0,
        1.0
      ]
    ],
    "3": [
      [
        0.0864217808873909,
        -0.443061205245939,
        -0.89231611225746,
        -0.275253524534786
      ],
      [
        -0.446966867155828,
        -0.817709740402766,
        0.36272772173539,
        -0.0309239916161937
      ],
      [
        -0.890366158079448,
        0.367488161518786,
        -0.268701610881635,
        0.105624600467934
      ],
      [
        0.0,
        0.0,
        0.0,
        1.0
      ]
    ]
  },
  "T_WP": {
    "0": [
      [
        0.949663746449276,
        0.234437198142619,
        0.20779309133598,
        -0.26758397719696
      ],
      [
        -0.122181559935259,
        0.887952103032783,
        -0.443410339450315,
        -0.0701677902340475
      ],
      [
        -0.288462190055666,
        0.395702240133532,
        0.871899823409544,
        0.245938088837533
      ],
      [
        0.0,
        0.0,
        0.0,
        1.0
      ]
    ],
    "1": [
      [
        0.851718055016956,
        0.316813063970897,
        0.417379727892366,
        -0.241049763092312
      ],
      [
        -0.094317008148638,
        -0.690828076411133,
        0.716840896444939,
        0.0826755387272595
      ],
      [
        0.515442195335251,
        -0.649912341273395,
        -0.558509885255857,
        0.073525118395826
      ],
      [
        0.0,
        0.0,
        0.0,
        1.0
      ]
    ],
    "2": [
      [
        0.970557472563226,
        -0.000142588430105085,
        0.240869616432258,
        -0.260281439950211
      ],
      [
        -0.0664919408706086,
        0.9609846583285,
        0.268490797340459,
        0.0430859569336142
      ],
      [
        -0.231510289730161,
        -0.276601637966581,
        0.932681360177881,
        0.257189006307119
      ],
      [
        0.0,
        0.0,
        0.0,
        1.0
      ]
    ],
    "3": [
      [
        0.89231611225746,
        -0.443061205245939,
        0.0864217808873908,
        -0.269203999872669
      ],
      [
        -0.36272772173539,
        -0.817709740402766,
        -0.446966867155828,
        -0.0622116723171016
      ],
      [
        0.268701610881635,
        0.367488161518786,
        -0.890366158079448,
        0.0432989694023729
      ],
      [
        0.0,
        0.0,
        0.0,
        1.0
      ]
    ]
  },
  "simTime": 1.13449999999989,
  "state": [
    -0.276197918817628,
    -0.00331619524820581,
    0.148762955781301,
    -0.675984273303928,
    -0.00839378625442722,
    0.733838693317995,
    0.0667501220029807,
    -0.318077287993433,
    -0.0201887273979811,
    0.435583838429474,
    -1.89369206226678,
    8.8643868792449,
    -2.78367379815696,
    0.956331002445645,
    -0.128893136664439,
    0.132668930152261,
    0.226310689218085,
    0.972907067744587,
    -0.169931201297204,
    0.155449077055403,
    0.0202684188071709,
    0.969581114292376,
    0.0799613173784393,
    0.132885295492737,
    -0.18936776064702,
    0.977904435955236,
    0.175240084166925,
    0.00817453398485238,
    -0.113696983400487,
    1.97409569895945,
    -1.20369685619094,
    1.14820560618436,
    -0.205954463809527,
    -0.482453142493788,
    1.68000231078245,
    -2.23401924924842,
    -1.23393583665871,
    -0.45922677250023,
    -0.529452295501078,
    -0.287900963920737,
    -2.26832190184066
  ]
}