{
  "T_WB": [
    [
      0.999796760587505,
      -0.00178472651510228,
      -0.0200811421487497,
      -0.00218655718989365
    ],
    [
      0.00175110663028988,
      0.999997035949613,
      -0.0016916611826266,
      -8.12810236671511e-06
    ],
    [
      0.0200841017797998,
      0.00165615314924123,
      0.999796922385964,
      0.239863926569436
    ],
    [
      0.0,
      0.0,
      0.0,
      1.0
    ]
  ],
  "T_WH": {
    "0": [
      [
        0.778680695938404,
        0.604511978528266,
        -0.167992980772184,
        0.0378624244820898
      ],
      [
        -0.62740324343909,
        0.748248123605901,
        -0.215615202716221,
        -0.0319379889875427
      ],
      [
        -0.00464154015300706,
        0.273294737117436,
        0.961919145650464,
        0.240614293739852
      ],
      [
        0.0,
        0.0,
        0.0,
        1.0
      ]
    ],
    "1": [
      [
        -0.649539714839894,
        -0.759090139270347,
        -0.0433626487686517,
        -0.0422355388618771
      ],
      [
        0.760250931901278,
        -0.64922729918416,
        -0.0228568269293802,
        0.0319217327828093
      ],
      [
        -0.0108018234084416,
        -0.0478129109819297,
        0.998797900555706,
        0.239113559399019
      ],
      [
        0.0,
        0.0,
        0.0,
        1.0
      ]
    ],
    "2": [
      [
        0.77588370874339,
        -0.607815591725338,
        -0.169010878236223,
        0.0377482019851233
      ],
      [
        0.630870563533848,
        0.74640894940903,
        0.211839590984767,
        0.0320618213132325
      ],
      [
        -0.00260817428226331,
        -0.27098687550818,
        0.962579508783159,
        0.240720287541403
      ],
      [
        0.0,
        0.0,
        0.0,
        1.0
      ]
    ],
    "3": [
      [
        -0.646955680168747,
        0.761296085948571,
        -0.0433199424835772,
        -0.0421213163649106
      ],
      [
        -0.762411422287558,
        -0.646804085145024,
        0.0193209369641512,
        -0.0320780775179659
      ],
      [
        -0.0133105620789578,
        0.0455274088774592,
        0.998874408510923,
        0.239007565597468
      ],
      [
        0.0,
        0.0,
        0.0,
        1.0
      ]
    ]
  },
  "T_WP": {
    "0": [
      [
        0.167992980772184,
        0.604511978528266,
        0.778680695938404,
        0.0923700731977781
      ],
      [
        0.215615202716221,
        0.748248123605901,
        -0.62740324343909,
        -0.0758562160282791
      ],
      [
        -0.961919145650464,
        0.273294737117436,
        -0.004641540153007,
        0.240289385929141
      ],
      [
        0.0,
        0.0,
        0.0,
        1.0
      ]
    ],
    "1": [
      [
        0.0433626487686516,
        -0.759090139270347,
        -0.649539714839894,
        -0.0877033189006697
      ],
      [
        0.0228568269293802,
        -0.64922729918416,
        0.760250931901278,
        0.0851392980158988
      ],
      [
        -0.998797900555706,
        -0.0478129109819297,
        -0.0108018234084416,
        0.238357431760428
      ],
      [
        0.0,
        0.0,
        0.0,
        1.0
      ]
    ],
    "2": [
      [
        0.169010878236223,
        -0.607815591725338,
        0.77588370874339,
        0.0920600615971606
      ],
      [
        -0.211839590984767,
        0.74640894940903,
        0.630870563533848,
        0.0762227607606019
      ],
      [
        -0.962579508783159,
        -0.27098687550818,
        -0.00260817428226325,
        0.240537715341645
      ],
      [
        0.0,
        0.0,
        0.0,
        1.0
      ]
    ],
    "3": [
      [
        0.0433199424835771,
        0.761296085948571,
        -0.646955680168747,
        -0.0874082139767228
      ],
      [
        -0.0193209369641513,
        -0.646804085145024,
        -0.762411422287558,
        -0.085446877078095
      ],
      [
        -0.998874408510923,
        0.0455274088774592,
        -0.0133105620789577,
        0.238075826251941
      ],
      [
        0.0,
        0.0,
        0.0,
        1.0
      ]
    ]
  }
}