{
  "T_WB": [
    [
      0.986026738616706,
      -0.00227777723446891,
      0.166571553585155,
      -0.0600522818394595
    ],
    [
      0.00205211456902569,
      0.999996728770519,
      0.00152685102647266,
      4.01691256752285e-05
    ],
    [
      -0.166574486517887,
      -0.00116369202608906,
      0.986028187356817,
      0.336353400101737
    ],
    [
      0.0,
      0.0,
      0.0,
      1.0
    ]
  ],
  "T_WH": {
    "0": [
      [
        0.0181827760479943,
        0.900449974855136,
        -0.434579370700651,
        -0.0205383234232883
      ],
      [
        -0.804255686690856,
        -0.24505560327615,
        -0.541406078399921,
        -0.0318776416122203
      ],
      [
        -0.594005199540045,
        0.359357195679101,
        0.719736221704205,
        0.329727658785857
      ],
      [
        0.0,
        0.0,
        0.0,
        1.0
      ]
    ],
    "1": [
      [
        -0.662380874743228,
        -0.712619907687491,
        0.231137283755494,
        -0.0995662402556308
      ],
      [
        0.740834914321758,
        -0.668946587725397,
        0.0606142928064176,
        0.0319579798635708
      ],
      [
        0.111423545520103,
        0.211384318098622,
        0.971031134189687,
        0.342979141417618
      ],
      [
        0.0,
        0.0,
        0.0,
        1.0
      ]
    ],
    "2": [
      [
        0.0147320800661048,
        -0.899039403209497,
        -0.43761983192451,
        -0.0206841011662943
      ],
      [
        0.802481179972579,
        -0.25046399549543,
        0.54156416309638,
        0.0321221490290929
      ],
      [
        -0.596495533601672,
        -0.359160045713851,
        0.717772345494086,
        0.329653182496187
      ],
      [
        0.0,
        0.0,
        0.0,
        1.0
      ]
    ],
    "3": [
      [
        -0.659227773473672,
        0.715377040012858,
        0.231634266254771,
        -0.0994204625126248
      ],
      [
        -0.743392166775391,
        -0.666362803932331,
        -0.0576948863629285,
        -0.0320418107777424
      ],
      [
        0.113078862118147,
        -0.210229170568412,
        0.971090555398508,
        0.343053617707288
      ],
      [
        0.0,
        0.0,
        0.0,
        1.0
      ]
    ]
  },
  "T_WP": {
    "0": [
      [
        0.434579370700651,
        0.900449974855136,
        0.0181827760479942,
        -0.0192655290999287
      ],
      [
        0.541406078399921,
        -0.24505560327615,
        -0.804255686690856,
        -0.0881755396805803
      ],
      [
        -0.719736221704205,
        0.359357195679101,
        -0.594005199540045,
        0.288147294818053
      ],
      [
        0.0,
        0.0,
        0.0,
        1.0
      ]
    ],
    "1": [
      [
        -0.231137283755494,
        -0.712619907687491,
        -0.662380874743228,
        -0.145932901487657
      ],
      [
        -0.0606142928064176,
        -0.668946587725397,
        0.740834914321758,
        0.0838164238660938
      ],
      [
        -0.971031134189687,
        0.211384318098622,
        0.111423545520103,
        0.350778789604025
      ],
      [
        0.0,
        0.0,
        0.0,
        1.0
      ]
    ],
    "2": [
      [
        0.43761983192451,
        -0.899039403209497,
        0.0147320800661048,
        -0.019652855561667
      ],
      [
        -0.54156416309638,
        -0.25046399549543,
        0.802481179972579,
        0.0882958316271734
      ],
      [
        -0.717772345494086,
        -0.359160045713851,
        -0.596495533601672,
        0.28789849514407
      ],
      [
        0.0,
        0.0,
        0.0,
        1.0
      ]
    ],
    "3": [
      [
        -0.231634266254771,
        0.715377040012858,
        -0.659227773473672,
        -0.145566406655782
      ],
      [
        0.0576948863629285,
        -0.666362803932331,
        -0.743392166775391,
        -0.0840792624520198
      ],
      [
        -0.971090555398508,
        -0.210229170568412,
        0.113078862118147,
        0.350969138055558
      ],
      [
        0.0,
        0.0,
        0.0,
        1.0
      ]
    ]
  },
  "simTime": 0.563999999999954,
  "state": [
    -0.0600522818394595,
    4.01691256752285e-05,
    0.336353400101737,
    0.99650033300848,
    -0.000674998031470509,
    0.0835790087237751,
    0.00108627455006022,
    -0.30054934040464,
    -0.000104371527921306,
    -0.63426436490383,
    -0.0116645680393906,
    -3.63404058349916,
    0.000749077380842541,
    0.821018090373222,
    0.38830904707417,
    0.176021551548197,
    -0.379686439882732,
    0.998689907744626,
    0.0443745727878976,
    -0.00146287830931137,
    -0.0254406258958886,
    0.820793548989744,
    -0.388713174418559,
    0.17625053019711,
    0.379652167879371,
    0.998683656275941,
    -0.0445970178882505,
    -0.00140779879336023,
    0.0252997783656617,
    -3.67031206632116,
    -2.08222612075024,
    -4.26319638081502,
    -0.212932137664646,
    0.202919711865881,
    -0.601447570851782,
    3.67143574597231,
    -2.08401119579008,
    4.26717941282916,
    0.210565012906265,
    0.202436143704639,
    0.603421947043833
  ]
}