{
  "T_WB": [
    [
      -0.538995656255396,
      0.0317520056015634,
      -0.841709862528706,
      -0.256738933238931
    ],
    [
      0.0595406938403966,
      0.998225767984899,
      -0.000471071079687106,
      -0.00159479223204473
    ],
    [
      0.840201516491621,
      -0.0503698944930029,
      -0.539929889350408,
      0.112297846639608
    ],
    [
      0.0,
      0.0,
      0.0,
      1.0
    ]
  ],
  "T_WH": {
    "0": [
      [
        -0.211407750493812,
        0.0749801702784816,
        -0.974517694603929,
        -0.279314823668397
      ],
      [
        -0.34764391889268,
        0.926084015080876,
        0.146670046937414,
        -0.0311563890539456
      ],
      [
        0.913482604480286,
        0.36979233507023,
        -0.169714938161674,
        0.147517743923048
      ],
      [
        0.0,
        0.0,
        0.0,
        1.0
      ]
    ],
    "1": [
      [
        0.469267183238077,
        0.62130724310368,
        -0.62750746641192,
        -0.234163042809465
      ],
      [
        0.653623938237365,
        -0.722203405277777,
        -0.226269725699795,
        0.0279668045898562
      ],
      [
        -0.593771048552284,
        -0.303972944638315,
        -0.745007644812477,
        0.0770779493561666
      ],
      [
        0.0,
        0.0,
        0.0,
        1.0
      ]
    ],
    "2": [
      [
        -0.184023679175174,
        -0.0231292471187429,
        -0.982649644293709,
        -0.277282695309897
      ],
      [
        0.443867702649471,
        0.890028177134392,
        -0.10407356269251,
        0.0327300600970879
      ],
      [
        0.876993014822532,
        -0.455318440033512,
        -0.153519933943236,
        0.144294070675496
      ],
      [
        0.0,
        0.0,
        0.0,
        1.0
      ]
    ],
    "3": [
      [
        0.398781374380456,
        -0.673014630311307,
        -0.622916304838916,
        -0.236195171167965
      ],
      [
        -0.719403334658331,
        -0.650837401371844,
        0.242630416596969,
        -0.0359196445611774
      ],
      [
        -0.568711049241799,
        0.35137157591712,
        -0.743710802737067,
        0.0803016226037188
      ],
      [
        0.0,
        0.0,
        0.0,
        1.0
      ]
    ]
  },
  "T_WP": {
    "0": [
      [
        0.974517694603929,
        0.0749801702784816,
        -0.211407750493812,
        -0.294113366202964
      ],
      [
        -0.146670046937414,
        0.926084015080876,
        -0.34764391889268,
        -0.0554914633764332
      ],
      [
        0.169714938161674,
        0.36979233507023,
        0.913482604480286,
        0.211461526236668
      ],
      [
        0.0,
        0.0,
        0.0,
        1.0
      ]
    ],
    "1": [
      [
        0.62750746641192,
        0.62130724310368,
        0.469267183238077,
        -0.2013143399828
      ],
      [
        0.226269725699795,
        -0.722203405277777,
        0.653623938237365,
        0.0737204802664717
      ],
      [
        0.745007644812477,
        -0.303972944638315,
        -0.593771048552284,
        0.0355139759575067
      ],
      [
        0.0,
        0.0,
        0.0,
        1.0
      ]
    ],
    "2": [
      [
        0.982649644293709,
        -0.0231292471187429,
        -0.184023679175174,
        -0.290164352852159
      ],
      [
        0.10407356269251,
        0.890028177134392,
        0.443867702649471,
        0.0638007992825509
      ],
      [
        0.153519933943236,
        -0.455318440033512,
        0.876993014822532,
        0.205683581713073
      ],
      [
        0.0,
        0.0,
        0.0,
        1.0
      ]
    ],
    "3": [
      [
        0.622916304838916,
        -0.673014630311307,
        0.398781374380456,
        -0.208280474961333
      ],
      [
        -0.242630416596969,
        -0.650837401371844,
        -0.719403334658331,
        -0.0862778779872606
      ],
      [
        0.743710802737067,
        0.35137157591712,
        -0.568711049241799,
        0.0404918491567928
      ],
      [
        0.0,
        0.0,
        0.0,
        1.0
      ]
    ]
  },
  "simTime": 1.0809999999999,
  "state": [
    -0.256738933238931,
    -0.00159479223204473,
    0.112297846639608,
    -0.479400725484196,
    0.0260214580208018,
    0.877090547433773,
    -0.0144913674310602,
    -0.433035289289702,
    -0.0732644731036999,
    0.890892966075177,
    -0.310579836698275,
    11.1781786711945,
    -1.2414809094087,
    0.958572287433921,
    -0.163697282102521,
    0.131491766172364,
    0.19248970108767,
    0.982404247000336,
    -0.182905157492622,
    0.0357330315190987,
    0.0122780005194806,
    0.95733852625687,
    0.165528984731478,
    0.132580893085305,
    -0.196278903977971,
    0.980990028385581,
    0.192422891703584,
    0.0098658229710337,
    -0.0231227267767604,
    1.18044162818206,
    -0.658375321853902,
    1.3709806085786,
    3.36826991559018,
    17.2768633833356,
    -1.06735161702869,
    -3.69568062315996,
    -0.664840514886844,
    -0.704071175719146,
    -0.052940272823529,
    -1.74162705946442,
    -3.2285896375998
  ]
}