{
  "T_WB": [
    [
      -0.499287479285733,
      0.0308528502951145,
      -0.865886894840871,
      -0.258651232902485
    ],
    [
      0.0512603471518001,
      0.998667142114547,
      0.00602628165949443,
      -0.00188862310563241
    ],
    [
      0.864918718631049,
      -0.0413768158445024,
      -0.500203527848609,
      0.116246696775686
    ],
    [
      0.0,
      0.0,
      0.0,
      1.0
    ]
  ],
  "T_WH": {
    "0": [
      [
        -0.168809418189271,
        0.0923866096040447,
        -0.981309377666631,
        -0.279610023283358
      ],
      [
        -0.351267548773302,
        0.924587892706918,
        0.147473176674865,
        -0.0317955577672259
      ],
      [
        0.920931316390857,
        0.36959700083422,
        -0.12362672633761,
        0.152167503627952
      ],
      [
        0.0,
        0.0,
        0.0,
        1.0
      ]
    ],
    "1": [
      [
        0.483157492092774,
        0.598949796353301,
        -0.63860627876882,
        -0.237692442521612
      ],
      [
        0.673575371383863,
        -0.720255892224359,
        -0.165914643058363,
        0.0280183115559611
      ],
      [
        -0.559334476766551,
        -0.349986558548228,
        -0.751434862071129,
        0.0803258899234198
      ],
      [
        0.0,
        0.0,
        0.0,
        1.0
      ]
    ],
    "2": [
      [
        -0.142945632929126,
        -0.0246211861134911,
        -0.989424248348936,
        -0.277635440864471
      ],
      [
        0.43408470905142,
        0.896850123415273,
        -0.0850312971661224,
        0.0321191393281051
      ],
      [
        0.889458830634806,
        -0.441648789565164,
        -0.117513128123585,
        0.149519387413904
      ],
      [
        0.0,
        0.0,
        0.0,
        1.0
      ]
    ],
    "3": [
      [
        0.377859951448724,
        -0.648495860380658,
        -0.660813874067666,
        -0.239667024940499
      ],
      [
        -0.700188939901384,
        -0.667127127738043,
        0.254316424707028,
        -0.0358963855393699
      ],
      [
        -0.605770010425528,
        0.366598574063155,
        -0.706150253107593,
        0.082974006137468
      ],
      [
        0.0,
        0.0,
        0.0,
        1.0
      ]
    ]
  },
  "T_WP": {
    "0": [
      [
        0.981309377666631,
        0.0923866096040447,
        -0.168809418189271,
        -0.291426682556607
      ],
      [
        -0.147473176674865,
        0.924587892706918,
        -0.351267548773302,
        -0.0563842861813571
      ],
      [
        0.12362672633761,
        0.36959700083422,
        0.920931316390857,
        0.216632695775312
      ],
      [
        0.0,
        0.0,
        0.0,
        1.0
      ]
    ],
    "1": [
      [
        0.63860627876882,
        0.598949796353301,
        0.483157492092774,
        -0.203871418075118
      ],
      [
        0.165914643058363,
        -0.720255892224359,
        0.673575371383863,
        0.0751685875528315
      ],
      [
        0.751434862071129,
        -0.349986558548228,
        -0.559334476766551,
        0.0411724765497612
      ],
      [
        0.0,
        0.0,
        0.0,
        1.0
      ]
    ],
    "2": [
      [
        0.989424248348936,
        -0.0246211861134911,
        -0.142945632929126,
        -0.287641635169509
      ],
      [
        0.0850312971661224,
        0.896850123415273,
        0.43408470905142,
        0.0625050689617045
      ],
      [
        0.117513128123585,
        -0.441648789565164,
        0.889458830634806,
        0.21178150555834
      ],
      [
        0.0,
        0.0,
        0.0,
        1.0
      ]
    ],
    "3": [
      [
        0.660813874067666,
        -0.648495860380658,
        0.377859951448724,
        -0.213216828339089
      ],
      [
        -0.254316424707028,
        -0.667127127738043,
        -0.700188939901384,
        -0.0849096113324668
      ],
      [
        0.706150253107593,
        0.366598574063155,
        -0.605770010425528,
        0.040570105407681
      ],
      [
        0.0,
        0.0,
        0.0,
        1.0
      ]
    ]
  },
  "simTime": 1.0854999999999,
  "state": [
    -0.258651232902485,
    -0.00188862310563241,
    0.116246696775686,
    -0.499793991305469,
    0.0237113182274257,
    0.865759514710767,
    -0.0102079542830141,
    -0.417077214964888,
    -0.0580471813887595,
    0.863615809198616,
    -1.26584407554446,
    9.84659981524685,
    -2.21364223095064,
    0.958156941930712,
    -0.162247552817155,
    0.13213874101374,
    0.195321169764405,
    0.981779658798176,
    -0.177517558163083,
    0.067615474385337,
    0.00493616628569392,
    0.958800202083152,
    0.156496474906394,
    0.134201635405971,
    -0.195450625175625,
    0.981025175403102,
    0.190953102895211,
    0.00813391983109316,
    -0.0325631243615556,
    0.0778705978138687,
    0.351637396457795,
    1.39994927748449,
    1.95552574488056,
    12.211677295183,
    -0.0885457170278773,
    -4.36107589120352,
    0.172341002448465,
    0.175260849177395,
    -0.891037100525158,
    -1.42949091024254,
    -4.41076638778771
  ]
}